DATE,CO,NO,NO2,O3,CO2,PM2.5,AQHI,NO2_contrib,O3_contrib,PM2_5_contrib,Top_AQHI_contributor
2025-03-06 20:59:00,0.16917791852726694,7.6049013333495,7.696317555648198,14.505422666616372,508.9520720711604,2.1840800197276877,,,,,
2025-03-06 21:14:00,0.16936391852890026,7.663812666661999,8.053280222384966,14.549703777730373,513.7253394002305,2.077017236591506,,,,,
2025-03-06 21:29:00,0.16894358519026687,7.794826444433163,8.014686222368598,14.076310666661705,500.7935446411801,2.0509604686980176,,,,,
2025-03-06 21:44:00,0.16817994074413353,8.331259999928857,7.7144064445327,13.347752222242638,499.3962213894201,2.0857280788578887,,,,,
2025-03-06 21:59:00,0.16681248147956687,7.841520666738333,8.370880444614931,14.330484000020213,499.33268570956005,2.114837330017388,,,,,
2025-03-06 22:14:00,0.16605179258970024,7.854335333369529,8.424173111293602,14.280898444470878,497.58271204142346,2.1430468031324477,,,,,
2025-03-06 22:29:00,0.16738372592760023,7.765282444434632,8.302720666827964,14.229983777851407,496.4101692485101,2.158994838956451,,,,,
2025-03-06 22:44:00,0.16898538520076684,7.894485333320167,8.34180560698733,14.079387333404473,496.02823308429345,2.2604536305141685,,,,,
2025-03-06 22:59:00,0.1687492370521001,8.865539556391631,9.3084520002229,13.679037111229977,495.6061023049534,2.267767618529608,,,,,
2025-03-06 23:14:00,0.1690322889078001,8.924183778623531,8.99363666681506,13.172046666712607,494.3516275838801,2.2297114734679777,,,,,
2025-03-06 23:29:00,0.16810922965093342,8.420750666747036,8.9281097779241,13.154195555627641,491.63440246126356,2.2763091024741113,,,,,
2025-03-06 23:44:00,0.1681509629875668,8.97329688980986,9.494166889142633,13.268249333398273,490.4086498773968,2.240067398762809,2,0.4642329741886793,0.4693537653040193,0.06641326050730137,O3
2025-03-06 23:59:00,0.1676640370591001,8.859015556460992,9.572298222476666,13.419402444437077,491.31805037143346,2.242499886781343,2,0.4701630358280173,0.4636508204379185,0.06618614373406424,NO2
2025-03-07 00:14:00,0.17032928891850008,9.09725777869166,9.905255555878904,13.207457111128841,490.8171711887734,2.274443703006142,2,0.47614425733042615,0.4575126775161553,0.06634306515341852,NO2
2025-03-07 00:29:00,0.17065257039526688,8.97411288979786,9.922397111433433,13.370850888906109,490.0592782959701,2.341237401009815,2,0.48123089344382536,0.4521882304997871,0.06658087605638754,NO2
2025-03-07 00:44:00,0.16969039261486682,8.870290667537931,9.708159333623733,13.480464666682671,489.41732337697033,2.2824238496173512,2,0.4854336543954569,0.4481470378455958,0.06641930775894735,NO2
2025-03-07 00:59:00,0.17041521483203356,8.973278445292696,9.587764666873962,13.624378222218843,477.4425240010401,2.2946012787687486,2,0.4889385665050876,0.4444588053793758,0.06660262811553656,NO2
2025-03-07 01:14:00,0.15712022224736683,8.477523556027764,9.165770222363065,13.631791999912036,455.6324668764936,2.370899580572913,2,0.4912116592773306,0.44176302171227066,0.06702531901039871,NO2
2025-03-07 01:29:00,0.14995225188620012,8.328547333276003,9.010355111266959,13.700316444409866,452.48246175958,2.362537370439756,2,0.4932681116061004,0.4393531534250459,0.06737873496885374,NO2
2025-03-07 01:44:00,0.14936502967056686,8.584344222707367,8.841141111282832,13.686790444307363,451.7048146423632,2.311981171532942,2,0.4948510219941602,0.4377290110893067,0.06741996691653315,NO2
2025-03-07 01:59:00,0.1482038815124334,8.148117333749333,8.428749777882235,14.673781555822991,449.2759136644567,2.2399840802300606,2,0.49157704893731324,0.4409870031493602,0.0674359479133266,NO2
2025-03-07 02:14:00,0.14785945188543345,8.053584888785771,8.381049777847899,15.208309555767293,448.5468721247403,2.2151485318172046,2,0.48749983889891574,0.44528845317394106,0.06721170792714319,NO2
2025-03-07 02:29:00,0.14752636300183353,7.095875999479576,8.248334666697195,14.58089488877389,448.54511622114353,2.2602604501120194,2,0.4840943550413329,0.4487896153263941,0.067116029632273,NO2
2025-03-07 02:44:00,0.1465816000293668,6.665930888368941,8.15388622225776,14.620659333302802,448.3410959620368,2.1999088306450862,2,0.47930485874641726,0.4535207203488327,0.06717442090475004,NO2
2025-03-07 02:59:00,0.14578871114256678,6.627384221677236,7.955140888934594,14.884781333291166,447.57365167220695,2.2233557338799996,2,0.4736773800848819,0.45897959740673744,0.06734302250838067,NO2
2025-03-07 03:14:00,0.14592004817460014,6.52846688835047,7.746734000043263,15.033616000024963,446.7550368072603,2.193281538722003,2,0.4663401122237517,0.4661944067288535,0.0674654810473948,NO2
2025-03-07 03:29:00,0.14518222594766675,6.565526221656974,7.376877333369369,14.477795777835428,446.72616566772666,2.1173921733895353,2,0.4590698454857325,0.47342101332627295,0.0675091411879946,O3
2025-03-07 03:44:00,0.14117368886166684,6.476658888339705,7.427432444518036,14.377728888765493,446.81067124032,2.1659429186709196,2,0.45246939095335975,0.4797667810938806,0.06776382795275966,O3
2025-03-07 03:59:00,0.14117203702503353,6.582692888216237,6.927498888979538,14.691145333330327,447.00134790322676,2.17789970765049,2,0.444588163646031,0.48730435203371025,0.06810748432025877,O3
2025-03-07 04:14:00,0.14082654813906678,6.54424844378597,6.694450888998502,14.380974222133524,446.63860848926015,2.1350852754055083,2,0.43757696611578334,0.4942477993923721,0.06817523449184452,O3
2025-03-07 04:29:00,0.1407458592498335,6.465550221575571,6.386656153957537,14.658729777732866,446.46087109067673,2.1268385404668613,2,0.4297637236207201,0.501984414955705,0.06825186142357491,O3
2025-03-07 04:44:00,0.1408602370291669,6.371834666063906,6.035644376224905,14.626849555446505,446.5291605530731,2.110805968045792,1,0.42128212070467136,0.5102416369716213,0.06847624232370733,O3
2025-03-07 04:59:00,0.1402456518369002,6.4471111104507415,5.883806222338602,14.270986888758806,446.48466711134313,2.158077004738735,1,0.41484549900496853,0.5159678777329583,0.06918662326207323,O3
2025-03-07 05:14:00,0.1402341481280002,6.38959644378124,5.658415265094636,14.39144622215137,446.94630044457296,2.217356802361543,1,0.40813718029919926,0.52158877229737,0.07027404740343074,O3
2025-03-07 05:29:00,0.14025882960910024,6.268098221596408,5.939487931746339,14.560316444302831,446.45977734047,2.144526837704105,1,0.4015935504725248,0.5276261741587904,0.07078027536868477,O3
2025-03-07 05:44:00,0.13996914071560018,6.292841110485175,5.924824000108839,14.283415555403266,446.82419390348315,2.134536150628593,1,0.39546400099338747,0.5330675807064336,0.07146841830017897,O3
2025-03-07 05:59:00,0.13997217775163356,6.266252666061371,6.328611555697103,14.434688666404126,447.4057131657398,2.166240759628744,1,0.39115320254248165,0.5368444855948181,0.0720023118627002,O3
2025-03-07 06:14:00,0.13988468885896685,6.227120221629206,6.24519088902497,14.0507339996981,447.7062808226463,2.1770122137331667,1,0.3877463336955155,0.539525385226466,0.07272828107801854,O3
2025-03-07 06:29:00,0.13925985183350018,6.548261554854666,5.7986837778799645,14.131677333204227,446.68229470670633,2.181636656373552,1,0.38316520679952737,0.5432717048635292,0.07356308833694351,O3
2025-03-07 06:44:00,0.1386081036922668,6.554554221531968,5.682782444530398,14.14004422208113,446.26547257302957,2.17006245538375,1,0.37790302134521586,0.5478056114554856,0.07429136719929856,O3
2025-03-07 06:59:00,0.1399435851595002,6.237523554953841,6.390067333469407,14.176819333020326,447.13572568922314,2.179808687465611,1,0.3767918388511308,0.5485827151101366,0.07462544603873265,O3
2025-03-07 07:14:00,0.13950682219430025,6.260626443841839,6.085613555668172,14.079239999765065,447.57446988641965,2.1695733077551727,1,0.3751471070023451,0.5498265613972402,0.07502633160041469,O3
2025-03-07 07:29:00,0.1396676888600669,6.227906443845674,6.305660000099104,13.969728221966433,448.15996263322296,2.219401933134559,1,0.3756150079855473,0.5489121481924003,0.07547284382205238,O3
2025-03-07 07:44:00,0.13958882960506688,6.236798443841872,5.972676444556268,14.339544888743399,446.47378750802653,2.172024463086972,1,0.37569102918935504,0.5485770658222284,0.0757319049884165,O3
2025-03-07 07:59:00,0.1402836295980336,6.327455110590504,6.60631533346404,14.33214111079196,447.98093947224305,2.311273316630423,1,0.3777933725005508,0.5463643256139576,0.07584230188549154,O3
2025-03-07 08:14:00,0.1397407481219669,6.249670221618641,6.209574000110905,14.057814666396169,447.2201099937097,2.2477892378341284,1,0.3799416294498779,0.5442705288134749,0.07578784173664718,O3
2025-03-07 08:29:00,0.1407875481174336,6.407175777144639,6.497358666772669,13.84421444421507,446.95309554980645,2.3326670826128186,1,0.3823972481765501,0.5413589210080588,0.07624383081539114,O3
2025-03-07 08:44:00,0.14315675184286678,6.506590443788872,6.739574444503799,13.713011110997432,446.9631087473064,2.333700549305182,1,0.38547212023598576,0.5379372248385783,0.07659065492543597,O3
2025-03-07 08:59:00,0.14383358890276676,6.683918888205504,7.129110222221967,13.833075999966022,446.3975208437431,2.3350927624529585,1,0.3885564386330141,0.5345750703115179,0.07686849105546802,O3
2025-03-07 09:14:00,0.14317813334366672,6.536577999444537,7.4467784445028355,14.746715333315596,446.95415571788004,2.290227541477032,1,0.3913293097041742,0.5321454624220735,0.07652522787375234,O3
2025-03-07 09:29:00,0.14524956668436675,6.417781332808473,7.482674888911299,14.227737111065462,446.4847146563999,2.3505601822595663,1,0.39621043123790056,0.5274999651244014,0.07628960363769799,O3
2025-03-07 09:44:00,0.14330100741899998,6.743263110671471,7.751419777730231,14.650710222353002,447.7828048376569,2.3974920852604047,1,0.401575106208286,0.5224598218126798,0.07596507197903421,O3
2025-03-07 09:59:00,0.16470269630263357,7.959394222231933,8.413942444515198,13.420277555618572,476.78838624797356,2.389817709656317,1,0.4082731627158694,0.5158126566633925,0.0759141806207381,O3
2025-03-07 10:14:00,0.16486816296463355,7.964671555507102,8.537054222273797,12.732373111155344,479.59861342275354,2.4500209955603833,1,0.4167538929878685,0.5072277072355384,0.07601839977659305,O3
2025-03-07 10:29:00,0.14515347778513324,7.870490888888432,8.29752777779843,14.010216000134871,452.60847768818667,2.450005711055306,1,0.4220916717479503,0.50205907996885,0.07584924828319968,O3
2025-03-07 10:44:00,0.14206485555283327,7.8018720000010315,7.977030444507629,14.2297775557536,451.99353572053,2.288586740802921,1,0.427675868001527,0.4968937379735344,0.0754303940249386,O3
2025-03-07 10:59:00,,,,,,,1,0.430563251154281,0.4941451239825165,0.0752916248632025,O3
2025-03-07 11:14:00,,,,,,,1,0.434780019288296,0.49015018353815765,0.07506979717354632,O3
2025-03-07 11:29:00,,,,,,,1,0.4385998943222239,0.486798924234148,0.0746011814436281,O3
2025-03-07 11:44:00,,,,,,,,0.44209472033045716,0.48379974728842245,0.07410553238112036,O3
2025-03-07 11:59:00,,,,,,,,0.44504902672634694,0.48120443990762163,0.07374653336603143,O3
2025-03-07 12:14:00,,,,,,,,0.44954719875301563,0.4763611117272559,0.07409168951972843,O3
2025-03-07 12:29:00,,,,,,,,0.4541569778207806,0.4718504257778502,0.07399259640136914,O3
2025-03-07 12:44:00,,,,,,,,0.4608205277216966,0.46512589534219995,0.07405357693610345,O3
2025-03-07 12:59:00,,,,,,,,0.4587836184857419,0.467119985211383,0.07409639630287508,O3
2025-03-07 13:14:00,,,,,,,,0.4479477667745517,0.47934310199536734,0.07270913123008094,O3
2025-03-07 13:29:00,,,,,,,,0.4424534986498172,0.48677848885923586,0.07076801249094694,O3
2025-03-07 13:44:00,,,,,,,,,,,
2025-03-07 13:59:00,,,,,,,,,,,
2025-03-07 14:14:00,,,,,,,,,,,
2025-03-07 14:29:00,,,,,,,,,,,
2025-03-07 14:44:00,,,,,,,,,,,
2025-03-07 14:59:00,,,,,,,,,,,
2025-03-07 15:14:00,,,,,,,,,,,
2025-03-07 15:29:00,,,,,,,,,,,
2025-03-07 15:44:00,,,,,,,,,,,
2025-03-07 15:59:00,,,,,,,,,,,
2025-03-07 16:14:00,,,,,,,,,,,
2025-03-07 16:29:00,,,,,,,,,,,
2025-03-07 16:44:00,,,,,,,,,,,
2025-03-07 16:59:00,,,,,,,,,,,
2025-03-07 17:14:00,,,,,,,,,,,
2025-03-07 17:29:00,,,,,,,,,,,
2025-03-07 17:44:00,,,,,,,,,,,
2025-03-07 17:59:00,,,,,,,,,,,
2025-03-07 18:14:00,,,,,,,,,,,
2025-03-07 18:29:00,,,,,,,,,,,
2025-03-07 18:44:00,,,,,,,,,,,
2025-03-07 18:59:00,,,,,,,,,,,
2025-03-07 19:14:00,,,,,,,,,,,
2025-03-07 19:29:00,,,,,,,,,,,
2025-03-07 19:44:00,,,,,,,,,,,
2025-03-07 19:59:00,,,,,,,,,,,
2025-03-07 20:14:00,,,,,,,,,,,
2025-03-07 20:29:00,,,,,,,,,,,
2025-03-07 20:44:00,,,,,,,,,,,
2025-03-07 20:59:00,,,,,,,,,,,
2025-03-07 21:14:00,,,,,,,,,,,
2025-03-07 21:29:00,,,,,,,,,,,
2025-03-07 21:44:00,,,,,,,,,,,
2025-03-07 21:59:00,,,,,,,,,,,
2025-03-07 22:14:00,,,,,,,,,,,
2025-03-07 22:29:00,,,,,,,,,,,
2025-03-07 22:44:00,,,,,,,,,,,
2025-03-07 22:59:00,,,,,,,,,,,
2025-03-07 23:14:00,,,,,,,,,,,
2025-03-07 23:29:00,,,,,,,,,,,
2025-03-07 23:44:00,,,,,,,,,,,
2025-03-07 23:59:00,,,,,,,,,,,
2025-03-08 00:14:00,,,,,,,,,,,
2025-03-08 00:29:00,,,,,,,,,,,
2025-03-08 00:44:00,,,,,,,,,,,
2025-03-08 00:59:00,,,,,,,,,,,
2025-03-08 01:14:00,,,,,,,,,,,
2025-03-08 01:29:00,,,,,,,,,,,
2025-03-08 01:44:00,,,,,,,,,,,
2025-03-08 01:59:00,,,,,,,,,,,
2025-03-08 02:14:00,,,,,,,,,,,
2025-03-08 02:29:00,,,,,,,,,,,
2025-03-08 02:44:00,,,,,,,,,,,
2025-03-08 02:59:00,,,,,,,,,,,
2025-03-08 03:14:00,,,,,,,,,,,
2025-03-08 03:29:00,,,,,,,,,,,
2025-03-08 03:44:00,,,,,,,,,,,
2025-03-08 03:59:00,,,,,,,,,,,
2025-03-08 04:14:00,,,,,,,,,,,
2025-03-08 04:29:00,,,,,,,,,,,
2025-03-08 04:44:00,,,,,,,,,,,
2025-03-08 04:59:00,,,,,,,,,,,
2025-03-08 05:14:00,,,,,,,,,,,
2025-03-08 05:29:00,,,,,,,,,,,
2025-03-08 05:44:00,,,,,,,,,,,
2025-03-08 05:59:00,,,,,,,,,,,
2025-03-08 06:14:00,,,,,,,,,,,
2025-03-08 06:29:00,,,,,,,,,,,
2025-03-08 06:44:00,,,,,,,,,,,
2025-03-08 06:59:00,,,,,,,,,,,
2025-03-08 07:14:00,,,,,,,,,,,
2025-03-08 07:29:00,,,,,,,,,,,
2025-03-08 07:44:00,,,,,,,,,,,
2025-03-08 07:59:00,,,,,,,,,,,
2025-03-08 08:14:00,,,,,,,,,,,
2025-03-08 08:29:00,,,,,,,,,,,
2025-03-08 08:44:00,,,,,,,,,,,
2025-03-08 08:59:00,,,,,,,,,,,
2025-03-08 09:14:00,,,,,,,,,,,
2025-03-08 09:29:00,,,,,,,,,,,
2025-03-08 09:44:00,,,,,,,,,,,
2025-03-08 09:59:00,,,,,,,,,,,
2025-03-08 10:14:00,,,,,,,,,,,
2025-03-08 10:29:00,,,,,,,,,,,
2025-03-08 10:44:00,,,,,,,,,,,
2025-03-08 10:59:00,,,,,,,,,,,
2025-03-08 11:14:00,,,,,,,,,,,
2025-03-08 11:29:00,,,,,,,,,,,
2025-03-08 11:44:00,,,,,,,,,,,
2025-03-08 11:59:00,,,,,,,,,,,
2025-03-08 12:14:00,,,,,,,,,,,
2025-03-08 12:29:00,,,,,,,,,,,
2025-03-08 12:44:00,,,,,,,,,,,
2025-03-08 12:59:00,,,,,,,,,,,
2025-03-08 13:14:00,,,,,,,,,,,
2025-03-08 13:29:00,,,,,,,,,,,
2025-03-08 13:44:00,,,,,,,,,,,
2025-03-08 13:59:00,,,,,,,,,,,
2025-03-08 14:14:00,,,,,,,,,,,
2025-03-08 14:29:00,,,,,,,,,,,
2025-03-08 14:44:00,,,,,,,,,,,
2025-03-08 14:59:00,,,,,,,,,,,
2025-03-08 15:14:00,,,,,,,,,,,
2025-03-08 15:29:00,,,,,,,,,,,
2025-03-08 15:44:00,,,,,,,,,,,
2025-03-08 15:59:00,,,,,,,,,,,
2025-03-08 16:14:00,,,,,,,,,,,
2025-03-08 16:29:00,,,,,,,,,,,
2025-03-08 16:44:00,,,,,,,,,,,
2025-03-08 16:59:00,,,,,,,,,,,
2025-03-08 17:14:00,,,,,,,,,,,
2025-03-08 17:29:00,,,,,,,,,,,
2025-03-08 17:44:00,,,,,,,,,,,
2025-03-08 17:59:00,,,,,,,,,,,
2025-03-08 18:14:00,,,,,,,,,,,
2025-03-08 18:29:00,,,,,,,,,,,
2025-03-08 18:44:00,,,,,,,,,,,
2025-03-08 18:59:00,,,,,,,,,,,
2025-03-08 19:14:00,,,,,,,,,,,
2025-03-08 19:29:00,,,,,,,,,,,
2025-03-08 19:44:00,,,,,,,,,,,
2025-03-08 19:59:00,,,,,,,,,,,
2025-03-08 20:14:00,,,,,,,,,,,
2025-03-08 20:29:00,,,,,,,,,,,
2025-03-08 20:44:00,,,,,,,,,,,
2025-03-08 20:59:00,,,,,,,,,,,
2025-03-08 21:14:00,,,,,,,,,,,
2025-03-08 21:29:00,,,,,,,,,,,
2025-03-08 21:44:00,,,,,,,,,,,
2025-03-08 21:59:00,,,,,,,,,,,
2025-03-08 22:14:00,,,,,,,,,,,
2025-03-08 22:29:00,,,,,,,,,,,
2025-03-08 22:44:00,,,,,,,,,,,
2025-03-08 22:59:00,,,,,,,,,,,
2025-03-08 23:14:00,,,,,,,,,,,
2025-03-08 23:29:00,,,,,,,,,,,
2025-03-08 23:44:00,,,,,,,,,,,
2025-03-08 23:59:00,,,,,,,,,,,
2025-03-09 00:14:00,,,,,,,,,,,
2025-03-09 00:29:00,,,,,,,,,,,
2025-03-09 00:44:00,,,,,,,,,,,
2025-03-09 00:59:00,,,,,,,,,,,
2025-03-09 01:14:00,,,,,,,,,,,
2025-03-09 01:29:00,,,,,,,,,,,
2025-03-09 01:44:00,,,,,,,,,,,
2025-03-09 01:59:00,,,,,,,,,,,
2025-03-09 03:14:00,,,,,,,,,,,
2025-03-09 03:29:00,,,,,,,,,,,
2025-03-09 03:44:00,,,,,,,,,,,
2025-03-09 03:59:00,,,,,,,,,,,
2025-03-09 04:14:00,,,,,,,,,,,
2025-03-09 04:29:00,,,,,,,,,,,
2025-03-09 04:44:00,,,,,,,,,,,
2025-03-09 04:59:00,,,,,,,,,,,
2025-03-09 05:14:00,,,,,,,,,,,
2025-03-09 05:29:00,,,,,,,,,,,
2025-03-09 05:44:00,,,,,,,,,,,
2025-03-09 05:59:00,,,,,,,,,,,
2025-03-09 06:14:00,,,,,,,,,,,
2025-03-09 06:29:00,,,,,,,,,,,
2025-03-09 06:44:00,,,,,,,,,,,
2025-03-09 06:59:00,,,,,,,,,,,
2025-03-09 07:14:00,,,,,,,,,,,
2025-03-09 07:29:00,,,,,,,,,,,
2025-03-09 07:44:00,,,,,,,,,,,
2025-03-09 07:59:00,,,,,,,,,,,
2025-03-09 08:14:00,,,,,,,,,,,
2025-03-09 08:29:00,,,,,,,,,,,
2025-03-09 08:44:00,,,,,,,,,,,
2025-03-09 08:59:00,,,,,,,,,,,
2025-03-09 09:14:00,,,,,,,,,,,
2025-03-09 09:29:00,,,,,,,,,,,
2025-03-09 09:44:00,,,,,,,,,,,
2025-03-09 09:59:00,,,,,,,,,,,
2025-03-09 10:14:00,,,,,,,,,,,
2025-03-09 10:29:00,,,,,,,,,,,
2025-03-09 10:44:00,,,,,,,,,,,
2025-03-09 10:59:00,,,,,,,,,,,
2025-03-09 11:14:00,,,,,,,,,,,
2025-03-09 11:29:00,,,,,,,,,,,
2025-03-09 11:44:00,,,,,,,,,,,
2025-03-09 11:59:00,,,,,,,,,,,
2025-03-09 12:14:00,,,,,,,,,,,
2025-03-09 12:29:00,,,,,,,,,,,
2025-03-09 12:44:00,,,,,,,,,,,
2025-03-09 12:59:00,,,,,,,,,,,
2025-03-09 13:14:00,,,,,,,,,,,
2025-03-09 13:29:00,,,,,,,,,,,
2025-03-09 13:44:00,,,,,,,,,,,
2025-03-09 13:59:00,,,,,,,,,,,
2025-03-09 14:14:00,,,,,,,,,,,
2025-03-09 14:29:00,,,,,,,,,,,
2025-03-09 14:44:00,,,,,,,,,,,
2025-03-09 14:59:00,,,,,,,,,,,
2025-03-09 15:14:00,,,,,,,,,,,
2025-03-09 15:29:00,,,,,,,,,,,
2025-03-09 15:44:00,,,,,,,,,,,
2025-03-09 15:59:00,,,,,,,,,,,
2025-03-09 16:14:00,,,,,,,,,,,
2025-03-09 16:29:00,,,,,,,,,,,
2025-03-09 16:44:00,,,,,,,,,,,
2025-03-09 16:59:00,,,,,,,,,,,
2025-03-09 17:14:00,,,,,,,,,,,
2025-03-09 17:29:00,,,,,,,,,,,
2025-03-09 17:44:00,,,,,,,,,,,
2025-03-09 17:59:00,,,,,,,,,,,
2025-03-09 18:14:00,,,,,,,,,,,
2025-03-09 18:29:00,,,,,,,,,,,
2025-03-09 18:44:00,,,,,,,,,,,
2025-03-09 18:59:00,,,,,,,,,,,
2025-03-09 19:14:00,,,,,,,,,,,
2025-03-09 19:29:00,,,,,,,,,,,
2025-03-09 19:44:00,,,,,,,,,,,
2025-03-09 19:59:00,,,,,,,,,,,
2025-03-09 20:14:00,,,,,,,,,,,
2025-03-09 20:29:00,,,,,,,,,,,
2025-03-09 20:44:00,,,,,,,,,,,
2025-03-09 20:59:00,,,,,,,,,,,
2025-03-09 21:14:00,,,,,,,,,,,
2025-03-09 21:29:00,,,,,,,,,,,
2025-03-09 21:44:00,,,,,,,,,,,
2025-03-09 21:59:00,,,,,,,,,,,
2025-03-09 22:14:00,,,,,,,,,,,
2025-03-09 22:29:00,,,,,,,,,,,
2025-03-09 22:44:00,,,,,,,,,,,
2025-03-09 22:59:00,,,,,,,,,,,
2025-03-09 23:14:00,,,,,,,,,,,
2025-03-09 23:29:00,,,,,,,,,,,
2025-03-09 23:44:00,,,,,,,,,,,
2025-03-09 23:59:00,,,,,,,,,,,
2025-03-10 00:14:00,,,,,,,,,,,
2025-03-10 00:29:00,,,,,,,,,,,
2025-03-10 00:44:00,,,,,,,,,,,
2025-03-10 00:59:00,,,,,,,,,,,
2025-03-10 01:14:00,,,,,,,,,,,
2025-03-10 01:29:00,,,,,,,,,,,
2025-03-10 01:44:00,,,,,,,,,,,
2025-03-10 01:59:00,,,,,,,,,,,
2025-03-10 02:14:00,,,,,,,,,,,
2025-03-10 02:29:00,,,,,,,,,,,
2025-03-10 02:44:00,,,,,,,,,,,
2025-03-10 02:59:00,,,,,,,,,,,
2025-03-10 03:14:00,,,,,,,,,,,
2025-03-10 03:29:00,,,,,,,,,,,
2025-03-10 03:44:00,,,,,,,,,,,
2025-03-10 03:59:00,,,,,,,,,,,
2025-03-10 04:14:00,,,,,,,,,,,
2025-03-10 04:29:00,,,,,,,,,,,
2025-03-10 04:44:00,,,,,,,,,,,
2025-03-10 04:59:00,,,,,,,,,,,
2025-03-10 05:14:00,,,,,,,,,,,
2025-03-10 05:29:00,,,,,,,,,,,
2025-03-10 05:44:00,,,,,,,,,,,
2025-03-10 05:59:00,,,,,,,,,,,
2025-03-10 06:14:00,,,,,,,,,,,
2025-03-10 06:29:00,,,,,,,,,,,
2025-03-10 06:44:00,,,,,,,,,,,
2025-03-10 06:59:00,,,,,,,,,,,
2025-03-10 07:14:00,,,,,,,,,,,
2025-03-10 07:29:00,,,,,,,,,,,
2025-03-10 07:44:00,,,,,,,,,,,
2025-03-10 07:59:00,,,,,,,,,,,
2025-03-10 08:14:00,,,,,,,,,,,
2025-03-10 08:29:00,,,,,,,,,,,
2025-03-10 08:44:00,,,,,,,,,,,
2025-03-10 08:59:00,,,,,,,,,,,
2025-03-10 09:14:00,,,,,,,,,,,
2025-03-10 09:29:00,,,,,,,,,,,
2025-03-10 09:44:00,,,,,,,,,,,
2025-03-10 09:59:00,,,,,,,,,,,
2025-03-10 10:14:00,,,,,,,,,,,
2025-03-10 10:29:00,,,,,,,,,,,
2025-03-10 10:44:00,,,,,,,,,,,
2025-03-10 10:59:00,,,,,,,,,,,
2025-03-10 11:14:00,,,,,,,,,,,
2025-03-10 11:29:00,,,,,,,,,,,
2025-03-10 11:44:00,,,,,,,,,,,
2025-03-10 11:59:00,,,,,,,,,,,
2025-03-10 12:14:00,,,,,,,,,,,
2025-03-10 12:29:00,,,,,,,,,,,
2025-03-10 12:44:00,,,,,,,,,,,
2025-03-10 12:59:00,,,,,,,,,,,
2025-03-10 13:14:00,,,,,,,,,,,
2025-03-10 13:29:00,,,,,,,,,,,
2025-03-10 13:44:00,,,,,,,,,,,
2025-03-10 13:59:00,,,,,,,,,,,
2025-03-10 14:14:00,,,,,,,,,,,
2025-03-10 14:29:00,,,,,,,,,,,
2025-03-10 14:44:00,,,,,,,,,,,
2025-03-10 14:59:00,,,,,,,,,,,
2025-03-10 15:14:00,,,,,,,,,,,
2025-03-10 15:29:00,,,,,,,,,,,
2025-03-10 15:44:00,,,,,,,,,,,
2025-03-10 15:59:00,,,,,,,,,,,
2025-03-10 16:14:00,,,,,,,,,,,
2025-03-10 16:29:00,,,,,,,,,,,
2025-03-10 16:44:00,,,,,,,,,,,
2025-03-10 16:59:00,,,,,,,,,,,
2025-03-10 17:14:00,,,,,,,,,,,
2025-03-10 17:29:00,,,,,,,,,,,
2025-03-10 17:44:00,,,,,,,,,,,
2025-03-10 17:59:00,,,,,,,,,,,
2025-03-10 18:14:00,,,,,,,,,,,
2025-03-10 18:29:00,,,,,,,,,,,
2025-03-10 18:44:00,,,,,,,,,,,
2025-03-10 18:59:00,,,,,,,,,,,
2025-03-10 19:14:00,,,,,,,,,,,
2025-03-10 19:29:00,,,,,,,,,,,
2025-03-10 19:44:00,,,,,,,,,,,
2025-03-10 19:59:00,,,,,,,,,,,
2025-03-10 20:14:00,,,,,,,,,,,
2025-03-10 20:29:00,,,,,,,,,,,
2025-03-10 20:44:00,,,,,,,,,,,
2025-03-10 20:59:00,,,,,,,,,,,
2025-03-10 21:14:00,,,,,,,,,,,
2025-03-10 21:29:00,,,,,,,,,,,
2025-03-10 21:44:00,,,,,,,,,,,
2025-03-10 21:59:00,,,,,,,,,,,
2025-03-10 22:14:00,,,,,,,,,,,
2025-03-10 22:29:00,,,,,,,,,,,
2025-03-10 22:44:00,,,,,,,,,,,
2025-03-10 22:59:00,,,,,,,,,,,
2025-03-10 23:14:00,,,,,,,,,,,
2025-03-10 23:29:00,,,,,,,,,,,
2025-03-10 23:44:00,,,,,,,,,,,
2025-03-10 23:59:00,,,,,,,,,,,
2025-03-11 00:14:00,,,,,,,,,,,
2025-03-11 00:29:00,,,,,,,,,,,
2025-03-11 00:44:00,,,,,,,,,,,
2025-03-11 00:59:00,,,,,,,,,,,
2025-03-11 01:14:00,,,,,,,,,,,
2025-03-11 01:29:00,,,,,,,,,,,
2025-03-11 01:44:00,,,,,,,,,,,
2025-03-11 01:59:00,,,,,,,,,,,
2025-03-11 02:14:00,,,,,,,,,,,
2025-03-11 02:29:00,,,,,,,,,,,
2025-03-11 02:44:00,,,,,,,,,,,
2025-03-11 02:59:00,,,,,,,,,,,
2025-03-11 03:14:00,,,,,,,,,,,
2025-03-11 03:29:00,,,,,,,,,,,
2025-03-11 03:44:00,,,,,,,,,,,
2025-03-11 03:59:00,,,,,,,,,,,
2025-03-11 04:14:00,,,,,,,,,,,
2025-03-11 04:29:00,,,,,,,,,,,
2025-03-11 04:44:00,,,,,,,,,,,
2025-03-11 04:59:00,,,,,,,,,,,
2025-03-11 05:14:00,,,,,,,,,,,
2025-03-11 05:29:00,,,,,,,,,,,
2025-03-11 05:44:00,,,,,,,,,,,
2025-03-11 05:59:00,,,,,,,,,,,
2025-03-11 06:14:00,,,,,,,,,,,
2025-03-11 06:29:00,,,,,,,,,,,
2025-03-11 06:44:00,,,,,,,,,,,
2025-03-11 06:59:00,,,,,,,,,,,
2025-03-11 07:14:00,,,,,,,,,,,
2025-03-11 07:29:00,,,,,,,,,,,
2025-03-11 07:44:00,,,,,,,,,,,
2025-03-11 07:59:00,,,,,,,,,,,
2025-03-11 08:14:00,,,,,,,,,,,
2025-03-11 08:29:00,,,,,,,,,,,
2025-03-11 08:44:00,,,,,,,,,,,
2025-03-11 08:59:00,,,,,,,,,,,
2025-03-11 09:14:00,,,,,,,,,,,
2025-03-11 09:29:00,,,,,,,,,,,
2025-03-11 09:44:00,,,,,,,,,,,
2025-03-11 09:59:00,,,,,,,,,,,
2025-03-11 10:14:00,,,,,,,,,,,
2025-03-11 10:29:00,,,,,,,,,,,
2025-03-11 10:44:00,,,,,,,,,,,
2025-03-11 10:59:00,,,,,,,,,,,
2025-03-11 11:14:00,,,,,,,,,,,
2025-03-11 11:29:00,,,,,,,,,,,
2025-03-11 11:44:00,,,,,,,,,,,
2025-03-11 11:59:00,,,,,,,,,,,
2025-03-11 12:14:00,,,,,,,,,,,
2025-03-11 12:29:00,,,,,,,,,,,
2025-03-11 12:44:00,,,,,,,,,,,
2025-03-11 12:59:00,,,,,,,,,,,
2025-03-11 13:14:00,,,,,,,,,,,
2025-03-11 13:29:00,,,,,,,,,,,
2025-03-11 13:44:00,,,,,,,,,,,
2025-03-11 13:59:00,,,,,,,,,,,
2025-03-11 14:14:00,,,,,,,,,,,
2025-03-11 14:29:00,,,,,,,,,,,
2025-03-11 14:44:00,,,,,,,,,,,
2025-03-11 14:59:00,,,,,,,,,,,
2025-03-11 15:14:00,,,,,,,,,,,
2025-03-11 15:29:00,,,,,,,,,,,
2025-03-11 15:44:00,,,,,,,,,,,
2025-03-11 15:59:00,,,,,,,,,,,
2025-03-11 16:14:00,,,,,,,,,,,
2025-03-11 16:29:00,,,,,,,,,,,
2025-03-11 16:44:00,,,,,,,,,,,
2025-03-11 16:59:00,,,,,,,,,,,
2025-03-11 17:14:00,,,,,,,,,,,
2025-03-11 17:29:00,,,,,,,,,,,
2025-03-11 17:44:00,,,,,,,,,,,
2025-03-11 17:59:00,,,,,,,,,,,
2025-03-11 18:14:00,,,,,,,,,,,
2025-03-11 18:29:00,,,,,,,,,,,
2025-03-11 18:44:00,,,,,,,,,,,
2025-03-11 18:59:00,,,,,,,,,,,
2025-03-11 19:14:00,,,,,,,,,,,
2025-03-11 19:29:00,,,,,,,,,,,
2025-03-11 19:44:00,,,,,,,,,,,
2025-03-11 19:59:00,,,,,,,,,,,
2025-03-11 20:14:00,,,,,,,,,,,
2025-03-11 20:29:00,,,,,,,,,,,
2025-03-11 20:44:00,,,,,,,,,,,
2025-03-11 20:59:00,,,,,,,,,,,
2025-03-11 21:14:00,,,,,,,,,,,
2025-03-11 21:29:00,,,,,,,,,,,
2025-03-11 21:44:00,,,,,,,,,,,
2025-03-11 21:59:00,,,,,,,,,,,
2025-03-11 22:14:00,,,,,,,,,,,
2025-03-11 22:29:00,,,,,,,,,,,
2025-03-11 22:44:00,,,,,,,,,,,
2025-03-11 22:59:00,,,,,,,,,,,
2025-03-11 23:14:00,,,,,,,,,,,
2025-03-11 23:29:00,,,,,,,,,,,
2025-03-11 23:44:00,,,,,,,,,,,
2025-03-11 23:59:00,,,,,,,,,,,
2025-03-12 00:14:00,,,,,,,,,,,
2025-03-12 00:29:00,,,,,,,,,,,
2025-03-12 00:44:00,,,,,,,,,,,
2025-03-12 00:59:00,,,,,,,,,,,
2025-03-12 01:14:00,,,,,,,,,,,
2025-03-12 01:29:00,,,,,,,,,,,
2025-03-12 01:44:00,,,,,,,,,,,
2025-03-12 01:59:00,,,,,,,,,,,
2025-03-12 02:14:00,,,,,,,,,,,
2025-03-12 02:29:00,,,,,,,,,,,
2025-03-12 02:44:00,,,,,,,,,,,
2025-03-12 02:59:00,,,,,,,,,,,
2025-03-12 03:14:00,,,,,,,,,,,
2025-03-12 03:29:00,,,,,,,,,,,
2025-03-12 03:44:00,,,,,,,,,,,
2025-03-12 03:59:00,,,,,,,,,,,
2025-03-12 04:14:00,,,,,,,,,,,
2025-03-12 04:29:00,,,,,,,,,,,
2025-03-12 04:44:00,,,,,,,,,,,
2025-03-12 04:59:00,,,,,,,,,,,
2025-03-12 05:14:00,,,,,,,,,,,
2025-03-12 05:29:00,,,,,,,,,,,
2025-03-12 05:44:00,,,,,,,,,,,
2025-03-12 05:59:00,,,,,,,,,,,
2025-03-12 06:14:00,,,,,,,,,,,
2025-03-12 06:29:00,,,,,,,,,,,
2025-03-12 06:44:00,,,,,,,,,,,
2025-03-12 06:59:00,,,,,,,,,,,
2025-03-12 07:14:00,,,,,,,,,,,
2025-03-12 07:29:00,,,,,,,,,,,
2025-03-12 07:44:00,,,,,,,,,,,
2025-03-12 07:59:00,,,,,,,,,,,
2025-03-12 08:14:00,,,,,,,,,,,
2025-03-12 08:29:00,,,,,,,,,,,
2025-03-12 08:44:00,,,,,,,,,,,
2025-03-12 08:59:00,,,,,,,,,,,
2025-03-12 09:14:00,,,,,,,,,,,
2025-03-12 09:29:00,,,,,,,,,,,
2025-03-12 09:44:00,,,,,,,,,,,
2025-03-12 09:59:00,,,,,,,,,,,
2025-03-12 10:14:00,,,,,,,,,,,
2025-03-12 10:29:00,,,,,,,,,,,
2025-03-12 10:44:00,,,,,,,,,,,
2025-03-12 10:59:00,,,,,,,,,,,
2025-03-12 11:14:00,,,,,,,,,,,
2025-03-12 11:29:00,,,,,,,,,,,
2025-03-12 11:44:00,,,,,,,,,,,
2025-03-12 11:59:00,,,,,,,,,,,
2025-03-12 12:14:00,,,,,,,,,,,
2025-03-12 12:29:00,,,,,,,,,,,
2025-03-12 12:44:00,,,,,,,,,,,
2025-03-12 12:59:00,,,,,,,,,,,
2025-03-12 13:14:00,,,,,,,,,,,
2025-03-12 13:29:00,,,,,,,,,,,
2025-03-12 13:44:00,,,,,,,,,,,
2025-03-12 13:59:00,,,,,,,,,,,
2025-03-12 14:14:00,,,,,,,,,,,
2025-03-12 14:29:00,,,,,,,,,,,
2025-03-12 14:44:00,,,,,,,,,,,
2025-03-12 14:59:00,,,,,,,,,,,
2025-03-12 15:14:00,,,,,,,,,,,
2025-03-12 15:29:00,,,,,,,,,,,
2025-03-12 15:44:00,,,,,,,,,,,
2025-03-12 15:59:00,,,,,,,,,,,
2025-03-12 16:14:00,,,,,,,,,,,
2025-03-12 16:29:00,,,,,,,,,,,
2025-03-12 16:44:00,,,,,,,,,,,
2025-03-12 16:59:00,,,,,,,,,,,
2025-03-12 17:14:00,,,,,,,,,,,
2025-03-12 17:29:00,,,,,,,,,,,
2025-03-12 17:44:00,,,,,,,,,,,
2025-03-12 17:59:00,,,,,,,,,,,
2025-03-12 18:14:00,,,,,,,,,,,
2025-03-12 18:29:00,,,,,,,,,,,
2025-03-12 18:44:00,,,,,,,,,,,
2025-03-12 18:59:00,,,,,,,,,,,
2025-03-12 19:14:00,,,,,,,,,,,
2025-03-12 19:29:00,,,,,,,,,,,
2025-03-12 19:44:00,,,,,,,,,,,
2025-03-12 19:59:00,,,,,,,,,,,
2025-03-12 20:14:00,,,,,,,,,,,
2025-03-12 20:29:00,,,,,,,,,,,
2025-03-12 20:44:00,,,,,,,,,,,
2025-03-12 20:59:00,,,,,,,,,,,
2025-03-12 21:14:00,,,,,,,,,,,
2025-03-12 21:29:00,,,,,,,,,,,
2025-03-12 21:44:00,,,,,,,,,,,
2025-03-12 21:59:00,,,,,,,,,,,
2025-03-12 22:14:00,,,,,,,,,,,
2025-03-12 22:29:00,,,,,,,,,,,
2025-03-12 22:44:00,,,,,,,,,,,
2025-03-12 22:59:00,,,,,,,,,,,
2025-03-12 23:14:00,,,,,,,,,,,
2025-03-12 23:29:00,,,,,,,,,,,
2025-03-12 23:44:00,,,,,,,,,,,
2025-03-12 23:59:00,,,,,,,,,,,
2025-03-13 00:14:00,,,,,,,,,,,
2025-03-13 00:29:00,,,,,,,,,,,
2025-03-13 00:44:00,,,,,,,,,,,
2025-03-13 00:59:00,,,,,,,,,,,
2025-03-13 01:14:00,,,,,,,,,,,
2025-03-13 01:29:00,,,,,,,,,,,
2025-03-13 01:44:00,,,,,,,,,,,
2025-03-13 01:59:00,,,,,,,,,,,
2025-03-13 02:14:00,,,,,,,,,,,
2025-03-13 02:29:00,,,,,,,,,,,
2025-03-13 02:44:00,,,,,,,,,,,
2025-03-13 02:59:00,,,,,,,,,,,
2025-03-13 03:14:00,,,,,,,,,,,
2025-03-13 03:29:00,,,,,,,,,,,
2025-03-13 03:44:00,,,,,,,,,,,
2025-03-13 03:59:00,,,,,,,,,,,
2025-03-13 04:14:00,,,,,,,,,,,
2025-03-13 04:29:00,,,,,,,,,,,
2025-03-13 04:44:00,,,,,,,,,,,
2025-03-13 04:59:00,,,,,,,,,,,
2025-03-13 05:14:00,,,,,,,,,,,
2025-03-13 05:29:00,,,,,,,,,,,
2025-03-13 05:44:00,,,,,,,,,,,
2025-03-13 05:59:00,,,,,,,,,,,
2025-03-13 06:14:00,,,,,,,,,,,
2025-03-13 06:29:00,,,,,,,,,,,
2025-03-13 06:44:00,,,,,,,,,,,
2025-03-13 06:59:00,,,,,,,,,,,
2025-03-13 07:14:00,,,,,,,,,,,
2025-03-13 07:29:00,,,,,,,,,,,
2025-03-13 07:44:00,,,,,,,,,,,
2025-03-13 07:59:00,,,,,,,,,,,
2025-03-13 08:14:00,,,,,,,,,,,
2025-03-13 08:29:00,,,,,,,,,,,
2025-03-13 08:44:00,,,,,,,,,,,
2025-03-13 08:59:00,,,,,,,,,,,
2025-03-13 09:14:00,,,,,,,,,,,
2025-03-13 09:29:00,,,,,,,,,,,
2025-03-13 09:44:00,,,,,,,,,,,
2025-03-13 09:59:00,,,,,,,,,,,
2025-03-13 10:14:00,,,,,,,,,,,
2025-03-13 10:29:00,,,,,,,,,,,
2025-03-13 10:44:00,,,,,,,,,,,
2025-03-13 10:59:00,,,,,,,,,,,
2025-03-13 11:14:00,,,,,,,,,,,
2025-03-13 11:29:00,,,,,,,,,,,
2025-03-13 11:44:00,,,,,,,,,,,
2025-03-13 11:59:00,,,,,,,,,,,
2025-03-13 12:14:00,,,,,,,,,,,
2025-03-13 12:29:00,,,,,,,,,,,
2025-03-13 12:44:00,,,,,,,,,,,
2025-03-13 12:59:00,,,,,,,,,,,
2025-03-13 13:14:00,,,,,,,,,,,
2025-03-13 13:29:00,,,,,,,,,,,
2025-03-13 13:44:00,,,,,,,,,,,
2025-03-13 13:59:00,,,,,,,,,,,
2025-03-13 14:14:00,,,,,,,,,,,
2025-03-13 14:29:00,,,,,,,,,,,
2025-03-13 14:44:00,,,,,,,,,,,
2025-03-13 14:59:00,,,,,,,,,,,
2025-03-13 15:14:00,,,,,,,,,,,
2025-03-13 15:29:00,,,,,,,,,,,
2025-03-13 15:44:00,,,,,,,,,,,
2025-03-13 15:59:00,,,,,,,,,,,
2025-03-13 16:14:00,,,,,,,,,,,
2025-03-13 16:29:00,,,,,,,,,,,
2025-03-13 16:44:00,,,,,,,,,,,
2025-03-13 16:59:00,,,,,,,,,,,
2025-03-13 17:14:00,,,,,,,,,,,
2025-03-13 17:29:00,,,,,,,,,,,
2025-03-13 17:44:00,,,,,,,,,,,
2025-03-13 17:59:00,,,,,,,,,,,
2025-03-13 18:14:00,,,,,,,,,,,
2025-03-13 18:29:00,,,,,,,,,,,
2025-03-13 18:44:00,,,,,,,,,,,
2025-03-13 18:59:00,,,,,,,,,,,
2025-03-13 19:14:00,,,,,,,,,,,
2025-03-13 19:29:00,,,,,,,,,,,
2025-03-13 19:44:00,,,,,,,,,,,
2025-03-13 19:59:00,,,,,,,,,,,
2025-03-13 20:14:00,,,,,,,,,,,
2025-03-13 20:29:00,,,,,,,,,,,
2025-03-13 20:44:00,,,,,,,,,,,
2025-03-13 20:59:00,,,,,,,,,,,
2025-03-13 21:14:00,,,,,,,,,,,
2025-03-13 21:29:00,,,,,,,,,,,
2025-03-13 21:44:00,,,,,,,,,,,
2025-03-13 21:59:00,,,,,,,,,,,
2025-03-13 22:14:00,,,,,,,,,,,
2025-03-13 22:29:00,,,,,,,,,,,
2025-03-13 22:44:00,,,,,,,,,,,
2025-03-13 22:59:00,,,,,,,,,,,
2025-03-13 23:14:00,,,,,,,,,,,
2025-03-13 23:29:00,,,,,,,,,,,
2025-03-13 23:44:00,,,,,,,,,,,
2025-03-13 23:59:00,,,,,,,,,,,
2025-03-14 00:14:00,,,,,,,,,,,
2025-03-14 00:29:00,,,,,,,,,,,
2025-03-14 00:44:00,,,,,,,,,,,
2025-03-14 00:59:00,,,,,,,,,,,
2025-03-14 01:14:00,,,,,,,,,,,
2025-03-14 01:29:00,,,,,,,,,,,
2025-03-14 01:44:00,,,,,,,,,,,
2025-03-14 01:59:00,,,,,,,,,,,
2025-03-14 02:14:00,,,,,,,,,,,
2025-03-14 02:29:00,,,,,,,,,,,
2025-03-14 02:44:00,,,,,,,,,,,
2025-03-14 02:59:00,,,,,,,,,,,
2025-03-14 03:14:00,,,,,,,,,,,
2025-03-14 03:29:00,,,,,,,,,,,
2025-03-14 03:44:00,,,,,,,,,,,
2025-03-14 03:59:00,,,,,,,,,,,
2025-03-14 04:14:00,,,,,,,,,,,
2025-03-14 04:29:00,,,,,,,,,,,
2025-03-14 04:44:00,,,,,,,,,,,
2025-03-14 04:59:00,,,,,,,,,,,
2025-03-14 05:14:00,,,,,,,,,,,
2025-03-14 05:29:00,,,,,,,,,,,
2025-03-14 05:44:00,,,,,,,,,,,
2025-03-14 05:59:00,,,,,,,,,,,
2025-03-14 06:14:00,,,,,,,,,,,
2025-03-14 06:29:00,,,,,,,,,,,
2025-03-14 06:44:00,,,,,,,,,,,
2025-03-14 06:59:00,,,,,,,,,,,
2025-03-14 07:14:00,,,,,,,,,,,
2025-03-14 07:29:00,,,,,,,,,,,
2025-03-14 07:44:00,,,,,,,,,,,
2025-03-14 07:59:00,,,,,,,,,,,
2025-03-14 08:14:00,,,,,,,,,,,
2025-03-14 08:29:00,,,,,,,,,,,
2025-03-14 08:44:00,,,,,,,,,,,
2025-03-14 08:59:00,,,,,,,,,,,
2025-03-14 09:14:00,,,,,,,,,,,
2025-03-14 09:29:00,,,,,,,,,,,
2025-03-14 09:44:00,,,,,,,,,,,
2025-03-14 09:59:00,,,,,,,,,,,
2025-03-14 10:14:00,,,,,,,,,,,
2025-03-14 10:29:00,,,,,,,,,,,
2025-03-14 10:44:00,,,,,,,,,,,
2025-03-14 10:59:00,,,,,,,,,,,
2025-03-14 11:14:00,,,,,,,,,,,
2025-03-14 11:29:00,,,,,,,,,,,
2025-03-14 11:44:00,,,,,,,,,,,
2025-03-14 11:59:00,,,,,,,,,,,
2025-03-14 12:14:00,,,,,,,,,,,
2025-03-14 12:29:00,,,,,,,,,,,
2025-03-14 12:44:00,,,,,,,,,,,
2025-03-14 12:59:00,,,,,,,,,,,
2025-03-14 13:14:00,,,,,,,,,,,
2025-03-14 13:29:00,,,,,,,,,,,
2025-03-14 13:44:00,,,,,,,,,,,
2025-03-14 13:59:00,,,,,,,,,,,
2025-03-14 14:14:00,,,,,,,,,,,
2025-03-14 14:29:00,,,,,,,,,,,
2025-03-14 14:44:00,,,,,,,,,,,
2025-03-14 14:59:00,,,,,,,,,,,
2025-03-14 15:14:00,,,,,,,,,,,
2025-03-14 15:29:00,,,,,,,,,,,
2025-03-14 15:44:00,,,,,,,,,,,
2025-03-14 15:59:00,,,,,,,,,,,
2025-03-14 16:14:00,,,,,,,,,,,
2025-03-14 16:29:00,,,,,,,,,,,
2025-03-14 16:44:00,,,,,,,,,,,
2025-03-14 16:59:00,,,,,,,,,,,
2025-03-14 17:14:00,,,,,,,,,,,
2025-03-14 17:29:00,,,,,,,,,,,
2025-03-14 17:44:00,,,,,,,,,,,
2025-03-14 17:59:00,,,,,,,,,,,
2025-03-14 18:14:00,,,,,,,,,,,
2025-03-14 18:29:00,,,,,,,,,,,
2025-03-14 18:44:00,,,,,,,,,,,
2025-03-14 18:59:00,,,,,,,,,,,
2025-03-14 19:14:00,,,,,,,,,,,
2025-03-14 19:29:00,,,,,,,,,,,
2025-03-14 19:44:00,,,,,,,,,,,
2025-03-14 19:59:00,,,,,,,,,,,
2025-03-14 20:14:00,,,,,,,,,,,
2025-03-14 20:29:00,,,,,,,,,,,
2025-03-14 20:44:00,,,,,,,,,,,
2025-03-14 20:59:00,,,,,,,,,,,
2025-03-14 21:14:00,,,,,,,,,,,
2025-03-14 21:29:00,,,,,,,,,,,
2025-03-14 21:44:00,,,,,,,,,,,
2025-03-14 21:59:00,,,,,,,,,,,
2025-03-14 22:14:00,,,,,,,,,,,
2025-03-14 22:29:00,,,,,,,,,,,
2025-03-14 22:44:00,,,,,,,,,,,
2025-03-14 22:59:00,,,,,,,,,,,
2025-03-14 23:14:00,,,,,,,,,,,
2025-03-14 23:29:00,,,,,,,,,,,
2025-03-14 23:44:00,,,,,,,,,,,
2025-03-14 23:59:00,,,,,,,,,,,
2025-03-15 00:14:00,,,,,,,,,,,
2025-03-15 00:29:00,,,,,,,,,,,
2025-03-15 00:44:00,,,,,,,,,,,
2025-03-15 00:59:00,,,,,,,,,,,
2025-03-15 01:14:00,,,,,,,,,,,
2025-03-15 01:29:00,,,,,,,,,,,
2025-03-15 01:44:00,,,,,,,,,,,
2025-03-15 01:59:00,,,,,,,,,,,
2025-03-15 02:14:00,,,,,,,,,,,
2025-03-15 02:29:00,,,,,,,,,,,
2025-03-15 02:44:00,,,,,,,,,,,
2025-03-15 02:59:00,,,,,,,,,,,
2025-03-15 03:14:00,,,,,,,,,,,
2025-03-15 03:29:00,,,,,,,,,,,
2025-03-15 03:44:00,,,,,,,,,,,
2025-03-15 03:59:00,,,,,,,,,,,
2025-03-15 04:14:00,,,,,,,,,,,
2025-03-15 04:29:00,,,,,,,,,,,
2025-03-15 04:44:00,,,,,,,,,,,
2025-03-15 04:59:00,,,,,,,,,,,
2025-03-15 05:14:00,,,,,,,,,,,
2025-03-15 05:29:00,,,,,,,,,,,
2025-03-15 05:44:00,,,,,,,,,,,
2025-03-15 05:59:00,,,,,,,,,,,
2025-03-15 06:14:00,,,,,,,,,,,
2025-03-15 06:29:00,,,,,,,,,,,
2025-03-15 06:44:00,,,,,,,,,,,
2025-03-15 06:59:00,,,,,,,,,,,
2025-03-15 07:14:00,,,,,,,,,,,
2025-03-15 07:29:00,,,,,,,,,,,
2025-03-15 07:44:00,,,,,,,,,,,
2025-03-15 07:59:00,,,,,,,,,,,
2025-03-15 08:14:00,,,,,,,,,,,
2025-03-15 08:29:00,,,,,,,,,,,
2025-03-15 08:44:00,,,,,,,,,,,
2025-03-15 08:59:00,,,,,,,,,,,
2025-03-15 09:14:00,,,,,,,,,,,
2025-03-15 09:29:00,,,,,,,,,,,
2025-03-15 09:44:00,,,,,,,,,,,
2025-03-15 09:59:00,,,,,,,,,,,
2025-03-15 10:14:00,,,,,,,,,,,
2025-03-15 10:29:00,,,,,,,,,,,
2025-03-15 10:44:00,,,,,,,,,,,
2025-03-15 10:59:00,,,,,,,,,,,
2025-03-15 11:14:00,,,,,,,,,,,
2025-03-15 11:29:00,,,,,,,,,,,
2025-03-15 11:44:00,,,,,,,,,,,
2025-03-15 11:59:00,,,,,,,,,,,
2025-03-15 12:14:00,,,,,,,,,,,
2025-03-15 12:29:00,,,,,,,,,,,
2025-03-15 12:44:00,,,,,,,,,,,
2025-03-15 12:59:00,,,,,,,,,,,
2025-03-15 13:14:00,,,,,,,,,,,
2025-03-15 13:29:00,,,,,,,,,,,
2025-03-15 13:44:00,,,,,,,,,,,
2025-03-15 13:59:00,,,,,,,,,,,
2025-03-15 14:14:00,,,,,,,,,,,
2025-03-15 14:29:00,,,,,,,,,,,
2025-03-15 14:44:00,,,,,,,,,,,
2025-03-15 14:59:00,,,,,,,,,,,
2025-03-15 15:14:00,,,,,,,,,,,
2025-03-15 15:29:00,,,,,,,,,,,
2025-03-15 15:44:00,,,,,,,,,,,
2025-03-15 15:59:00,,,,,,,,,,,
2025-03-15 16:14:00,,,,,,,,,,,
2025-03-15 16:29:00,,,,,,,,,,,
2025-03-15 16:44:00,,,,,,,,,,,
2025-03-15 16:59:00,,,,,,,,,,,
2025-03-15 17:14:00,,,,,,,,,,,
2025-03-15 17:29:00,,,,,,,,,,,
2025-03-15 17:44:00,,,,,,,,,,,
2025-03-15 17:59:00,,,,,,,,,,,
2025-03-15 18:14:00,,,,,,,,,,,
2025-03-15 18:29:00,,,,,,,,,,,
2025-03-15 18:44:00,,,,,,,,,,,
2025-03-15 18:59:00,,,,,,,,,,,
2025-03-15 19:14:00,,,,,,,,,,,
2025-03-15 19:29:00,,,,,,,,,,,
2025-03-15 19:44:00,,,,,,,,,,,
2025-03-15 19:59:00,,,,,,,,,,,
2025-03-15 20:14:00,,,,,,,,,,,
2025-03-15 20:29:00,,,,,,,,,,,
2025-03-15 20:44:00,,,,,,,,,,,
2025-03-15 20:59:00,,,,,,,,,,,
2025-03-15 21:14:00,,,,,,,,,,,
2025-03-15 21:29:00,,,,,,,,,,,
2025-03-15 21:44:00,,,,,,,,,,,
2025-03-15 21:59:00,,,,,,,,,,,
2025-03-15 22:14:00,,,,,,,,,,,
2025-03-15 22:29:00,,,,,,,,,,,
2025-03-15 22:44:00,,,,,,,,,,,
2025-03-15 22:59:00,,,,,,,,,,,
2025-03-15 23:14:00,,,,,,,,,,,
2025-03-15 23:29:00,,,,,,,,,,,
2025-03-15 23:44:00,,,,,,,,,,,
2025-03-15 23:59:00,,,,,,,,,,,
2025-03-16 00:14:00,,,,,,,,,,,
2025-03-16 00:29:00,,,,,,,,,,,
2025-03-16 00:44:00,,,,,,,,,,,
2025-03-16 00:59:00,,,,,,,,,,,
2025-03-16 01:14:00,,,,,,,,,,,
2025-03-16 01:29:00,,,,,,,,,,,
2025-03-16 01:44:00,,,,,,,,,,,
2025-03-16 01:59:00,,,,,,,,,,,
2025-03-16 02:14:00,,,,,,,,,,,
2025-03-16 02:29:00,,,,,,,,,,,
2025-03-16 02:44:00,,,,,,,,,,,
2025-03-16 02:59:00,,,,,,,,,,,
2025-03-16 03:14:00,,,,,,,,,,,
2025-03-16 03:29:00,,,,,,,,,,,
2025-03-16 03:44:00,,,,,,,,,,,
2025-03-16 03:59:00,,,,,,,,,,,
2025-03-16 04:14:00,,,,,,,,,,,
2025-03-16 04:29:00,,,,,,,,,,,
2025-03-16 04:44:00,,,,,,,,,,,
2025-03-16 04:59:00,,,,,,,,,,,
2025-03-16 05:14:00,,,,,,,,,,,
2025-03-16 05:29:00,,,,,,,,,,,
2025-03-16 05:44:00,,,,,,,,,,,
2025-03-16 05:59:00,,,,,,,,,,,
2025-03-16 06:14:00,,,,,,,,,,,
2025-03-16 06:29:00,,,,,,,,,,,
2025-03-16 06:44:00,,,,,,,,,,,
2025-03-16 06:59:00,,,,,,,,,,,
2025-03-16 07:14:00,,,,,,,,,,,
2025-03-16 07:29:00,,,,,,,,,,,
2025-03-16 07:44:00,,,,,,,,,,,
2025-03-16 07:59:00,,,,,,,,,,,
2025-03-16 08:14:00,,,,,,,,,,,
2025-03-16 08:29:00,,,,,,,,,,,
2025-03-16 08:44:00,,,,,,,,,,,
2025-03-16 08:59:00,,,,,,,,,,,
2025-03-16 09:14:00,,,,,,,,,,,
2025-03-16 09:29:00,,,,,,,,,,,
2025-03-16 09:44:00,,,,,,,,,,,
2025-03-16 09:59:00,,,,,,,,,,,
2025-03-16 10:14:00,,,,,,,,,,,
2025-03-16 10:29:00,,,,,,,,,,,
2025-03-16 10:44:00,,,,,,,,,,,
2025-03-16 10:59:00,,,,,,,,,,,
2025-03-16 11:14:00,,,,,,,,,,,
2025-03-16 11:29:00,,,,,,,,,,,
2025-03-16 11:44:00,,,,,,,,,,,
2025-03-16 11:59:00,,,,,,,,,,,
2025-03-16 12:14:00,,,,,,,,,,,
2025-03-16 12:29:00,,,,,,,,,,,
2025-03-16 12:44:00,,,,,,,,,,,
2025-03-16 12:59:00,,,,,,,,,,,
2025-03-16 13:14:00,,,,,,,,,,,
2025-03-16 13:29:00,,,,,,,,,,,
2025-03-16 13:44:00,,,,,,,,,,,
2025-03-16 13:59:00,,,,,,,,,,,
2025-03-16 14:14:00,,,,,,,,,,,
2025-03-16 14:29:00,,,,,,,,,,,
2025-03-16 14:44:00,,,,,,,,,,,
2025-03-16 14:59:00,,,,,,,,,,,
2025-03-16 15:14:00,,,,,,,,,,,
2025-03-16 15:29:00,,,,,,,,,,,
2025-03-16 15:44:00,,,,,,,,,,,
2025-03-16 15:59:00,,,,,,,,,,,
2025-03-16 16:14:00,,,,,,,,,,,
2025-03-16 16:29:00,,,,,,,,,,,
2025-03-16 16:44:00,,,,,,,,,,,
2025-03-16 16:59:00,,,,,,,,,,,
2025-03-16 17:14:00,,,,,,,,,,,
2025-03-16 17:29:00,,,,,,,,,,,
2025-03-16 17:44:00,,,,,,,,,,,
2025-03-16 17:59:00,,,,,,,,,,,
2025-03-16 18:14:00,,,,,,,,,,,
2025-03-16 18:29:00,,,,,,,,,,,
2025-03-16 18:44:00,,,,,,,,,,,
2025-03-16 18:59:00,,,,,,,,,,,
2025-03-16 19:14:00,,,,,,,,,,,
2025-03-16 19:29:00,,,,,,,,,,,
2025-03-16 19:44:00,,,,,,,,,,,
2025-03-16 19:59:00,,,,,,,,,,,
2025-03-16 20:14:00,,,,,,,,,,,
2025-03-16 20:29:00,,,,,,,,,,,
2025-03-16 20:44:00,,,,,,,,,,,
2025-03-16 20:59:00,,,,,,,,,,,
2025-03-16 21:14:00,,,,,,,,,,,
2025-03-16 21:29:00,,,,,,,,,,,
2025-03-16 21:44:00,,,,,,,,,,,
2025-03-16 21:59:00,,,,,,,,,,,
2025-03-16 22:14:00,,,,,,,,,,,
2025-03-16 22:29:00,,,,,,,,,,,
2025-03-16 22:44:00,,,,,,,,,,,
2025-03-16 22:59:00,,,,,,,,,,,
2025-03-16 23:14:00,,,,,,,,,,,
2025-03-16 23:29:00,,,,,,,,,,,
2025-03-16 23:44:00,,,,,,,,,,,
2025-03-16 23:59:00,,,,,,,,,,,
2025-03-17 00:14:00,,,,,,,,,,,
2025-03-17 00:29:00,,,,,,,,,,,
2025-03-17 00:44:00,,,,,,,,,,,
2025-03-17 00:59:00,,,,,,,,,,,
2025-03-17 01:14:00,,,,,,,,,,,
2025-03-17 01:29:00,,,,,,,,,,,
2025-03-17 01:44:00,,,,,,,,,,,
2025-03-17 01:59:00,,,,,,,,,,,
2025-03-17 02:14:00,,,,,,,,,,,
2025-03-17 02:29:00,,,,,,,,,,,
2025-03-17 02:44:00,,,,,,,,,,,
2025-03-17 02:59:00,,,,,,,,,,,
2025-03-17 03:14:00,,,,,,,,,,,
2025-03-17 03:29:00,,,,,,,,,,,
2025-03-17 03:44:00,,,,,,,,,,,
2025-03-17 03:59:00,,,,,,,,,,,
2025-03-17 04:14:00,,,,,,,,,,,
2025-03-17 04:29:00,,,,,,,,,,,
2025-03-17 04:44:00,,,,,,,,,,,
2025-03-17 04:59:00,,,,,,,,,,,
2025-03-17 05:14:00,,,,,,,,,,,
2025-03-17 05:29:00,,,,,,,,,,,
2025-03-17 05:44:00,,,,,,,,,,,
2025-03-17 05:59:00,,,,,,,,,,,
2025-03-17 06:14:00,,,,,,,,,,,
2025-03-17 06:29:00,,,,,,,,,,,
2025-03-17 06:44:00,,,,,,,,,,,
2025-03-17 06:59:00,,,,,,,,,,,
2025-03-17 07:14:00,,,,,,,,,,,
2025-03-17 07:29:00,,,,,,,,,,,
2025-03-17 07:44:00,,,,,,,,,,,
2025-03-17 07:59:00,,,,,,,,,,,
2025-03-17 08:14:00,,,,,,,,,,,
2025-03-17 08:29:00,,,,,,,,,,,
2025-03-17 08:44:00,,,,,,,,,,,
2025-03-17 08:59:00,,,,,,,,,,,
2025-03-17 09:14:00,,,,,,,,,,,
2025-03-17 09:29:00,,,,,,,,,,,
2025-03-17 09:44:00,,,,,,,,,,,
2025-03-17 09:59:00,,,,,,,,,,,
2025-03-17 10:14:00,,,,,,,,,,,
2025-03-17 10:29:00,,,,,,,,,,,
2025-03-17 10:44:00,,,,,,,,,,,
2025-03-17 10:59:00,,,,,,,,,,,
2025-03-17 11:14:00,,,,,,,,,,,
2025-03-17 11:29:00,,,,,,,,,,,
2025-03-17 11:44:00,,,,,,,,,,,
2025-03-17 11:59:00,,,,,,,,,,,
2025-03-17 12:14:00,,,,,,,,,,,
2025-03-17 12:29:00,,,,,,,,,,,
2025-03-17 12:44:00,,,,,,,,,,,
2025-03-17 12:59:00,,,,,,,,,,,
2025-03-17 13:14:00,,,,,,,,,,,
2025-03-17 13:29:00,,,,,,,,,,,
2025-03-17 13:44:00,,,,,,,,,,,
2025-03-17 13:59:00,,,,,,,,,,,
2025-03-17 14:14:00,,,,,,,,,,,
2025-03-17 14:29:00,,,,,,,,,,,
2025-03-17 14:44:00,,,,,,,,,,,
2025-03-17 14:59:00,,,,,,,,,,,
2025-03-17 15:14:00,,,,,,,,,,,
2025-03-17 15:29:00,,,,,,,,,,,
2025-03-17 15:44:00,,,,,,,,,,,
2025-03-17 15:59:00,,,,,,,,,,,
2025-03-17 16:14:00,,,,,,,,,,,
2025-03-17 16:29:00,,,,,,,,,,,
2025-03-17 16:44:00,,,,,,,,,,,
2025-03-17 16:59:00,,,,,,,,,,,
2025-03-17 17:14:00,,,,,,,,,,,
2025-03-17 17:29:00,,,,,,,,,,,
2025-03-17 17:44:00,,,,,,,,,,,
2025-03-17 17:59:00,,,,,,,,,,,
2025-03-17 18:14:00,,,,,,,,,,,
2025-03-17 18:29:00,,,,,,,,,,,
2025-03-17 18:44:00,,,,,,,,,,,
2025-03-17 18:59:00,,,,,,,,,,,
2025-03-17 19:14:00,,,,,,,,,,,
2025-03-17 19:29:00,,,,,,,,,,,
2025-03-17 19:44:00,,,,,,,,,,,
2025-03-17 19:59:00,,,,,,,,,,,
2025-03-17 20:14:00,,,,,,,,,,,
2025-03-17 20:29:00,,,,,,,,,,,
2025-03-17 20:44:00,,,,,,,,,,,
2025-03-17 20:59:00,,,,,,,,,,,
2025-03-17 21:14:00,,,,,,,,,,,
2025-03-17 21:29:00,,,,,,,,,,,
2025-03-17 21:44:00,,,,,,,,,,,
2025-03-17 21:59:00,,,,,,,,,,,
2025-03-17 22:14:00,,,,,,,,,,,
2025-03-17 22:29:00,,,,,,,,,,,
2025-03-17 22:44:00,,,,,,,,,,,
2025-03-17 22:59:00,,,,,,,,,,,
2025-03-17 23:14:00,,,,,,,,,,,
2025-03-17 23:29:00,,,,,,,,,,,
2025-03-17 23:44:00,,,,,,,,,,,
2025-03-17 23:59:00,,,,,,,,,,,
2025-03-18 00:14:00,,,,,,,,,,,
2025-03-18 00:29:00,,,,,,,,,,,
2025-03-18 00:44:00,,,,,,,,,,,
2025-03-18 00:59:00,,,,,,,,,,,
2025-03-18 01:14:00,,,,,,,,,,,
2025-03-18 01:29:00,,,,,,,,,,,
2025-03-18 01:44:00,,,,,,,,,,,
2025-03-18 01:59:00,,,,,,,,,,,
2025-03-18 02:14:00,,,,,,,,,,,
2025-03-18 02:29:00,,,,,,,,,,,
2025-03-18 02:44:00,,,,,,,,,,,
2025-03-18 02:59:00,,,,,,,,,,,
2025-03-18 03:14:00,,,,,,,,,,,
2025-03-18 03:29:00,,,,,,,,,,,
2025-03-18 03:44:00,,,,,,,,,,,
2025-03-18 03:59:00,,,,,,,,,,,
2025-03-18 04:14:00,,,,,,,,,,,
2025-03-18 04:29:00,,,,,,,,,,,
2025-03-18 04:44:00,,,,,,,,,,,
2025-03-18 04:59:00,,,,,,,,,,,
2025-03-18 05:14:00,,,,,,,,,,,
2025-03-18 05:29:00,,,,,,,,,,,
2025-03-18 05:44:00,,,,,,,,,,,
2025-03-18 05:59:00,,,,,,,,,,,
2025-03-18 06:14:00,,,,,,,,,,,
2025-03-18 06:29:00,,,,,,,,,,,
2025-03-18 06:44:00,,,,,,,,,,,
2025-03-18 06:59:00,,,,,,,,,,,
2025-03-18 07:14:00,,,,,,,,,,,
2025-03-18 07:29:00,,,,,,,,,,,
2025-03-18 07:44:00,,,,,,,,,,,
2025-03-18 07:59:00,,,,,,,,,,,
2025-03-18 08:14:00,,,,,,,,,,,
2025-03-18 08:29:00,,,,,,,,,,,
2025-03-18 08:44:00,,,,,,,,,,,
2025-03-18 08:59:00,,,,,,,,,,,
2025-03-18 09:14:00,,,,,,,,,,,
2025-03-18 09:29:00,,,,,,,,,,,
2025-03-18 09:44:00,,,,,,,,,,,
2025-03-18 09:59:00,,,,,,,,,,,
2025-03-18 10:14:00,,,,,,,,,,,
2025-03-18 10:29:00,,,,,,,,,,,
2025-03-18 10:44:00,,,,,,,,,,,
2025-03-18 10:59:00,,,,,,,,,,,
2025-03-18 11:14:00,,,,,,,,,,,
2025-03-18 11:29:00,,,,,,,,,,,
2025-03-18 11:44:00,,,,,,,,,,,
2025-03-18 11:59:00,,,,,,,,,,,
2025-03-18 12:14:00,,,,,,,,,,,
2025-03-18 12:29:00,,,,,,,,,,,
2025-03-18 12:44:00,,,,,,,,,,,
2025-03-18 12:59:00,,,,,,,,,,,
2025-03-18 13:14:00,,,,,,,,,,,
2025-03-18 13:29:00,,,,,,,,,,,
2025-03-18 13:44:00,,,,,,,,,,,
2025-03-18 13:59:00,,,,,,,,,,,
2025-03-18 14:14:00,,,,,,,,,,,
2025-03-18 14:29:00,,,,,,,,,,,
2025-03-18 14:44:00,,,,,,,,,,,
2025-03-18 14:59:00,,,,,,,,,,,
2025-03-18 15:14:00,,,,,,,,,,,
2025-03-18 15:29:00,,,,,,,,,,,
2025-03-18 15:44:00,,,,,,,,,,,
2025-03-18 15:59:00,,,,,,,,,,,
2025-03-18 16:14:00,,,,,,,,,,,
2025-03-18 16:29:00,,,,,,,,,,,
2025-03-18 16:44:00,,,,,,,,,,,
2025-03-18 16:59:00,,,,,,,,,,,
2025-03-18 17:14:00,,,,,,,,,,,
2025-03-18 17:29:00,,,,,,,,,,,
2025-03-18 17:44:00,,,,,,,,,,,
2025-03-18 17:59:00,,,,,,,,,,,
2025-03-18 18:14:00,,,,,,,,,,,
2025-03-18 18:29:00,,,,,,,,,,,
2025-03-18 18:44:00,,,,,,,,,,,
2025-03-18 18:59:00,,,,,,,,,,,
2025-03-18 19:14:00,,,,,,,,,,,
2025-03-18 19:29:00,,,,,,,,,,,
2025-03-18 19:44:00,,,,,,,,,,,
2025-03-18 19:59:00,,,,,,,,,,,
2025-03-18 20:14:00,,,,,,,,,,,
2025-03-18 20:29:00,,,,,,,,,,,
2025-03-18 20:44:00,,,,,,,,,,,
2025-03-18 20:59:00,,,,,,,,,,,
2025-03-18 21:14:00,,,,,,,,,,,
2025-03-18 21:29:00,,,,,,,,,,,
2025-03-18 21:44:00,,,,,,,,,,,
2025-03-18 21:59:00,,,,,,,,,,,
2025-03-18 22:14:00,,,,,,,,,,,
2025-03-18 22:29:00,,,,,,,,,,,
2025-03-18 22:44:00,,,,,,,,,,,
2025-03-18 22:59:00,,,,,,,,,,,
2025-03-18 23:14:00,,,,,,,,,,,
2025-03-18 23:29:00,,,,,,,,,,,
2025-03-18 23:44:00,,,,,,,,,,,
2025-03-18 23:59:00,,,,,,,,,,,
2025-03-19 00:14:00,,,,,,,,,,,
2025-03-19 00:29:00,,,,,,,,,,,
2025-03-19 00:44:00,,,,,,,,,,,
2025-03-19 00:59:00,,,,,,,,,,,
2025-03-19 01:14:00,,,,,,,,,,,
2025-03-19 01:29:00,,,,,,,,,,,
2025-03-19 01:44:00,,,,,,,,,,,
2025-03-19 01:59:00,,,,,,,,,,,
2025-03-19 02:14:00,,,,,,,,,,,
2025-03-19 02:29:00,,,,,,,,,,,
2025-03-19 02:44:00,,,,,,,,,,,
2025-03-19 02:59:00,,,,,,,,,,,
2025-03-19 03:14:00,,,,,,,,,,,
2025-03-19 03:29:00,,,,,,,,,,,
2025-03-19 03:44:00,,,,,,,,,,,
2025-03-19 03:59:00,,,,,,,,,,,
2025-03-19 04:14:00,,,,,,,,,,,
2025-03-19 04:29:00,,,,,,,,,,,
2025-03-19 04:44:00,,,,,,,,,,,
2025-03-19 04:59:00,,,,,,,,,,,
2025-03-19 05:14:00,,,,,,,,,,,
2025-03-19 05:29:00,,,,,,,,,,,
2025-03-19 05:44:00,,,,,,,,,,,
2025-03-19 05:59:00,,,,,,,,,,,
2025-03-19 06:14:00,,,,,,,,,,,
2025-03-19 06:29:00,,,,,,,,,,,
2025-03-19 06:44:00,,,,,,,,,,,
2025-03-19 06:59:00,,,,,,,,,,,
2025-03-19 07:14:00,,,,,,,,,,,
2025-03-19 07:29:00,,,,,,,,,,,
2025-03-19 07:44:00,,,,,,,,,,,
2025-03-19 07:59:00,,,,,,,,,,,
2025-03-19 08:14:00,,,,,,,,,,,
2025-03-19 08:29:00,,,,,,,,,,,
2025-03-19 08:44:00,,,,,,,,,,,
2025-03-19 08:59:00,,,,,,,,,,,
2025-03-19 09:14:00,,,,,,,,,,,
2025-03-19 09:29:00,,,,,,,,,,,
2025-03-19 09:44:00,,,,,,,,,,,
2025-03-19 09:59:00,,,,,,,,,,,
2025-03-19 10:14:00,,,,,,,,,,,
2025-03-19 10:29:00,,,,,,,,,,,
2025-03-19 10:44:00,,,,,,,,,,,
2025-03-19 10:59:00,,,,,,,,,,,
2025-03-19 11:14:00,,,,,,,,,,,
2025-03-19 11:29:00,,,,,,,,,,,
2025-03-19 11:44:00,,,,,,,,,,,
2025-03-19 11:59:00,,,,,,,,,,,
2025-03-19 12:14:00,,,,,,,,,,,
2025-03-19 12:29:00,,,,,,,,,,,
2025-03-19 12:44:00,,,,,,,,,,,
2025-03-19 12:59:00,,,,,,,,,,,
2025-03-19 13:14:00,,,,,,,,,,,
2025-03-19 13:29:00,,,,,,,,,,,
2025-03-19 13:44:00,,,,,,,,,,,
2025-03-19 13:59:00,,,,,,,,,,,
2025-03-19 14:14:00,,,,,,,,,,,
2025-03-19 14:29:00,,,,,,,,,,,
2025-03-19 14:44:00,,,,,,,,,,,
2025-03-19 14:59:00,,,,,,,,,,,
2025-03-19 15:14:00,,,,,,,,,,,
2025-03-19 15:29:00,,,,,,,,,,,
2025-03-19 15:44:00,,,,,,,,,,,
2025-03-19 15:59:00,,,,,,,,,,,
2025-03-19 16:14:00,,,,,,,,,,,
2025-03-19 16:29:00,,,,,,,,,,,
2025-03-19 16:44:00,,,,,,,,,,,
2025-03-19 16:59:00,,,,,,,,,,,
2025-03-19 17:14:00,,,,,,,,,,,
2025-03-19 17:29:00,,,,,,,,,,,
2025-03-19 17:44:00,,,,,,,,,,,
2025-03-19 17:59:00,,,,,,,,,,,
2025-03-19 18:14:00,,,,,,,,,,,
2025-03-19 18:29:00,,,,,,,,,,,
2025-03-19 18:44:00,,,,,,,,,,,
2025-03-19 18:59:00,,,,,,,,,,,
2025-03-19 19:14:00,,,,,,,,,,,
2025-03-19 19:29:00,,,,,,,,,,,
2025-03-19 19:44:00,,,,,,,,,,,
2025-03-19 19:59:00,,,,,,,,,,,
2025-03-19 20:14:00,,,,,,,,,,,
2025-03-19 20:29:00,,,,,,,,,,,
2025-03-19 20:44:00,,,,,,,,,,,
2025-03-19 20:59:00,,,,,,,,,,,
2025-03-19 21:14:00,,,,,,,,,,,
2025-03-19 21:29:00,,,,,,,,,,,
2025-03-19 21:44:00,,,,,,,,,,,
2025-03-19 21:59:00,,,,,,,,,,,
2025-03-19 22:14:00,,,,,,,,,,,
2025-03-19 22:29:00,,,,,,,,,,,
2025-03-19 22:44:00,,,,,,,,,,,
2025-03-19 22:59:00,,,,,,,,,,,
2025-03-19 23:14:00,,,,,,,,,,,
2025-03-19 23:29:00,,,,,,,,,,,
2025-03-19 23:44:00,,,,,,,,,,,
2025-03-19 23:59:00,,,,,,,,,,,
2025-03-20 00:14:00,,,,,,,,,,,
2025-03-20 00:29:00,,,,,,,,,,,
2025-03-20 00:44:00,,,,,,,,,,,
2025-03-20 00:59:00,,,,,,,,,,,
2025-03-20 01:14:00,,,,,,,,,,,
2025-03-20 01:29:00,,,,,,,,,,,
2025-03-20 01:44:00,,,,,,,,,,,
2025-03-20 01:59:00,,,,,,,,,,,
2025-03-20 02:14:00,,,,,,,,,,,
2025-03-20 02:29:00,,,,,,,,,,,
2025-03-20 02:44:00,,,,,,,,,,,
2025-03-20 02:59:00,,,,,,,,,,,
2025-03-20 03:14:00,,,,,,,,,,,
2025-03-20 03:29:00,,,,,,,,,,,
2025-03-20 03:44:00,,,,,,,,,,,
2025-03-20 03:59:00,,,,,,,,,,,
2025-03-20 04:14:00,,,,,,,,,,,
2025-03-20 04:29:00,,,,,,,,,,,
2025-03-20 04:44:00,,,,,,,,,,,
2025-03-20 04:59:00,,,,,,,,,,,
2025-03-20 05:14:00,,,,,,,,,,,
2025-03-20 05:29:00,,,,,,,,,,,
2025-03-20 05:44:00,,,,,,,,,,,
2025-03-20 05:59:00,,,,,,,,,,,
2025-03-20 06:14:00,,,,,,,,,,,
2025-03-20 06:29:00,,,,,,,,,,,
2025-03-20 06:44:00,,,,,,,,,,,
2025-03-20 06:59:00,,,,,,,,,,,
2025-03-20 07:14:00,,,,,,,,,,,
2025-03-20 07:29:00,,,,,,,,,,,
2025-03-20 07:44:00,,,,,,,,,,,
2025-03-20 07:59:00,,,,,,,,,,,
2025-03-20 08:14:00,,,,,,,,,,,
2025-03-20 08:29:00,,,,,,,,,,,
2025-03-20 08:44:00,,,,,,,,,,,
2025-03-20 08:59:00,,,,,,,,,,,
2025-03-20 09:14:00,,,,,,,,,,,
2025-03-20 09:29:00,,,,,,,,,,,
2025-03-20 09:44:00,,,,,,,,,,,
2025-03-20 09:59:00,,,,,,,,,,,
2025-03-20 10:14:00,,,,,,,,,,,
2025-03-20 10:29:00,,,,,,,,,,,
2025-03-20 10:44:00,,,,,,,,,,,
2025-03-20 10:59:00,,,,,,,,,,,
2025-03-20 11:14:00,,,,,,,,,,,
2025-03-20 11:29:00,,,,,,,,,,,
2025-03-20 11:44:00,,,,,,,,,,,
2025-03-20 11:59:00,,,,,,,,,,,
2025-03-20 12:14:00,,,,,,,,,,,
2025-03-20 12:29:00,,,,,,,,,,,
2025-03-20 12:44:00,,,,,,,,,,,
2025-03-20 12:59:00,,,,,,,,,,,
2025-03-20 13:14:00,,,,,,,,,,,
2025-03-20 13:29:00,,,,,,,,,,,
2025-03-20 13:44:00,,,,,,,,,,,
2025-03-20 13:59:00,,,,,,,,,,,
2025-03-20 14:14:00,,,,,,,,,,,
2025-03-20 14:29:00,,,,,,,,,,,
2025-03-20 14:44:00,,,,,,,,,,,
2025-03-20 14:59:00,,,,,,,,,,,
2025-03-20 15:14:00,,,,,,,,,,,
2025-03-20 15:29:00,,,,,,,,,,,
2025-03-20 15:44:00,,,,,,,,,,,
2025-03-20 15:59:00,,,,,,,,,,,
2025-03-20 16:14:00,,,,,,,,,,,
2025-03-20 16:29:00,,,,,,,,,,,
2025-03-20 16:44:00,,,,,,,,,,,
2025-03-20 16:59:00,,,,,,,,,,,
2025-03-20 17:14:00,,,,,,,,,,,
2025-03-20 17:29:00,,,,,,,,,,,
2025-03-20 17:44:00,,,,,,,,,,,
2025-03-20 17:59:00,,,,,,,,,,,
2025-03-20 18:14:00,,,,,,,,,,,
2025-03-20 18:29:00,,,,,,,,,,,
2025-03-20 18:44:00,,,,,,,,,,,
2025-03-20 18:59:00,,,,,,,,,,,
2025-03-20 19:14:00,,,,,,,,,,,
2025-03-20 19:29:00,,,,,,,,,,,
2025-03-20 19:44:00,,,,,,,,,,,
2025-03-20 19:59:00,,,,,,,,,,,
2025-03-20 20:14:00,,,,,,,,,,,
2025-03-20 20:29:00,,,,,,,,,,,
2025-03-20 20:44:00,,,,,,,,,,,
2025-03-20 20:59:00,,,,,,,,,,,
2025-03-20 21:14:00,,,,,,,,,,,
2025-03-20 21:29:00,,,,,,,,,,,
2025-03-20 21:44:00,,,,,,,,,,,
2025-03-20 21:59:00,,,,,,,,,,,
2025-03-20 22:14:00,,,,,,,,,,,
2025-03-20 22:29:00,,,,,,,,,,,
2025-03-20 22:44:00,,,,,,,,,,,
2025-03-20 22:59:00,,,,,,,,,,,
2025-03-20 23:14:00,,,,,,,,,,,
2025-03-20 23:29:00,,,,,,,,,,,
2025-03-20 23:44:00,,,,,,,,,,,
2025-03-20 23:59:00,,,,,,,,,,,
2025-03-21 00:14:00,,,,,,,,,,,
2025-03-21 00:29:00,,,,,,,,,,,
2025-03-21 00:44:00,,,,,,,,,,,
2025-03-21 00:59:00,,,,,,,,,,,
2025-03-21 01:14:00,,,,,,,,,,,
2025-03-21 01:29:00,,,,,,,,,,,
2025-03-21 01:44:00,,,,,,,,,,,
2025-03-21 01:59:00,,,,,,,,,,,
2025-03-21 02:14:00,,,,,,,,,,,
2025-03-21 02:29:00,,,,,,,,,,,
2025-03-21 02:44:00,,,,,,,,,,,
2025-03-21 02:59:00,,,,,,,,,,,
2025-03-21 03:14:00,,,,,,,,,,,
2025-03-21 03:29:00,,,,,,,,,,,
2025-03-21 03:44:00,,,,,,,,,,,
2025-03-21 03:59:00,,,,,,,,,,,
2025-03-21 04:14:00,,,,,,,,,,,
2025-03-21 04:29:00,,,,,,,,,,,
2025-03-21 04:44:00,,,,,,,,,,,
2025-03-21 04:59:00,,,,,,,,,,,
2025-03-21 05:14:00,,,,,,,,,,,
2025-03-21 05:29:00,,,,,,,,,,,
2025-03-21 05:44:00,,,,,,,,,,,
2025-03-21 05:59:00,,,,,,,,,,,
2025-03-21 06:14:00,,,,,,,,,,,
2025-03-21 06:29:00,,,,,,,,,,,
2025-03-21 06:44:00,,,,,,,,,,,
2025-03-21 06:59:00,,,,,,,,,,,
2025-03-21 07:14:00,,,,,,,,,,,
2025-03-21 07:29:00,,,,,,,,,,,
2025-03-21 07:44:00,,,,,,,,,,,
2025-03-21 07:59:00,,,,,,,,,,,
2025-03-21 08:14:00,,,,,,,,,,,
2025-03-21 08:29:00,,,,,,,,,,,
2025-03-21 08:44:00,,,,,,,,,,,
2025-03-21 08:59:00,,,,,,,,,,,
2025-03-21 09:14:00,,,,,,,,,,,
2025-03-21 09:29:00,,,,,,,,,,,
2025-03-21 09:44:00,,,,,,,,,,,
2025-03-21 09:59:00,,,,,,,,,,,
2025-03-21 10:14:00,,,,,,,,,,,
2025-03-21 10:29:00,,,,,,,,,,,
2025-03-21 10:44:00,,,,,,,,,,,
2025-03-21 10:59:00,,,,,,,,,,,
2025-03-21 11:14:00,,,,,,,,,,,
2025-03-21 11:29:00,,,,,,,,,,,
2025-03-21 11:44:00,,,,,,,,,,,
2025-03-21 11:59:00,,,,,,,,,,,
2025-03-21 12:14:00,,,,,,,,,,,
2025-03-21 12:29:00,,,,,,,,,,,
2025-03-21 12:44:00,,,,,,,,,,,
2025-03-21 12:59:00,,,,,,,,,,,
2025-03-21 13:14:00,,,,,,,,,,,
2025-03-21 13:29:00,,,,,,,,,,,
2025-03-21 13:44:00,,,,,,,,,,,
2025-03-21 13:59:00,,,,,,,,,,,
2025-03-21 14:14:00,,,,,,,,,,,
2025-03-21 14:29:00,,,,,,,,,,,
2025-03-21 14:44:00,,,,,,,,,,,
2025-03-21 14:59:00,,,,,,,,,,,
2025-03-21 15:14:00,,,,,,,,,,,
2025-03-21 15:29:00,,,,,,,,,,,
2025-03-21 15:44:00,,,,,,,,,,,
2025-03-21 15:59:00,,,,,,,,,,,
2025-03-21 16:14:00,,,,,,,,,,,
2025-03-21 16:29:00,,,,,,,,,,,
2025-03-21 16:44:00,,,,,,,,,,,
2025-03-21 16:59:00,,,,,,,,,,,
2025-03-21 17:14:00,,,,,,,,,,,
2025-03-21 17:29:00,,,,,,,,,,,
2025-03-21 17:44:00,,,,,,,,,,,
2025-03-21 17:59:00,,,,,,,,,,,
2025-03-21 18:14:00,,,,,,,,,,,
2025-03-21 18:29:00,,,,,,,,,,,
2025-03-21 18:44:00,,,,,,,,,,,
2025-03-21 18:59:00,,,,,,,,,,,
2025-03-21 19:14:00,,,,,,,,,,,
2025-03-21 19:29:00,,,,,,,,,,,
2025-03-21 19:44:00,,,,,,,,,,,
2025-03-21 19:59:00,,,,,,,,,,,
2025-03-21 20:14:00,,,,,,,,,,,
2025-03-21 20:29:00,,,,,,,,,,,
2025-03-21 20:44:00,,,,,,,,,,,
2025-03-21 20:59:00,,,,,,,,,,,
2025-03-21 21:14:00,,,,,,,,,,,
2025-03-21 21:29:00,,,,,,,,,,,
2025-03-21 21:44:00,,,,,,,,,,,
2025-03-21 21:59:00,,,,,,,,,,,
2025-03-21 22:14:00,,,,,,,,,,,
2025-03-21 22:29:00,,,,,,,,,,,
2025-03-21 22:44:00,,,,,,,,,,,
2025-03-21 22:59:00,,,,,,,,,,,
2025-03-21 23:14:00,,,,,,,,,,,
2025-03-21 23:29:00,,,,,,,,,,,
2025-03-21 23:44:00,,,,,,,,,,,
2025-03-21 23:59:00,,,,,,,,,,,
2025-03-22 00:14:00,,,,,,,,,,,
2025-03-22 00:29:00,,,,,,,,,,,
2025-03-22 00:44:00,,,,,,,,,,,
2025-03-22 00:59:00,,,,,,,,,,,
2025-03-22 01:14:00,,,,,,,,,,,
2025-03-22 01:29:00,,,,,,,,,,,
2025-03-22 01:44:00,,,,,,,,,,,
2025-03-22 01:59:00,,,,,,,,,,,
2025-03-22 02:14:00,,,,,,,,,,,
2025-03-22 02:29:00,,,,,,,,,,,
2025-03-22 02:44:00,,,,,,,,,,,
2025-03-22 02:59:00,,,,,,,,,,,
2025-03-22 03:14:00,,,,,,,,,,,
2025-03-22 03:29:00,,,,,,,,,,,
2025-03-22 03:44:00,,,,,,,,,,,
2025-03-22 03:59:00,,,,,,,,,,,
2025-03-22 04:14:00,,,,,,,,,,,
2025-03-22 04:29:00,,,,,,,,,,,
2025-03-22 04:44:00,,,,,,,,,,,
2025-03-22 04:59:00,,,,,,,,,,,
2025-03-22 05:14:00,,,,,,,,,,,
2025-03-22 05:29:00,,,,,,,,,,,
2025-03-22 05:44:00,,,,,,,,,,,
2025-03-22 05:59:00,,,,,,,,,,,
2025-03-22 06:14:00,,,,,,,,,,,
2025-03-22 06:29:00,,,,,,,,,,,
2025-03-22 06:44:00,,,,,,,,,,,
2025-03-22 06:59:00,,,,,,,,,,,
2025-03-22 07:14:00,,,,,,,,,,,
2025-03-22 07:29:00,,,,,,,,,,,
2025-03-22 07:44:00,,,,,,,,,,,
2025-03-22 07:59:00,,,,,,,,,,,
2025-03-22 08:14:00,,,,,,,,,,,
2025-03-22 08:29:00,,,,,,,,,,,
2025-03-22 08:44:00,,,,,,,,,,,
2025-03-22 08:59:00,,,,,,,,,,,
2025-03-22 09:14:00,,,,,,,,,,,
2025-03-22 09:29:00,,,,,,,,,,,
2025-03-22 09:44:00,,,,,,,,,,,
2025-03-22 09:59:00,,,,,,,,,,,
2025-03-22 10:14:00,,,,,,,,,,,
2025-03-22 10:29:00,,,,,,,,,,,
2025-03-22 10:44:00,,,,,,,,,,,
2025-03-22 10:59:00,,,,,,,,,,,
2025-03-22 11:14:00,,,,,,,,,,,
2025-03-22 11:29:00,,,,,,,,,,,
2025-03-22 11:44:00,,,,,,,,,,,
2025-03-22 11:59:00,,,,,,,,,,,
2025-03-22 12:14:00,,,,,,,,,,,
2025-03-22 12:29:00,,,,,,,,,,,
2025-03-22 12:44:00,,,,,,,,,,,
2025-03-22 12:59:00,,,,,,,,,,,
2025-03-22 13:14:00,,,,,,,,,,,
2025-03-22 13:29:00,,,,,,,,,,,
2025-03-22 13:44:00,,,,,,,,,,,
2025-03-22 13:59:00,,,,,,,,,,,
2025-03-22 14:14:00,,,,,,,,,,,
2025-03-22 14:29:00,,,,,,,,,,,
2025-03-22 14:44:00,,,,,,,,,,,
2025-03-22 14:59:00,,,,,,,,,,,
2025-03-22 15:14:00,,,,,,,,,,,
2025-03-22 15:29:00,,,,,,,,,,,
2025-03-22 15:44:00,,,,,,,,,,,
2025-03-22 15:59:00,,,,,,,,,,,
2025-03-22 16:14:00,,,,,,,,,,,
2025-03-22 16:29:00,,,,,,,,,,,
2025-03-22 16:44:00,,,,,,,,,,,
2025-03-22 16:59:00,,,,,,,,,,,
2025-03-22 17:14:00,,,,,,,,,,,
2025-03-22 17:29:00,,,,,,,,,,,
2025-03-22 17:44:00,,,,,,,,,,,
2025-03-22 17:59:00,,,,,,,,,,,
2025-03-22 18:14:00,,,,,,,,,,,
2025-03-22 18:29:00,,,,,,,,,,,
2025-03-22 18:44:00,,,,,,,,,,,
2025-03-22 18:59:00,,,,,,,,,,,
2025-03-22 19:14:00,,,,,,,,,,,
2025-03-22 19:29:00,,,,,,,,,,,
2025-03-22 19:44:00,,,,,,,,,,,
2025-03-22 19:59:00,,,,,,,,,,,
2025-03-22 20:14:00,,,,,,,,,,,
2025-03-22 20:29:00,,,,,,,,,,,
2025-03-22 20:44:00,,,,,,,,,,,
2025-03-22 20:59:00,,,,,,,,,,,
2025-03-22 21:14:00,,,,,,,,,,,
2025-03-22 21:29:00,,,,,,,,,,,
2025-03-22 21:44:00,,,,,,,,,,,
2025-03-22 21:59:00,,,,,,,,,,,
2025-03-22 22:14:00,,,,,,,,,,,
2025-03-22 22:29:00,,,,,,,,,,,
2025-03-22 22:44:00,,,,,,,,,,,
2025-03-22 22:59:00,,,,,,,,,,,
2025-03-22 23:14:00,,,,,,,,,,,
2025-03-22 23:29:00,,,,,,,,,,,
2025-03-22 23:44:00,,,,,,,,,,,
2025-03-22 23:59:00,,,,,,,,,,,
2025-03-23 00:14:00,,,,,,,,,,,
2025-03-23 00:29:00,,,,,,,,,,,
2025-03-23 00:44:00,,,,,,,,,,,
2025-03-23 00:59:00,,,,,,,,,,,
2025-03-23 01:14:00,,,,,,,,,,,
2025-03-23 01:29:00,,,,,,,,,,,
2025-03-23 01:44:00,,,,,,,,,,,
2025-03-23 01:59:00,,,,,,,,,,,
2025-03-23 02:14:00,,,,,,,,,,,
2025-03-23 02:29:00,,,,,,,,,,,
2025-03-23 02:44:00,,,,,,,,,,,
2025-03-23 02:59:00,,,,,,,,,,,
2025-03-23 03:14:00,,,,,,,,,,,
2025-03-23 03:29:00,,,,,,,,,,,
2025-03-23 03:44:00,,,,,,,,,,,
2025-03-23 03:59:00,,,,,,,,,,,
2025-03-23 04:14:00,,,,,,,,,,,
2025-03-23 04:29:00,,,,,,,,,,,
2025-03-23 04:44:00,,,,,,,,,,,
2025-03-23 04:59:00,,,,,,,,,,,
2025-03-23 05:14:00,,,,,,,,,,,
2025-03-23 05:29:00,,,,,,,,,,,
2025-03-23 05:44:00,,,,,,,,,,,
2025-03-23 05:59:00,,,,,,,,,,,
2025-03-23 06:14:00,,,,,,,,,,,
2025-03-23 06:29:00,,,,,,,,,,,
2025-03-23 06:44:00,,,,,,,,,,,
2025-03-23 06:59:00,,,,,,,,,,,
2025-03-23 07:14:00,,,,,,,,,,,
2025-03-23 07:29:00,,,,,,,,,,,
2025-03-23 07:44:00,,,,,,,,,,,
2025-03-23 07:59:00,,,,,,,,,,,
2025-03-23 08:14:00,,,,,,,,,,,
2025-03-23 08:29:00,,,,,,,,,,,
2025-03-23 08:44:00,,,,,,,,,,,
2025-03-23 08:59:00,,,,,,,,,,,
2025-03-23 09:14:00,,,,,,,,,,,
2025-03-23 09:29:00,,,,,,,,,,,
2025-03-23 09:44:00,,,,,,,,,,,
2025-03-23 09:59:00,,,,,,,,,,,
2025-03-23 10:14:00,,,,,,,,,,,
2025-03-23 10:29:00,,,,,,,,,,,
2025-03-23 10:44:00,,,,,,,,,,,
2025-03-23 10:59:00,,,,,,,,,,,
2025-03-23 11:14:00,,,,,,,,,,,
2025-03-23 11:29:00,,,,,,,,,,,
2025-03-23 11:44:00,,,,,,,,,,,
2025-03-23 11:59:00,,,,,,,,,,,
2025-03-23 12:14:00,,,,,,,,,,,
2025-03-23 12:29:00,,,,,,,,,,,
2025-03-23 12:44:00,,,,,,,,,,,
2025-03-23 12:59:00,,,,,,,,,,,
2025-03-23 13:14:00,,,,,,,,,,,
2025-03-23 13:29:00,,,,,,,,,,,
2025-03-23 13:44:00,,,,,,,,,,,
2025-03-23 13:59:00,,,,,,,,,,,
2025-03-23 14:14:00,,,,,,,,,,,
2025-03-23 14:29:00,,,,,,,,,,,
2025-03-23 14:44:00,,,,,,,,,,,
2025-03-23 14:59:00,,,,,,,,,,,
2025-03-23 15:14:00,,,,,,,,,,,
2025-03-23 15:29:00,,,,,,,,,,,
2025-03-23 15:44:00,,,,,,,,,,,
2025-03-23 15:59:00,,,,,,,,,,,
2025-03-23 16:14:00,,,,,,,,,,,
2025-03-23 16:29:00,,,,,,,,,,,
2025-03-23 16:44:00,,,,,,,,,,,
2025-03-23 16:59:00,,,,,,,,,,,
2025-03-23 17:14:00,,,,,,,,,,,
2025-03-23 17:29:00,,,,,,,,,,,
2025-03-23 17:44:00,,,,,,,,,,,
2025-03-23 17:59:00,,,,,,,,,,,
2025-03-23 18:14:00,,,,,,,,,,,
2025-03-23 18:29:00,,,,,,,,,,,
2025-03-23 18:44:00,,,,,,,,,,,
2025-03-23 18:59:00,,,,,,,,,,,
2025-03-23 19:14:00,,,,,,,,,,,
2025-03-23 19:29:00,,,,,,,,,,,
2025-03-23 19:44:00,,,,,,,,,,,
2025-03-23 19:59:00,,,,,,,,,,,
2025-03-23 20:14:00,,,,,,,,,,,
2025-03-23 20:29:00,,,,,,,,,,,
2025-03-23 20:44:00,,,,,,,,,,,
2025-03-23 20:59:00,,,,,,,,,,,
2025-03-23 21:14:00,,,,,,,,,,,
2025-03-23 21:29:00,,,,,,,,,,,
2025-03-23 21:44:00,,,,,,,,,,,
2025-03-23 21:59:00,,,,,,,,,,,
2025-03-23 22:14:00,,,,,,,,,,,
2025-03-23 22:29:00,,,,,,,,,,,
2025-03-23 22:44:00,,,,,,,,,,,
2025-03-23 22:59:00,,,,,,,,,,,
2025-03-23 23:14:00,,,,,,,,,,,
2025-03-23 23:29:00,,,,,,,,,,,
2025-03-23 23:44:00,,,,,,,,,,,
2025-03-23 23:59:00,,,,,,,,,,,
2025-03-24 00:14:00,,,,,,,,,,,
2025-03-24 00:29:00,,,,,,,,,,,
2025-03-24 00:44:00,,,,,,,,,,,
2025-03-24 00:59:00,,,,,,,,,,,
2025-03-24 01:14:00,,,,,,,,,,,
2025-03-24 01:29:00,,,,,,,,,,,
2025-03-24 01:44:00,,,,,,,,,,,
2025-03-24 01:59:00,,,,,,,,,,,
2025-03-24 02:14:00,,,,,,,,,,,
2025-03-24 02:29:00,,,,,,,,,,,
2025-03-24 02:44:00,,,,,,,,,,,
2025-03-24 02:59:00,,,,,,,,,,,
2025-03-24 03:14:00,,,,,,,,,,,
2025-03-24 03:29:00,,,,,,,,,,,
2025-03-24 03:44:00,,,,,,,,,,,
2025-03-24 03:59:00,,,,,,,,,,,
2025-03-24 04:14:00,,,,,,,,,,,
2025-03-24 04:29:00,,,,,,,,,,,
2025-03-24 04:44:00,,,,,,,,,,,
2025-03-24 04:59:00,,,,,,,,,,,
2025-03-24 05:14:00,,,,,,,,,,,
2025-03-24 05:29:00,,,,,,,,,,,
2025-03-24 05:44:00,,,,,,,,,,,
2025-03-24 05:59:00,,,,,,,,,,,
2025-03-24 06:14:00,,,,,,,,,,,
2025-03-24 06:29:00,,,,,,,,,,,
2025-03-24 06:44:00,,,,,,,,,,,
2025-03-24 06:59:00,,,,,,,,,,,
2025-03-24 07:14:00,,,,,,,,,,,
2025-03-24 07:29:00,,,,,,,,,,,
2025-03-24 07:44:00,,,,,,,,,,,
2025-03-24 07:59:00,,,,,,,,,,,
2025-03-24 08:14:00,,,,,,,,,,,
2025-03-24 08:29:00,,,,,,,,,,,
2025-03-24 08:44:00,,,,,,,,,,,
2025-03-24 08:59:00,,,,,,,,,,,
2025-03-24 09:14:00,,,,,,,,,,,
2025-03-24 09:29:00,,,,,,,,,,,
2025-03-24 09:44:00,,,,,,,,,,,
2025-03-24 09:59:00,,,,,,,,,,,
2025-03-24 10:14:00,,,,,,,,,,,
2025-03-24 10:29:00,,,,,,,,,,,
2025-03-24 10:44:00,,,,,,,,,,,
2025-03-24 10:59:00,,,,,,,,,,,
2025-03-24 11:14:00,,,,,,,,,,,
2025-03-24 11:29:00,,,,,,,,,,,
2025-03-24 11:44:00,,,,,,,,,,,
2025-03-24 11:59:00,,,,,,,,,,,
2025-03-24 12:14:00,,,,,,,,,,,
2025-03-24 12:29:00,,,,,,,,,,,
2025-03-24 12:44:00,,,,,,,,,,,
2025-03-24 12:59:00,,,,,,,,,,,
2025-03-24 13:14:00,,,,,,,,,,,
2025-03-24 13:29:00,,,,,,,,,,,
2025-03-24 13:44:00,,,,,,,,,,,
2025-03-24 13:59:00,,,,,,,,,,,
2025-03-24 14:14:00,,,,,,,,,,,
2025-03-24 14:29:00,,,,,,,,,,,
2025-03-24 14:44:00,,,,,,,,,,,
2025-03-24 14:59:00,,,,,,,,,,,
2025-03-24 15:14:00,,,,,,,,,,,
2025-03-24 15:29:00,,,,,,,,,,,
2025-03-24 15:44:00,,,,,,,,,,,
2025-03-24 15:59:00,,,,,,,,,,,
2025-03-24 16:14:00,,,,,,,,,,,
2025-03-24 16:29:00,,,,,,,,,,,
2025-03-24 16:44:00,,,,,,,,,,,
2025-03-24 16:59:00,,,,,,,,,,,
2025-03-24 17:14:00,,,,,,,,,,,
2025-03-24 17:29:00,,,,,,,,,,,
2025-03-24 17:44:00,,,,,,,,,,,
2025-03-24 17:59:00,,,,,,,,,,,
2025-03-24 18:14:00,,,,,,,,,,,
2025-03-24 18:29:00,,,,,,,,,,,
2025-03-24 18:44:00,,,,,,,,,,,
2025-03-24 18:59:00,,,,,,,,,,,
2025-03-24 19:14:00,,,,,,,,,,,
2025-03-24 19:29:00,,,,,,,,,,,
2025-03-24 19:44:00,,,,,,,,,,,
2025-03-24 19:59:00,,,,,,,,,,,
2025-03-24 20:14:00,,,,,,,,,,,
2025-03-24 20:29:00,,,,,,,,,,,
2025-03-24 20:44:00,,,,,,,,,,,
2025-03-24 20:59:00,,,,,,,,,,,
2025-03-24 21:14:00,,,,,,,,,,,
2025-03-24 21:29:00,,,,,,,,,,,
2025-03-24 21:44:00,,,,,,,,,,,
2025-03-24 21:59:00,,,,,,,,,,,
2025-03-24 22:14:00,,,,,,,,,,,
2025-03-24 22:29:00,,,,,,,,,,,
2025-03-24 22:44:00,,,,,,,,,,,
2025-03-24 22:59:00,,,,,,,,,,,
2025-03-24 23:14:00,,,,,,,,,,,
2025-03-24 23:29:00,,,,,,,,,,,
2025-03-24 23:44:00,,,,,,,,,,,
2025-03-24 23:59:00,,,,,,,,,,,
2025-03-25 00:14:00,,,,,,,,,,,
2025-03-25 00:29:00,,,,,,,,,,,
2025-03-25 00:44:00,,,,,,,,,,,
2025-03-25 00:59:00,,,,,,,,,,,
2025-03-25 01:14:00,,,,,,,,,,,
2025-03-25 01:29:00,,,,,,,,,,,
2025-03-25 01:44:00,,,,,,,,,,,
2025-03-25 01:59:00,,,,,,,,,,,
2025-03-25 02:14:00,,,,,,,,,,,
2025-03-25 02:29:00,,,,,,,,,,,
2025-03-25 02:44:00,,,,,,,,,,,
2025-03-25 02:59:00,,,,,,,,,,,
2025-03-25 03:14:00,,,,,,,,,,,
2025-03-25 03:29:00,,,,,,,,,,,
2025-03-25 03:44:00,,,,,,,,,,,
2025-03-25 03:59:00,,,,,,,,,,,
2025-03-25 04:14:00,,,,,,,,,,,
2025-03-25 04:29:00,,,,,,,,,,,
2025-03-25 04:44:00,,,,,,,,,,,
2025-03-25 04:59:00,,,,,,,,,,,
2025-03-25 05:14:00,,,,,,,,,,,
2025-03-25 05:29:00,,,,,,,,,,,
2025-03-25 05:44:00,,,,,,,,,,,
2025-03-25 05:59:00,,,,,,,,,,,
2025-03-25 06:14:00,,,,,,,,,,,
2025-03-25 06:29:00,,,,,,,,,,,
2025-03-25 06:44:00,,,,,,,,,,,
2025-03-25 06:59:00,,,,,,,,,,,
2025-03-25 07:14:00,,,,,,,,,,,
2025-03-25 07:29:00,,,,,,,,,,,
2025-03-25 07:44:00,,,,,,,,,,,
2025-03-25 07:59:00,,,,,,,,,,,
2025-03-25 08:14:00,,,,,,,,,,,
2025-03-25 08:29:00,,,,,,,,,,,
2025-03-25 08:44:00,,,,,,,,,,,
2025-03-25 08:59:00,,,,,,,,,,,
2025-03-25 09:14:00,,,,,,,,,,,
2025-03-25 09:29:00,,,,,,,,,,,
2025-03-25 09:44:00,,,,,,,,,,,
2025-03-25 09:59:00,,,,,,,,,,,
2025-03-25 10:14:00,,,,,,,,,,,
2025-03-25 10:29:00,,,,,,,,,,,
2025-03-25 10:44:00,,,,,,,,,,,
2025-03-25 10:59:00,,,,,,,,,,,
2025-03-25 11:14:00,,,,,,,,,,,
2025-03-25 11:29:00,,,,,,,,,,,
2025-03-25 11:44:00,,,,,,,,,,,
2025-03-25 11:59:00,,,,,,,,,,,
2025-03-25 12:14:00,,,,,,,,,,,
2025-03-25 12:29:00,,,,,,,,,,,
2025-03-25 12:44:00,,,,,,,,,,,
2025-03-25 12:59:00,,,,,,,,,,,
2025-03-25 13:14:00,,,,,,,,,,,
2025-03-25 13:29:00,,,,,,,,,,,
2025-03-25 13:44:00,,,,,,,,,,,
2025-03-25 13:59:00,,,,,,,,,,,
2025-03-25 14:14:00,,,,,,,,,,,
2025-03-25 14:29:00,,,,,,,,,,,
2025-03-25 14:44:00,,,,,,,,,,,
2025-03-25 14:59:00,,,,,,,,,,,
2025-03-25 15:14:00,,,,,,,,,,,
2025-03-25 15:29:00,,,,,,,,,,,
2025-03-25 15:44:00,,,,,,,,,,,
2025-03-25 15:59:00,,,,,,,,,,,
2025-03-25 16:14:00,,,,,,,,,,,
2025-03-25 16:29:00,,,,,,,,,,,
2025-03-25 16:44:00,,,,,,,,,,,
2025-03-25 16:59:00,,,,,,,,,,,
2025-03-25 17:14:00,,,,,,,,,,,
2025-03-25 17:29:00,,,,,,,,,,,
2025-03-25 17:44:00,,,,,,,,,,,
2025-03-25 17:59:00,,,,,,,,,,,
2025-03-25 18:14:00,,,,,,,,,,,
2025-03-25 18:29:00,,,,,,,,,,,
2025-03-25 18:44:00,,,,,,,,,,,
2025-03-25 18:59:00,,,,,,,,,,,
2025-03-25 19:14:00,,,,,,,,,,,
2025-03-25 19:29:00,,,,,,,,,,,
2025-03-25 19:44:00,,,,,,,,,,,
2025-03-25 19:59:00,,,,,,,,,,,
2025-03-25 20:14:00,,,,,,,,,,,
2025-03-25 20:29:00,,,,,,,,,,,
2025-03-25 20:44:00,,,,,,,,,,,
2025-03-25 20:59:00,,,,,,,,,,,
2025-03-25 21:14:00,,,,,,,,,,,
2025-03-25 21:29:00,,,,,,,,,,,
2025-03-25 21:44:00,,,,,,,,,,,
2025-03-25 21:59:00,,,,,,,,,,,
2025-03-25 22:14:00,,,,,,,,,,,
2025-03-25 22:29:00,,,,,,,,,,,
2025-03-25 22:44:00,,,,,,,,,,,
2025-03-25 22:59:00,,,,,,,,,,,
2025-03-25 23:14:00,,,,,,,,,,,
2025-03-25 23:29:00,,,,,,,,,,,
2025-03-25 23:44:00,,,,,,,,,,,
2025-03-25 23:59:00,,,,,,,,,,,
2025-03-26 00:14:00,,,,,,,,,,,
2025-03-26 00:29:00,,,,,,,,,,,
2025-03-26 00:44:00,,,,,,,,,,,
2025-03-26 00:59:00,,,,,,,,,,,
2025-03-26 01:14:00,,,,,,,,,,,
2025-03-26 01:29:00,,,,,,,,,,,
2025-03-26 01:44:00,,,,,,,,,,,
2025-03-26 01:59:00,,,,,,,,,,,
2025-03-26 02:14:00,,,,,,,,,,,
2025-03-26 02:29:00,,,,,,,,,,,
2025-03-26 02:44:00,,,,,,,,,,,
2025-03-26 02:59:00,,,,,,,,,,,
2025-03-26 03:14:00,,,,,,,,,,,
2025-03-26 03:29:00,,,,,,,,,,,
2025-03-26 03:44:00,,,,,,,,,,,
2025-03-26 03:59:00,,,,,,,,,,,
2025-03-26 04:14:00,,,,,,,,,,,
2025-03-26 04:29:00,,,,,,,,,,,
2025-03-26 04:44:00,,,,,,,,,,,
2025-03-26 04:59:00,,,,,,,,,,,
2025-03-26 05:14:00,,,,,,,,,,,
2025-03-26 05:29:00,,,,,,,,,,,
2025-03-26 05:44:00,,,,,,,,,,,
2025-03-26 05:59:00,,,,,,,,,,,
2025-03-26 06:14:00,,,,,,,,,,,
2025-03-26 06:29:00,,,,,,,,,,,
2025-03-26 06:44:00,,,,,,,,,,,
2025-03-26 06:59:00,,,,,,,,,,,
2025-03-26 07:14:00,,,,,,,,,,,
2025-03-26 07:29:00,,,,,,,,,,,
2025-03-26 07:44:00,,,,,,,,,,,
2025-03-26 07:59:00,,,,,,,,,,,
2025-03-26 08:14:00,,,,,,,,,,,
2025-03-26 08:29:00,,,,,,,,,,,
2025-03-26 08:44:00,,,,,,,,,,,
2025-03-26 08:59:00,,,,,,,,,,,
2025-03-26 09:14:00,,,,,,,,,,,
2025-03-26 09:29:00,,,,,,,,,,,
2025-03-26 09:44:00,,,,,,,,,,,
2025-03-26 09:59:00,,,,,,,,,,,
2025-03-26 10:14:00,,,,,,,,,,,
2025-03-26 10:29:00,,,,,,,,,,,
2025-03-26 10:44:00,,,,,,,,,,,
2025-03-26 10:59:00,,,,,,,,,,,
2025-03-26 11:14:00,,,,,,,,,,,
2025-03-26 11:29:00,,,,,,,,,,,
2025-03-26 11:44:00,,,,,,,,,,,
2025-03-26 11:59:00,,,,,,,,,,,
2025-03-26 12:14:00,,,,,,,,,,,
2025-03-26 12:29:00,,,,,,,,,,,
2025-03-26 12:44:00,,,,,,,,,,,
2025-03-26 12:59:00,,,,,,,,,,,
2025-03-26 13:14:00,,,,,,,,,,,
2025-03-26 13:29:00,,,,,,,,,,,
2025-03-26 13:44:00,,,,,,,,,,,
2025-03-26 13:59:00,,,,,,,,,,,
2025-03-26 14:14:00,,,,,,,,,,,
2025-03-26 14:29:00,,,,,,,,,,,
2025-03-26 14:44:00,,,,,,,,,,,
2025-03-26 14:59:00,,,,,,,,,,,
2025-03-26 15:14:00,,,,,,,,,,,
2025-03-26 15:29:00,,,,,,,,,,,
2025-03-26 15:44:00,,,,,,,,,,,
2025-03-26 15:59:00,,,,,,,,,,,
2025-03-26 16:14:00,,,,,,,,,,,
2025-03-26 16:29:00,,,,,,,,,,,
2025-03-26 16:44:00,,,,,,,,,,,
2025-03-26 16:59:00,,,,,,,,,,,
2025-03-26 17:14:00,,,,,,,,,,,
2025-03-26 17:29:00,,,,,,,,,,,
2025-03-26 17:44:00,,,,,,,,,,,
2025-03-26 17:59:00,,,,,,,,,,,
2025-03-26 18:14:00,,,,,,,,,,,
2025-03-26 18:29:00,,,,,,,,,,,
2025-03-26 18:44:00,,,,,,,,,,,
2025-03-26 18:59:00,,,,,,,,,,,
2025-03-26 19:14:00,,,,,,,,,,,
2025-03-26 19:29:00,,,,,,,,,,,
2025-03-26 19:44:00,,,,,,,,,,,
2025-03-26 19:59:00,,,,,,,,,,,
2025-03-26 20:14:00,,,,,,,,,,,
2025-03-26 20:29:00,,,,,,,,,,,
2025-03-26 20:44:00,,,,,,,,,,,
2025-03-26 20:59:00,,,,,,,,,,,
2025-03-26 21:14:00,,,,,,,,,,,
2025-03-26 21:29:00,,,,,,,,,,,
2025-03-26 21:44:00,,,,,,,,,,,
2025-03-26 21:59:00,,,,,,,,,,,
2025-03-26 22:14:00,,,,,,,,,,,
2025-03-26 22:29:00,,,,,,,,,,,
2025-03-26 22:44:00,,,,,,,,,,,
2025-03-26 22:59:00,,,,,,,,,,,
2025-03-26 23:14:00,,,,,,,,,,,
2025-03-26 23:29:00,,,,,,,,,,,
2025-03-26 23:44:00,,,,,,,,,,,
2025-03-26 23:59:00,,,,,,,,,,,
2025-03-27 00:14:00,,,,,,,,,,,
2025-03-27 00:29:00,,,,,,,,,,,
2025-03-27 00:44:00,,,,,,,,,,,
2025-03-27 00:59:00,,,,,,,,,,,
2025-03-27 01:14:00,,,,,,,,,,,
2025-03-27 01:29:00,,,,,,,,,,,
2025-03-27 01:44:00,,,,,,,,,,,
2025-03-27 01:59:00,,,,,,,,,,,
2025-03-27 02:14:00,,,,,,,,,,,
2025-03-27 02:29:00,,,,,,,,,,,
2025-03-27 02:44:00,,,,,,,,,,,
2025-03-27 02:59:00,,,,,,,,,,,
2025-03-27 03:14:00,,,,,,,,,,,
2025-03-27 03:29:00,,,,,,,,,,,
2025-03-27 03:44:00,,,,,,,,,,,
2025-03-27 03:59:00,,,,,,,,,,,
2025-03-27 04:14:00,,,,,,,,,,,
2025-03-27 04:29:00,,,,,,,,,,,
2025-03-27 04:44:00,,,,,,,,,,,
2025-03-27 04:59:00,,,,,,,,,,,
2025-03-27 05:14:00,,,,,,,,,,,
2025-03-27 05:29:00,,,,,,,,,,,
2025-03-27 05:44:00,,,,,,,,,,,
2025-03-27 05:59:00,,,,,,,,,,,
2025-03-27 06:14:00,,,,,,,,,,,
2025-03-27 06:29:00,,,,,,,,,,,
2025-03-27 06:44:00,,,,,,,,,,,
2025-03-27 06:59:00,,,,,,,,,,,
2025-03-27 07:14:00,,,,,,,,,,,
2025-03-27 07:29:00,,,,,,,,,,,
2025-03-27 07:44:00,,,,,,,,,,,
2025-03-27 07:59:00,,,,,,,,,,,
2025-03-27 08:14:00,,,,,,,,,,,
2025-03-27 08:29:00,,,,,,,,,,,
2025-03-27 08:44:00,,,,,,,,,,,
2025-03-27 08:59:00,,,,,,,,,,,
2025-03-27 09:14:00,,,,,,,,,,,
2025-03-27 09:29:00,,,,,,,,,,,
2025-03-27 09:44:00,,,,,,,,,,,
2025-03-27 09:59:00,,,,,,,,,,,
2025-03-27 10:14:00,,,,,,,,,,,
2025-03-27 10:29:00,,,,,,,,,,,
2025-03-27 10:44:00,,,,,,,,,,,
2025-03-27 10:59:00,,,,,,,,,,,
2025-03-27 11:14:00,,,,,,,,,,,
2025-03-27 11:29:00,,,,,,,,,,,
2025-03-27 11:44:00,,,,,,,,,,,
2025-03-27 11:59:00,,,,,,,,,,,
2025-03-27 12:14:00,,,,,,,,,,,
2025-03-27 12:29:00,,,,,,,,,,,
2025-03-27 12:44:00,,,,,,,,,,,
2025-03-27 12:59:00,,,,,,,,,,,
2025-03-27 13:14:00,,,,,,,,,,,
2025-03-27 13:29:00,,,,,,,,,,,
2025-03-27 13:44:00,,,,,,,,,,,
2025-03-27 13:59:00,,,,,,,,,,,
2025-03-27 14:14:00,,,,,,,,,,,
2025-03-27 14:29:00,,,,,,,,,,,
2025-03-27 14:44:00,,,,,,,,,,,
2025-03-27 14:59:00,,,,,,,,,,,
2025-03-27 15:14:00,,,,,,,,,,,
2025-03-27 15:29:00,,,,,,,,,,,
2025-03-27 15:44:00,,,,,,,,,,,
2025-03-27 15:59:00,,,,,,,,,,,
2025-03-27 16:14:00,,,,,,,,,,,
2025-03-27 16:29:00,,,,,,,,,,,
2025-03-27 16:44:00,,,,,,,,,,,
2025-03-27 16:59:00,,,,,,,,,,,
2025-03-27 17:14:00,,,,,,,,,,,
2025-03-27 17:29:00,,,,,,,,,,,
2025-03-27 17:44:00,,,,,,,,,,,
2025-03-27 17:59:00,,,,,,,,,,,
2025-03-27 18:14:00,,,,,,,,,,,
2025-03-27 18:29:00,,,,,,,,,,,
2025-03-27 18:44:00,,,,,,,,,,,
2025-03-27 18:59:00,,,,,,,,,,,
2025-03-27 19:14:00,,,,,,,,,,,
2025-03-27 19:29:00,,,,,,,,,,,
2025-03-27 19:44:00,,,,,,,,,,,
2025-03-27 19:59:00,,,,,,,,,,,
2025-03-27 20:14:00,,,,,,,,,,,
2025-03-27 20:29:00,,,,,,,,,,,
2025-03-27 20:44:00,,,,,,,,,,,
2025-03-27 20:59:00,,,,,,,,,,,
2025-03-27 21:14:00,,,,,,,,,,,
2025-03-27 21:29:00,,,,,,,,,,,
2025-03-27 21:44:00,,,,,,,,,,,
2025-03-27 21:59:00,,,,,,,,,,,
2025-03-27 22:14:00,,,,,,,,,,,
2025-03-27 22:29:00,,,,,,,,,,,
2025-03-27 22:44:00,,,,,,,,,,,
2025-03-27 22:59:00,,,,,,,,,,,
2025-03-27 23:14:00,,,,,,,,,,,
2025-03-27 23:29:00,,,,,,,,,,,
2025-03-27 23:44:00,,,,,,,,,,,
2025-03-27 23:59:00,,,,,,,,,,,
2025-03-28 00:14:00,,,,,,,,,,,
2025-03-28 00:29:00,,,,,,,,,,,
2025-03-28 00:44:00,,,,,,,,,,,
2025-03-28 00:59:00,,,,,,,,,,,
2025-03-28 01:14:00,,,,,,,,,,,
2025-03-28 01:29:00,,,,,,,,,,,
2025-03-28 01:44:00,,,,,,,,,,,
2025-03-28 01:59:00,,,,,,,,,,,
2025-03-28 02:14:00,,,,,,,,,,,
2025-03-28 02:29:00,,,,,,,,,,,
2025-03-28 02:44:00,,,,,,,,,,,
2025-03-28 02:59:00,,,,,,,,,,,
2025-03-28 03:14:00,,,,,,,,,,,
2025-03-28 03:29:00,,,,,,,,,,,
2025-03-28 03:44:00,,,,,,,,,,,
2025-03-28 03:59:00,,,,,,,,,,,
2025-03-28 04:14:00,,,,,,,,,,,
2025-03-28 04:29:00,,,,,,,,,,,
2025-03-28 04:44:00,,,,,,,,,,,
2025-03-28 04:59:00,,,,,,,,,,,
2025-03-28 05:14:00,,,,,,,,,,,
2025-03-28 05:29:00,,,,,,,,,,,
2025-03-28 05:44:00,,,,,,,,,,,
2025-03-28 05:59:00,,,,,,,,,,,
2025-03-28 06:14:00,,,,,,,,,,,
2025-03-28 06:29:00,,,,,,,,,,,
2025-03-28 06:44:00,,,,,,,,,,,
2025-03-28 06:59:00,,,,,,,,,,,
2025-03-28 07:14:00,,,,,,,,,,,
2025-03-28 07:29:00,,,,,,,,,,,
2025-03-28 07:44:00,,,,,,,,,,,
2025-03-28 07:59:00,,,,,,,,,,,
2025-03-28 08:14:00,,,,,,,,,,,
2025-03-28 08:29:00,,,,,,,,,,,
2025-03-28 08:44:00,,,,,,,,,,,
2025-03-28 08:59:00,,,,,,,,,,,
2025-03-28 09:14:00,,,,,,,,,,,
2025-03-28 09:29:00,,,,,,,,,,,
2025-03-28 09:44:00,,,,,,,,,,,
2025-03-28 09:59:00,,,,,,,,,,,
2025-03-28 10:14:00,,,,,,,,,,,
2025-03-28 10:29:00,,,,,,,,,,,
2025-03-28 10:44:00,,,,,,,,,,,
2025-03-28 10:59:00,,,,,,,,,,,
2025-03-28 11:14:00,,,,,,,,,,,
2025-03-28 11:29:00,,,,,,,,,,,
2025-03-28 11:44:00,,,,,,,,,,,
2025-03-28 11:59:00,,,,,,,,,,,
2025-03-28 12:14:00,,,,,,,,,,,
2025-03-28 12:29:00,,,,,,,,,,,
2025-03-28 12:44:00,,,,,,,,,,,
2025-03-28 12:59:00,,,,,,,,,,,
2025-03-28 13:14:00,,,,,,,,,,,
2025-03-28 13:29:00,,,,,,,,,,,
2025-03-28 13:44:00,,,,,,,,,,,
2025-03-28 13:59:00,,,,,,,,,,,
2025-03-28 14:14:00,,,,,,,,,,,
2025-03-28 14:29:00,,,,,,,,,,,
2025-03-28 14:44:00,,,,,,,,,,,
2025-03-28 14:59:00,,,,,,,,,,,
2025-03-28 15:14:00,,,,,,,,,,,
2025-03-28 15:29:00,,,,,,,,,,,
2025-03-28 15:44:00,,,,,,,,,,,
2025-03-28 15:59:00,,,,,,,,,,,
2025-03-28 16:14:00,,,,,,,,,,,
2025-03-28 16:29:00,,,,,,,,,,,
2025-03-28 16:44:00,,,,,,,,,,,
2025-03-28 16:59:00,,,,,,,,,,,
2025-03-28 17:14:00,,,,,,,,,,,
2025-03-28 17:29:00,,,,,,,,,,,
2025-03-28 17:44:00,,,,,,,,,,,
2025-03-28 17:59:00,,,,,,,,,,,
2025-03-28 18:14:00,,,,,,,,,,,
2025-03-28 18:29:00,,,,,,,,,,,
2025-03-28 18:44:00,,,,,,,,,,,
2025-03-28 18:59:00,,,,,,,,,,,
2025-03-28 19:14:00,,,,,,,,,,,
2025-03-28 19:29:00,,,,,,,,,,,
2025-03-28 19:44:00,,,,,,,,,,,
2025-03-28 19:59:00,,,,,,,,,,,
2025-03-28 20:14:00,,,,,,,,,,,
2025-03-28 20:29:00,,,,,,,,,,,
2025-03-28 20:44:00,,,,,,,,,,,
2025-03-28 20:59:00,,,,,,,,,,,
2025-03-28 21:14:00,,,,,,,,,,,
2025-03-28 21:29:00,,,,,,,,,,,
2025-03-28 21:44:00,,,,,,,,,,,
2025-03-28 21:59:00,,,,,,,,,,,
2025-03-28 22:14:00,,,,,,,,,,,
2025-03-28 22:29:00,,,,,,,,,,,
2025-03-28 22:44:00,,,,,,,,,,,
2025-03-28 22:59:00,,,,,,,,,,,
2025-03-28 23:14:00,,,,,,,,,,,
2025-03-28 23:29:00,,,,,,,,,,,
2025-03-28 23:44:00,,,,,,,,,,,
2025-03-28 23:59:00,,,,,,,,,,,
2025-03-29 00:14:00,,,,,,,,,,,
2025-03-29 00:29:00,,,,,,,,,,,
2025-03-29 00:44:00,,,,,,,,,,,
2025-03-29 00:59:00,,,,,,,,,,,
2025-03-29 01:14:00,,,,,,,,,,,
2025-03-29 01:29:00,,,,,,,,,,,
2025-03-29 01:44:00,,,,,,,,,,,
2025-03-29 01:59:00,,,,,,,,,,,
2025-03-29 02:14:00,,,,,,,,,,,
2025-03-29 02:29:00,,,,,,,,,,,
2025-03-29 02:44:00,,,,,,,,,,,
2025-03-29 02:59:00,,,,,,,,,,,
2025-03-29 03:14:00,,,,,,,,,,,
2025-03-29 03:29:00,,,,,,,,,,,
2025-03-29 03:44:00,,,,,,,,,,,
2025-03-29 03:59:00,,,,,,,,,,,
2025-03-29 04:14:00,,,,,,,,,,,
2025-03-29 04:29:00,,,,,,,,,,,
2025-03-29 04:44:00,,,,,,,,,,,
2025-03-29 04:59:00,,,,,,,,,,,
2025-03-29 05:14:00,,,,,,,,,,,
2025-03-29 05:29:00,,,,,,,,,,,
2025-03-29 05:44:00,,,,,,,,,,,
2025-03-29 05:59:00,,,,,,,,,,,
2025-03-29 06:14:00,,,,,,,,,,,
2025-03-29 06:29:00,,,,,,,,,,,
2025-03-29 06:44:00,,,,,,,,,,,
2025-03-29 06:59:00,,,,,,,,,,,
2025-03-29 07:14:00,,,,,,,,,,,
2025-03-29 07:29:00,,,,,,,,,,,
2025-03-29 07:44:00,,,,,,,,,,,
2025-03-29 07:59:00,,,,,,,,,,,
2025-03-29 08:14:00,,,,,,,,,,,
2025-03-29 08:29:00,,,,,,,,,,,
2025-03-29 08:44:00,,,,,,,,,,,
2025-03-29 08:59:00,,,,,,,,,,,
2025-03-29 09:14:00,,,,,,,,,,,
2025-03-29 09:29:00,,,,,,,,,,,
2025-03-29 09:44:00,,,,,,,,,,,
2025-03-29 09:59:00,,,,,,,,,,,
2025-03-29 10:14:00,,,,,,,,,,,
2025-03-29 10:29:00,,,,,,,,,,,
2025-03-29 10:44:00,,,,,,,,,,,
2025-03-29 10:59:00,,,,,,,,,,,
2025-03-29 11:14:00,,,,,,,,,,,
2025-03-29 11:29:00,,,,,,,,,,,
2025-03-29 11:44:00,,,,,,,,,,,
2025-03-29 11:59:00,,,,,,,,,,,
2025-03-29 12:14:00,,,,,,,,,,,
2025-03-29 12:29:00,,,,,,,,,,,
2025-03-29 12:44:00,,,,,,,,,,,
2025-03-29 12:59:00,,,,,,,,,,,
2025-03-29 13:14:00,,,,,,,,,,,
2025-03-29 13:29:00,,,,,,,,,,,
2025-03-29 13:44:00,,,,,,,,,,,
2025-03-29 13:59:00,,,,,,,,,,,
2025-03-29 14:14:00,,,,,,,,,,,
2025-03-29 14:29:00,,,,,,,,,,,
2025-03-29 14:44:00,,,,,,,,,,,
2025-03-29 14:59:00,,,,,,,,,,,
2025-03-29 15:14:00,,,,,,,,,,,
2025-03-29 15:29:00,,,,,,,,,,,
2025-03-29 15:44:00,,,,,,,,,,,
2025-03-29 15:59:00,,,,,,,,,,,
2025-03-29 16:14:00,,,,,,,,,,,
2025-03-29 16:29:00,,,,,,,,,,,
2025-03-29 16:44:00,,,,,,,,,,,
2025-03-29 16:59:00,,,,,,,,,,,
2025-03-29 17:14:00,,,,,,,,,,,
2025-03-29 17:29:00,,,,,,,,,,,
2025-03-29 17:44:00,,,,,,,,,,,
2025-03-29 17:59:00,,,,,,,,,,,
2025-03-29 18:14:00,,,,,,,,,,,
2025-03-29 18:29:00,,,,,,,,,,,
2025-03-29 18:44:00,,,,,,,,,,,
2025-03-29 18:59:00,,,,,,,,,,,
2025-03-29 19:14:00,,,,,,,,,,,
2025-03-29 19:29:00,,,,,,,,,,,
2025-03-29 19:44:00,,,,,,,,,,,
2025-03-29 19:59:00,,,,,,,,,,,
2025-03-29 20:14:00,,,,,,,,,,,
2025-03-29 20:29:00,,,,,,,,,,,
2025-03-29 20:44:00,,,,,,,,,,,
2025-03-29 20:59:00,,,,,,,,,,,
2025-03-29 21:14:00,,,,,,,,,,,
2025-03-29 21:29:00,,,,,,,,,,,
2025-03-29 21:44:00,,,,,,,,,,,
2025-03-29 21:59:00,,,,,,,,,,,
2025-03-29 22:14:00,,,,,,,,,,,
2025-03-29 22:29:00,,,,,,,,,,,
2025-03-29 22:44:00,,,,,,,,,,,
2025-03-29 22:59:00,,,,,,,,,,,
2025-03-29 23:14:00,,,,,,,,,,,
2025-03-29 23:29:00,,,,,,,,,,,
2025-03-29 23:44:00,,,,,,,,,,,
2025-03-29 23:59:00,,,,,,,,,,,
2025-03-30 00:14:00,,,,,,,,,,,
2025-03-30 00:29:00,,,,,,,,,,,
2025-03-30 00:44:00,,,,,,,,,,,
2025-03-30 00:59:00,,,,,,,,,,,
2025-03-30 01:14:00,,,,,,,,,,,
2025-03-30 01:29:00,,,,,,,,,,,
2025-03-30 01:44:00,,,,,,,,,,,
2025-03-30 01:59:00,,,,,,,,,,,
2025-03-30 02:14:00,,,,,,,,,,,
2025-03-30 02:29:00,,,,,,,,,,,
2025-03-30 02:44:00,,,,,,,,,,,
2025-03-30 02:59:00,,,,,,,,,,,
2025-03-30 03:14:00,,,,,,,,,,,
2025-03-30 03:29:00,,,,,,,,,,,
2025-03-30 03:44:00,,,,,,,,,,,
2025-03-30 03:59:00,,,,,,,,,,,
2025-03-30 04:14:00,,,,,,,,,,,
2025-03-30 04:29:00,,,,,,,,,,,
2025-03-30 04:44:00,,,,,,,,,,,
2025-03-30 04:59:00,,,,,,,,,,,
2025-03-30 05:14:00,,,,,,,,,,,
2025-03-30 05:29:00,,,,,,,,,,,
2025-03-30 05:44:00,,,,,,,,,,,
2025-03-30 05:59:00,,,,,,,,,,,
2025-03-30 06:14:00,,,,,,,,,,,
2025-03-30 06:29:00,,,,,,,,,,,
2025-03-30 06:44:00,,,,,,,,,,,
2025-03-30 06:59:00,,,,,,,,,,,
2025-03-30 07:14:00,,,,,,,,,,,
2025-03-30 07:29:00,,,,,,,,,,,
2025-03-30 07:44:00,,,,,,,,,,,
2025-03-30 07:59:00,,,,,,,,,,,
2025-03-30 08:14:00,,,,,,,,,,,
2025-03-30 08:29:00,,,,,,,,,,,
2025-03-30 08:44:00,,,,,,,,,,,
2025-03-30 08:59:00,,,,,,,,,,,
2025-03-30 09:14:00,,,,,,,,,,,
2025-03-30 09:29:00,,,,,,,,,,,
2025-03-30 09:44:00,,,,,,,,,,,
2025-03-30 09:59:00,,,,,,,,,,,
2025-03-30 10:14:00,,,,,,,,,,,
2025-03-30 10:29:00,,,,,,,,,,,
2025-03-30 10:44:00,,,,,,,,,,,
2025-03-30 10:59:00,,,,,,,,,,,
2025-03-30 11:14:00,,,,,,,,,,,
2025-03-30 11:29:00,,,,,,,,,,,
2025-03-30 11:44:00,,,,,,,,,,,
2025-03-30 11:59:00,,,,,,,,,,,
2025-03-30 12:14:00,,,,,,,,,,,
2025-03-30 12:29:00,,,,,,,,,,,
2025-03-30 12:44:00,,,,,,,,,,,
2025-03-30 12:59:00,,,,,,,,,,,
2025-03-30 13:14:00,,,,,,,,,,,
2025-03-30 13:29:00,,,,,,,,,,,
2025-03-30 13:44:00,,,,,,,,,,,
2025-03-30 13:59:00,,,,,,,,,,,
2025-03-30 14:14:00,,,,,,,,,,,
2025-03-30 14:29:00,,,,,,,,,,,
2025-03-30 14:44:00,,,,,,,,,,,
2025-03-30 14:59:00,,,,,,,,,,,
2025-03-30 15:14:00,,,,,,,,,,,
2025-03-30 15:29:00,,,,,,,,,,,
2025-03-30 15:44:00,,,,,,,,,,,
2025-03-30 15:59:00,,,,,,,,,,,
2025-03-30 16:14:00,,,,,,,,,,,
2025-03-30 16:29:00,,,,,,,,,,,
2025-03-30 16:44:00,,,,,,,,,,,
2025-03-30 16:59:00,,,,,,,,,,,
2025-03-30 17:14:00,,,,,,,,,,,
2025-03-30 17:29:00,,,,,,,,,,,
2025-03-30 17:44:00,,,,,,,,,,,
2025-03-30 17:59:00,,,,,,,,,,,
2025-03-30 18:14:00,,,,,,,,,,,
2025-03-30 18:29:00,,,,,,,,,,,
2025-03-30 18:44:00,,,,,,,,,,,
2025-03-30 18:59:00,,,,,,,,,,,
2025-03-30 19:14:00,,,,,,,,,,,
2025-03-30 19:29:00,,,,,,,,,,,
2025-03-30 19:44:00,,,,,,,,,,,
2025-03-30 19:59:00,,,,,,,,,,,
2025-03-30 20:14:00,,,,,,,,,,,
2025-03-30 20:29:00,,,,,,,,,,,
2025-03-30 20:44:00,,,,,,,,,,,
2025-03-30 20:59:00,,,,,,,,,,,
2025-03-30 21:14:00,,,,,,,,,,,
2025-03-30 21:29:00,,,,,,,,,,,
2025-03-30 21:44:00,,,,,,,,,,,
2025-03-30 21:59:00,,,,,,,,,,,
2025-03-30 22:14:00,,,,,,,,,,,
2025-03-30 22:29:00,,,,,,,,,,,
2025-03-30 22:44:00,,,,,,,,,,,
2025-03-30 22:59:00,,,,,,,,,,,
2025-03-30 23:14:00,,,,,,,,,,,
2025-03-30 23:29:00,,,,,,,,,,,
2025-03-30 23:44:00,,,,,,,,,,,
2025-03-30 23:59:00,,,,,,,,,,,
2025-03-31 00:14:00,,,,,,,,,,,
2025-03-31 00:29:00,,,,,,,,,,,
2025-03-31 00:44:00,,,,,,,,,,,
2025-03-31 00:59:00,,,,,,,,,,,
2025-03-31 01:14:00,,,,,,,,,,,
2025-03-31 01:29:00,,,,,,,,,,,
2025-03-31 01:44:00,,,,,,,,,,,
2025-03-31 01:59:00,,,,,,,,,,,
2025-03-31 02:14:00,,,,,,,,,,,
2025-03-31 02:29:00,,,,,,,,,,,
2025-03-31 02:44:00,,,,,,,,,,,
2025-03-31 02:59:00,,,,,,,,,,,
2025-03-31 03:14:00,,,,,,,,,,,
2025-03-31 03:29:00,,,,,,,,,,,
2025-03-31 03:44:00,,,,,,,,,,,
2025-03-31 03:59:00,,,,,,,,,,,
2025-03-31 04:14:00,,,,,,,,,,,
2025-03-31 04:29:00,,,,,,,,,,,
2025-03-31 04:44:00,,,,,,,,,,,
2025-03-31 04:59:00,,,,,,,,,,,
2025-03-31 05:14:00,,,,,,,,,,,
2025-03-31 05:29:00,,,,,,,,,,,
2025-03-31 05:44:00,,,,,,,,,,,
2025-03-31 05:59:00,,,,,,,,,,,
2025-03-31 06:14:00,,,,,,,,,,,
2025-03-31 06:29:00,,,,,,,,,,,
2025-03-31 06:44:00,,,,,,,,,,,
2025-03-31 06:59:00,,,,,,,,,,,
2025-03-31 07:14:00,,,,,,,,,,,
2025-03-31 07:29:00,,,,,,,,,,,
2025-03-31 07:44:00,,,,,,,,,,,
2025-03-31 07:59:00,,,,,,,,,,,
2025-03-31 08:14:00,,,,,,,,,,,
2025-03-31 08:29:00,,,,,,,,,,,
2025-03-31 08:44:00,,,,,,,,,,,
2025-03-31 08:59:00,,,,,,,,,,,
2025-03-31 09:14:00,,,,,,,,,,,
2025-03-31 09:29:00,,,,,,,,,,,
2025-03-31 09:44:00,,,,,,,,,,,
2025-03-31 09:59:00,,,,,,,,,,,
2025-03-31 10:14:00,,,,,,,,,,,
2025-03-31 10:29:00,,,,,,,,,,,
2025-03-31 10:44:00,,,,,,,,,,,
2025-03-31 10:59:00,,,,,,,,,,,
2025-03-31 11:14:00,,,,,,,,,,,
2025-03-31 11:29:00,,,,,,,,,,,
2025-03-31 11:44:00,,,,,,,,,,,
2025-03-31 11:59:00,,,,,,,,,,,
2025-03-31 12:14:00,,,,,,,,,,,
2025-03-31 12:29:00,,,,,,,,,,,
2025-03-31 12:44:00,,,,,,,,,,,
2025-03-31 12:59:00,,,,,,,,,,,
2025-03-31 13:14:00,,,,,,,,,,,
2025-03-31 13:29:00,,,,,,,,,,,
2025-03-31 13:44:00,,,,,,,,,,,
2025-03-31 13:59:00,,,,,,,,,,,
2025-03-31 14:14:00,,,,,,,,,,,
2025-03-31 14:29:00,,,,,,,,,,,
2025-03-31 14:44:00,,,,,,,,,,,
2025-03-31 14:59:00,,,,,,,,,,,
2025-03-31 15:14:00,,,,,,,,,,,
2025-03-31 15:29:00,,,,,,,,,,,
2025-03-31 15:44:00,,,,,,,,,,,
2025-03-31 15:59:00,,,,,,,,,,,
2025-03-31 16:14:00,,,,,,,,,,,
2025-03-31 16:29:00,,,,,,,,,,,
2025-03-31 16:44:00,,,,,,,,,,,
2025-03-31 16:59:00,,,,,,,,,,,
2025-03-31 17:14:00,,,,,,,,,,,
2025-03-31 17:29:00,,,,,,,,,,,
2025-03-31 17:44:00,,,,,,,,,,,
2025-03-31 17:59:00,,,,,,,,,,,
2025-03-31 18:14:00,,,,,,,,,,,
2025-03-31 18:29:00,,,,,,,,,,,
2025-03-31 18:44:00,,,,,,,,,,,
2025-03-31 18:59:00,,,,,,,,,,,
2025-03-31 19:14:00,,,,,,,,,,,
2025-03-31 19:29:00,,,,,,,,,,,
2025-03-31 19:44:00,,,,,,,,,,,
2025-03-31 19:59:00,,,,,,,,,,,
2025-03-31 20:14:00,,,,,,,,,,,
2025-03-31 20:29:00,,,,,,,,,,,
2025-03-31 20:44:00,,,,,,,,,,,
2025-03-31 20:59:00,,,,,,,,,,,
2025-03-31 21:14:00,,,,,,,,,,,
2025-03-31 21:29:00,,,,,,,,,,,
2025-03-31 21:44:00,,,,,,,,,,,
2025-03-31 21:59:00,,,,,,,,,,,
2025-03-31 22:14:00,,,,,,,,,,,
2025-03-31 22:29:00,,,,,,,,,,,
2025-03-31 22:44:00,,,,,,,,,,,
2025-03-31 22:59:00,,,,,,,,,,,
2025-03-31 23:14:00,,,,,,,,,,,
2025-03-31 23:29:00,,,,,,,,,,,
2025-03-31 23:44:00,,,,,,,,,,,
2025-03-31 23:59:00,,,,,,,,,,,
2025-04-01 00:14:00,,,,,,,,,,,
2025-04-01 00:29:00,,,,,,,,,,,
2025-04-01 00:44:00,,,,,,,,,,,
2025-04-01 00:59:00,,,,,,,,,,,
2025-04-01 01:14:00,,,,,,,,,,,
2025-04-01 01:29:00,,,,,,,,,,,
2025-04-01 01:44:00,,,,,,,,,,,
2025-04-01 01:59:00,,,,,,,,,,,
2025-04-01 02:14:00,,,,,,,,,,,
2025-04-01 02:29:00,,,,,,,,,,,
2025-04-01 02:44:00,,,,,,,,,,,
2025-04-01 02:59:00,,,,,,,,,,,
2025-04-01 03:14:00,,,,,,,,,,,
2025-04-01 03:29:00,,,,,,,,,,,
2025-04-01 03:44:00,,,,,,,,,,,
2025-04-01 03:59:00,,,,,,,,,,,
2025-04-01 04:14:00,,,,,,,,,,,
2025-04-01 04:29:00,,,,,,,,,,,
2025-04-01 04:44:00,,,,,,,,,,,
2025-04-01 04:59:00,,,,,,,,,,,
2025-04-01 05:14:00,,,,,,,,,,,
2025-04-01 05:29:00,,,,,,,,,,,
2025-04-01 05:44:00,,,,,,,,,,,
2025-04-01 05:59:00,,,,,,,,,,,
2025-04-01 06:14:00,,,,,,,,,,,
2025-04-01 06:29:00,,,,,,,,,,,
2025-04-01 06:44:00,,,,,,,,,,,
2025-04-01 06:59:00,,,,,,,,,,,
2025-04-01 07:14:00,,,,,,,,,,,
2025-04-01 07:29:00,,,,,,,,,,,
2025-04-01 07:44:00,,,,,,,,,,,
2025-04-01 07:59:00,,,,,,,,,,,
2025-04-01 08:14:00,,,,,,,,,,,
2025-04-01 08:29:00,,,,,,,,,,,
2025-04-01 08:44:00,,,,,,,,,,,
2025-04-01 08:59:00,,,,,,,,,,,
2025-04-01 09:14:00,,,,,,,,,,,
2025-04-01 09:29:00,,,,,,,,,,,
2025-04-01 09:44:00,,,,,,,,,,,
2025-04-01 09:59:00,,,,,,,,,,,
2025-04-01 10:14:00,,,,,,,,,,,
2025-04-01 10:29:00,,,,,,,,,,,
2025-04-01 10:44:00,,,,,,,,,,,
2025-04-01 10:59:00,,,,,,,,,,,
2025-04-01 11:14:00,,,,,,,,,,,
2025-04-01 11:29:00,,,,,,,,,,,
2025-04-01 11:44:00,,,,,,,,,,,
2025-04-01 11:59:00,,,,,,,,,,,
2025-04-01 12:14:00,,,,,,,,,,,
2025-04-01 12:29:00,,,,,,,,,,,
2025-04-01 12:44:00,,,,,,,,,,,
2025-04-01 12:59:00,,,,,,,,,,,
2025-04-01 13:14:00,,,,,,,,,,,
2025-04-01 13:29:00,,,,,,,,,,,
2025-04-01 13:44:00,,,,,,,,,,,
2025-04-01 13:59:00,,,,,,,,,,,
2025-04-01 14:14:00,,,,,,,,,,,
2025-04-01 14:29:00,,,,,,,,,,,
2025-04-01 14:44:00,,,,,,,,,,,
2025-04-01 14:59:00,,,,,,,,,,,
2025-04-01 15:14:00,,,,,,,,,,,
2025-04-01 15:29:00,,,,,,,,,,,
2025-04-01 15:44:00,,,,,,,,,,,
2025-04-01 15:59:00,,,,,,,,,,,
2025-04-01 16:14:00,,,,,,,,,,,
2025-04-01 16:29:00,,,,,,,,,,,
2025-04-01 16:44:00,,,,,,,,,,,
2025-04-01 16:59:00,,,,,,,,,,,
2025-04-01 17:14:00,,,,,,,,,,,
2025-04-01 17:29:00,,,,,,,,,,,
2025-04-01 17:44:00,,,,,,,,,,,
2025-04-01 17:59:00,,,,,,,,,,,
2025-04-01 18:14:00,,,,,,,,,,,
2025-04-01 18:29:00,,,,,,,,,,,
2025-04-01 18:44:00,,,,,,,,,,,
2025-04-01 18:59:00,,,,,,,,,,,
2025-04-01 19:14:00,,,,,,,,,,,
2025-04-01 19:29:00,,,,,,,,,,,
2025-04-01 19:44:00,,,,,,,,,,,
2025-04-01 19:59:00,,,,,,,,,,,
2025-04-01 20:14:00,,,,,,,,,,,
2025-04-01 20:29:00,,,,,,,,,,,
2025-04-01 20:44:00,,,,,,,,,,,
2025-04-01 20:59:00,,,,,,,,,,,
2025-04-01 21:14:00,,,,,,,,,,,
2025-04-01 21:29:00,,,,,,,,,,,
2025-04-01 21:44:00,,,,,,,,,,,
2025-04-01 21:59:00,,,,,,,,,,,
2025-04-01 22:14:00,,,,,,,,,,,
2025-04-01 22:29:00,,,,,,,,,,,
2025-04-01 22:44:00,,,,,,,,,,,
2025-04-01 22:59:00,,,,,,,,,,,
2025-04-01 23:14:00,,,,,,,,,,,
2025-04-01 23:29:00,,,,,,,,,,,
2025-04-01 23:44:00,,,,,,,,,,,
2025-04-01 23:59:00,,,,,,,,,,,
2025-04-02 00:14:00,,,,,,,,,,,
2025-04-02 00:29:00,,,,,,,,,,,
2025-04-02 00:44:00,,,,,,,,,,,
2025-04-02 00:59:00,,,,,,,,,,,
2025-04-02 01:14:00,,,,,,,,,,,
2025-04-02 01:29:00,,,,,,,,,,,
2025-04-02 01:44:00,,,,,,,,,,,
2025-04-02 01:59:00,,,,,,,,,,,
2025-04-02 02:14:00,,,,,,,,,,,
2025-04-02 02:29:00,,,,,,,,,,,
2025-04-02 02:44:00,,,,,,,,,,,
2025-04-02 02:59:00,,,,,,,,,,,
2025-04-02 03:14:00,,,,,,,,,,,
2025-04-02 03:29:00,,,,,,,,,,,
2025-04-02 03:44:00,,,,,,,,,,,
2025-04-02 03:59:00,,,,,,,,,,,
2025-04-02 04:14:00,,,,,,,,,,,
2025-04-02 04:29:00,,,,,,,,,,,
2025-04-02 04:44:00,,,,,,,,,,,
2025-04-02 04:59:00,,,,,,,,,,,
2025-04-02 05:14:00,,,,,,,,,,,
2025-04-02 05:29:00,,,,,,,,,,,
2025-04-02 05:44:00,,,,,,,,,,,
2025-04-02 05:59:00,,,,,,,,,,,
2025-04-02 06:14:00,,,,,,,,,,,
2025-04-02 06:29:00,,,,,,,,,,,
2025-04-02 06:44:00,,,,,,,,,,,
2025-04-02 06:59:00,,,,,,,,,,,
2025-04-02 07:14:00,,,,,,,,,,,
2025-04-02 07:29:00,,,,,,,,,,,
2025-04-02 07:44:00,,,,,,,,,,,
2025-04-02 07:59:00,,,,,,,,,,,
2025-04-02 08:14:00,,,,,,,,,,,
2025-04-02 08:29:00,,,,,,,,,,,
2025-04-02 08:44:00,,,,,,,,,,,
2025-04-02 08:59:00,,,,,,,,,,,
2025-04-02 09:14:00,,,,,,,,,,,
2025-04-02 09:29:00,,,,,,,,,,,
2025-04-02 09:44:00,,,,,,,,,,,
2025-04-02 09:59:00,,,,,,,,,,,
2025-04-02 10:14:00,,,,,,,,,,,
2025-04-02 10:29:00,,,,,,,,,,,
2025-04-02 10:44:00,,,,,,,,,,,
2025-04-02 10:59:00,,,,,,,,,,,
2025-04-02 11:14:00,,,,,,,,,,,
2025-04-02 11:29:00,,,,,,,,,,,
2025-04-02 11:44:00,,,,,,,,,,,
2025-04-02 11:59:00,,,,,,,,,,,
2025-04-02 12:14:00,,,,,,,,,,,
2025-04-02 12:29:00,,,,,,,,,,,
2025-04-02 12:44:00,,,,,,,,,,,
2025-04-02 12:59:00,,,,,,,,,,,
2025-04-02 13:14:00,,,,,,,,,,,
2025-04-02 13:29:00,,,,,,,,,,,
2025-04-02 13:44:00,,,,,,,,,,,
2025-04-02 13:59:00,,,,,,,,,,,
2025-04-02 14:14:00,,,,,,,,,,,
2025-04-02 14:29:00,,,,,,,,,,,
2025-04-02 14:44:00,,,,,,,,,,,
2025-04-02 14:59:00,,,,,,,,,,,
2025-04-02 15:14:00,,,,,,,,,,,
2025-04-02 15:29:00,,,,,,,,,,,
2025-04-02 15:44:00,,,,,,,,,,,
2025-04-02 15:59:00,,,,,,,,,,,
2025-04-02 16:14:00,,,,,,,,,,,
2025-04-02 16:29:00,,,,,,,,,,,
2025-04-02 16:44:00,,,,,,,,,,,
2025-04-02 16:59:00,,,,,,,,,,,
2025-04-02 17:14:00,,,,,,,,,,,
2025-04-02 17:29:00,,,,,,,,,,,
2025-04-02 17:44:00,,,,,,,,,,,
2025-04-02 17:59:00,,,,,,,,,,,
2025-04-02 18:14:00,,,,,,,,,,,
2025-04-02 18:29:00,,,,,,,,,,,
2025-04-02 18:44:00,,,,,,,,,,,
2025-04-02 18:59:00,,,,,,,,,,,
2025-04-02 19:14:00,,,,,,,,,,,
2025-04-02 19:29:00,,,,,,,,,,,
2025-04-02 19:44:00,,,,,,,,,,,
2025-04-02 19:59:00,,,,,,,,,,,
2025-04-02 20:14:00,,,,,,,,,,,
2025-04-02 20:29:00,,,,,,,,,,,
2025-04-02 20:44:00,,,,,,,,,,,
2025-04-02 20:59:00,,,,,,,,,,,
2025-04-02 21:14:00,,,,,,,,,,,
2025-04-02 21:29:00,,,,,,,,,,,
2025-04-02 21:44:00,,,,,,,,,,,
2025-04-02 21:59:00,,,,,,,,,,,
2025-04-02 22:14:00,,,,,,,,,,,
2025-04-02 22:29:00,,,,,,,,,,,
2025-04-02 22:44:00,,,,,,,,,,,
2025-04-02 22:59:00,,,,,,,,,,,
2025-04-02 23:14:00,,,,,,,,,,,
2025-04-02 23:29:00,,,,,,,,,,,
2025-04-02 23:44:00,,,,,,,,,,,
2025-04-02 23:59:00,,,,,,,,,,,
2025-04-03 00:14:00,,,,,,,,,,,
2025-04-03 00:29:00,,,,,,,,,,,
2025-04-03 00:44:00,,,,,,,,,,,
2025-04-03 00:59:00,,,,,,,,,,,
2025-04-03 01:14:00,,,,,,,,,,,
2025-04-03 01:29:00,,,,,,,,,,,
2025-04-03 01:44:00,,,,,,,,,,,
2025-04-03 01:59:00,,,,,,,,,,,
2025-04-03 02:14:00,,,,,,,,,,,
2025-04-03 02:29:00,,,,,,,,,,,
2025-04-03 02:44:00,,,,,,,,,,,
2025-04-03 02:59:00,,,,,,,,,,,
2025-04-03 03:14:00,,,,,,,,,,,
2025-04-03 03:29:00,,,,,,,,,,,
2025-04-03 03:44:00,,,,,,,,,,,
2025-04-03 03:59:00,,,,,,,,,,,
2025-04-03 04:14:00,,,,,,,,,,,
2025-04-03 04:29:00,,,,,,,,,,,
2025-04-03 04:44:00,,,,,,,,,,,
2025-04-03 04:59:00,,,,,,,,,,,
2025-04-03 05:14:00,,,,,,,,,,,
2025-04-03 05:29:00,,,,,,,,,,,
2025-04-03 05:44:00,,,,,,,,,,,
2025-04-03 05:59:00,,,,,,,,,,,
2025-04-03 06:14:00,,,,,,,,,,,
2025-04-03 06:29:00,,,,,,,,,,,
2025-04-03 06:44:00,,,,,,,,,,,
2025-04-03 06:59:00,,,,,,,,,,,
2025-04-03 07:14:00,,,,,,,,,,,
2025-04-03 07:29:00,,,,,,,,,,,
2025-04-03 07:44:00,,,,,,,,,,,
2025-04-03 07:59:00,,,,,,,,,,,
2025-04-03 08:14:00,,,,,,,,,,,
2025-04-03 08:29:00,,,,,,,,,,,
2025-04-03 08:44:00,,,,,,,,,,,
2025-04-03 08:59:00,,,,,,,,,,,
2025-04-03 09:14:00,,,,,,,,,,,
2025-04-03 09:29:00,,,,,,,,,,,
2025-04-03 09:44:00,,,,,,,,,,,
2025-04-03 09:59:00,,,,,,,,,,,
2025-04-03 10:14:00,,,,,,,,,,,
2025-04-03 10:29:00,,,,,,,,,,,
2025-04-03 10:44:00,,,,,,,,,,,
2025-04-03 10:59:00,,,,,,,,,,,
2025-04-03 11:14:00,,,,,,,,,,,
2025-04-03 11:29:00,,,,,,,,,,,
2025-04-03 11:44:00,,,,,,,,,,,
2025-04-03 11:59:00,,,,,,,,,,,
2025-04-03 12:14:00,,,,,,,,,,,
2025-04-03 12:29:00,,,,,,,,,,,
2025-04-03 12:44:00,,,,,,,,,,,
2025-04-03 12:59:00,,,,,,,,,,,
2025-04-03 13:14:00,,,,,,,,,,,
2025-04-03 13:29:00,,,,,,,,,,,
2025-04-03 13:44:00,,,,,,,,,,,
2025-04-03 13:59:00,,,,,,,,,,,
2025-04-03 14:14:00,,,,,,,,,,,
2025-04-03 14:29:00,,,,,,,,,,,
2025-04-03 14:44:00,,,,,,,,,,,
2025-04-03 14:59:00,,,,,,,,,,,
2025-04-03 15:14:00,,,,,,,,,,,
2025-04-03 15:29:00,,,,,,,,,,,
2025-04-03 15:44:00,,,,,,,,,,,
2025-04-03 15:59:00,,,,,,,,,,,
2025-04-03 16:14:00,,,,,,,,,,,
2025-04-03 16:29:00,,,,,,,,,,,
2025-04-03 16:44:00,,,,,,,,,,,
2025-04-03 16:59:00,,,,,,,,,,,
2025-04-03 17:14:00,,,,,,,,,,,
2025-04-03 17:29:00,,,,,,,,,,,
2025-04-03 17:44:00,,,,,,,,,,,
2025-04-03 17:59:00,,,,,,,,,,,
2025-04-03 18:14:00,,,,,,,,,,,
2025-04-03 18:29:00,,,,,,,,,,,
2025-04-03 18:44:00,,,,,,,,,,,
2025-04-03 18:59:00,,,,,,,,,,,
2025-04-03 19:14:00,,,,,,,,,,,
2025-04-03 19:29:00,,,,,,,,,,,
2025-04-03 19:44:00,,,,,,,,,,,
2025-04-03 19:59:00,,,,,,,,,,,
2025-04-03 20:14:00,,,,,,,,,,,
2025-04-03 20:29:00,,,,,,,,,,,
2025-04-03 20:44:00,,,,,,,,,,,
2025-04-03 20:59:00,,,,,,,,,,,
2025-04-03 21:14:00,,,,,,,,,,,
2025-04-03 21:29:00,,,,,,,,,,,
2025-04-03 21:44:00,,,,,,,,,,,
2025-04-03 21:59:00,,,,,,,,,,,
2025-04-03 22:14:00,,,,,,,,,,,
2025-04-03 22:29:00,,,,,,,,,,,
2025-04-03 22:44:00,,,,,,,,,,,
2025-04-03 22:59:00,,,,,,,,,,,
2025-04-03 23:14:00,,,,,,,,,,,
2025-04-03 23:29:00,,,,,,,,,,,
2025-04-03 23:44:00,,,,,,,,,,,
2025-04-03 23:59:00,,,,,,,,,,,
2025-04-04 00:14:00,,,,,,,,,,,
2025-04-04 00:29:00,,,,,,,,,,,
2025-04-04 00:44:00,,,,,,,,,,,
2025-04-04 00:59:00,,,,,,,,,,,
2025-04-04 01:14:00,,,,,,,,,,,
2025-04-04 01:29:00,,,,,,,,,,,
2025-04-04 01:44:00,,,,,,,,,,,
2025-04-04 01:59:00,,,,,,,,,,,
2025-04-04 02:14:00,,,,,,,,,,,
2025-04-04 02:29:00,,,,,,,,,,,
2025-04-04 02:44:00,,,,,,,,,,,
2025-04-04 02:59:00,,,,,,,,,,,
2025-04-04 03:14:00,,,,,,,,,,,
2025-04-04 03:29:00,,,,,,,,,,,
2025-04-04 03:44:00,,,,,,,,,,,
2025-04-04 03:59:00,,,,,,,,,,,
2025-04-04 04:14:00,,,,,,,,,,,
2025-04-04 04:29:00,,,,,,,,,,,
2025-04-04 04:44:00,,,,,,,,,,,
2025-04-04 04:59:00,,,,,,,,,,,
2025-04-04 05:14:00,,,,,,,,,,,
2025-04-04 05:29:00,,,,,,,,,,,
2025-04-04 05:44:00,,,,,,,,,,,
2025-04-04 05:59:00,,,,,,,,,,,
2025-04-04 06:14:00,,,,,,,,,,,
2025-04-04 06:29:00,,,,,,,,,,,
2025-04-04 06:44:00,,,,,,,,,,,
2025-04-04 06:59:00,,,,,,,,,,,
2025-04-04 07:14:00,,,,,,,,,,,
2025-04-04 07:29:00,,,,,,,,,,,
2025-04-04 07:44:00,,,,,,,,,,,
2025-04-04 07:59:00,,,,,,,,,,,
2025-04-04 08:14:00,,,,,,,,,,,
2025-04-04 08:29:00,,,,,,,,,,,
2025-04-04 08:44:00,,,,,,,,,,,
2025-04-04 08:59:00,,,,,,,,,,,
2025-04-04 09:14:00,,,,,,,,,,,
2025-04-04 09:29:00,,,,,,,,,,,
2025-04-04 09:44:00,,,,,,,,,,,
2025-04-04 09:59:00,,,,,,,,,,,
2025-04-04 10:14:00,,,,,,,,,,,
2025-04-04 10:29:00,,,,,,,,,,,
2025-04-04 10:44:00,,,,,,,,,,,
2025-04-04 10:59:00,,,,,,,,,,,
2025-04-04 11:14:00,,,,,,,,,,,
2025-04-04 11:29:00,,,,,,,,,,,
2025-04-04 11:44:00,,,,,,,,,,,
2025-04-04 11:59:00,,,,,,,,,,,
2025-04-04 12:14:00,,,,,,,,,,,
2025-04-04 12:29:00,,,,,,,,,,,
2025-04-04 12:44:00,,,,,,,,,,,
2025-04-04 12:59:00,,,,,,,,,,,
2025-04-04 13:14:00,,,,,,,,,,,
2025-04-04 13:29:00,,,,,,,,,,,
2025-04-04 13:44:00,,,,,,,,,,,
2025-04-04 13:59:00,,,,,,,,,,,
2025-04-04 14:14:00,,,,,,,,,,,
2025-04-04 14:29:00,,,,,,,,,,,
2025-04-04 14:44:00,,,,,,,,,,,
2025-04-04 14:59:00,,,,,,,,,,,
2025-04-04 15:14:00,,,,,,,,,,,
2025-04-04 15:29:00,,,,,,,,,,,
2025-04-04 15:44:00,,,,,,,,,,,
2025-04-04 15:59:00,,,,,,,,,,,
2025-04-04 16:14:00,,,,,,,,,,,
2025-04-04 16:29:00,,,,,,,,,,,
2025-04-04 16:44:00,,,,,,,,,,,
2025-04-04 16:59:00,,,,,,,,,,,
2025-04-04 17:14:00,,,,,,,,,,,
2025-04-04 17:29:00,,,,,,,,,,,
2025-04-04 17:44:00,,,,,,,,,,,
2025-04-04 17:59:00,,,,,,,,,,,
2025-04-04 18:14:00,,,,,,,,,,,
2025-04-04 18:29:00,,,,,,,,,,,
2025-04-04 18:44:00,,,,,,,,,,,
2025-04-04 18:59:00,,,,,,,,,,,
2025-04-04 19:14:00,,,,,,,,,,,
2025-04-04 19:29:00,,,,,,,,,,,
2025-04-04 19:44:00,,,,,,,,,,,
2025-04-04 19:59:00,,,,,,,,,,,
2025-04-04 20:14:00,,,,,,,,,,,
2025-04-04 20:29:00,,,,,,,,,,,
2025-04-04 20:44:00,,,,,,,,,,,
2025-04-04 20:59:00,,,,,,,,,,,
2025-04-04 21:14:00,,,,,,,,,,,
2025-04-04 21:29:00,,,,,,,,,,,
2025-04-04 21:44:00,,,,,,,,,,,
2025-04-04 21:59:00,,,,,,,,,,,
2025-04-04 22:14:00,,,,,,,,,,,
2025-04-04 22:29:00,,,,,,,,,,,
2025-04-04 22:44:00,,,,,,,,,,,
2025-04-04 22:59:00,,,,,,,,,,,
2025-04-04 23:14:00,,,,,,,,,,,
2025-04-04 23:29:00,,,,,,,,,,,
2025-04-04 23:44:00,,,,,,,,,,,
2025-04-04 23:59:00,,,,,,,,,,,
2025-04-05 00:14:00,,,,,,,,,,,
2025-04-05 00:29:00,,,,,,,,,,,
2025-04-05 00:44:00,,,,,,,,,,,
2025-04-05 00:59:00,,,,,,,,,,,
2025-04-05 01:14:00,,,,,,,,,,,
2025-04-05 01:29:00,,,,,,,,,,,
2025-04-05 01:44:00,,,,,,,,,,,
2025-04-05 01:59:00,,,,,,,,,,,
2025-04-05 02:14:00,,,,,,,,,,,
2025-04-05 02:29:00,,,,,,,,,,,
2025-04-05 02:44:00,,,,,,,,,,,
2025-04-05 02:59:00,,,,,,,,,,,
2025-04-05 03:14:00,,,,,,,,,,,
2025-04-05 03:29:00,,,,,,,,,,,
2025-04-05 03:44:00,,,,,,,,,,,
2025-04-05 03:59:00,,,,,,,,,,,
2025-04-05 04:14:00,,,,,,,,,,,
2025-04-05 04:29:00,,,,,,,,,,,
2025-04-05 04:44:00,,,,,,,,,,,
2025-04-05 04:59:00,,,,,,,,,,,
2025-04-05 05:14:00,,,,,,,,,,,
2025-04-05 05:29:00,,,,,,,,,,,
2025-04-05 05:44:00,,,,,,,,,,,
2025-04-05 05:59:00,,,,,,,,,,,
2025-04-05 06:14:00,,,,,,,,,,,
2025-04-05 06:29:00,,,,,,,,,,,
2025-04-05 06:44:00,,,,,,,,,,,
2025-04-05 06:59:00,,,,,,,,,,,
2025-04-05 07:14:00,,,,,,,,,,,
2025-04-05 07:29:00,,,,,,,,,,,
2025-04-05 07:44:00,,,,,,,,,,,
2025-04-05 07:59:00,,,,,,,,,,,
2025-04-05 08:14:00,,,,,,,,,,,
2025-04-05 08:29:00,,,,,,,,,,,
2025-04-05 08:44:00,,,,,,,,,,,
2025-04-05 08:59:00,,,,,,,,,,,
2025-04-05 09:14:00,,,,,,,,,,,
2025-04-05 09:29:00,,,,,,,,,,,
2025-04-05 09:44:00,,,,,,,,,,,
2025-04-05 09:59:00,,,,,,,,,,,
2025-04-05 10:14:00,,,,,,,,,,,
2025-04-05 10:29:00,,,,,,,,,,,
2025-04-05 10:44:00,,,,,,,,,,,
2025-04-05 10:59:00,,,,,,,,,,,
2025-04-05 11:14:00,,,,,,,,,,,
2025-04-05 11:29:00,,,,,,,,,,,
2025-04-05 11:44:00,,,,,,,,,,,
2025-04-05 11:59:00,,,,,,,,,,,
2025-04-05 12:14:00,,,,,,,,,,,
2025-04-05 12:29:00,,,,,,,,,,,
2025-04-05 12:44:00,,,,,,,,,,,
2025-04-05 12:59:00,,,,,,,,,,,
2025-04-05 13:14:00,,,,,,,,,,,
2025-04-05 13:29:00,,,,,,,,,,,
2025-04-05 13:44:00,,,,,,,,,,,
2025-04-05 13:59:00,,,,,,,,,,,
2025-04-05 14:14:00,,,,,,,,,,,
2025-04-05 14:29:00,,,,,,,,,,,
2025-04-05 14:44:00,,,,,,,,,,,
2025-04-05 14:59:00,,,,,,,,,,,
2025-04-05 15:14:00,,,,,,,,,,,
2025-04-05 15:29:00,,,,,,,,,,,
2025-04-05 15:44:00,,,,,,,,,,,
2025-04-05 15:59:00,,,,,,,,,,,
2025-04-05 16:14:00,,,,,,,,,,,
2025-04-05 16:29:00,,,,,,,,,,,
2025-04-05 16:44:00,,,,,,,,,,,
2025-04-05 16:59:00,,,,,,,,,,,
2025-04-05 17:14:00,,,,,,,,,,,
2025-04-05 17:29:00,,,,,,,,,,,
2025-04-05 17:44:00,,,,,,,,,,,
2025-04-05 17:59:00,,,,,,,,,,,
2025-04-05 18:14:00,,,,,,,,,,,
2025-04-05 18:29:00,,,,,,,,,,,
2025-04-05 18:44:00,,,,,,,,,,,
2025-04-05 18:59:00,,,,,,,,,,,
2025-04-05 19:14:00,,,,,,,,,,,
2025-04-05 19:29:00,,,,,,,,,,,
2025-04-05 19:44:00,,,,,,,,,,,
2025-04-05 19:59:00,,,,,,,,,,,
2025-04-05 20:14:00,,,,,,,,,,,
2025-04-05 20:29:00,,,,,,,,,,,
2025-04-05 20:44:00,,,,,,,,,,,
2025-04-05 20:59:00,,,,,,,,,,,
2025-04-05 21:14:00,,,,,,,,,,,
2025-04-05 21:29:00,,,,,,,,,,,
2025-04-05 21:44:00,,,,,,,,,,,
2025-04-05 21:59:00,,,,,,,,,,,
2025-04-05 22:14:00,,,,,,,,,,,
2025-04-05 22:29:00,,,,,,,,,,,
2025-04-05 22:44:00,,,,,,,,,,,
2025-04-05 22:59:00,,,,,,,,,,,
2025-04-05 23:14:00,,,,,,,,,,,
2025-04-05 23:29:00,,,,,,,,,,,
2025-04-05 23:44:00,,,,,,,,,,,
2025-04-05 23:59:00,,,,,,,,,,,
2025-04-06 00:14:00,,,,,,,,,,,
2025-04-06 00:29:00,,,,,,,,,,,
2025-04-06 00:44:00,,,,,,,,,,,
2025-04-06 00:59:00,,,,,,,,,,,
2025-04-06 01:14:00,,,,,,,,,,,
2025-04-06 01:29:00,,,,,,,,,,,
2025-04-06 01:44:00,,,,,,,,,,,
2025-04-06 01:59:00,,,,,,,,,,,
2025-04-06 02:14:00,,,,,,,,,,,
2025-04-06 02:29:00,,,,,,,,,,,
2025-04-06 02:44:00,,,,,,,,,,,
2025-04-06 02:59:00,,,,,,,,,,,
2025-04-06 03:14:00,,,,,,,,,,,
2025-04-06 03:29:00,,,,,,,,,,,
2025-04-06 03:44:00,,,,,,,,,,,
2025-04-06 03:59:00,,,,,,,,,,,
2025-04-06 04:14:00,,,,,,,,,,,
2025-04-06 04:29:00,,,,,,,,,,,
2025-04-06 04:44:00,,,,,,,,,,,
2025-04-06 04:59:00,,,,,,,,,,,
2025-04-06 05:14:00,,,,,,,,,,,
2025-04-06 05:29:00,,,,,,,,,,,
2025-04-06 05:44:00,,,,,,,,,,,
2025-04-06 05:59:00,,,,,,,,,,,
2025-04-06 06:14:00,,,,,,,,,,,
2025-04-06 06:29:00,,,,,,,,,,,
2025-04-06 06:44:00,,,,,,,,,,,
2025-04-06 06:59:00,,,,,,,,,,,
2025-04-06 07:14:00,,,,,,,,,,,
2025-04-06 07:29:00,,,,,,,,,,,
2025-04-06 07:44:00,,,,,,,,,,,
2025-04-06 07:59:00,,,,,,,,,,,
2025-04-06 08:14:00,,,,,,,,,,,
2025-04-06 08:29:00,,,,,,,,,,,
2025-04-06 08:44:00,,,,,,,,,,,
2025-04-06 08:59:00,,,,,,,,,,,
2025-04-06 09:14:00,,,,,,,,,,,
2025-04-06 09:29:00,,,,,,,,,,,
2025-04-06 09:44:00,,,,,,,,,,,
2025-04-06 09:59:00,,,,,,,,,,,
2025-04-06 10:14:00,,,,,,,,,,,
2025-04-06 10:29:00,,,,,,,,,,,
2025-04-06 10:44:00,,,,,,,,,,,
2025-04-06 10:59:00,,,,,,,,,,,
2025-04-06 11:14:00,,,,,,,,,,,
2025-04-06 11:29:00,,,,,,,,,,,
2025-04-06 11:44:00,,,,,,,,,,,
2025-04-06 11:59:00,,,,,,,,,,,
2025-04-06 12:14:00,,,,,,,,,,,
2025-04-06 12:29:00,,,,,,,,,,,
2025-04-06 12:44:00,,,,,,,,,,,
2025-04-06 12:59:00,,,,,,,,,,,
2025-04-06 13:14:00,,,,,,,,,,,
2025-04-06 13:29:00,,,,,,,,,,,
2025-04-06 13:44:00,,,,,,,,,,,
2025-04-06 13:59:00,,,,,,,,,,,
2025-04-06 14:14:00,,,,,,,,,,,
2025-04-06 14:29:00,,,,,,,,,,,
2025-04-06 14:44:00,,,,,,,,,,,
2025-04-06 14:59:00,,,,,,,,,,,
2025-04-06 15:14:00,,,,,,,,,,,
2025-04-06 15:29:00,,,,,,,,,,,
2025-04-06 15:44:00,,,,,,,,,,,
2025-04-06 15:59:00,,,,,,,,,,,
2025-04-06 16:14:00,,,,,,,,,,,
2025-04-06 16:29:00,,,,,,,,,,,
2025-04-06 16:44:00,,,,,,,,,,,
2025-04-06 16:59:00,,,,,,,,,,,
2025-04-06 17:14:00,,,,,,,,,,,
2025-04-06 17:29:00,,,,,,,,,,,
2025-04-06 17:44:00,,,,,,,,,,,
2025-04-06 17:59:00,,,,,,,,,,,
2025-04-06 18:14:00,,,,,,,,,,,
2025-04-06 18:29:00,,,,,,,,,,,
2025-04-06 18:44:00,,,,,,,,,,,
2025-04-06 18:59:00,,,,,,,,,,,
2025-04-06 19:14:00,,,,,,,,,,,
2025-04-06 19:29:00,,,,,,,,,,,
2025-04-06 19:44:00,,,,,,,,,,,
2025-04-06 19:59:00,,,,,,,,,,,
2025-04-06 20:14:00,,,,,,,,,,,
2025-04-06 20:29:00,,,,,,,,,,,
2025-04-06 20:44:00,,,,,,,,,,,
2025-04-06 20:59:00,,,,,,,,,,,
2025-04-06 21:14:00,,,,,,,,,,,
2025-04-06 21:29:00,,,,,,,,,,,
2025-04-06 21:44:00,,,,,,,,,,,
2025-04-06 21:59:00,,,,,,,,,,,
2025-04-06 22:14:00,,,,,,,,,,,
2025-04-06 22:29:00,,,,,,,,,,,
2025-04-06 22:44:00,,,,,,,,,,,
2025-04-06 22:59:00,,,,,,,,,,,
2025-04-06 23:14:00,,,,,,,,,,,
2025-04-06 23:29:00,,,,,,,,,,,
2025-04-06 23:44:00,,,,,,,,,,,
2025-04-06 23:59:00,,,,,,,,,,,
2025-04-07 00:14:00,,,,,,,,,,,
2025-04-07 00:29:00,,,,,,,,,,,
2025-04-07 00:44:00,,,,,,,,,,,
2025-04-07 00:59:00,,,,,,,,,,,
2025-04-07 01:14:00,,,,,,,,,,,
2025-04-07 01:29:00,,,,,,,,,,,
2025-04-07 01:44:00,,,,,,,,,,,
2025-04-07 01:59:00,,,,,,,,,,,
2025-04-07 02:14:00,,,,,,,,,,,
2025-04-07 02:29:00,,,,,,,,,,,
2025-04-07 02:44:00,,,,,,,,,,,
2025-04-07 02:59:00,,,,,,,,,,,
2025-04-07 03:14:00,,,,,,,,,,,
2025-04-07 03:29:00,,,,,,,,,,,
2025-04-07 03:44:00,,,,,,,,,,,
2025-04-07 03:59:00,,,,,,,,,,,
2025-04-07 04:14:00,,,,,,,,,,,
2025-04-07 04:29:00,,,,,,,,,,,
2025-04-07 04:44:00,,,,,,,,,,,
2025-04-07 04:59:00,,,,,,,,,,,
2025-04-07 05:14:00,,,,,,,,,,,
2025-04-07 05:29:00,,,,,,,,,,,
2025-04-07 05:44:00,,,,,,,,,,,
2025-04-07 05:59:00,,,,,,,,,,,
2025-04-07 06:14:00,,,,,,,,,,,
2025-04-07 06:29:00,,,,,,,,,,,
2025-04-07 06:44:00,,,,,,,,,,,
2025-04-07 06:59:00,,,,,,,,,,,
2025-04-07 07:14:00,,,,,,,,,,,
2025-04-07 07:29:00,,,,,,,,,,,
2025-04-07 07:44:00,,,,,,,,,,,
2025-04-07 07:59:00,,,,,,,,,,,
2025-04-07 08:14:00,,,,,,,,,,,
2025-04-07 08:29:00,,,,,,,,,,,
2025-04-07 08:44:00,,,,,,,,,,,
2025-04-07 08:59:00,,,,,,,,,,,
2025-04-07 09:14:00,,,,,,,,,,,
2025-04-07 09:29:00,,,,,,,,,,,
2025-04-07 09:44:00,,,,,,,,,,,
2025-04-07 09:59:00,,,,,,,,,,,
2025-04-07 10:14:00,,,,,,,,,,,
2025-04-07 10:29:00,,,,,,,,,,,
2025-04-07 10:44:00,,,,,,,,,,,
2025-04-07 10:59:00,,,,,,,,,,,
2025-04-07 11:14:00,,,,,,,,,,,
2025-04-07 11:29:00,,,,,,,,,,,
2025-04-07 11:44:00,,,,,,,,,,,
2025-04-07 11:59:00,,,,,,,,,,,
2025-04-07 12:14:00,,,,,,,,,,,
2025-04-07 12:29:00,,,,,,,,,,,
2025-04-07 12:44:00,,,,,,,,,,,
2025-04-07 12:59:00,,,,,,,,,,,
2025-04-07 13:14:00,,,,,,,,,,,
2025-04-07 13:29:00,,,,,,,,,,,
2025-04-07 13:44:00,,,,,,,,,,,
2025-04-07 13:59:00,,,,,,,,,,,
2025-04-07 14:14:00,,,,,,,,,,,
2025-04-07 14:29:00,,,,,,,,,,,
2025-04-07 14:44:00,,,,,,,,,,,
2025-04-07 14:59:00,,,,,,,,,,,
2025-04-07 15:14:00,,,,,,,,,,,
2025-04-07 15:29:00,,,,,,,,,,,
2025-04-07 15:44:00,,,,,,,,,,,
2025-04-07 15:59:00,,,,,,,,,,,
2025-04-07 16:14:00,,,,,,,,,,,
2025-04-07 16:29:00,,,,,,,,,,,
2025-04-07 16:44:00,,,,,,,,,,,
2025-04-07 16:59:00,,,,,,,,,,,
2025-04-07 17:14:00,,,,,,,,,,,
2025-04-07 17:29:00,,,,,,,,,,,
2025-04-07 17:44:00,,,,,,,,,,,
2025-04-07 17:59:00,,,,,,,,,,,
2025-04-07 18:14:00,,,,,,,,,,,
2025-04-07 18:29:00,,,,,,,,,,,
2025-04-07 18:44:00,,,,,,,,,,,
2025-04-07 18:59:00,,,,,,,,,,,
2025-04-07 19:14:00,,,,,,,,,,,
2025-04-07 19:29:00,,,,,,,,,,,
2025-04-07 19:44:00,,,,,,,,,,,
2025-04-07 19:59:00,,,,,,,,,,,
2025-04-07 20:14:00,,,,,,,,,,,
2025-04-07 20:29:00,,,,,,,,,,,
2025-04-07 20:44:00,,,,,,,,,,,
2025-04-07 20:59:00,,,,,,,,,,,
2025-04-07 21:14:00,,,,,,,,,,,
2025-04-07 21:29:00,,,,,,,,,,,
2025-04-07 21:44:00,,,,,,,,,,,
2025-04-07 21:59:00,,,,,,,,,,,
2025-04-07 22:14:00,,,,,,,,,,,
2025-04-07 22:29:00,,,,,,,,,,,
2025-04-07 22:44:00,,,,,,,,,,,
2025-04-07 22:59:00,,,,,,,,,,,
2025-04-07 23:14:00,,,,,,,,,,,
2025-04-07 23:29:00,,,,,,,,,,,
2025-04-07 23:44:00,,,,,,,,,,,
2025-04-07 23:59:00,,,,,,,,,,,
2025-04-08 00:14:00,,,,,,,,,,,
2025-04-08 00:29:00,,,,,,,,,,,
2025-04-08 00:44:00,,,,,,,,,,,
2025-04-08 00:59:00,,,,,,,,,,,
2025-04-08 01:14:00,,,,,,,,,,,
2025-04-08 01:29:00,,,,,,,,,,,
2025-04-08 01:44:00,,,,,,,,,,,
2025-04-08 01:59:00,,,,,,,,,,,
2025-04-08 02:14:00,,,,,,,,,,,
2025-04-08 02:29:00,,,,,,,,,,,
2025-04-08 02:44:00,,,,,,,,,,,
2025-04-08 02:59:00,,,,,,,,,,,
2025-04-08 03:14:00,,,,,,,,,,,
2025-04-08 03:29:00,,,,,,,,,,,
2025-04-08 03:44:00,,,,,,,,,,,
2025-04-08 03:59:00,,,,,,,,,,,
2025-04-08 04:14:00,,,,,,,,,,,
2025-04-08 04:29:00,,,,,,,,,,,
2025-04-08 04:44:00,,,,,,,,,,,
2025-04-08 04:59:00,,,,,,,,,,,
2025-04-08 05:14:00,,,,,,,,,,,
2025-04-08 05:29:00,,,,,,,,,,,
2025-04-08 05:44:00,,,,,,,,,,,
2025-04-08 05:59:00,,,,,,,,,,,
2025-04-08 06:14:00,,,,,,,,,,,
2025-04-08 06:29:00,,,,,,,,,,,
2025-04-08 06:44:00,,,,,,,,,,,
2025-04-08 06:59:00,,,,,,,,,,,
2025-04-08 07:14:00,,,,,,,,,,,
2025-04-08 07:29:00,,,,,,,,,,,
2025-04-08 07:44:00,,,,,,,,,,,
2025-04-08 07:59:00,,,,,,,,,,,
2025-04-08 08:14:00,,,,,,,,,,,
2025-04-08 08:29:00,,,,,,,,,,,
2025-04-08 08:44:00,,,,,,,,,,,
2025-04-08 08:59:00,,,,,,,,,,,
2025-04-08 09:14:00,,,,,,,,,,,
2025-04-08 09:29:00,,,,,,,,,,,
2025-04-08 09:44:00,,,,,,,,,,,
2025-04-08 09:59:00,,,,,,,,,,,
2025-04-08 10:14:00,,,,,,,,,,,
2025-04-08 10:29:00,,,,,,,,,,,
2025-04-08 10:44:00,,,,,,,,,,,
2025-04-08 10:59:00,,,,,,,,,,,
2025-04-08 11:14:00,,,,,,,,,,,
2025-04-08 11:29:00,,,,,,,,,,,
2025-04-08 11:44:00,,,,,,,,,,,
2025-04-08 11:59:00,,,,,,,,,,,
2025-04-08 12:14:00,,,,,,,,,,,
2025-04-08 12:29:00,,,,,,,,,,,
2025-04-08 12:44:00,,,,,,,,,,,
2025-04-08 12:59:00,,,,,,,,,,,
2025-04-08 13:14:00,,,,,,,,,,,
2025-04-08 13:29:00,,,,,,,,,,,
2025-04-08 13:44:00,,,,,,,,,,,
2025-04-08 13:59:00,,,,,,,,,,,
2025-04-08 14:14:00,,,,,,,,,,,
2025-04-08 14:29:00,,,,,,,,,,,
2025-04-08 14:44:00,,,,,,,,,,,
2025-04-08 14:59:00,,,,,,,,,,,
2025-04-08 15:14:00,,,,,,,,,,,
2025-04-08 15:29:00,,,,,,,,,,,
2025-04-08 15:44:00,,,,,,,,,,,
2025-04-08 15:59:00,,,,,,,,,,,
2025-04-08 16:14:00,,,,,,,,,,,
2025-04-08 16:29:00,,,,,,,,,,,
2025-04-08 16:44:00,,,,,,,,,,,
2025-04-08 16:59:00,,,,,,,,,,,
2025-04-08 17:14:00,,,,,,,,,,,
2025-04-08 17:29:00,,,,,,,,,,,
2025-04-08 17:44:00,,,,,,,,,,,
2025-04-08 17:59:00,,,,,,,,,,,
2025-04-08 18:14:00,,,,,,,,,,,
2025-04-08 18:29:00,,,,,,,,,,,
2025-04-08 18:44:00,,,,,,,,,,,
2025-04-08 18:59:00,,,,,,,,,,,
2025-04-08 19:14:00,,,,,,,,,,,
2025-04-08 19:29:00,,,,,,,,,,,
2025-04-08 19:44:00,,,,,,,,,,,
2025-04-08 19:59:00,,,,,,,,,,,
2025-04-08 20:14:00,,,,,,,,,,,
2025-04-08 20:29:00,,,,,,,,,,,
2025-04-08 20:44:00,,,,,,,,,,,
2025-04-08 20:59:00,,,,,,,,,,,
2025-04-08 21:14:00,,,,,,,,,,,
2025-04-08 21:29:00,,,,,,,,,,,
2025-04-08 21:44:00,,,,,,,,,,,
2025-04-08 21:59:00,,,,,,,,,,,
2025-04-08 22:14:00,,,,,,,,,,,
2025-04-08 22:29:00,,,,,,,,,,,
2025-04-08 22:44:00,,,,,,,,,,,
2025-04-08 22:59:00,,,,,,,,,,,
2025-04-08 23:14:00,,,,,,,,,,,
2025-04-08 23:29:00,,,,,,,,,,,
2025-04-08 23:44:00,,,,,,,,,,,
2025-04-08 23:59:00,,,,,,,,,,,
2025-04-09 00:14:00,,,,,,,,,,,
2025-04-09 00:29:00,,,,,,,,,,,
2025-04-09 00:44:00,,,,,,,,,,,
2025-04-09 00:59:00,,,,,,,,,,,
2025-04-09 01:14:00,,,,,,,,,,,
2025-04-09 01:29:00,,,,,,,,,,,
2025-04-09 01:44:00,,,,,,,,,,,
2025-04-09 01:59:00,,,,,,,,,,,
2025-04-09 02:14:00,,,,,,,,,,,
2025-04-09 02:29:00,,,,,,,,,,,
2025-04-09 02:44:00,,,,,,,,,,,
2025-04-09 02:59:00,,,,,,,,,,,
2025-04-09 03:14:00,,,,,,,,,,,
2025-04-09 03:29:00,,,,,,,,,,,
2025-04-09 03:44:00,,,,,,,,,,,
2025-04-09 03:59:00,,,,,,,,,,,
2025-04-09 04:14:00,,,,,,,,,,,
2025-04-09 04:29:00,,,,,,,,,,,
2025-04-09 04:44:00,,,,,,,,,,,
2025-04-09 04:59:00,,,,,,,,,,,
2025-04-09 05:14:00,,,,,,,,,,,
2025-04-09 05:29:00,,,,,,,,,,,
2025-04-09 05:44:00,,,,,,,,,,,
2025-04-09 05:59:00,,,,,,,,,,,
2025-04-09 06:14:00,,,,,,,,,,,
2025-04-09 06:29:00,,,,,,,,,,,
2025-04-09 06:44:00,,,,,,,,,,,
2025-04-09 06:59:00,,,,,,,,,,,
2025-04-09 07:14:00,,,,,,,,,,,
2025-04-09 07:29:00,,,,,,,,,,,
2025-04-09 07:44:00,,,,,,,,,,,
2025-04-09 07:59:00,,,,,,,,,,,
2025-04-09 08:14:00,,,,,,,,,,,
2025-04-09 08:29:00,,,,,,,,,,,
2025-04-09 08:44:00,,,,,,,,,,,
2025-04-09 08:59:00,,,,,,,,,,,
2025-04-09 09:14:00,,,,,,,,,,,
2025-04-09 09:29:00,,,,,,,,,,,
2025-04-09 09:44:00,,,,,,,,,,,
2025-04-09 09:59:00,,,,,,,,,,,
2025-04-09 10:14:00,,,,,,,,,,,
2025-04-09 10:29:00,,,,,,,,,,,
2025-04-09 10:44:00,,,,,,,,,,,
2025-04-09 10:59:00,,,,,,,,,,,
2025-04-09 11:14:00,,,,,,,,,,,
2025-04-09 11:29:00,,,,,,,,,,,
2025-04-09 11:44:00,,,,,,,,,,,
2025-04-09 11:59:00,,,,,,,,,,,
2025-04-09 12:14:00,,,,,,,,,,,
2025-04-09 12:29:00,,,,,,,,,,,
2025-04-09 12:44:00,,,,,,,,,,,
2025-04-09 12:59:00,,,,,,,,,,,
2025-04-09 13:14:00,,,,,,,,,,,
2025-04-09 13:29:00,,,,,,,,,,,
2025-04-09 13:44:00,,,,,,,,,,,
2025-04-09 13:59:00,,,,,,,,,,,
2025-04-09 14:14:00,,,,,,,,,,,
2025-04-09 14:29:00,,,,,,,,,,,
2025-04-09 14:44:00,,,,,,,,,,,
2025-04-09 14:59:00,,,,,,,,,,,
2025-04-09 15:14:00,,,,,,,,,,,
2025-04-09 15:29:00,,,,,,,,,,,
2025-04-09 15:44:00,,,,,,,,,,,
2025-04-09 15:59:00,,,,,,,,,,,
2025-04-09 16:14:00,,,,,,,,,,,
2025-04-09 16:29:00,,,,,,,,,,,
2025-04-09 16:44:00,,,,,,,,,,,
2025-04-09 16:59:00,,,,,,,,,,,
2025-04-09 17:14:00,,,,,,,,,,,
2025-04-09 17:29:00,,,,,,,,,,,
2025-04-09 17:44:00,,,,,,,,,,,
2025-04-09 17:59:00,,,,,,,,,,,
2025-04-09 18:14:00,,,,,,,,,,,
2025-04-09 18:29:00,,,,,,,,,,,
2025-04-09 18:44:00,,,,,,,,,,,
2025-04-09 18:59:00,,,,,,,,,,,
2025-04-09 19:14:00,,,,,,,,,,,
2025-04-09 19:29:00,,,,,,,,,,,
2025-04-09 19:44:00,,,,,,,,,,,
2025-04-09 19:59:00,,,,,,,,,,,
2025-04-09 20:14:00,,,,,,,,,,,
2025-04-09 20:29:00,,,,,,,,,,,
2025-04-09 20:44:00,,,,,,,,,,,
2025-04-09 20:59:00,,,,,,,,,,,
2025-04-09 21:14:00,,,,,,,,,,,
2025-04-09 21:29:00,,,,,,,,,,,
2025-04-09 21:44:00,,,,,,,,,,,
2025-04-09 21:59:00,,,,,,,,,,,
2025-04-09 22:14:00,,,,,,,,,,,
2025-04-09 22:29:00,,,,,,,,,,,
2025-04-09 22:44:00,,,,,,,,,,,
2025-04-09 22:59:00,,,,,,,,,,,
2025-04-09 23:14:00,,,,,,,,,,,
2025-04-09 23:29:00,,,,,,,,,,,
2025-04-09 23:44:00,,,,,,,,,,,
2025-04-09 23:59:00,,,,,,,,,,,
2025-04-10 00:14:00,,,,,,,,,,,
2025-04-10 00:29:00,,,,,,,,,,,
2025-04-10 00:44:00,,,,,,,,,,,
2025-04-10 00:59:00,,,,,,,,,,,
2025-04-10 01:14:00,,,,,,,,,,,
2025-04-10 01:29:00,,,,,,,,,,,
2025-04-10 01:44:00,,,,,,,,,,,
2025-04-10 01:59:00,,,,,,,,,,,
2025-04-10 02:14:00,,,,,,,,,,,
2025-04-10 02:29:00,,,,,,,,,,,
2025-04-10 02:44:00,,,,,,,,,,,
2025-04-10 02:59:00,,,,,,,,,,,
2025-04-10 03:14:00,,,,,,,,,,,
2025-04-10 03:29:00,,,,,,,,,,,
2025-04-10 03:44:00,,,,,,,,,,,
2025-04-10 03:59:00,,,,,,,,,,,
2025-04-10 04:14:00,,,,,,,,,,,
2025-04-10 04:29:00,,,,,,,,,,,
2025-04-10 04:44:00,,,,,,,,,,,
2025-04-10 04:59:00,,,,,,,,,,,
2025-04-10 05:14:00,,,,,,,,,,,
2025-04-10 05:29:00,,,,,,,,,,,
2025-04-10 05:44:00,,,,,,,,,,,
2025-04-10 05:59:00,,,,,,,,,,,
2025-04-10 06:14:00,,,,,,,,,,,
2025-04-10 06:29:00,,,,,,,,,,,
2025-04-10 06:44:00,,,,,,,,,,,
2025-04-10 06:59:00,,,,,,,,,,,
2025-04-10 07:14:00,,,,,,,,,,,
2025-04-10 07:29:00,,,,,,,,,,,
2025-04-10 07:44:00,,,,,,,,,,,
2025-04-10 07:59:00,,,,,,,,,,,
2025-04-10 08:14:00,,,,,,,,,,,
2025-04-10 08:29:00,,,,,,,,,,,
2025-04-10 08:44:00,,,,,,,,,,,
2025-04-10 08:59:00,,,,,,,,,,,
2025-04-10 09:14:00,,,,,,,,,,,
2025-04-10 09:29:00,,,,,,,,,,,
2025-04-10 09:44:00,,,,,,,,,,,
2025-04-10 09:59:00,,,,,,,,,,,
2025-04-10 10:14:00,,,,,,,,,,,
2025-04-10 10:29:00,,,,,,,,,,,
2025-04-10 10:44:00,,,,,,,,,,,
2025-04-10 10:59:00,,,,,,,,,,,
2025-04-10 11:14:00,,,,,,,,,,,
2025-04-10 11:29:00,,,,,,,,,,,
2025-04-10 11:44:00,,,,,,,,,,,
2025-04-10 11:59:00,,,,,,,,,,,
2025-04-10 12:14:00,,,,,,,,,,,
2025-04-10 12:29:00,,,,,,,,,,,
2025-04-10 12:44:00,,,,,,,,,,,
2025-04-10 12:59:00,,,,,,,,,,,
2025-04-10 13:14:00,,,,,,,,,,,
2025-04-10 13:29:00,,,,,,,,,,,
2025-04-10 13:44:00,,,,,,,,,,,
2025-04-10 13:59:00,,,,,,,,,,,
2025-04-10 14:14:00,,,,,,,,,,,
2025-04-10 14:29:00,,,,,,,,,,,
2025-04-10 14:44:00,,,,,,,,,,,
2025-04-10 14:59:00,,,,,,,,,,,
2025-04-10 15:14:00,,,,,,,,,,,
2025-04-10 15:29:00,,,,,,,,,,,
2025-04-10 15:44:00,,,,,,,,,,,
2025-04-10 15:59:00,,,,,,,,,,,
2025-04-10 16:14:00,,,,,,,,,,,
2025-04-10 16:29:00,,,,,,,,,,,
2025-04-10 16:44:00,,,,,,,,,,,
2025-04-10 16:59:00,,,,,,,,,,,
2025-04-10 17:14:00,,,,,,,,,,,
2025-04-10 17:29:00,,,,,,,,,,,
2025-04-10 17:44:00,,,,,,,,,,,
2025-04-10 17:59:00,,,,,,,,,,,
2025-04-10 18:14:00,,,,,,,,,,,
2025-04-10 18:29:00,,,,,,,,,,,
2025-04-10 18:44:00,,,,,,,,,,,
2025-04-10 18:59:00,,,,,,,,,,,
2025-04-10 19:14:00,,,,,,,,,,,
2025-04-10 19:29:00,,,,,,,,,,,
2025-04-10 19:44:00,,,,,,,,,,,
2025-04-10 19:59:00,,,,,,,,,,,
2025-04-10 20:14:00,,,,,,,,,,,
2025-04-10 20:29:00,,,,,,,,,,,
2025-04-10 20:44:00,,,,,,,,,,,
2025-04-10 20:59:00,,,,,,,,,,,
2025-04-10 21:14:00,,,,,,,,,,,
2025-04-10 21:29:00,,,,,,,,,,,
2025-04-10 21:44:00,,,,,,,,,,,
2025-04-10 21:59:00,,,,,,,,,,,
2025-04-10 22:14:00,,,,,,,,,,,
2025-04-10 22:29:00,,,,,,,,,,,
2025-04-10 22:44:00,,,,,,,,,,,
2025-04-10 22:59:00,,,,,,,,,,,
2025-04-10 23:14:00,,,,,,,,,,,
2025-04-10 23:29:00,,,,,,,,,,,
2025-04-10 23:44:00,,,,,,,,,,,
2025-04-10 23:59:00,,,,,,,,,,,
2025-04-11 00:14:00,,,,,,,,,,,
2025-04-11 00:29:00,,,,,,,,,,,
2025-04-11 00:44:00,,,,,,,,,,,
2025-04-11 00:59:00,,,,,,,,,,,
2025-04-11 01:14:00,,,,,,,,,,,
2025-04-11 01:29:00,,,,,,,,,,,
2025-04-11 01:44:00,,,,,,,,,,,
2025-04-11 01:59:00,,,,,,,,,,,
2025-04-11 02:14:00,,,,,,,,,,,
2025-04-11 02:29:00,,,,,,,,,,,
2025-04-11 02:44:00,,,,,,,,,,,
2025-04-11 02:59:00,,,,,,,,,,,
2025-04-11 03:14:00,,,,,,,,,,,
2025-04-11 03:29:00,,,,,,,,,,,
2025-04-11 03:44:00,,,,,,,,,,,
2025-04-11 03:59:00,,,,,,,,,,,
2025-04-11 04:14:00,,,,,,,,,,,
2025-04-11 04:29:00,,,,,,,,,,,
2025-04-11 04:44:00,,,,,,,,,,,
2025-04-11 04:59:00,,,,,,,,,,,
2025-04-11 05:14:00,,,,,,,,,,,
2025-04-11 05:29:00,,,,,,,,,,,
2025-04-11 05:44:00,,,,,,,,,,,
2025-04-11 05:59:00,,,,,,,,,,,
2025-04-11 06:14:00,,,,,,,,,,,
2025-04-11 06:29:00,,,,,,,,,,,
2025-04-11 06:44:00,,,,,,,,,,,
2025-04-11 06:59:00,,,,,,,,,,,
2025-04-11 07:14:00,,,,,,,,,,,
2025-04-11 07:29:00,,,,,,,,,,,
2025-04-11 07:44:00,,,,,,,,,,,
2025-04-11 07:59:00,,,,,,,,,,,
2025-04-11 08:14:00,,,,,,,,,,,
2025-04-11 08:29:00,,,,,,,,,,,
2025-04-11 08:44:00,,,,,,,,,,,
2025-04-11 08:59:00,,,,,,,,,,,
2025-04-11 09:14:00,,,,,,,,,,,
2025-04-11 09:29:00,,,,,,,,,,,
2025-04-11 09:44:00,,,,,,,,,,,
2025-04-11 09:59:00,,,,,,,,,,,
2025-04-11 10:14:00,,,,,,,,,,,
2025-04-11 10:29:00,,,,,,,,,,,
2025-04-11 10:44:00,,,,,,,,,,,
2025-04-11 10:59:00,,,,,,,,,,,
2025-04-11 11:14:00,,,,,,,,,,,
2025-04-11 11:29:00,,,,,,,,,,,
2025-04-11 11:44:00,,,,,,,,,,,
2025-04-11 11:59:00,,,,,,,,,,,
2025-04-11 12:14:00,,,,,,,,,,,
2025-04-11 12:29:00,,,,,,,,,,,
2025-04-11 12:44:00,,,,,,,,,,,
2025-04-11 12:59:00,,,,,,,,,,,
2025-04-11 13:14:00,,,,,,,,,,,
2025-04-11 13:29:00,,,,,,,,,,,
2025-04-11 13:44:00,,,,,,,,,,,
2025-04-11 13:59:00,,,,,,,,,,,
2025-04-11 14:14:00,,,,,,,,,,,
2025-04-11 14:29:00,,,,,,,,,,,
2025-04-11 14:44:00,,,,,,,,,,,
2025-04-11 14:59:00,,,,,,,,,,,
2025-04-11 15:14:00,,,,,,,,,,,
2025-04-11 15:29:00,,,,,,,,,,,
2025-04-11 15:44:00,,,,,,,,,,,
2025-04-11 15:59:00,,,,,,,,,,,
2025-04-11 16:14:00,,,,,,,,,,,
2025-04-11 16:29:00,,,,,,,,,,,
2025-04-11 16:44:00,,,,,,,,,,,
2025-04-11 16:59:00,,,,,,,,,,,
2025-04-11 17:14:00,,,,,,,,,,,
2025-04-11 17:29:00,,,,,,,,,,,
2025-04-11 17:44:00,,,,,,,,,,,
2025-04-11 17:59:00,,,,,,,,,,,
2025-04-11 18:14:00,,,,,,,,,,,
2025-04-11 18:29:00,,,,,,,,,,,
2025-04-11 18:44:00,,,,,,,,,,,
2025-04-11 18:59:00,,,,,,,,,,,
2025-04-11 19:14:00,,,,,,,,,,,
2025-04-11 19:29:00,,,,,,,,,,,
2025-04-11 19:44:00,,,,,,,,,,,
2025-04-11 19:59:00,,,,,,,,,,,
2025-04-11 20:14:00,,,,,,,,,,,
2025-04-11 20:29:00,,,,,,,,,,,
2025-04-11 20:44:00,,,,,,,,,,,
2025-04-11 20:59:00,,,,,,,,,,,
2025-04-11 21:14:00,,,,,,,,,,,
2025-04-11 21:29:00,,,,,,,,,,,
2025-04-11 21:44:00,,,,,,,,,,,
2025-04-11 21:59:00,,,,,,,,,,,
2025-04-11 22:14:00,,,,,,,,,,,
2025-04-11 22:29:00,,,,,,,,,,,
2025-04-11 22:44:00,,,,,,,,,,,
2025-04-11 22:59:00,,,,,,,,,,,
2025-04-11 23:14:00,,,,,,,,,,,
2025-04-11 23:29:00,,,,,,,,,,,
2025-04-11 23:44:00,,,,,,,,,,,
2025-04-11 23:59:00,,,,,,,,,,,
2025-04-12 00:14:00,,,,,,,,,,,
2025-04-12 00:29:00,,,,,,,,,,,
2025-04-12 00:44:00,,,,,,,,,,,
2025-04-12 00:59:00,,,,,,,,,,,
2025-04-12 01:14:00,,,,,,,,,,,
2025-04-12 01:29:00,,,,,,,,,,,
2025-04-12 01:44:00,,,,,,,,,,,
2025-04-12 01:59:00,,,,,,,,,,,
2025-04-12 02:14:00,,,,,,,,,,,
2025-04-12 02:29:00,,,,,,,,,,,
2025-04-12 02:44:00,,,,,,,,,,,
2025-04-12 02:59:00,,,,,,,,,,,
2025-04-12 03:14:00,,,,,,,,,,,
2025-04-12 03:29:00,,,,,,,,,,,
2025-04-12 03:44:00,,,,,,,,,,,
2025-04-12 03:59:00,,,,,,,,,,,
2025-04-12 04:14:00,,,,,,,,,,,
2025-04-12 04:29:00,,,,,,,,,,,
2025-04-12 04:44:00,,,,,,,,,,,
2025-04-12 04:59:00,,,,,,,,,,,
2025-04-12 05:14:00,,,,,,,,,,,
2025-04-12 05:29:00,,,,,,,,,,,
2025-04-12 05:44:00,,,,,,,,,,,
2025-04-12 05:59:00,,,,,,,,,,,
2025-04-12 06:14:00,,,,,,,,,,,
2025-04-12 06:29:00,,,,,,,,,,,
2025-04-12 06:44:00,,,,,,,,,,,
2025-04-12 06:59:00,,,,,,,,,,,
2025-04-12 07:14:00,,,,,,,,,,,
2025-04-12 07:29:00,,,,,,,,,,,
2025-04-12 07:44:00,,,,,,,,,,,
2025-04-12 07:59:00,,,,,,,,,,,
2025-04-12 08:14:00,,,,,,,,,,,
2025-04-12 08:29:00,,,,,,,,,,,
2025-04-12 08:44:00,,,,,,,,,,,
2025-04-12 08:59:00,,,,,,,,,,,
2025-04-12 09:14:00,,,,,,,,,,,
2025-04-12 09:29:00,,,,,,,,,,,
2025-04-12 09:44:00,,,,,,,,,,,
2025-04-12 09:59:00,,,,,,,,,,,
2025-04-12 10:14:00,,,,,,,,,,,
2025-04-12 10:29:00,,,,,,,,,,,
2025-04-12 10:44:00,,,,,,,,,,,
2025-04-12 10:59:00,,,,,,,,,,,
2025-04-12 11:14:00,,,,,,,,,,,
2025-04-12 11:29:00,,,,,,,,,,,
2025-04-12 11:44:00,,,,,,,,,,,
2025-04-12 11:59:00,,,,,,,,,,,
2025-04-12 12:14:00,,,,,,,,,,,
2025-04-12 12:29:00,,,,,,,,,,,
2025-04-12 12:44:00,,,,,,,,,,,
2025-04-12 12:59:00,,,,,,,,,,,
2025-04-12 13:14:00,,,,,,,,,,,
2025-04-12 13:29:00,,,,,,,,,,,
2025-04-12 13:44:00,,,,,,,,,,,
2025-04-12 13:59:00,,,,,,,,,,,
2025-04-12 14:14:00,,,,,,,,,,,
2025-04-12 14:29:00,,,,,,,,,,,
2025-04-12 14:44:00,,,,,,,,,,,
2025-04-12 14:59:00,,,,,,,,,,,
2025-04-12 15:14:00,,,,,,,,,,,
2025-04-12 15:29:00,,,,,,,,,,,
2025-04-12 15:44:00,,,,,,,,,,,
2025-04-12 15:59:00,,,,,,,,,,,
2025-04-12 16:14:00,,,,,,,,,,,
2025-04-12 16:29:00,,,,,,,,,,,
2025-04-12 16:44:00,,,,,,,,,,,
2025-04-12 16:59:00,,,,,,,,,,,
2025-04-12 17:14:00,,,,,,,,,,,
2025-04-12 17:29:00,,,,,,,,,,,
2025-04-12 17:44:00,,,,,,,,,,,
2025-04-12 17:59:00,,,,,,,,,,,
2025-04-12 18:14:00,,,,,,,,,,,
2025-04-12 18:29:00,,,,,,,,,,,
2025-04-12 18:44:00,,,,,,,,,,,
2025-04-12 18:59:00,,,,,,,,,,,
2025-04-12 19:14:00,,,,,,,,,,,
2025-04-12 19:29:00,,,,,,,,,,,
2025-04-12 19:44:00,,,,,,,,,,,
2025-04-12 19:59:00,,,,,,,,,,,
2025-04-12 20:14:00,,,,,,,,,,,
2025-04-12 20:29:00,,,,,,,,,,,
2025-04-12 20:44:00,,,,,,,,,,,
2025-04-12 20:59:00,,,,,,,,,,,
2025-04-12 21:14:00,,,,,,,,,,,
2025-04-12 21:29:00,,,,,,,,,,,
2025-04-12 21:44:00,,,,,,,,,,,
2025-04-12 21:59:00,,,,,,,,,,,
2025-04-12 22:14:00,,,,,,,,,,,
2025-04-12 22:29:00,,,,,,,,,,,
2025-04-12 22:44:00,,,,,,,,,,,
2025-04-12 22:59:00,,,,,,,,,,,
2025-04-12 23:14:00,,,,,,,,,,,
2025-04-12 23:29:00,,,,,,,,,,,
2025-04-12 23:44:00,,,,,,,,,,,
2025-04-12 23:59:00,,,,,,,,,,,
2025-04-13 00:14:00,,,,,,,,,,,
2025-04-13 00:29:00,,,,,,,,,,,
2025-04-13 00:44:00,,,,,,,,,,,
2025-04-13 00:59:00,,,,,,,,,,,
2025-04-13 01:14:00,,,,,,,,,,,
2025-04-13 01:29:00,,,,,,,,,,,
2025-04-13 01:44:00,,,,,,,,,,,
2025-04-13 01:59:00,,,,,,,,,,,
2025-04-13 02:14:00,,,,,,,,,,,
2025-04-13 02:29:00,,,,,,,,,,,
2025-04-13 02:44:00,,,,,,,,,,,
2025-04-13 02:59:00,,,,,,,,,,,
2025-04-13 03:14:00,,,,,,,,,,,
2025-04-13 03:29:00,,,,,,,,,,,
2025-04-13 03:44:00,,,,,,,,,,,
2025-04-13 03:59:00,,,,,,,,,,,
2025-04-13 04:14:00,,,,,,,,,,,
2025-04-13 04:29:00,,,,,,,,,,,
2025-04-13 04:44:00,,,,,,,,,,,
2025-04-13 04:59:00,,,,,,,,,,,
2025-04-13 05:14:00,,,,,,,,,,,
2025-04-13 05:29:00,,,,,,,,,,,
2025-04-13 05:44:00,,,,,,,,,,,
2025-04-13 05:59:00,,,,,,,,,,,
2025-04-13 06:14:00,,,,,,,,,,,
2025-04-13 06:29:00,,,,,,,,,,,
2025-04-13 06:44:00,,,,,,,,,,,
2025-04-13 06:59:00,,,,,,,,,,,
2025-04-13 07:14:00,,,,,,,,,,,
2025-04-13 07:29:00,,,,,,,,,,,
2025-04-13 07:44:00,,,,,,,,,,,
2025-04-13 07:59:00,,,,,,,,,,,
2025-04-13 08:14:00,,,,,,,,,,,
2025-04-13 08:29:00,,,,,,,,,,,
2025-04-13 08:44:00,,,,,,,,,,,
2025-04-13 08:59:00,,,,,,,,,,,
2025-04-13 09:14:00,,,,,,,,,,,
2025-04-13 09:29:00,,,,,,,,,,,
2025-04-13 09:44:00,,,,,,,,,,,
2025-04-13 09:59:00,,,,,,,,,,,
2025-04-13 10:14:00,,,,,,,,,,,
2025-04-13 10:29:00,,,,,,,,,,,
2025-04-13 10:44:00,,,,,,,,,,,
2025-04-13 10:59:00,,,,,,,,,,,
2025-04-13 11:14:00,,,,,,,,,,,
2025-04-13 11:29:00,,,,,,,,,,,
2025-04-13 11:44:00,,,,,,,,,,,
2025-04-13 11:59:00,,,,,,,,,,,
2025-04-13 12:14:00,,,,,,,,,,,
2025-04-13 12:29:00,,,,,,,,,,,
2025-04-13 12:44:00,,,,,,,,,,,
2025-04-13 12:59:00,,,,,,,,,,,
2025-04-13 13:14:00,,,,,,,,,,,
2025-04-13 13:29:00,,,,,,,,,,,
2025-04-13 13:44:00,,,,,,,,,,,
2025-04-13 13:59:00,,,,,,,,,,,
2025-04-13 14:14:00,,,,,,,,,,,
2025-04-13 14:29:00,,,,,,,,,,,
2025-04-13 14:44:00,,,,,,,,,,,
2025-04-13 14:59:00,,,,,,,,,,,
2025-04-13 15:14:00,,,,,,,,,,,
2025-04-13 15:29:00,,,,,,,,,,,
2025-04-13 15:44:00,,,,,,,,,,,
2025-04-13 15:59:00,,,,,,,,,,,
2025-04-13 16:14:00,,,,,,,,,,,
2025-04-13 16:29:00,,,,,,,,,,,
2025-04-13 16:44:00,,,,,,,,,,,
2025-04-13 16:59:00,,,,,,,,,,,
2025-04-13 17:14:00,,,,,,,,,,,
2025-04-13 17:29:00,,,,,,,,,,,
2025-04-13 17:44:00,,,,,,,,,,,
2025-04-13 17:59:00,,,,,,,,,,,
2025-04-13 18:14:00,,,,,,,,,,,
2025-04-13 18:29:00,,,,,,,,,,,
2025-04-13 18:44:00,,,,,,,,,,,
2025-04-13 18:59:00,,,,,,,,,,,
2025-04-13 19:14:00,,,,,,,,,,,
2025-04-13 19:29:00,,,,,,,,,,,
2025-04-13 19:44:00,,,,,,,,,,,
2025-04-13 19:59:00,,,,,,,,,,,
2025-04-13 20:14:00,,,,,,,,,,,
2025-04-13 20:29:00,,,,,,,,,,,
2025-04-13 20:44:00,,,,,,,,,,,
2025-04-13 20:59:00,,,,,,,,,,,
2025-04-13 21:14:00,,,,,,,,,,,
2025-04-13 21:29:00,,,,,,,,,,,
2025-04-13 21:44:00,,,,,,,,,,,
2025-04-13 21:59:00,,,,,,,,,,,
2025-04-13 22:14:00,,,,,,,,,,,
2025-04-13 22:29:00,,,,,,,,,,,
2025-04-13 22:44:00,,,,,,,,,,,
2025-04-13 22:59:00,,,,,,,,,,,
2025-04-13 23:14:00,,,,,,,,,,,
2025-04-13 23:29:00,,,,,,,,,,,
2025-04-13 23:44:00,,,,,,,,,,,
2025-04-13 23:59:00,,,,,,,,,,,
2025-04-14 00:14:00,,,,,,,,,,,
2025-04-14 00:29:00,,,,,,,,,,,
2025-04-14 00:44:00,,,,,,,,,,,
2025-04-14 00:59:00,,,,,,,,,,,
2025-04-14 01:14:00,,,,,,,,,,,
2025-04-14 01:29:00,,,,,,,,,,,
2025-04-14 01:44:00,,,,,,,,,,,
2025-04-14 01:59:00,,,,,,,,,,,
2025-04-14 02:14:00,,,,,,,,,,,
2025-04-14 02:29:00,,,,,,,,,,,
2025-04-14 02:44:00,,,,,,,,,,,
2025-04-14 02:59:00,,,,,,,,,,,
2025-04-14 03:14:00,,,,,,,,,,,
2025-04-14 03:29:00,,,,,,,,,,,
2025-04-14 03:44:00,,,,,,,,,,,
2025-04-14 03:59:00,,,,,,,,,,,
2025-04-14 04:14:00,,,,,,,,,,,
2025-04-14 04:29:00,,,,,,,,,,,
2025-04-14 04:44:00,,,,,,,,,,,
2025-04-14 04:59:00,,,,,,,,,,,
2025-04-14 05:14:00,,,,,,,,,,,
2025-04-14 05:29:00,,,,,,,,,,,
2025-04-14 05:44:00,,,,,,,,,,,
2025-04-14 05:59:00,,,,,,,,,,,
2025-04-14 06:14:00,,,,,,,,,,,
2025-04-14 06:29:00,,,,,,,,,,,
2025-04-14 06:44:00,,,,,,,,,,,
2025-04-14 06:59:00,,,,,,,,,,,
2025-04-14 07:14:00,,,,,,,,,,,
2025-04-14 07:29:00,,,,,,,,,,,
2025-04-14 07:44:00,,,,,,,,,,,
2025-04-14 07:59:00,,,,,,,,,,,
2025-04-14 08:14:00,,,,,,,,,,,
2025-04-14 08:29:00,,,,,,,,,,,
2025-04-14 08:44:00,,,,,,,,,,,
2025-04-14 08:59:00,,,,,,,,,,,
2025-04-14 09:14:00,,,,,,,,,,,
2025-04-14 09:29:00,,,,,,,,,,,
2025-04-14 09:44:00,,,,,,,,,,,
2025-04-14 09:59:00,,,,,,,,,,,
2025-04-14 10:14:00,,,,,,,,,,,
2025-04-14 10:29:00,,,,,,,,,,,
2025-04-14 10:44:00,,,,,,,,,,,
2025-04-14 10:59:00,,,,,,,,,,,
2025-04-14 11:14:00,,,,,,,,,,,
2025-04-14 11:29:00,,,,,,,,,,,
2025-04-14 11:44:00,,,,,,,,,,,
2025-04-14 11:59:00,,,,,,,,,,,
2025-04-14 12:14:00,,,,,,,,,,,
2025-04-14 12:29:00,,,,,,,,,,,
2025-04-14 12:44:00,,,,,,,,,,,
2025-04-14 12:59:00,,,,,,,,,,,
2025-04-14 13:14:00,,,,,,,,,,,
2025-04-14 13:29:00,,,,,,,,,,,
2025-04-14 13:44:00,,,,,,,,,,,
2025-04-14 13:59:00,,,,,,,,,,,
2025-04-14 14:14:00,,,,,,,,,,,
2025-04-14 14:29:00,,,,,,,,,,,
2025-04-14 14:44:00,,,,,,,,,,,
2025-04-14 14:59:00,,,,,,,,,,,
2025-04-14 15:14:00,,,,,,,,,,,
2025-04-14 15:29:00,,,,,,,,,,,
2025-04-14 15:44:00,,,,,,,,,,,
2025-04-14 15:59:00,,,,,,,,,,,
2025-04-14 16:14:00,,,,,,,,,,,
2025-04-14 16:29:00,,,,,,,,,,,
2025-04-14 16:44:00,,,,,,,,,,,
2025-04-14 16:59:00,,,,,,,,,,,
2025-04-14 17:14:00,,,,,,,,,,,
2025-04-14 17:29:00,,,,,,,,,,,
2025-04-14 17:44:00,,,,,,,,,,,
2025-04-14 17:59:00,,,,,,,,,,,
2025-04-14 18:14:00,,,,,,,,,,,
2025-04-14 18:29:00,,,,,,,,,,,
2025-04-14 18:44:00,,,,,,,,,,,
2025-04-14 18:59:00,,,,,,,,,,,
2025-04-14 19:14:00,,,,,,,,,,,
2025-04-14 19:29:00,,,,,,,,,,,
2025-04-14 19:44:00,,,,,,,,,,,
2025-04-14 19:59:00,,,,,,,,,,,
2025-04-14 20:14:00,,,,,,,,,,,
2025-04-14 20:29:00,,,,,,,,,,,
2025-04-14 20:44:00,,,,,,,,,,,
2025-04-14 20:59:00,,,,,,,,,,,
2025-04-14 21:14:00,,,,,,,,,,,
2025-04-14 21:29:00,,,,,,,,,,,
2025-04-14 21:44:00,,,,,,,,,,,
2025-04-14 21:59:00,,,,,,,,,,,
2025-04-14 22:14:00,,,,,,,,,,,
2025-04-14 22:29:00,,,,,,,,,,,
2025-04-14 22:44:00,,,,,,,,,,,
2025-04-14 22:59:00,,,,,,,,,,,
2025-04-14 23:14:00,,,,,,,,,,,
2025-04-14 23:29:00,,,,,,,,,,,
2025-04-14 23:44:00,,,,,,,,,,,
2025-04-14 23:59:00,,,,,,,,,,,
2025-04-15 00:14:00,,,,,,,,,,,
2025-04-15 00:29:00,,,,,,,,,,,
2025-04-15 00:44:00,,,,,,,,,,,
2025-04-15 00:59:00,,,,,,,,,,,
2025-04-15 01:14:00,,,,,,,,,,,
2025-04-15 01:29:00,,,,,,,,,,,
2025-04-15 01:44:00,,,,,,,,,,,
2025-04-15 01:59:00,,,,,,,,,,,
2025-04-15 02:14:00,,,,,,,,,,,
2025-04-15 02:29:00,,,,,,,,,,,
2025-04-15 02:44:00,,,,,,,,,,,
2025-04-15 02:59:00,,,,,,,,,,,
2025-04-15 03:14:00,,,,,,,,,,,
2025-04-15 03:29:00,,,,,,,,,,,
2025-04-15 03:44:00,,,,,,,,,,,
2025-04-15 03:59:00,,,,,,,,,,,
2025-04-15 04:14:00,,,,,,,,,,,
2025-04-15 04:29:00,,,,,,,,,,,
2025-04-15 04:44:00,,,,,,,,,,,
2025-04-15 04:59:00,,,,,,,,,,,
2025-04-15 05:14:00,,,,,,,,,,,
2025-04-15 05:29:00,,,,,,,,,,,
2025-04-15 05:44:00,,,,,,,,,,,
2025-04-15 05:59:00,,,,,,,,,,,
2025-04-15 06:14:00,,,,,,,,,,,
2025-04-15 06:29:00,,,,,,,,,,,
2025-04-15 06:44:00,,,,,,,,,,,
2025-04-15 06:59:00,,,,,,,,,,,
2025-04-15 07:14:00,,,,,,,,,,,
2025-04-15 07:29:00,,,,,,,,,,,
2025-04-15 07:44:00,,,,,,,,,,,
2025-04-15 07:59:00,,,,,,,,,,,
2025-04-15 08:14:00,,,,,,,,,,,
2025-04-15 08:29:00,,,,,,,,,,,
2025-04-15 08:44:00,,,,,,,,,,,
2025-04-15 08:59:00,,,,,,,,,,,
2025-04-15 09:14:00,,,,,,,,,,,
2025-04-15 09:29:00,,,,,,,,,,,
2025-04-15 09:44:00,,,,,,,,,,,
2025-04-15 09:59:00,,,,,,,,,,,
2025-04-15 10:14:00,,,,,,,,,,,
2025-04-15 10:29:00,,,,,,,,,,,
2025-04-15 10:44:00,,,,,,,,,,,
2025-04-15 10:59:00,,,,,,,,,,,
2025-04-15 11:14:00,,,,,,,,,,,
2025-04-15 11:29:00,,,,,,,,,,,
2025-04-15 11:44:00,,,,,,,,,,,
2025-04-15 11:59:00,,,,,,,,,,,
2025-04-15 12:14:00,,,,,,,,,,,
2025-04-15 12:29:00,,,,,,,,,,,
2025-04-15 12:44:00,,,,,,,,,,,
2025-04-15 12:59:00,,,,,,,,,,,
2025-04-15 13:14:00,,,,,,,,,,,
2025-04-15 13:29:00,,,,,,,,,,,
2025-04-15 13:44:00,,,,,,,,,,,
2025-04-15 13:59:00,,,,,,,,,,,
2025-04-15 14:14:00,,,,,,,,,,,
2025-04-15 14:29:00,,,,,,,,,,,
2025-04-15 14:44:00,,,,,,,,,,,
2025-04-15 14:59:00,,,,,,,,,,,
2025-04-15 15:14:00,,,,,,,,,,,
2025-04-15 15:29:00,,,,,,,,,,,
2025-04-15 15:44:00,,,,,,,,,,,
2025-04-15 15:59:00,,,,,,,,,,,
2025-04-15 16:14:00,,,,,,,,,,,
2025-04-15 16:29:00,,,,,,,,,,,
2025-04-15 16:44:00,,,,,,,,,,,
2025-04-15 16:59:00,,,,,,,,,,,
2025-04-15 17:14:00,,,,,,,,,,,
2025-04-15 17:29:00,,,,,,,,,,,
2025-04-15 17:44:00,,,,,,,,,,,
2025-04-15 17:59:00,,,,,,,,,,,
2025-04-15 18:14:00,,,,,,,,,,,
2025-04-15 18:29:00,,,,,,,,,,,
2025-04-15 18:44:00,,,,,,,,,,,
2025-04-15 18:59:00,,,,,,,,,,,
2025-04-15 19:14:00,,,,,,,,,,,
2025-04-15 19:29:00,,,,,,,,,,,
2025-04-15 19:44:00,,,,,,,,,,,
2025-04-15 19:59:00,,,,,,,,,,,
2025-04-15 20:14:00,,,,,,,,,,,
2025-04-15 20:29:00,,,,,,,,,,,
2025-04-15 20:44:00,,,,,,,,,,,
2025-04-15 20:59:00,,,,,,,,,,,
2025-04-15 21:14:00,,,,,,,,,,,
2025-04-15 21:29:00,,,,,,,,,,,
2025-04-15 21:44:00,,,,,,,,,,,
2025-04-15 21:59:00,,,,,,,,,,,
2025-04-15 22:14:00,,,,,,,,,,,
2025-04-15 22:29:00,,,,,,,,,,,
2025-04-15 22:44:00,,,,,,,,,,,
2025-04-15 22:59:00,,,,,,,,,,,
2025-04-15 23:14:00,,,,,,,,,,,
2025-04-15 23:29:00,,,,,,,,,,,
2025-04-15 23:44:00,,,,,,,,,,,
2025-04-15 23:59:00,,,,,,,,,,,
2025-04-16 00:14:00,,,,,,,,,,,
2025-04-16 00:29:00,,,,,,,,,,,
2025-04-16 00:44:00,,,,,,,,,,,
2025-04-16 00:59:00,,,,,,,,,,,
2025-04-16 01:14:00,,,,,,,,,,,
2025-04-16 01:29:00,,,,,,,,,,,
2025-04-16 01:44:00,,,,,,,,,,,
2025-04-16 01:59:00,,,,,,,,,,,
2025-04-16 02:14:00,,,,,,,,,,,
2025-04-16 02:29:00,,,,,,,,,,,
2025-04-16 02:44:00,,,,,,,,,,,
2025-04-16 02:59:00,,,,,,,,,,,
2025-04-16 03:14:00,,,,,,,,,,,
2025-04-16 03:29:00,,,,,,,,,,,
2025-04-16 03:44:00,,,,,,,,,,,
2025-04-16 03:59:00,,,,,,,,,,,
2025-04-16 04:14:00,,,,,,,,,,,
2025-04-16 04:29:00,,,,,,,,,,,
2025-04-16 04:44:00,,,,,,,,,,,
2025-04-16 04:59:00,,,,,,,,,,,
2025-04-16 05:14:00,,,,,,,,,,,
2025-04-16 05:29:00,,,,,,,,,,,
2025-04-16 05:44:00,,,,,,,,,,,
2025-04-16 05:59:00,,,,,,,,,,,
2025-04-16 06:14:00,,,,,,,,,,,
2025-04-16 06:29:00,,,,,,,,,,,
2025-04-16 06:44:00,,,,,,,,,,,
2025-04-16 06:59:00,,,,,,,,,,,
2025-04-16 07:14:00,,,,,,,,,,,
2025-04-16 07:29:00,,,,,,,,,,,
2025-04-16 07:44:00,,,,,,,,,,,
2025-04-16 07:59:00,,,,,,,,,,,
2025-04-16 08:14:00,,,,,,,,,,,
2025-04-16 08:29:00,,,,,,,,,,,
2025-04-16 08:44:00,,,,,,,,,,,
2025-04-16 08:59:00,,,,,,,,,,,
2025-04-16 09:14:00,,,,,,,,,,,
2025-04-16 09:29:00,,,,,,,,,,,
2025-04-16 09:44:00,,,,,,,,,,,
2025-04-16 09:59:00,,,,,,,,,,,
2025-04-16 10:14:00,,,,,,,,,,,
2025-04-16 10:29:00,,,,,,,,,,,
2025-04-16 10:44:00,,,,,,,,,,,
2025-04-16 10:59:00,,,,,,,,,,,
2025-04-16 11:14:00,,,,,,,,,,,
2025-04-16 11:29:00,,,,,,,,,,,
2025-04-16 11:44:00,,,,,,,,,,,
2025-04-16 11:59:00,,,,,,,,,,,
2025-04-16 12:14:00,,,,,,,,,,,
2025-04-16 12:29:00,,,,,,,,,,,
2025-04-16 12:44:00,,,,,,,,,,,
2025-04-16 12:59:00,,,,,,,,,,,
2025-04-16 13:14:00,,,,,,,,,,,
2025-04-16 13:29:00,,,,,,,,,,,
2025-04-16 13:44:00,,,,,,,,,,,
2025-04-16 13:59:00,,,,,,,,,,,
2025-04-16 14:14:00,,,,,,,,,,,
2025-04-16 14:29:00,,,,,,,,,,,
2025-04-16 14:44:00,,,,,,,,,,,
2025-04-16 14:59:00,,,,,,,,,,,
2025-04-16 15:14:00,,,,,,,,,,,
2025-04-16 15:29:00,,,,,,,,,,,
2025-04-16 15:44:00,,,,,,,,,,,
2025-04-16 15:59:00,,,,,,,,,,,
2025-04-16 16:14:00,,,,,,,,,,,
2025-04-16 16:29:00,,,,,,,,,,,
2025-04-16 16:44:00,,,,,,,,,,,
2025-04-16 16:59:00,,,,,,,,,,,
2025-04-16 17:14:00,,,,,,,,,,,
2025-04-16 17:29:00,,,,,,,,,,,
2025-04-16 17:44:00,,,,,,,,,,,
2025-04-16 17:59:00,,,,,,,,,,,
2025-04-16 18:14:00,,,,,,,,,,,
2025-04-16 18:29:00,,,,,,,,,,,
2025-04-16 18:44:00,,,,,,,,,,,
2025-04-16 18:59:00,,,,,,,,,,,
2025-04-16 19:14:00,,,,,,,,,,,
2025-04-16 19:29:00,,,,,,,,,,,
2025-04-16 19:44:00,,,,,,,,,,,
2025-04-16 19:59:00,,,,,,,,,,,
2025-04-16 20:14:00,,,,,,,,,,,
2025-04-16 20:29:00,,,,,,,,,,,
2025-04-16 20:44:00,,,,,,,,,,,
2025-04-16 20:59:00,,,,,,,,,,,
2025-04-16 21:14:00,,,,,,,,,,,
2025-04-16 21:29:00,,,,,,,,,,,
2025-04-16 21:44:00,,,,,,,,,,,
2025-04-16 21:59:00,,,,,,,,,,,
2025-04-16 22:14:00,,,,,,,,,,,
2025-04-16 22:29:00,,,,,,,,,,,
2025-04-16 22:44:00,,,,,,,,,,,
2025-04-16 22:59:00,,,,,,,,,,,
2025-04-16 23:14:00,,,,,,,,,,,
2025-04-16 23:29:00,,,,,,,,,,,
2025-04-16 23:44:00,,,,,,,,,,,
2025-04-16 23:59:00,,,,,,,,,,,
2025-04-17 00:14:00,,,,,,,,,,,
2025-04-17 00:29:00,,,,,,,,,,,
2025-04-17 00:44:00,,,,,,,,,,,
2025-04-17 00:59:00,,,,,,,,,,,
2025-04-17 01:14:00,,,,,,,,,,,
2025-04-17 01:29:00,,,,,,,,,,,
2025-04-17 01:44:00,,,,,,,,,,,
2025-04-17 01:59:00,,,,,,,,,,,
2025-04-17 02:14:00,,,,,,,,,,,
2025-04-17 02:29:00,,,,,,,,,,,
2025-04-17 02:44:00,,,,,,,,,,,
2025-04-17 02:59:00,,,,,,,,,,,
2025-04-17 03:14:00,,,,,,,,,,,
2025-04-17 03:29:00,,,,,,,,,,,
2025-04-17 03:44:00,,,,,,,,,,,
2025-04-17 03:59:00,,,,,,,,,,,
2025-04-17 04:14:00,,,,,,,,,,,
2025-04-17 04:29:00,,,,,,,,,,,
2025-04-17 04:44:00,,,,,,,,,,,
2025-04-17 04:59:00,,,,,,,,,,,
2025-04-17 05:14:00,,,,,,,,,,,
2025-04-17 05:29:00,,,,,,,,,,,
2025-04-17 05:44:00,,,,,,,,,,,
2025-04-17 05:59:00,,,,,,,,,,,
2025-04-17 06:14:00,,,,,,,,,,,
2025-04-17 06:29:00,,,,,,,,,,,
2025-04-17 06:44:00,,,,,,,,,,,
2025-04-17 06:59:00,,,,,,,,,,,
2025-04-17 07:14:00,,,,,,,,,,,
2025-04-17 07:29:00,,,,,,,,,,,
2025-04-17 07:44:00,,,,,,,,,,,
2025-04-17 07:59:00,,,,,,,,,,,
2025-04-17 08:14:00,,,,,,,,,,,
2025-04-17 08:29:00,,,,,,,,,,,
2025-04-17 08:44:00,,,,,,,,,,,
2025-04-17 08:59:00,,,,,,,,,,,
2025-04-17 09:14:00,,,,,,,,,,,
2025-04-17 09:29:00,,,,,,,,,,,
2025-04-17 09:44:00,,,,,,,,,,,
2025-04-17 09:59:00,,,,,,,,,,,
2025-04-17 10:14:00,,,,,,,,,,,
2025-04-17 10:29:00,,,,,,,,,,,
2025-04-17 10:44:00,,,,,,,,,,,
2025-04-17 10:59:00,,,,,,,,,,,
2025-04-17 11:14:00,,,,,,,,,,,
2025-04-17 11:29:00,,,,,,,,,,,
2025-04-17 11:44:00,,,,,,,,,,,
2025-04-17 11:59:00,,,,,,,,,,,
2025-04-17 12:14:00,,,,,,,,,,,
2025-04-17 12:29:00,,,,,,,,,,,
2025-04-17 12:44:00,,,,,,,,,,,
2025-04-17 12:59:00,,,,,,,,,,,
2025-04-17 13:14:00,,,,,,,,,,,
2025-04-17 13:29:00,,,,,,,,,,,
2025-04-17 13:44:00,,,,,,,,,,,
2025-04-17 13:59:00,,,,,,,,,,,
2025-04-17 14:14:00,,,,,,,,,,,
2025-04-17 14:29:00,,,,,,,,,,,
2025-04-17 14:44:00,,,,,,,,,,,
2025-04-17 14:59:00,,,,,,,,,,,
2025-04-17 15:14:00,,,,,,,,,,,
2025-04-17 15:29:00,,,,,,,,,,,
2025-04-17 15:44:00,,,,,,,,,,,
2025-04-17 15:59:00,,,,,,,,,,,
2025-04-17 16:14:00,,,,,,,,,,,
2025-04-17 16:29:00,,,,,,,,,,,
2025-04-17 16:44:00,,,,,,,,,,,
2025-04-17 16:59:00,,,,,,,,,,,
2025-04-17 17:14:00,,,,,,,,,,,
2025-04-17 17:29:00,,,,,,,,,,,
2025-04-17 17:44:00,,,,,,,,,,,
2025-04-17 17:59:00,,,,,,,,,,,
2025-04-17 18:14:00,,,,,,,,,,,
2025-04-17 18:29:00,,,,,,,,,,,
2025-04-17 18:44:00,,,,,,,,,,,
2025-04-17 18:59:00,,,,,,,,,,,
2025-04-17 19:14:00,,,,,,,,,,,
2025-04-17 19:29:00,,,,,,,,,,,
2025-04-17 19:44:00,,,,,,,,,,,
2025-04-17 19:59:00,,,,,,,,,,,
2025-04-17 20:14:00,,,,,,,,,,,
2025-04-17 20:29:00,,,,,,,,,,,
2025-04-17 20:44:00,,,,,,,,,,,
2025-04-17 20:59:00,,,,,,,,,,,
2025-04-17 21:14:00,,,,,,,,,,,
2025-04-17 21:29:00,,,,,,,,,,,
2025-04-17 21:44:00,,,,,,,,,,,
2025-04-17 21:59:00,,,,,,,,,,,
2025-04-17 22:14:00,,,,,,,,,,,
2025-04-17 22:29:00,,,,,,,,,,,
2025-04-17 22:44:00,,,,,,,,,,,
2025-04-17 22:59:00,,,,,,,,,,,
2025-04-17 23:14:00,,,,,,,,,,,
2025-04-17 23:29:00,,,,,,,,,,,
2025-04-17 23:44:00,,,,,,,,,,,
2025-04-17 23:59:00,,,,,,,,,,,
2025-04-18 00:14:00,,,,,,,,,,,
2025-04-18 00:29:00,,,,,,,,,,,
2025-04-18 00:44:00,,,,,,,,,,,
2025-04-18 00:59:00,,,,,,,,,,,
2025-04-18 01:14:00,,,,,,,,,,,
2025-04-18 01:29:00,,,,,,,,,,,
2025-04-18 01:44:00,,,,,,,,,,,
2025-04-18 01:59:00,,,,,,,,,,,
2025-04-18 02:14:00,,,,,,,,,,,
2025-04-18 02:29:00,,,,,,,,,,,
2025-04-18 02:44:00,,,,,,,,,,,
2025-04-18 02:59:00,,,,,,,,,,,
2025-04-18 03:14:00,,,,,,,,,,,
2025-04-18 03:29:00,,,,,,,,,,,
2025-04-18 03:44:00,,,,,,,,,,,
2025-04-18 03:59:00,,,,,,,,,,,
2025-04-18 04:14:00,,,,,,,,,,,
2025-04-18 04:29:00,,,,,,,,,,,
2025-04-18 04:44:00,,,,,,,,,,,
2025-04-18 04:59:00,,,,,,,,,,,
2025-04-18 05:14:00,,,,,,,,,,,
2025-04-18 05:29:00,,,,,,,,,,,
2025-04-18 05:44:00,,,,,,,,,,,
2025-04-18 05:59:00,,,,,,,,,,,
2025-04-18 06:14:00,,,,,,,,,,,
2025-04-18 06:29:00,,,,,,,,,,,
2025-04-18 06:44:00,,,,,,,,,,,
2025-04-18 06:59:00,,,,,,,,,,,
2025-04-18 07:14:00,,,,,,,,,,,
2025-04-18 07:29:00,,,,,,,,,,,
2025-04-18 07:44:00,,,,,,,,,,,
2025-04-18 07:59:00,,,,,,,,,,,
2025-04-18 08:14:00,,,,,,,,,,,
2025-04-18 08:29:00,,,,,,,,,,,
2025-04-18 08:44:00,,,,,,,,,,,
2025-04-18 08:59:00,,,,,,,,,,,
2025-04-18 09:14:00,,,,,,,,,,,
2025-04-18 09:29:00,,,,,,,,,,,
2025-04-18 09:44:00,,,,,,,,,,,
2025-04-18 09:59:00,,,,,,,,,,,
2025-04-18 10:14:00,,,,,,,,,,,
2025-04-18 10:29:00,,,,,,,,,,,
2025-04-18 10:44:00,,,,,,,,,,,
2025-04-18 10:59:00,,,,,,,,,,,
2025-04-18 11:14:00,,,,,,,,,,,
2025-04-18 11:29:00,,,,,,,,,,,
2025-04-18 11:44:00,,,,,,,,,,,
2025-04-18 11:59:00,,,,,,,,,,,
2025-04-18 12:14:00,,,,,,,,,,,
2025-04-18 12:29:00,,,,,,,,,,,
2025-04-18 12:44:00,,,,,,,,,,,
2025-04-18 12:59:00,,,,,,,,,,,
2025-04-18 13:14:00,,,,,,,,,,,
2025-04-18 13:29:00,,,,,,,,,,,
2025-04-18 13:44:00,,,,,,,,,,,
2025-04-18 13:59:00,,,,,,,,,,,
2025-04-18 14:14:00,,,,,,,,,,,
2025-04-18 14:29:00,,,,,,,,,,,
2025-04-18 14:44:00,,,,,,,,,,,
2025-04-18 14:59:00,,,,,,,,,,,
2025-04-18 15:14:00,,,,,,,,,,,
2025-04-18 15:29:00,,,,,,,,,,,
2025-04-18 15:44:00,,,,,,,,,,,
2025-04-18 15:59:00,,,,,,,,,,,
2025-04-18 16:14:00,,,,,,,,,,,
2025-04-18 16:29:00,,,,,,,,,,,
2025-04-18 16:44:00,,,,,,,,,,,
2025-04-18 16:59:00,,,,,,,,,,,
2025-04-18 17:14:00,,,,,,,,,,,
2025-04-18 17:29:00,,,,,,,,,,,
2025-04-18 17:44:00,,,,,,,,,,,
2025-04-18 17:59:00,,,,,,,,,,,
2025-04-18 18:14:00,,,,,,,,,,,
2025-04-18 18:29:00,,,,,,,,,,,
2025-04-18 18:44:00,,,,,,,,,,,
2025-04-18 18:59:00,,,,,,,,,,,
2025-04-18 19:14:00,,,,,,,,,,,
2025-04-18 19:29:00,,,,,,,,,,,
2025-04-18 19:44:00,,,,,,,,,,,
2025-04-18 19:59:00,,,,,,,,,,,
2025-04-18 20:14:00,,,,,,,,,,,
2025-04-18 20:29:00,,,,,,,,,,,
2025-04-18 20:44:00,,,,,,,,,,,
2025-04-18 20:59:00,,,,,,,,,,,
2025-04-18 21:14:00,,,,,,,,,,,
2025-04-18 21:29:00,,,,,,,,,,,
2025-04-18 21:44:00,,,,,,,,,,,
2025-04-18 21:59:00,,,,,,,,,,,
2025-04-18 22:14:00,,,,,,,,,,,
2025-04-18 22:29:00,,,,,,,,,,,
2025-04-18 22:44:00,,,,,,,,,,,
2025-04-18 22:59:00,,,,,,,,,,,
2025-04-18 23:14:00,,,,,,,,,,,
2025-04-18 23:29:00,,,,,,,,,,,
2025-04-18 23:44:00,,,,,,,,,,,
2025-04-18 23:59:00,,,,,,,,,,,
2025-04-19 00:14:00,,,,,,,,,,,
2025-04-19 00:29:00,,,,,,,,,,,
2025-04-19 00:44:00,,,,,,,,,,,
2025-04-19 00:59:00,,,,,,,,,,,
2025-04-19 01:14:00,,,,,,,,,,,
2025-04-19 01:29:00,,,,,,,,,,,
2025-04-19 01:44:00,,,,,,,,,,,
2025-04-19 01:59:00,,,,,,,,,,,
2025-04-19 02:14:00,,,,,,,,,,,
2025-04-19 02:29:00,,,,,,,,,,,
2025-04-19 02:44:00,,,,,,,,,,,
2025-04-19 02:59:00,,,,,,,,,,,
2025-04-19 03:14:00,,,,,,,,,,,
2025-04-19 03:29:00,,,,,,,,,,,
2025-04-19 03:44:00,,,,,,,,,,,
2025-04-19 03:59:00,,,,,,,,,,,
2025-04-19 04:14:00,,,,,,,,,,,
2025-04-19 04:29:00,,,,,,,,,,,
2025-04-19 04:44:00,,,,,,,,,,,
2025-04-19 04:59:00,,,,,,,,,,,
2025-04-19 05:14:00,,,,,,,,,,,
2025-04-19 05:29:00,,,,,,,,,,,
2025-04-19 05:44:00,,,,,,,,,,,
2025-04-19 05:59:00,,,,,,,,,,,
2025-04-19 06:14:00,,,,,,,,,,,
2025-04-19 06:29:00,,,,,,,,,,,
2025-04-19 06:44:00,,,,,,,,,,,
2025-04-19 06:59:00,,,,,,,,,,,
2025-04-19 07:14:00,,,,,,,,,,,
2025-04-19 07:29:00,,,,,,,,,,,
2025-04-19 07:44:00,,,,,,,,,,,
2025-04-19 07:59:00,,,,,,,,,,,
2025-04-19 08:14:00,,,,,,,,,,,
2025-04-19 08:29:00,,,,,,,,,,,
2025-04-19 08:44:00,,,,,,,,,,,
2025-04-19 08:59:00,,,,,,,,,,,
2025-04-19 09:14:00,,,,,,,,,,,
2025-04-19 09:29:00,,,,,,,,,,,
2025-04-19 09:44:00,,,,,,,,,,,
2025-04-19 09:59:00,,,,,,,,,,,
2025-04-19 10:14:00,,,,,,,,,,,
2025-04-19 10:29:00,,,,,,,,,,,
2025-04-19 10:44:00,,,,,,,,,,,
2025-04-19 10:59:00,,,,,,,,,,,
2025-04-19 11:14:00,,,,,,,,,,,
2025-04-19 11:29:00,,,,,,,,,,,
2025-04-19 11:44:00,,,,,,,,,,,
2025-04-19 11:59:00,,,,,,,,,,,
2025-04-19 12:14:00,,,,,,,,,,,
2025-04-19 12:29:00,,,,,,,,,,,
2025-04-19 12:44:00,,,,,,,,,,,
2025-04-19 12:59:00,,,,,,,,,,,
2025-04-19 13:14:00,,,,,,,,,,,
2025-04-19 13:29:00,,,,,,,,,,,
2025-04-19 13:44:00,,,,,,,,,,,
2025-04-19 13:59:00,,,,,,,,,,,
2025-04-19 14:14:00,,,,,,,,,,,
2025-04-19 14:29:00,,,,,,,,,,,
2025-04-19 14:44:00,,,,,,,,,,,
2025-04-19 14:59:00,,,,,,,,,,,
2025-04-19 15:14:00,,,,,,,,,,,
2025-04-19 15:29:00,,,,,,,,,,,
2025-04-19 15:44:00,,,,,,,,,,,
2025-04-19 15:59:00,,,,,,,,,,,
2025-04-19 16:14:00,,,,,,,,,,,
2025-04-19 16:29:00,,,,,,,,,,,
2025-04-19 16:44:00,,,,,,,,,,,
2025-04-19 16:59:00,,,,,,,,,,,
2025-04-19 17:14:00,,,,,,,,,,,
2025-04-19 17:29:00,,,,,,,,,,,
2025-04-19 17:44:00,,,,,,,,,,,
2025-04-19 17:59:00,,,,,,,,,,,
2025-04-19 18:14:00,,,,,,,,,,,
2025-04-19 18:29:00,,,,,,,,,,,
2025-04-19 18:44:00,,,,,,,,,,,
2025-04-19 18:59:00,,,,,,,,,,,
2025-04-19 19:14:00,,,,,,,,,,,
2025-04-19 19:29:00,,,,,,,,,,,
2025-04-19 19:44:00,,,,,,,,,,,
2025-04-19 19:59:00,,,,,,,,,,,
2025-04-19 20:14:00,,,,,,,,,,,
2025-04-19 20:29:00,,,,,,,,,,,
2025-04-19 20:44:00,,,,,,,,,,,
2025-04-19 20:59:00,,,,,,,,,,,
2025-04-19 21:14:00,,,,,,,,,,,
2025-04-19 21:29:00,,,,,,,,,,,
2025-04-19 21:44:00,,,,,,,,,,,
2025-04-19 21:59:00,,,,,,,,,,,
2025-04-19 22:14:00,,,,,,,,,,,
2025-04-19 22:29:00,,,,,,,,,,,
2025-04-19 22:44:00,,,,,,,,,,,
2025-04-19 22:59:00,,,,,,,,,,,
2025-04-19 23:14:00,,,,,,,,,,,
2025-04-19 23:29:00,,,,,,,,,,,
2025-04-19 23:44:00,,,,,,,,,,,
2025-04-19 23:59:00,,,,,,,,,,,
2025-04-20 00:14:00,,,,,,,,,,,
2025-04-20 00:29:00,,,,,,,,,,,
2025-04-20 00:44:00,,,,,,,,,,,
2025-04-20 00:59:00,,,,,,,,,,,
2025-04-20 01:14:00,,,,,,,,,,,
2025-04-20 01:29:00,,,,,,,,,,,
2025-04-20 01:44:00,,,,,,,,,,,
2025-04-20 01:59:00,,,,,,,,,,,
2025-04-20 02:14:00,,,,,,,,,,,
2025-04-20 02:29:00,,,,,,,,,,,
2025-04-20 02:44:00,,,,,,,,,,,
2025-04-20 02:59:00,,,,,,,,,,,
2025-04-20 03:14:00,,,,,,,,,,,
2025-04-20 03:29:00,,,,,,,,,,,
2025-04-20 03:44:00,,,,,,,,,,,
2025-04-20 03:59:00,,,,,,,,,,,
2025-04-20 04:14:00,,,,,,,,,,,
2025-04-20 04:29:00,,,,,,,,,,,
2025-04-20 04:44:00,,,,,,,,,,,
2025-04-20 04:59:00,,,,,,,,,,,
2025-04-20 05:14:00,,,,,,,,,,,
2025-04-20 05:29:00,,,,,,,,,,,
2025-04-20 05:44:00,,,,,,,,,,,
2025-04-20 05:59:00,,,,,,,,,,,
2025-04-20 06:14:00,,,,,,,,,,,
2025-04-20 06:29:00,,,,,,,,,,,
2025-04-20 06:44:00,,,,,,,,,,,
2025-04-20 06:59:00,,,,,,,,,,,
2025-04-20 07:14:00,,,,,,,,,,,
2025-04-20 07:29:00,,,,,,,,,,,
2025-04-20 07:44:00,,,,,,,,,,,
2025-04-20 07:59:00,,,,,,,,,,,
2025-04-20 08:14:00,,,,,,,,,,,
2025-04-20 08:29:00,,,,,,,,,,,
2025-04-20 08:44:00,,,,,,,,,,,
2025-04-20 08:59:00,,,,,,,,,,,
2025-04-20 09:14:00,,,,,,,,,,,
2025-04-20 09:29:00,,,,,,,,,,,
2025-04-20 09:44:00,,,,,,,,,,,
2025-04-20 09:59:00,,,,,,,,,,,
2025-04-20 10:14:00,,,,,,,,,,,
2025-04-20 10:29:00,,,,,,,,,,,
2025-04-20 10:44:00,,,,,,,,,,,
2025-04-20 10:59:00,,,,,,,,,,,
2025-04-20 11:14:00,,,,,,,,,,,
2025-04-20 11:29:00,,,,,,,,,,,
2025-04-20 11:44:00,,,,,,,,,,,
2025-04-20 11:59:00,,,,,,,,,,,
2025-04-20 12:14:00,,,,,,,,,,,
2025-04-20 12:29:00,,,,,,,,,,,
2025-04-20 12:44:00,,,,,,,,,,,
2025-04-20 12:59:00,,,,,,,,,,,
2025-04-20 13:14:00,,,,,,,,,,,
2025-04-20 13:29:00,,,,,,,,,,,
2025-04-20 13:44:00,,,,,,,,,,,
2025-04-20 13:59:00,,,,,,,,,,,
2025-04-20 14:14:00,,,,,,,,,,,
2025-04-20 14:29:00,,,,,,,,,,,
2025-04-20 14:44:00,,,,,,,,,,,
2025-04-20 14:59:00,,,,,,,,,,,
2025-04-20 15:14:00,,,,,,,,,,,
2025-04-20 15:29:00,,,,,,,,,,,
2025-04-20 15:44:00,,,,,,,,,,,
2025-04-20 15:59:00,,,,,,,,,,,
2025-04-20 16:14:00,,,,,,,,,,,
2025-04-20 16:29:00,,,,,,,,,,,
2025-04-20 16:44:00,,,,,,,,,,,
2025-04-20 16:59:00,,,,,,,,,,,
2025-04-20 17:14:00,,,,,,,,,,,
2025-04-20 17:29:00,,,,,,,,,,,
2025-04-20 17:44:00,,,,,,,,,,,
2025-04-20 17:59:00,,,,,,,,,,,
2025-04-20 18:14:00,,,,,,,,,,,
2025-04-20 18:29:00,,,,,,,,,,,
2025-04-20 18:44:00,,,,,,,,,,,
2025-04-20 18:59:00,,,,,,,,,,,
2025-04-20 19:14:00,,,,,,,,,,,
2025-04-20 19:29:00,,,,,,,,,,,
2025-04-20 19:44:00,,,,,,,,,,,
2025-04-20 19:59:00,,,,,,,,,,,
2025-04-20 20:14:00,,,,,,,,,,,
2025-04-20 20:29:00,,,,,,,,,,,
2025-04-20 20:44:00,,,,,,,,,,,
2025-04-20 20:59:00,,,,,,,,,,,
2025-04-20 21:14:00,,,,,,,,,,,
2025-04-20 21:29:00,,,,,,,,,,,
2025-04-20 21:44:00,,,,,,,,,,,
2025-04-20 21:59:00,,,,,,,,,,,
2025-04-20 22:14:00,,,,,,,,,,,
2025-04-20 22:29:00,,,,,,,,,,,
2025-04-20 22:44:00,,,,,,,,,,,
2025-04-20 22:59:00,,,,,,,,,,,
2025-04-20 23:14:00,,,,,,,,,,,
2025-04-20 23:29:00,,,,,,,,,,,
2025-04-20 23:44:00,,,,,,,,,,,
2025-04-20 23:59:00,,,,,,,,,,,
2025-04-21 00:14:00,,,,,,,,,,,
2025-04-21 00:29:00,,,,,,,,,,,
2025-04-21 00:44:00,,,,,,,,,,,
2025-04-21 00:59:00,,,,,,,,,,,
2025-04-21 01:14:00,,,,,,,,,,,
2025-04-21 01:29:00,,,,,,,,,,,
2025-04-21 01:44:00,,,,,,,,,,,
2025-04-21 01:59:00,,,,,,,,,,,
2025-04-21 02:14:00,,,,,,,,,,,
2025-04-21 02:29:00,,,,,,,,,,,
2025-04-21 02:44:00,,,,,,,,,,,
2025-04-21 02:59:00,,,,,,,,,,,
2025-04-21 03:14:00,,,,,,,,,,,
2025-04-21 03:29:00,,,,,,,,,,,
2025-04-21 03:44:00,,,,,,,,,,,
2025-04-21 03:59:00,,,,,,,,,,,
2025-04-21 04:14:00,,,,,,,,,,,
2025-04-21 04:29:00,,,,,,,,,,,
2025-04-21 04:44:00,,,,,,,,,,,
2025-04-21 04:59:00,,,,,,,,,,,
2025-04-21 05:14:00,,,,,,,,,,,
2025-04-21 05:29:00,,,,,,,,,,,
2025-04-21 05:44:00,,,,,,,,,,,
2025-04-21 05:59:00,,,,,,,,,,,
2025-04-21 06:14:00,,,,,,,,,,,
2025-04-21 06:29:00,,,,,,,,,,,
2025-04-21 06:44:00,,,,,,,,,,,
2025-04-21 06:59:00,,,,,,,,,,,
2025-04-21 07:14:00,,,,,,,,,,,
2025-04-21 07:29:00,,,,,,,,,,,
2025-04-21 07:44:00,,,,,,,,,,,
2025-04-21 07:59:00,,,,,,,,,,,
2025-04-21 08:14:00,,,,,,,,,,,
2025-04-21 08:29:00,,,,,,,,,,,
2025-04-21 08:44:00,,,,,,,,,,,
2025-04-21 08:59:00,,,,,,,,,,,
2025-04-21 09:14:00,,,,,,,,,,,
2025-04-21 09:29:00,,,,,,,,,,,
2025-04-21 09:44:00,,,,,,,,,,,
2025-04-21 09:59:00,,,,,,,,,,,
2025-04-21 10:14:00,,,,,,,,,,,
2025-04-21 10:29:00,,,,,,,,,,,
2025-04-21 10:44:00,,,,,,,,,,,
2025-04-21 10:59:00,,,,,,,,,,,
2025-04-21 11:14:00,,,,,,,,,,,
2025-04-21 11:29:00,,,,,,,,,,,
2025-04-21 11:44:00,,,,,,,,,,,
2025-04-21 11:59:00,,,,,,,,,,,
2025-04-21 12:14:00,,,,,,,,,,,
2025-04-21 12:29:00,,,,,,,,,,,
2025-04-21 12:44:00,,,,,,,,,,,
2025-04-21 12:59:00,,,,,,,,,,,
2025-04-21 13:14:00,,,,,,,,,,,
2025-04-21 13:29:00,,,,,,,,,,,
2025-04-21 13:44:00,,,,,,,,,,,
2025-04-21 13:59:00,,,,,,,,,,,
2025-04-21 14:14:00,,,,,,,,,,,
2025-04-21 14:29:00,,,,,,,,,,,
2025-04-21 14:44:00,,,,,,,,,,,
2025-04-21 14:59:00,,,,,,,,,,,
2025-04-21 15:14:00,,,,,,,,,,,
2025-04-21 15:29:00,,,,,,,,,,,
2025-04-21 15:44:00,,,,,,,,,,,
2025-04-21 15:59:00,,,,,,,,,,,
2025-04-21 16:14:00,,,,,,,,,,,
2025-04-21 16:29:00,,,,,,,,,,,
2025-04-21 16:44:00,,,,,,,,,,,
2025-04-21 16:59:00,,,,,,,,,,,
2025-04-21 17:14:00,,,,,,,,,,,
2025-04-21 17:29:00,,,,,,,,,,,
2025-04-21 17:44:00,,,,,,,,,,,
2025-04-21 17:59:00,,,,,,,,,,,
2025-04-21 18:14:00,,,,,,,,,,,
2025-04-21 18:29:00,,,,,,,,,,,
2025-04-21 18:44:00,,,,,,,,,,,
2025-04-21 18:59:00,,,,,,,,,,,
2025-04-21 19:14:00,,,,,,,,,,,
2025-04-21 19:29:00,,,,,,,,,,,
2025-04-21 19:44:00,,,,,,,,,,,
2025-04-21 19:59:00,,,,,,,,,,,
2025-04-21 20:14:00,,,,,,,,,,,
2025-04-21 20:29:00,,,,,,,,,,,
2025-04-21 20:44:00,,,,,,,,,,,
2025-04-21 20:59:00,,,,,,,,,,,
2025-04-21 21:14:00,,,,,,,,,,,
2025-04-21 21:29:00,,,,,,,,,,,
2025-04-21 21:44:00,,,,,,,,,,,
2025-04-21 21:59:00,,,,,,,,,,,
2025-04-21 22:14:00,,,,,,,,,,,
2025-04-21 22:29:00,,,,,,,,,,,
2025-04-21 22:44:00,,,,,,,,,,,
2025-04-21 22:59:00,,,,,,,,,,,
2025-04-21 23:14:00,,,,,,,,,,,
2025-04-21 23:29:00,,,,,,,,,,,
2025-04-21 23:44:00,,,,,,,,,,,
2025-04-21 23:59:00,,,,,,,,,,,
2025-04-22 00:14:00,,,,,,,,,,,
2025-04-22 00:29:00,,,,,,,,,,,
2025-04-22 00:44:00,,,,,,,,,,,
2025-04-22 00:59:00,,,,,,,,,,,
2025-04-22 01:14:00,,,,,,,,,,,
2025-04-22 01:29:00,,,,,,,,,,,
2025-04-22 01:44:00,,,,,,,,,,,
2025-04-22 01:59:00,,,,,,,,,,,
2025-04-22 02:14:00,,,,,,,,,,,
2025-04-22 02:29:00,,,,,,,,,,,
2025-04-22 02:44:00,,,,,,,,,,,
2025-04-22 02:59:00,,,,,,,,,,,
2025-04-22 03:14:00,,,,,,,,,,,
2025-04-22 03:29:00,,,,,,,,,,,
2025-04-22 03:44:00,,,,,,,,,,,
2025-04-22 03:59:00,,,,,,,,,,,
2025-04-22 04:14:00,,,,,,,,,,,
2025-04-22 04:29:00,,,,,,,,,,,
2025-04-22 04:44:00,,,,,,,,,,,
2025-04-22 04:59:00,,,,,,,,,,,
2025-04-22 05:14:00,,,,,,,,,,,
2025-04-22 05:29:00,,,,,,,,,,,
2025-04-22 05:44:00,,,,,,,,,,,
2025-04-22 05:59:00,,,,,,,,,,,
2025-04-22 06:14:00,,,,,,,,,,,
2025-04-22 06:29:00,,,,,,,,,,,
2025-04-22 06:44:00,,,,,,,,,,,
2025-04-22 06:59:00,,,,,,,,,,,
2025-04-22 07:14:00,,,,,,,,,,,
2025-04-22 07:29:00,,,,,,,,,,,
2025-04-22 07:44:00,,,,,,,,,,,
2025-04-22 07:59:00,,,,,,,,,,,
2025-04-22 08:14:00,,,,,,,,,,,
2025-04-22 08:29:00,,,,,,,,,,,
2025-04-22 08:44:00,,,,,,,,,,,
2025-04-22 08:59:00,,,,,,,,,,,
2025-04-22 09:14:00,,,,,,,,,,,
2025-04-22 09:29:00,,,,,,,,,,,
2025-04-22 09:44:00,,,,,,,,,,,
2025-04-22 09:59:00,,,,,,,,,,,
2025-04-22 10:14:00,,,,,,,,,,,
2025-04-22 10:29:00,,,,,,,,,,,
2025-04-22 10:44:00,,,,,,,,,,,
2025-04-22 10:59:00,,,,,,,,,,,
2025-04-22 11:14:00,,,,,,,,,,,
2025-04-22 11:29:00,,,,,,,,,,,
2025-04-22 11:44:00,,,,,,,,,,,
2025-04-22 11:59:00,,,,,,,,,,,
2025-04-22 12:14:00,,,,,,,,,,,
2025-04-22 12:29:00,,,,,,,,,,,
2025-04-22 12:44:00,,,,,,,,,,,
2025-04-22 12:59:00,,,,,,,,,,,
2025-04-22 13:14:00,,,,,,,,,,,
2025-04-22 13:29:00,,,,,,,,,,,
2025-04-22 13:44:00,,,,,,,,,,,
2025-04-22 13:59:00,,,,,,,,,,,
2025-04-22 14:14:00,,,,,,,,,,,
2025-04-22 14:29:00,,,,,,,,,,,
2025-04-22 14:44:00,,,,,,,,,,,
2025-04-22 14:59:00,,,,,,,,,,,
2025-04-22 15:14:00,,,,,,,,,,,
2025-04-22 15:29:00,,,,,,,,,,,
2025-04-22 15:44:00,,,,,,,,,,,
2025-04-22 15:59:00,,,,,,,,,,,
2025-04-22 16:14:00,,,,,,,,,,,
2025-04-22 16:29:00,,,,,,,,,,,
2025-04-22 16:44:00,,,,,,,,,,,
2025-04-22 16:59:00,,,,,,,,,,,
2025-04-22 17:14:00,,,,,,,,,,,
2025-04-22 17:29:00,,,,,,,,,,,
2025-04-22 17:44:00,,,,,,,,,,,
2025-04-22 17:59:00,,,,,,,,,,,
2025-04-22 18:14:00,,,,,,,,,,,
2025-04-22 18:29:00,,,,,,,,,,,
2025-04-22 18:44:00,,,,,,,,,,,
2025-04-22 18:59:00,,,,,,,,,,,
2025-04-22 19:14:00,,,,,,,,,,,
2025-04-22 19:29:00,,,,,,,,,,,
2025-04-22 19:44:00,,,,,,,,,,,
2025-04-22 19:59:00,,,,,,,,,,,
2025-04-22 20:14:00,,,,,,,,,,,
2025-04-22 20:29:00,,,,,,,,,,,
2025-04-22 20:44:00,,,,,,,,,,,
2025-04-22 20:59:00,,,,,,,,,,,
2025-04-22 21:14:00,,,,,,,,,,,
2025-04-22 21:29:00,,,,,,,,,,,
2025-04-22 21:44:00,,,,,,,,,,,
2025-04-22 21:59:00,,,,,,,,,,,
2025-04-22 22:14:00,,,,,,,,,,,
2025-04-22 22:29:00,,,,,,,,,,,
2025-04-22 22:44:00,,,,,,,,,,,
2025-04-22 22:59:00,,,,,,,,,,,
2025-04-22 23:14:00,,,,,,,,,,,
2025-04-22 23:29:00,,,,,,,,,,,
2025-04-22 23:44:00,,,,,,,,,,,
2025-04-22 23:59:00,,,,,,,,,,,
2025-04-23 00:14:00,,,,,,,,,,,
2025-04-23 00:29:00,,,,,,,,,,,
2025-04-23 00:44:00,,,,,,,,,,,
2025-04-23 00:59:00,,,,,,,,,,,
2025-04-23 01:14:00,,,,,,,,,,,
2025-04-23 01:29:00,,,,,,,,,,,
2025-04-23 01:44:00,,,,,,,,,,,
2025-04-23 01:59:00,,,,,,,,,,,
2025-04-23 02:14:00,,,,,,,,,,,
2025-04-23 02:29:00,,,,,,,,,,,
2025-04-23 02:44:00,,,,,,,,,,,
2025-04-23 02:59:00,,,,,,,,,,,
2025-04-23 03:14:00,,,,,,,,,,,
2025-04-23 03:29:00,,,,,,,,,,,
2025-04-23 03:44:00,,,,,,,,,,,
2025-04-23 03:59:00,,,,,,,,,,,
2025-04-23 04:14:00,,,,,,,,,,,
2025-04-23 04:29:00,,,,,,,,,,,
2025-04-23 04:44:00,,,,,,,,,,,
2025-04-23 04:59:00,,,,,,,,,,,
2025-04-23 05:14:00,,,,,,,,,,,
2025-04-23 05:29:00,,,,,,,,,,,
2025-04-23 05:44:00,,,,,,,,,,,
2025-04-23 05:59:00,,,,,,,,,,,
2025-04-23 06:14:00,,,,,,,,,,,
2025-04-23 06:29:00,,,,,,,,,,,
2025-04-23 06:44:00,,,,,,,,,,,
2025-04-23 06:59:00,,,,,,,,,,,
2025-04-23 07:14:00,,,,,,,,,,,
2025-04-23 07:29:00,,,,,,,,,,,
2025-04-23 07:44:00,,,,,,,,,,,
2025-04-23 07:59:00,,,,,,,,,,,
2025-04-23 08:14:00,,,,,,,,,,,
2025-04-23 08:29:00,,,,,,,,,,,
2025-04-23 08:44:00,,,,,,,,,,,
2025-04-23 08:59:00,,,,,,,,,,,
2025-04-23 09:14:00,,,,,,,,,,,
2025-04-23 09:29:00,,,,,,,,,,,
2025-04-23 09:44:00,,,,,,,,,,,
2025-04-23 09:59:00,,,,,,,,,,,
2025-04-23 10:14:00,,,,,,,,,,,
2025-04-23 10:29:00,,,,,,,,,,,
2025-04-23 10:44:00,,,,,,,,,,,
2025-04-23 10:59:00,,,,,,,,,,,
2025-04-23 11:14:00,,,,,,,,,,,
2025-04-23 11:29:00,,,,,,,,,,,
2025-04-23 11:44:00,,,,,,,,,,,
2025-04-23 11:59:00,,,,,,,,,,,
2025-04-23 12:14:00,,,,,,,,,,,
2025-04-23 12:29:00,,,,,,,,,,,
2025-04-23 12:44:00,,,,,,,,,,,
2025-04-23 12:59:00,,,,,,,,,,,
2025-04-23 13:14:00,,,,,,,,,,,
2025-04-23 13:29:00,,,,,,,,,,,
2025-04-23 13:44:00,,,,,,,,,,,
2025-04-23 13:59:00,,,,,,,,,,,
2025-04-23 14:14:00,,,,,,,,,,,
2025-04-23 14:29:00,,,,,,,,,,,
2025-04-23 14:44:00,,,,,,,,,,,
2025-04-23 14:59:00,,,,,,,,,,,
2025-04-23 15:14:00,,,,,,,,,,,
2025-04-23 15:29:00,,,,,,,,,,,
2025-04-23 15:44:00,,,,,,,,,,,
2025-04-23 15:59:00,,,,,,,,,,,
2025-04-23 16:14:00,,,,,,,,,,,
2025-04-23 16:29:00,,,,,,,,,,,
2025-04-23 16:44:00,,,,,,,,,,,
2025-04-23 16:59:00,,,,,,,,,,,
2025-04-23 17:14:00,,,,,,,,,,,
2025-04-23 17:29:00,,,,,,,,,,,
2025-04-23 17:44:00,,,,,,,,,,,
2025-04-23 17:59:00,,,,,,,,,,,
2025-04-23 18:14:00,,,,,,,,,,,
2025-04-23 18:29:00,,,,,,,,,,,
2025-04-23 18:44:00,,,,,,,,,,,
2025-04-23 18:59:00,,,,,,,,,,,
2025-04-23 19:14:00,,,,,,,,,,,
2025-04-23 19:29:00,,,,,,,,,,,
2025-04-23 19:44:00,,,,,,,,,,,
2025-04-23 19:59:00,,,,,,,,,,,
2025-04-23 20:14:00,,,,,,,,,,,
2025-04-23 20:29:00,,,,,,,,,,,
2025-04-23 20:44:00,,,,,,,,,,,
2025-04-23 20:59:00,,,,,,,,,,,
2025-04-23 21:14:00,,,,,,,,,,,
2025-04-23 21:29:00,,,,,,,,,,,
2025-04-23 21:44:00,,,,,,,,,,,
2025-04-23 21:59:00,,,,,,,,,,,
2025-04-23 22:14:00,,,,,,,,,,,
2025-04-23 22:29:00,,,,,,,,,,,
2025-04-23 22:44:00,,,,,,,,,,,
2025-04-23 22:59:00,,,,,,,,,,,
2025-04-23 23:14:00,,,,,,,,,,,
2025-04-23 23:29:00,,,,,,,,,,,
2025-04-23 23:44:00,,,,,,,,,,,
2025-04-23 23:59:00,,,,,,,,,,,
2025-04-24 00:14:00,,,,,,,,,,,
2025-04-24 00:29:00,,,,,,,,,,,
2025-04-24 00:44:00,,,,,,,,,,,
2025-04-24 00:59:00,,,,,,,,,,,
2025-04-24 01:14:00,,,,,,,,,,,
2025-04-24 01:29:00,,,,,,,,,,,
2025-04-24 01:44:00,,,,,,,,,,,
2025-04-24 01:59:00,,,,,,,,,,,
2025-04-24 02:14:00,,,,,,,,,,,
2025-04-24 02:29:00,,,,,,,,,,,
2025-04-24 02:44:00,,,,,,,,,,,
2025-04-24 02:59:00,,,,,,,,,,,
2025-04-24 03:14:00,,,,,,,,,,,
2025-04-24 03:29:00,,,,,,,,,,,
2025-04-24 03:44:00,,,,,,,,,,,
2025-04-24 03:59:00,,,,,,,,,,,
2025-04-24 04:14:00,,,,,,,,,,,
2025-04-24 04:29:00,,,,,,,,,,,
2025-04-24 04:44:00,,,,,,,,,,,
2025-04-24 04:59:00,,,,,,,,,,,
2025-04-24 05:14:00,,,,,,,,,,,
2025-04-24 05:29:00,,,,,,,,,,,
2025-04-24 05:44:00,,,,,,,,,,,
2025-04-24 05:59:00,,,,,,,,,,,
2025-04-24 06:14:00,,,,,,,,,,,
2025-04-24 06:29:00,,,,,,,,,,,
2025-04-24 06:44:00,,,,,,,,,,,
2025-04-24 06:59:00,,,,,,,,,,,
2025-04-24 07:14:00,,,,,,,,,,,
2025-04-24 07:29:00,,,,,,,,,,,
2025-04-24 07:44:00,,,,,,,,,,,
2025-04-24 07:59:00,,,,,,,,,,,
2025-04-24 08:14:00,,,,,,,,,,,
2025-04-24 08:29:00,,,,,,,,,,,
2025-04-24 08:44:00,,,,,,,,,,,
2025-04-24 08:59:00,,,,,,,,,,,
2025-04-24 09:14:00,,,,,,,,,,,
2025-04-24 09:29:00,,,,,,,,,,,
2025-04-24 09:44:00,,,,,,,,,,,
2025-04-24 09:59:00,,,,,,,,,,,
2025-04-24 10:14:00,,,,,,,,,,,
2025-04-24 10:29:00,,,,,,,,,,,
2025-04-24 10:44:00,,,,,,,,,,,
2025-04-24 10:59:00,,,,,,,,,,,
2025-04-24 11:14:00,,,,,,,,,,,
2025-04-24 11:29:00,,,,,,,,,,,
2025-04-24 11:44:00,,,,,,,,,,,
2025-04-24 11:59:00,,,,,,,,,,,
2025-04-24 12:14:00,,,,,,,,,,,
2025-04-24 12:29:00,,,,,,,,,,,
2025-04-24 12:44:00,,,,,,,,,,,
2025-04-24 12:59:00,,,,,,,,,,,
2025-04-24 13:14:00,,,,,,,,,,,
2025-04-24 13:29:00,,,,,,,,,,,
2025-04-24 13:44:00,,,,,,,,,,,
2025-04-24 13:59:00,,,,,,,,,,,
2025-04-24 14:14:00,,,,,,,,,,,
2025-04-24 14:29:00,,,,,,,,,,,
2025-04-24 14:44:00,,,,,,,,,,,
2025-04-24 14:59:00,,,,,,,,,,,
2025-04-24 15:14:00,,,,,,,,,,,
2025-04-24 15:29:00,,,,,,,,,,,
2025-04-24 15:44:00,,,,,,,,,,,
2025-04-24 15:59:00,,,,,,,,,,,
2025-04-24 16:14:00,,,,,,,,,,,
2025-04-24 16:29:00,,,,,,,,,,,
2025-04-24 16:44:00,,,,,,,,,,,
2025-04-24 16:59:00,,,,,,,,,,,
2025-04-24 17:14:00,,,,,,,,,,,
2025-04-24 17:29:00,,,,,,,,,,,
2025-04-24 17:44:00,,,,,,,,,,,
2025-04-24 17:59:00,,,,,,,,,,,
2025-04-24 18:14:00,,,,,,,,,,,
2025-04-24 18:29:00,,,,,,,,,,,
2025-04-24 18:44:00,,,,,,,,,,,
2025-04-24 18:59:00,,,,,,,,,,,
2025-04-24 19:14:00,,,,,,,,,,,
2025-04-24 19:29:00,,,,,,,,,,,
2025-04-24 19:44:00,,,,,,,,,,,
2025-04-24 19:59:00,,,,,,,,,,,
2025-04-24 20:14:00,,,,,,,,,,,
2025-04-24 20:29:00,,,,,,,,,,,
2025-04-24 20:44:00,,,,,,,,,,,
2025-04-24 20:59:00,,,,,,,,,,,
2025-04-24 21:14:00,,,,,,,,,,,
2025-04-24 21:29:00,,,,,,,,,,,
2025-04-24 21:44:00,,,,,,,,,,,
2025-04-24 21:59:00,,,,,,,,,,,
2025-04-24 22:14:00,,,,,,,,,,,
2025-04-24 22:29:00,,,,,,,,,,,
2025-04-24 22:44:00,,,,,,,,,,,
2025-04-24 22:59:00,,,,,,,,,,,
2025-04-24 23:14:00,,,,,,,,,,,
2025-04-24 23:29:00,,,,,,,,,,,
2025-04-24 23:44:00,,,,,,,,,,,
2025-04-24 23:59:00,,,,,,,,,,,
2025-04-25 00:14:00,,,,,,,,,,,
2025-04-25 00:29:00,,,,,,,,,,,
2025-04-25 00:44:00,,,,,,,,,,,
2025-04-25 00:59:00,,,,,,,,,,,
2025-04-25 01:14:00,,,,,,,,,,,
2025-04-25 01:29:00,,,,,,,,,,,
2025-04-25 01:44:00,,,,,,,,,,,
2025-04-25 01:59:00,,,,,,,,,,,
2025-04-25 02:14:00,,,,,,,,,,,
2025-04-25 02:29:00,,,,,,,,,,,
2025-04-25 02:44:00,,,,,,,,,,,
2025-04-25 02:59:00,,,,,,,,,,,
2025-04-25 03:14:00,,,,,,,,,,,
2025-04-25 03:29:00,,,,,,,,,,,
2025-04-25 03:44:00,,,,,,,,,,,
2025-04-25 03:59:00,,,,,,,,,,,
2025-04-25 04:14:00,,,,,,,,,,,
2025-04-25 04:29:00,,,,,,,,,,,
2025-04-25 04:44:00,,,,,,,,,,,
2025-04-25 04:59:00,,,,,,,,,,,
2025-04-25 05:14:00,,,,,,,,,,,
2025-04-25 05:29:00,,,,,,,,,,,
2025-04-25 05:44:00,,,,,,,,,,,
2025-04-25 05:59:00,,,,,,,,,,,
2025-04-25 06:14:00,,,,,,,,,,,
2025-04-25 06:29:00,,,,,,,,,,,
2025-04-25 06:44:00,,,,,,,,,,,
2025-04-25 06:59:00,,,,,,,,,,,
2025-04-25 07:14:00,,,,,,,,,,,
2025-04-25 07:29:00,,,,,,,,,,,
2025-04-25 07:44:00,,,,,,,,,,,
2025-04-25 07:59:00,,,,,,,,,,,
2025-04-25 08:14:00,,,,,,,,,,,
2025-04-25 08:29:00,,,,,,,,,,,
2025-04-25 08:44:00,,,,,,,,,,,
2025-04-25 08:59:00,,,,,,,,,,,
2025-04-25 09:14:00,,,,,,,,,,,
2025-04-25 09:29:00,,,,,,,,,,,
2025-04-25 09:44:00,,,,,,,,,,,
2025-04-25 09:59:00,,,,,,,,,,,
2025-04-25 10:14:00,,,,,,,,,,,
2025-04-25 10:29:00,,,,,,,,,,,
2025-04-25 10:44:00,,,,,,,,,,,
2025-04-25 10:59:00,,,,,,,,,,,
2025-04-25 11:14:00,,,,,,,,,,,
2025-04-25 11:29:00,,,,,,,,,,,
2025-04-25 11:44:00,,,,,,,,,,,
2025-04-25 11:59:00,,,,,,,,,,,
2025-04-25 12:14:00,,,,,,,,,,,
2025-04-25 12:29:00,,,,,,,,,,,
2025-04-25 12:44:00,,,,,,,,,,,
2025-04-25 12:59:00,,,,,,,,,,,
2025-04-25 13:14:00,,,,,,,,,,,
2025-04-25 13:29:00,,,,,,,,,,,
2025-04-25 13:44:00,,,,,,,,,,,
2025-04-25 13:59:00,,,,,,,,,,,
2025-04-25 14:14:00,,,,,,,,,,,
2025-04-25 14:29:00,,,,,,,,,,,
2025-04-25 14:44:00,,,,,,,,,,,
2025-04-25 14:59:00,,,,,,,,,,,
2025-04-25 15:14:00,,,,,,,,,,,
2025-04-25 15:29:00,,,,,,,,,,,
2025-04-25 15:44:00,,,,,,,,,,,
2025-04-25 15:59:00,,,,,,,,,,,
2025-04-25 16:14:00,,,,,,,,,,,
2025-04-25 16:29:00,,,,,,,,,,,
2025-04-25 16:44:00,,,,,,,,,,,
2025-04-25 16:59:00,,,,,,,,,,,
2025-04-25 17:14:00,,,,,,,,,,,
2025-04-25 17:29:00,,,,,,,,,,,
2025-04-25 17:44:00,,,,,,,,,,,
2025-04-25 17:59:00,,,,,,,,,,,
2025-04-25 18:14:00,,,,,,,,,,,
2025-04-25 18:29:00,,,,,,,,,,,
2025-04-25 18:44:00,,,,,,,,,,,
2025-04-25 18:59:00,,,,,,,,,,,
2025-04-25 19:14:00,,,,,,,,,,,
2025-04-25 19:29:00,,,,,,,,,,,
2025-04-25 19:44:00,,,,,,,,,,,
2025-04-25 19:59:00,,,,,,,,,,,
2025-04-25 20:14:00,,,,,,,,,,,
2025-04-25 20:29:00,,,,,,,,,,,
2025-04-25 20:44:00,,,,,,,,,,,
2025-04-25 20:59:00,,,,,,,,,,,
2025-04-25 21:14:00,,,,,,,,,,,
2025-04-25 21:29:00,,,,,,,,,,,
2025-04-25 21:44:00,,,,,,,,,,,
2025-04-25 21:59:00,,,,,,,,,,,
2025-04-25 22:14:00,,,,,,,,,,,
2025-04-25 22:29:00,,,,,,,,,,,
2025-04-25 22:44:00,,,,,,,,,,,
2025-04-25 22:59:00,,,,,,,,,,,
2025-04-25 23:14:00,,,,,,,,,,,
2025-04-25 23:29:00,,,,,,,,,,,
2025-04-25 23:44:00,,,,,,,,,,,
2025-04-25 23:59:00,,,,,,,,,,,
2025-04-26 00:14:00,,,,,,,,,,,
2025-04-26 00:29:00,,,,,,,,,,,
2025-04-26 00:44:00,,,,,,,,,,,
2025-04-26 00:59:00,,,,,,,,,,,
2025-04-26 01:14:00,,,,,,,,,,,
2025-04-26 01:29:00,,,,,,,,,,,
2025-04-26 01:44:00,,,,,,,,,,,
2025-04-26 01:59:00,,,,,,,,,,,
2025-04-26 02:14:00,,,,,,,,,,,
2025-04-26 02:29:00,,,,,,,,,,,
2025-04-26 02:44:00,,,,,,,,,,,
2025-04-26 02:59:00,,,,,,,,,,,
2025-04-26 03:14:00,,,,,,,,,,,
2025-04-26 03:29:00,,,,,,,,,,,
2025-04-26 03:44:00,,,,,,,,,,,
2025-04-26 03:59:00,,,,,,,,,,,
2025-04-26 04:14:00,,,,,,,,,,,
2025-04-26 04:29:00,,,,,,,,,,,
2025-04-26 04:44:00,,,,,,,,,,,
2025-04-26 04:59:00,,,,,,,,,,,
2025-04-26 05:14:00,,,,,,,,,,,
2025-04-26 05:29:00,,,,,,,,,,,
2025-04-26 05:44:00,,,,,,,,,,,
2025-04-26 05:59:00,,,,,,,,,,,
2025-04-26 06:14:00,,,,,,,,,,,
2025-04-26 06:29:00,,,,,,,,,,,
2025-04-26 06:44:00,,,,,,,,,,,
2025-04-26 06:59:00,,,,,,,,,,,
2025-04-26 07:14:00,,,,,,,,,,,
2025-04-26 07:29:00,,,,,,,,,,,
2025-04-26 07:44:00,,,,,,,,,,,
2025-04-26 07:59:00,,,,,,,,,,,
2025-04-26 08:14:00,,,,,,,,,,,
2025-04-26 08:29:00,,,,,,,,,,,
2025-04-26 08:44:00,,,,,,,,,,,
2025-04-26 08:59:00,,,,,,,,,,,
2025-04-26 09:14:00,,,,,,,,,,,
2025-04-26 09:29:00,,,,,,,,,,,
2025-04-26 09:44:00,,,,,,,,,,,
2025-04-26 09:59:00,,,,,,,,,,,
2025-04-26 10:14:00,,,,,,,,,,,
2025-04-26 10:29:00,,,,,,,,,,,
2025-04-26 10:44:00,,,,,,,,,,,
2025-04-26 10:59:00,,,,,,,,,,,
2025-04-26 11:14:00,,,,,,,,,,,
2025-04-26 11:29:00,,,,,,,,,,,
2025-04-26 11:44:00,,,,,,,,,,,
2025-04-26 11:59:00,,,,,,,,,,,
2025-04-26 12:14:00,,,,,,,,,,,
2025-04-26 12:29:00,,,,,,,,,,,
2025-04-26 12:44:00,,,,,,,,,,,
2025-04-26 12:59:00,,,,,,,,,,,
2025-04-26 13:14:00,,,,,,,,,,,
2025-04-26 13:29:00,,,,,,,,,,,
2025-04-26 13:44:00,,,,,,,,,,,
2025-04-26 13:59:00,,,,,,,,,,,
2025-04-26 14:14:00,,,,,,,,,,,
2025-04-26 14:29:00,,,,,,,,,,,
2025-04-26 14:44:00,,,,,,,,,,,
2025-04-26 14:59:00,,,,,,,,,,,
2025-04-26 15:14:00,,,,,,,,,,,
2025-04-26 15:29:00,,,,,,,,,,,
2025-04-26 15:44:00,,,,,,,,,,,
2025-04-26 15:59:00,,,,,,,,,,,
2025-04-26 16:14:00,,,,,,,,,,,
2025-04-26 16:29:00,,,,,,,,,,,
2025-04-26 16:44:00,,,,,,,,,,,
2025-04-26 16:59:00,,,,,,,,,,,
2025-04-26 17:14:00,,,,,,,,,,,
2025-04-26 17:29:00,,,,,,,,,,,
2025-04-26 17:44:00,,,,,,,,,,,
2025-04-26 17:59:00,,,,,,,,,,,
2025-04-26 18:14:00,,,,,,,,,,,
2025-04-26 18:29:00,,,,,,,,,,,
2025-04-26 18:44:00,,,,,,,,,,,
2025-04-26 18:59:00,,,,,,,,,,,
2025-04-26 19:14:00,,,,,,,,,,,
2025-04-26 19:29:00,,,,,,,,,,,
2025-04-26 19:44:00,,,,,,,,,,,
2025-04-26 19:59:00,,,,,,,,,,,
2025-04-26 20:14:00,,,,,,,,,,,
2025-04-26 20:29:00,,,,,,,,,,,
2025-04-26 20:44:00,,,,,,,,,,,
2025-04-26 20:59:00,,,,,,,,,,,
2025-04-26 21:14:00,,,,,,,,,,,
2025-04-26 21:29:00,,,,,,,,,,,
2025-04-26 21:44:00,,,,,,,,,,,
2025-04-26 21:59:00,,,,,,,,,,,
2025-04-26 22:14:00,,,,,,,,,,,
2025-04-26 22:29:00,,,,,,,,,,,
2025-04-26 22:44:00,,,,,,,,,,,
2025-04-26 22:59:00,,,,,,,,,,,
2025-04-26 23:14:00,,,,,,,,,,,
2025-04-26 23:29:00,,,,,,,,,,,
2025-04-26 23:44:00,,,,,,,,,,,
2025-04-26 23:59:00,,,,,,,,,,,
2025-04-27 00:14:00,,,,,,,,,,,
2025-04-27 00:29:00,,,,,,,,,,,
2025-04-27 00:44:00,,,,,,,,,,,
2025-04-27 00:59:00,,,,,,,,,,,
2025-04-27 01:14:00,,,,,,,,,,,
2025-04-27 01:29:00,,,,,,,,,,,
2025-04-27 01:44:00,,,,,,,,,,,
2025-04-27 01:59:00,,,,,,,,,,,
2025-04-27 02:14:00,,,,,,,,,,,
2025-04-27 02:29:00,,,,,,,,,,,
2025-04-27 02:44:00,,,,,,,,,,,
2025-04-27 02:59:00,,,,,,,,,,,
2025-04-27 03:14:00,,,,,,,,,,,
2025-04-27 03:29:00,,,,,,,,,,,
2025-04-27 03:44:00,,,,,,,,,,,
2025-04-27 03:59:00,,,,,,,,,,,
2025-04-27 04:14:00,,,,,,,,,,,
2025-04-27 04:29:00,,,,,,,,,,,
2025-04-27 04:44:00,,,,,,,,,,,
2025-04-27 04:59:00,,,,,,,,,,,
2025-04-27 05:14:00,,,,,,,,,,,
2025-04-27 05:29:00,,,,,,,,,,,
2025-04-27 05:44:00,,,,,,,,,,,
2025-04-27 05:59:00,,,,,,,,,,,
2025-04-27 06:14:00,,,,,,,,,,,
2025-04-27 06:29:00,,,,,,,,,,,
2025-04-27 06:44:00,,,,,,,,,,,
2025-04-27 06:59:00,,,,,,,,,,,
2025-04-27 07:14:00,,,,,,,,,,,
2025-04-27 07:29:00,,,,,,,,,,,
2025-04-27 07:44:00,,,,,,,,,,,
2025-04-27 07:59:00,,,,,,,,,,,
2025-04-27 08:14:00,,,,,,,,,,,
2025-04-27 08:29:00,,,,,,,,,,,
2025-04-27 08:44:00,,,,,,,,,,,
2025-04-27 08:59:00,,,,,,,,,,,
2025-04-27 09:14:00,,,,,,,,,,,
2025-04-27 09:29:00,,,,,,,,,,,
2025-04-27 09:44:00,,,,,,,,,,,
2025-04-27 09:59:00,,,,,,,,,,,
2025-04-27 10:14:00,,,,,,,,,,,
2025-04-27 10:29:00,,,,,,,,,,,
2025-04-27 10:44:00,,,,,,,,,,,
2025-04-27 10:59:00,,,,,,,,,,,
2025-04-27 11:14:00,,,,,,,,,,,
2025-04-27 11:29:00,,,,,,,,,,,
2025-04-27 11:44:00,,,,,,,,,,,
2025-04-27 11:59:00,,,,,,,,,,,
2025-04-27 12:14:00,,,,,,,,,,,
2025-04-27 12:29:00,,,,,,,,,,,
2025-04-27 12:44:00,,,,,,,,,,,
2025-04-27 12:59:00,,,,,,,,,,,
2025-04-27 13:14:00,,,,,,,,,,,
2025-04-27 13:29:00,,,,,,,,,,,
2025-04-27 13:44:00,,,,,,,,,,,
2025-04-27 13:59:00,,,,,,,,,,,
2025-04-27 14:14:00,,,,,,,,,,,
2025-04-27 14:29:00,,,,,,,,,,,
2025-04-27 14:44:00,,,,,,,,,,,
2025-04-27 14:59:00,,,,,,,,,,,
2025-04-27 15:14:00,,,,,,,,,,,
2025-04-27 15:29:00,,,,,,,,,,,
2025-04-27 15:44:00,,,,,,,,,,,
2025-04-27 15:59:00,,,,,,,,,,,
2025-04-27 16:14:00,,,,,,,,,,,
2025-04-27 16:29:00,,,,,,,,,,,
2025-04-27 16:44:00,,,,,,,,,,,
2025-04-27 16:59:00,,,,,,,,,,,
2025-04-27 17:14:00,,,,,,,,,,,
2025-04-27 17:29:00,,,,,,,,,,,
2025-04-27 17:44:00,,,,,,,,,,,
2025-04-27 17:59:00,,,,,,,,,,,
2025-04-27 18:14:00,,,,,,,,,,,
2025-04-27 18:29:00,,,,,,,,,,,
2025-04-27 18:44:00,,,,,,,,,,,
2025-04-27 18:59:00,,,,,,,,,,,
2025-04-27 19:14:00,,,,,,,,,,,
2025-04-27 19:29:00,,,,,,,,,,,
2025-04-27 19:44:00,,,,,,,,,,,
2025-04-27 19:59:00,,,,,,,,,,,
2025-04-27 20:14:00,,,,,,,,,,,
2025-04-27 20:29:00,,,,,,,,,,,
2025-04-27 20:44:00,,,,,,,,,,,
2025-04-27 20:59:00,,,,,,,,,,,
2025-04-27 21:14:00,,,,,,,,,,,
2025-04-27 21:29:00,,,,,,,,,,,
2025-04-27 21:44:00,,,,,,,,,,,
2025-04-27 21:59:00,,,,,,,,,,,
2025-04-27 22:14:00,,,,,,,,,,,
2025-04-27 22:29:00,,,,,,,,,,,
2025-04-27 22:44:00,,,,,,,,,,,
2025-04-27 22:59:00,,,,,,,,,,,
2025-04-27 23:14:00,,,,,,,,,,,
2025-04-27 23:29:00,,,,,,,,,,,
2025-04-27 23:44:00,,,,,,,,,,,
2025-04-27 23:59:00,,,,,,,,,,,
2025-04-28 00:14:00,,,,,,,,,,,
2025-04-28 00:29:00,,,,,,,,,,,
2025-04-28 00:44:00,,,,,,,,,,,
2025-04-28 00:59:00,,,,,,,,,,,
2025-04-28 01:14:00,,,,,,,,,,,
2025-04-28 01:29:00,,,,,,,,,,,
2025-04-28 01:44:00,,,,,,,,,,,
2025-04-28 01:59:00,,,,,,,,,,,
2025-04-28 02:14:00,,,,,,,,,,,
2025-04-28 02:29:00,,,,,,,,,,,
2025-04-28 02:44:00,,,,,,,,,,,
2025-04-28 02:59:00,,,,,,,,,,,
2025-04-28 03:14:00,,,,,,,,,,,
2025-04-28 03:29:00,,,,,,,,,,,
2025-04-28 03:44:00,,,,,,,,,,,
2025-04-28 03:59:00,,,,,,,,,,,
2025-04-28 04:14:00,,,,,,,,,,,
2025-04-28 04:29:00,,,,,,,,,,,
2025-04-28 04:44:00,,,,,,,,,,,
2025-04-28 04:59:00,,,,,,,,,,,
2025-04-28 05:14:00,,,,,,,,,,,
2025-04-28 05:29:00,,,,,,,,,,,
2025-04-28 05:44:00,,,,,,,,,,,
2025-04-28 05:59:00,,,,,,,,,,,
2025-04-28 06:14:00,,,,,,,,,,,
2025-04-28 06:29:00,,,,,,,,,,,
2025-04-28 06:44:00,,,,,,,,,,,
2025-04-28 06:59:00,,,,,,,,,,,
2025-04-28 07:14:00,,,,,,,,,,,
2025-04-28 07:29:00,,,,,,,,,,,
2025-04-28 07:44:00,,,,,,,,,,,
2025-04-28 07:59:00,,,,,,,,,,,
2025-04-28 08:14:00,,,,,,,,,,,
2025-04-28 08:29:00,,,,,,,,,,,
2025-04-28 08:44:00,,,,,,,,,,,
2025-04-28 08:59:00,,,,,,,,,,,
2025-04-28 09:14:00,,,,,,,,,,,
2025-04-28 09:29:00,,,,,,,,,,,
2025-04-28 09:44:00,,,,,,,,,,,
2025-04-28 09:59:00,,,,,,,,,,,
2025-04-28 10:14:00,,,,,,,,,,,
2025-04-28 10:29:00,,,,,,,,,,,
2025-04-28 10:44:00,,,,,,,,,,,
2025-04-28 10:59:00,,,,,,,,,,,
2025-04-28 11:14:00,,,,,,,,,,,
2025-04-28 11:29:00,,,,,,,,,,,
2025-04-28 11:44:00,,,,,,,,,,,
2025-04-28 11:59:00,,,,,,,,,,,
2025-04-28 12:14:00,,,,,,,,,,,
2025-04-28 12:29:00,,,,,,,,,,,
2025-04-28 12:44:00,,,,,,,,,,,
2025-04-28 12:59:00,,,,,,,,,,,
2025-04-28 13:14:00,,,,,,,,,,,
2025-04-28 13:29:00,,,,,,,,,,,
2025-04-28 13:44:00,,,,,,,,,,,
2025-04-28 13:59:00,,,,,,,,,,,
2025-04-28 14:14:00,,,,,,,,,,,
2025-04-28 14:29:00,,,,,,,,,,,
2025-04-28 14:44:00,,,,,,,,,,,
2025-04-28 14:59:00,,,,,,,,,,,
2025-04-28 15:14:00,,,,,,,,,,,
2025-04-28 15:29:00,,,,,,,,,,,
2025-04-28 15:44:00,,,,,,,,,,,
2025-04-28 15:59:00,,,,,,,,,,,
2025-04-28 16:14:00,,,,,,,,,,,
2025-04-28 16:29:00,,,,,,,,,,,
2025-04-28 16:44:00,,,,,,,,,,,
2025-04-28 16:59:00,,,,,,,,,,,
2025-04-28 17:14:00,,,,,,,,,,,
2025-04-28 17:29:00,,,,,,,,,,,
2025-04-28 17:44:00,,,,,,,,,,,
2025-04-28 17:59:00,,,,,,,,,,,
2025-04-28 18:14:00,,,,,,,,,,,
2025-04-28 18:29:00,,,,,,,,,,,
2025-04-28 18:44:00,,,,,,,,,,,
2025-04-28 18:59:00,,,,,,,,,,,
2025-04-28 19:14:00,,,,,,,,,,,
2025-04-28 19:29:00,,,,,,,,,,,
2025-04-28 19:44:00,,,,,,,,,,,
2025-04-28 19:59:00,,,,,,,,,,,
2025-04-28 20:14:00,,,,,,,,,,,
2025-04-28 20:29:00,,,,,,,,,,,
2025-04-28 20:44:00,,,,,,,,,,,
2025-04-28 20:59:00,,,,,,,,,,,
2025-04-28 21:14:00,,,,,,,,,,,
2025-04-28 21:29:00,,,,,,,,,,,
2025-04-28 21:44:00,,,,,,,,,,,
2025-04-28 21:59:00,,,,,,,,,,,
2025-04-28 22:14:00,,,,,,,,,,,
2025-04-28 22:29:00,,,,,,,,,,,
2025-04-28 22:44:00,,,,,,,,,,,
2025-04-28 22:59:00,,,,,,,,,,,
2025-04-28 23:14:00,,,,,,,,,,,
2025-04-28 23:29:00,,,,,,,,,,,
2025-04-28 23:44:00,,,,,,,,,,,
2025-04-28 23:59:00,,,,,,,,,,,
2025-04-29 00:14:00,,,,,,,,,,,
2025-04-29 00:29:00,,,,,,,,,,,
2025-04-29 00:44:00,,,,,,,,,,,
2025-04-29 00:59:00,,,,,,,,,,,
2025-04-29 01:14:00,,,,,,,,,,,
2025-04-29 01:29:00,,,,,,,,,,,
2025-04-29 01:44:00,,,,,,,,,,,
2025-04-29 01:59:00,,,,,,,,,,,
2025-04-29 02:14:00,,,,,,,,,,,
2025-04-29 02:29:00,,,,,,,,,,,
2025-04-29 02:44:00,,,,,,,,,,,
2025-04-29 02:59:00,,,,,,,,,,,
2025-04-29 03:14:00,,,,,,,,,,,
2025-04-29 03:29:00,,,,,,,,,,,
2025-04-29 03:44:00,,,,,,,,,,,
2025-04-29 03:59:00,,,,,,,,,,,
2025-04-29 04:14:00,,,,,,,,,,,
2025-04-29 04:29:00,,,,,,,,,,,
2025-04-29 04:44:00,,,,,,,,,,,
2025-04-29 04:59:00,,,,,,,,,,,
2025-04-29 05:14:00,,,,,,,,,,,
2025-04-29 05:29:00,,,,,,,,,,,
2025-04-29 05:44:00,,,,,,,,,,,
2025-04-29 05:59:00,,,,,,,,,,,
2025-04-29 06:14:00,,,,,,,,,,,
2025-04-29 06:29:00,,,,,,,,,,,
2025-04-29 06:44:00,,,,,,,,,,,
2025-04-29 06:59:00,,,,,,,,,,,
2025-04-29 07:14:00,,,,,,,,,,,
2025-04-29 07:29:00,,,,,,,,,,,
2025-04-29 07:44:00,,,,,,,,,,,
2025-04-29 07:59:00,,,,,,,,,,,
2025-04-29 08:14:00,,,,,,,,,,,
2025-04-29 08:29:00,,,,,,,,,,,
2025-04-29 08:44:00,,,,,,,,,,,
2025-04-29 08:59:00,,,,,,,,,,,
2025-04-29 09:14:00,,,,,,,,,,,
2025-04-29 09:29:00,,,,,,,,,,,
2025-04-29 09:44:00,,,,,,,,,,,
2025-04-29 09:59:00,,,,,,,,,,,
2025-04-29 10:14:00,,,,,,,,,,,
2025-04-29 10:29:00,,,,,,,,,,,
2025-04-29 10:44:00,,,,,,,,,,,
2025-04-29 10:59:00,,,,,,,,,,,
2025-04-29 11:14:00,,,,,,,,,,,
2025-04-29 11:29:00,,,,,,,,,,,
2025-04-29 11:44:00,,,,,,,,,,,
2025-04-29 11:59:00,,,,,,,,,,,
2025-04-29 12:14:00,,,,,,,,,,,
2025-04-29 12:29:00,,,,,,,,,,,
2025-04-29 12:44:00,,,,,,,,,,,
2025-04-29 12:59:00,,,,,,,,,,,
2025-04-29 13:14:00,,,,,,,,,,,
2025-04-29 13:29:00,,,,,,,,,,,
2025-04-29 13:44:00,,,,,,,,,,,
2025-04-29 13:59:00,,,,,,,,,,,
2025-04-29 14:14:00,,,,,,,,,,,
2025-04-29 14:29:00,,,,,,,,,,,
2025-04-29 14:44:00,,,,,,,,,,,
2025-04-29 14:59:00,,,,,,,,,,,
2025-04-29 15:14:00,,,,,,,,,,,
2025-04-29 15:29:00,,,,,,,,,,,
2025-04-29 15:44:00,,,,,,,,,,,
2025-04-29 15:59:00,,,,,,,,,,,
2025-04-29 16:14:00,,,,,,,,,,,
2025-04-29 16:29:00,,,,,,,,,,,
2025-04-29 16:44:00,,,,,,,,,,,
2025-04-29 16:59:00,,,,,,,,,,,
2025-04-29 17:14:00,,,,,,,,,,,
2025-04-29 17:29:00,,,,,,,,,,,
2025-04-29 17:44:00,,,,,,,,,,,
2025-04-29 17:59:00,,,,,,,,,,,
2025-04-29 18:14:00,,,,,,,,,,,
2025-04-29 18:29:00,,,,,,,,,,,
2025-04-29 18:44:00,,,,,,,,,,,
2025-04-29 18:59:00,,,,,,,,,,,
2025-04-29 19:14:00,,,,,,,,,,,
2025-04-29 19:29:00,,,,,,,,,,,
2025-04-29 19:44:00,,,,,,,,,,,
2025-04-29 19:59:00,,,,,,,,,,,
2025-04-29 20:14:00,,,,,,,,,,,
2025-04-29 20:29:00,,,,,,,,,,,
2025-04-29 20:44:00,,,,,,,,,,,
2025-04-29 20:59:00,,,,,,,,,,,
2025-04-29 21:14:00,,,,,,,,,,,
2025-04-29 21:29:00,,,,,,,,,,,
2025-04-29 21:44:00,,,,,,,,,,,
2025-04-29 21:59:00,,,,,,,,,,,
2025-04-29 22:14:00,,,,,,,,,,,
2025-04-29 22:29:00,,,,,,,,,,,
2025-04-29 22:44:00,,,,,,,,,,,
2025-04-29 22:59:00,,,,,,,,,,,
2025-04-29 23:14:00,,,,,,,,,,,
2025-04-29 23:29:00,,,,,,,,,,,
2025-04-29 23:44:00,,,,,,,,,,,
2025-04-29 23:59:00,,,,,,,,,,,
2025-04-30 00:14:00,,,,,,,,,,,
2025-04-30 00:29:00,,,,,,,,,,,
2025-04-30 00:44:00,,,,,,,,,,,
2025-04-30 00:59:00,,,,,,,,,,,
2025-04-30 01:14:00,,,,,,,,,,,
2025-04-30 01:29:00,,,,,,,,,,,
2025-04-30 01:44:00,,,,,,,,,,,
2025-04-30 01:59:00,,,,,,,,,,,
2025-04-30 02:14:00,,,,,,,,,,,
2025-04-30 02:29:00,,,,,,,,,,,
2025-04-30 02:44:00,,,,,,,,,,,
2025-04-30 02:59:00,,,,,,,,,,,
2025-04-30 03:14:00,,,,,,,,,,,
2025-04-30 03:29:00,,,,,,,,,,,
2025-04-30 03:44:00,,,,,,,,,,,
2025-04-30 03:59:00,,,,,,,,,,,
2025-04-30 04:14:00,,,,,,,,,,,
2025-04-30 04:29:00,,,,,,,,,,,
2025-04-30 04:44:00,,,,,,,,,,,
2025-04-30 04:59:00,,,,,,,,,,,
2025-04-30 05:14:00,,,,,,,,,,,
2025-04-30 05:29:00,,,,,,,,,,,
2025-04-30 05:44:00,,,,,,,,,,,
2025-04-30 05:59:00,,,,,,,,,,,
2025-04-30 06:14:00,,,,,,,,,,,
2025-04-30 06:29:00,,,,,,,,,,,
2025-04-30 06:44:00,,,,,,,,,,,
2025-04-30 06:59:00,,,,,,,,,,,
2025-04-30 07:14:00,,,,,,,,,,,
2025-04-30 07:29:00,,,,,,,,,,,
2025-04-30 07:44:00,,,,,,,,,,,
2025-04-30 07:59:00,,,,,,,,,,,
2025-04-30 08:14:00,,,,,,,,,,,
2025-04-30 08:29:00,,,,,,,,,,,
2025-04-30 08:44:00,,,,,,,,,,,
2025-04-30 08:59:00,,,,,,,,,,,
2025-04-30 09:14:00,,,,,,,,,,,
2025-04-30 09:29:00,,,,,,,,,,,
2025-04-30 09:44:00,,,,,,,,,,,
2025-04-30 09:59:00,,,,,,,,,,,
2025-04-30 10:14:00,,,,,,,,,,,
2025-04-30 10:29:00,,,,,,,,,,,
2025-04-30 10:44:00,,,,,,,,,,,
2025-04-30 10:59:00,,,,,,,,,,,
2025-04-30 11:14:00,,,,,,,,,,,
2025-04-30 11:29:00,,,,,,,,,,,
2025-04-30 11:44:00,,,,,,,,,,,
2025-04-30 11:59:00,,,,,,,,,,,
2025-04-30 12:14:00,,,,,,,,,,,
2025-04-30 12:29:00,,,,,,,,,,,
2025-04-30 12:44:00,,,,,,,,,,,
2025-04-30 12:59:00,,,,,,,,,,,
2025-04-30 13:14:00,,,,,,,,,,,
2025-04-30 13:29:00,,,,,,,,,,,
2025-04-30 13:44:00,,,,,,,,,,,
2025-04-30 13:59:00,,,,,,,,,,,
2025-04-30 14:14:00,,,,,,,,,,,
2025-04-30 14:29:00,,,,,,,,,,,
2025-04-30 14:44:00,,,,,,,,,,,
2025-04-30 14:59:00,,,,,,,,,,,
2025-04-30 15:14:00,,,,,,,,,,,
2025-04-30 15:29:00,,,,,,,,,,,
2025-04-30 15:44:00,,,,,,,,,,,
2025-04-30 15:59:00,,,,,,,,,,,
2025-04-30 16:14:00,,,,,,,,,,,
2025-04-30 16:29:00,,,,,,,,,,,
2025-04-30 16:44:00,,,,,,,,,,,
2025-04-30 16:59:00,,,,,,,,,,,
2025-04-30 17:14:00,,,,,,,,,,,
2025-04-30 17:29:00,,,,,,,,,,,
2025-04-30 17:44:00,,,,,,,,,,,
2025-04-30 17:59:00,,,,,,,,,,,
2025-04-30 18:14:00,,,,,,,,,,,
2025-04-30 18:29:00,,,,,,,,,,,
2025-04-30 18:44:00,,,,,,,,,,,
2025-04-30 18:59:00,,,,,,,,,,,
2025-04-30 19:14:00,,,,,,,,,,,
2025-04-30 19:29:00,,,,,,,,,,,
2025-04-30 19:44:00,,,,,,,,,,,
2025-04-30 19:59:00,,,,,,,,,,,
2025-04-30 20:14:00,,,,,,,,,,,
2025-04-30 20:29:00,,,,,,,,,,,
2025-04-30 20:44:00,,,,,,,,,,,
2025-04-30 20:59:00,,,,,,,,,,,
2025-04-30 21:14:00,,,,,,,,,,,
2025-04-30 21:29:00,,,,,,,,,,,
2025-04-30 21:44:00,,,,,,,,,,,
2025-04-30 21:59:00,,,,,,,,,,,
2025-04-30 22:14:00,,,,,,,,,,,
2025-04-30 22:29:00,,,,,,,,,,,
2025-04-30 22:44:00,,,,,,,,,,,
2025-04-30 22:59:00,,,,,,,,,,,
2025-04-30 23:14:00,,,,,,,,,,,
2025-04-30 23:29:00,,,,,,,,,,,
2025-04-30 23:44:00,,,,,,,,,,,
2025-04-30 23:59:00,,,,,,,,,,,
2025-05-01 00:14:00,,,,,,,,,,,
2025-05-01 00:29:00,,,,,,,,,,,
2025-05-01 00:44:00,,,,,,,,,,,
2025-05-01 00:59:00,,,,,,,,,,,
2025-05-01 01:14:00,,,,,,,,,,,
2025-05-01 01:29:00,,,,,,,,,,,
2025-05-01 01:44:00,,,,,,,,,,,
2025-05-01 01:59:00,,,,,,,,,,,
2025-05-01 02:14:00,,,,,,,,,,,
2025-05-01 02:29:00,,,,,,,,,,,
2025-05-01 02:44:00,,,,,,,,,,,
2025-05-01 02:59:00,,,,,,,,,,,
2025-05-01 03:14:00,,,,,,,,,,,
2025-05-01 03:29:00,,,,,,,,,,,
2025-05-01 03:44:00,,,,,,,,,,,
2025-05-01 03:59:00,,,,,,,,,,,
2025-05-01 04:14:00,,,,,,,,,,,
2025-05-01 04:29:00,,,,,,,,,,,
2025-05-01 04:44:00,,,,,,,,,,,
2025-05-01 04:59:00,,,,,,,,,,,
2025-05-01 05:14:00,,,,,,,,,,,
2025-05-01 05:29:00,,,,,,,,,,,
2025-05-01 05:44:00,,,,,,,,,,,
2025-05-01 05:59:00,,,,,,,,,,,
2025-05-01 06:14:00,,,,,,,,,,,
2025-05-01 06:29:00,,,,,,,,,,,
2025-05-01 06:44:00,,,,,,,,,,,
2025-05-01 06:59:00,,,,,,,,,,,
2025-05-01 07:14:00,,,,,,,,,,,
2025-05-01 07:29:00,,,,,,,,,,,
2025-05-01 07:44:00,,,,,,,,,,,
2025-05-01 07:59:00,,,,,,,,,,,
2025-05-01 08:14:00,,,,,,,,,,,
2025-05-01 08:29:00,,,,,,,,,,,
2025-05-01 08:44:00,,,,,,,,,,,
2025-05-01 08:59:00,,,,,,,,,,,
2025-05-01 09:14:00,,,,,,,,,,,
2025-05-01 09:29:00,,,,,,,,,,,
2025-05-01 09:44:00,,,,,,,,,,,
2025-05-01 09:59:00,,,,,,,,,,,
2025-05-01 10:14:00,,,,,,,,,,,
2025-05-01 10:29:00,,,,,,,,,,,
2025-05-01 10:44:00,,,,,,,,,,,
2025-05-01 10:59:00,,,,,,,,,,,
2025-05-01 11:14:00,,,,,,,,,,,
2025-05-01 11:29:00,,,,,,,,,,,
2025-05-01 11:44:00,,,,,,,,,,,
2025-05-01 11:59:00,,,,,,,,,,,
2025-05-01 12:14:00,,,,,,,,,,,
2025-05-01 12:29:00,,,,,,,,,,,
2025-05-01 12:44:00,,,,,,,,,,,
2025-05-01 12:59:00,,,,,,,,,,,
2025-05-01 13:14:00,,,,,,,,,,,
2025-05-01 13:29:00,,,,,,,,,,,
2025-05-01 13:44:00,,,,,,,,,,,
2025-05-01 13:59:00,,,,,,,,,,,
2025-05-01 14:14:00,,,,,,,,,,,
2025-05-01 14:29:00,,,,,,,,,,,
2025-05-01 14:44:00,,,,,,,,,,,
2025-05-01 14:59:00,,,,,,,,,,,
2025-05-01 15:14:00,,,,,,,,,,,
2025-05-01 15:29:00,,,,,,,,,,,
2025-05-01 15:44:00,,,,,,,,,,,
2025-05-01 15:59:00,,,,,,,,,,,
2025-05-01 16:14:00,,,,,,,,,,,
2025-05-01 16:29:00,,,,,,,,,,,
2025-05-01 16:44:00,,,,,,,,,,,
2025-05-01 16:59:00,,,,,,,,,,,
2025-05-01 17:14:00,,,,,,,,,,,
2025-05-01 17:29:00,,,,,,,,,,,
2025-05-01 17:44:00,,,,,,,,,,,
2025-05-01 17:59:00,,,,,,,,,,,
2025-05-01 18:14:00,,,,,,,,,,,
2025-05-01 18:29:00,,,,,,,,,,,
2025-05-01 18:44:00,,,,,,,,,,,
2025-05-01 18:59:00,,,,,,,,,,,
2025-05-01 19:14:00,,,,,,,,,,,
2025-05-01 19:29:00,,,,,,,,,,,
2025-05-01 19:44:00,,,,,,,,,,,
2025-05-01 19:59:00,,,,,,,,,,,
2025-05-01 20:14:00,,,,,,,,,,,
2025-05-01 20:29:00,,,,,,,,,,,
2025-05-01 20:44:00,,,,,,,,,,,
2025-05-01 20:59:00,,,,,,,,,,,
2025-05-01 21:14:00,,,,,,,,,,,
2025-05-01 21:29:00,,,,,,,,,,,
2025-05-01 21:44:00,,,,,,,,,,,
2025-05-01 21:59:00,,,,,,,,,,,
2025-05-01 22:14:00,,,,,,,,,,,
2025-05-01 22:29:00,,,,,,,,,,,
2025-05-01 22:44:00,,,,,,,,,,,
2025-05-01 22:59:00,,,,,,,,,,,
2025-05-01 23:14:00,,,,,,,,,,,
2025-05-01 23:29:00,,,,,,,,,,,
2025-05-01 23:44:00,,,,,,,,,,,
2025-05-01 23:59:00,,,,,,,,,,,
2025-05-02 00:14:00,,,,,,,,,,,
2025-05-02 00:29:00,,,,,,,,,,,
2025-05-02 00:44:00,,,,,,,,,,,
2025-05-02 00:59:00,,,,,,,,,,,
2025-05-02 01:14:00,,,,,,,,,,,
2025-05-02 01:29:00,,,,,,,,,,,
2025-05-02 01:44:00,,,,,,,,,,,
2025-05-02 01:59:00,,,,,,,,,,,
2025-05-02 02:14:00,,,,,,,,,,,
2025-05-02 02:29:00,,,,,,,,,,,
2025-05-02 02:44:00,,,,,,,,,,,
2025-05-02 02:59:00,,,,,,,,,,,
2025-05-02 03:14:00,,,,,,,,,,,
2025-05-02 03:29:00,,,,,,,,,,,
2025-05-02 03:44:00,,,,,,,,,,,
2025-05-02 03:59:00,,,,,,,,,,,
2025-05-02 04:14:00,,,,,,,,,,,
2025-05-02 04:29:00,,,,,,,,,,,
2025-05-02 04:44:00,,,,,,,,,,,
2025-05-02 04:59:00,,,,,,,,,,,
2025-05-02 05:14:00,,,,,,,,,,,
2025-05-02 05:29:00,,,,,,,,,,,
2025-05-02 05:44:00,,,,,,,,,,,
2025-05-02 05:59:00,,,,,,,,,,,
2025-05-02 06:14:00,,,,,,,,,,,
2025-05-02 06:29:00,,,,,,,,,,,
2025-05-02 06:44:00,,,,,,,,,,,
2025-05-02 06:59:00,,,,,,,,,,,
2025-05-02 07:14:00,,,,,,,,,,,
2025-05-02 07:29:00,,,,,,,,,,,
2025-05-02 07:44:00,,,,,,,,,,,
2025-05-02 07:59:00,,,,,,,,,,,
2025-05-02 08:14:00,,,,,,,,,,,
2025-05-02 08:29:00,,,,,,,,,,,
2025-05-02 08:44:00,,,,,,,,,,,
2025-05-02 08:59:00,,,,,,,,,,,
2025-05-02 09:14:00,,,,,,,,,,,
2025-05-02 09:29:00,,,,,,,,,,,
2025-05-02 09:44:00,,,,,,,,,,,
2025-05-02 09:59:00,,,,,,,,,,,
2025-05-02 10:14:00,,,,,,,,,,,
2025-05-02 10:29:00,,,,,,,,,,,
2025-05-02 10:44:00,,,,,,,,,,,
2025-05-02 10:59:00,,,,,,,,,,,
2025-05-02 11:14:00,,,,,,,,,,,
2025-05-02 11:29:00,,,,,,,,,,,
2025-05-02 11:44:00,,,,,,,,,,,
2025-05-02 11:59:00,,,,,,,,,,,
2025-05-02 12:14:00,,,,,,,,,,,
2025-05-02 12:29:00,,,,,,,,,,,
2025-05-02 12:44:00,,,,,,,,,,,
2025-05-02 12:59:00,,,,,,,,,,,
2025-05-02 13:14:00,,,,,,,,,,,
2025-05-02 13:29:00,,,,,,,,,,,
2025-05-02 13:44:00,,,,,,,,,,,
2025-05-02 13:59:00,,,,,,,,,,,
2025-05-02 14:14:00,,,,,,,,,,,
2025-05-02 14:29:00,,,,,,,,,,,
2025-05-02 14:44:00,,,,,,,,,,,
2025-05-02 14:59:00,,,,,,,,,,,
2025-05-02 15:14:00,,,,,,,,,,,
2025-05-02 15:29:00,,,,,,,,,,,
2025-05-02 15:44:00,,,,,,,,,,,
2025-05-02 15:59:00,,,,,,,,,,,
2025-05-02 16:14:00,,,,,,,,,,,
2025-05-02 16:29:00,,,,,,,,,,,
2025-05-02 16:44:00,,,,,,,,,,,
2025-05-02 16:59:00,,,,,,,,,,,
2025-05-02 17:14:00,,,,,,,,,,,
2025-05-02 17:29:00,,,,,,,,,,,
2025-05-02 17:44:00,,,,,,,,,,,
2025-05-02 17:59:00,,,,,,,,,,,
2025-05-02 18:14:00,,,,,,,,,,,
2025-05-02 18:29:00,,,,,,,,,,,
2025-05-02 18:44:00,,,,,,,,,,,
2025-05-02 18:59:00,,,,,,,,,,,
2025-05-02 19:14:00,,,,,,,,,,,
2025-05-02 19:29:00,,,,,,,,,,,
2025-05-02 19:44:00,,,,,,,,,,,
2025-05-02 19:59:00,,,,,,,,,,,
2025-05-02 20:14:00,,,,,,,,,,,
2025-05-02 20:29:00,,,,,,,,,,,
2025-05-02 20:44:00,,,,,,,,,,,
2025-05-02 20:59:00,,,,,,,,,,,
2025-05-02 21:14:00,,,,,,,,,,,
2025-05-02 21:29:00,,,,,,,,,,,
2025-05-02 21:44:00,,,,,,,,,,,
2025-05-02 21:59:00,,,,,,,,,,,
2025-05-02 22:14:00,,,,,,,,,,,
2025-05-02 22:29:00,,,,,,,,,,,
2025-05-02 22:44:00,,,,,,,,,,,
2025-05-02 22:59:00,,,,,,,,,,,
2025-05-02 23:14:00,,,,,,,,,,,
2025-05-02 23:29:00,,,,,,,,,,,
2025-05-02 23:44:00,,,,,,,,,,,
2025-05-02 23:59:00,,,,,,,,,,,
2025-05-03 00:14:00,,,,,,,,,,,
2025-05-03 00:29:00,,,,,,,,,,,
2025-05-03 00:44:00,,,,,,,,,,,
2025-05-03 00:59:00,,,,,,,,,,,
2025-05-03 01:14:00,,,,,,,,,,,
2025-05-03 01:29:00,,,,,,,,,,,
2025-05-03 01:44:00,,,,,,,,,,,
2025-05-03 01:59:00,,,,,,,,,,,
2025-05-03 02:14:00,,,,,,,,,,,
2025-05-03 02:29:00,,,,,,,,,,,
2025-05-03 02:44:00,,,,,,,,,,,
2025-05-03 02:59:00,,,,,,,,,,,
2025-05-03 03:14:00,,,,,,,,,,,
2025-05-03 03:29:00,,,,,,,,,,,
2025-05-03 03:44:00,,,,,,,,,,,
2025-05-03 03:59:00,,,,,,,,,,,
2025-05-03 04:14:00,,,,,,,,,,,
2025-05-03 04:29:00,,,,,,,,,,,
2025-05-03 04:44:00,,,,,,,,,,,
2025-05-03 04:59:00,,,,,,,,,,,
2025-05-03 05:14:00,,,,,,,,,,,
2025-05-03 05:29:00,,,,,,,,,,,
2025-05-03 05:44:00,,,,,,,,,,,
2025-05-03 05:59:00,,,,,,,,,,,
2025-05-03 06:14:00,,,,,,,,,,,
2025-05-03 06:29:00,,,,,,,,,,,
2025-05-03 06:44:00,,,,,,,,,,,
2025-05-03 06:59:00,,,,,,,,,,,
2025-05-03 07:14:00,,,,,,,,,,,
2025-05-03 07:29:00,,,,,,,,,,,
2025-05-03 07:44:00,,,,,,,,,,,
2025-05-03 07:59:00,,,,,,,,,,,
2025-05-03 08:14:00,,,,,,,,,,,
2025-05-03 08:29:00,,,,,,,,,,,
2025-05-03 08:44:00,,,,,,,,,,,
2025-05-03 08:59:00,,,,,,,,,,,
2025-05-03 09:14:00,,,,,,,,,,,
2025-05-03 09:29:00,,,,,,,,,,,
2025-05-03 09:44:00,,,,,,,,,,,
2025-05-03 09:59:00,,,,,,,,,,,
2025-05-03 10:14:00,,,,,,,,,,,
2025-05-03 10:29:00,,,,,,,,,,,
2025-05-03 10:44:00,,,,,,,,,,,
2025-05-03 10:59:00,,,,,,,,,,,
2025-05-03 11:14:00,,,,,,,,,,,
2025-05-03 11:29:00,,,,,,,,,,,
2025-05-03 11:44:00,,,,,,,,,,,
2025-05-03 11:59:00,,,,,,,,,,,
2025-05-03 12:14:00,,,,,,,,,,,
2025-05-03 12:29:00,,,,,,,,,,,
2025-05-03 12:44:00,,,,,,,,,,,
2025-05-03 12:59:00,,,,,,,,,,,
2025-05-03 13:14:00,,,,,,,,,,,
2025-05-03 13:29:00,,,,,,,,,,,
2025-05-03 13:44:00,,,,,,,,,,,
2025-05-03 13:59:00,,,,,,,,,,,
2025-05-03 14:14:00,,,,,,,,,,,
2025-05-03 14:29:00,,,,,,,,,,,
2025-05-03 14:44:00,,,,,,,,,,,
2025-05-03 14:59:00,,,,,,,,,,,
2025-05-03 15:14:00,,,,,,,,,,,
2025-05-03 15:29:00,,,,,,,,,,,
2025-05-03 15:44:00,,,,,,,,,,,
2025-05-03 15:59:00,,,,,,,,,,,
2025-05-03 16:14:00,,,,,,,,,,,
2025-05-03 16:29:00,,,,,,,,,,,
2025-05-03 16:44:00,,,,,,,,,,,
2025-05-03 16:59:00,,,,,,,,,,,
2025-05-03 17:14:00,,,,,,,,,,,
2025-05-03 17:29:00,,,,,,,,,,,
2025-05-03 17:44:00,,,,,,,,,,,
2025-05-03 17:59:00,,,,,,,,,,,
2025-05-03 18:14:00,,,,,,,,,,,
2025-05-03 18:29:00,,,,,,,,,,,
2025-05-03 18:44:00,,,,,,,,,,,
2025-05-03 18:59:00,,,,,,,,,,,
2025-05-03 19:14:00,,,,,,,,,,,
2025-05-03 19:29:00,,,,,,,,,,,
2025-05-03 19:44:00,,,,,,,,,,,
2025-05-03 19:59:00,,,,,,,,,,,
2025-05-03 20:14:00,,,,,,,,,,,
2025-05-03 20:29:00,,,,,,,,,,,
2025-05-03 20:44:00,,,,,,,,,,,
2025-05-03 20:59:00,,,,,,,,,,,
2025-05-03 21:14:00,,,,,,,,,,,
2025-05-03 21:29:00,,,,,,,,,,,
2025-05-03 21:44:00,,,,,,,,,,,
2025-05-03 21:59:00,,,,,,,,,,,
2025-05-03 22:14:00,,,,,,,,,,,
2025-05-03 22:29:00,,,,,,,,,,,
2025-05-03 22:44:00,,,,,,,,,,,
2025-05-03 22:59:00,,,,,,,,,,,
2025-05-03 23:14:00,,,,,,,,,,,
2025-05-03 23:29:00,,,,,,,,,,,
2025-05-03 23:44:00,,,,,,,,,,,
2025-05-03 23:59:00,,,,,,,,,,,
2025-05-04 00:14:00,,,,,,,,,,,
2025-05-04 00:29:00,,,,,,,,,,,
2025-05-04 00:44:00,,,,,,,,,,,
2025-05-04 00:59:00,,,,,,,,,,,
2025-05-04 01:14:00,,,,,,,,,,,
2025-05-04 01:29:00,,,,,,,,,,,
2025-05-04 01:44:00,,,,,,,,,,,
2025-05-04 01:59:00,,,,,,,,,,,
2025-05-04 02:14:00,,,,,,,,,,,
2025-05-04 02:29:00,,,,,,,,,,,
2025-05-04 02:44:00,,,,,,,,,,,
2025-05-04 02:59:00,,,,,,,,,,,
2025-05-04 03:14:00,,,,,,,,,,,
2025-05-04 03:29:00,,,,,,,,,,,
2025-05-04 03:44:00,,,,,,,,,,,
2025-05-04 03:59:00,,,,,,,,,,,
2025-05-04 04:14:00,,,,,,,,,,,
2025-05-04 04:29:00,,,,,,,,,,,
2025-05-04 04:44:00,,,,,,,,,,,
2025-05-04 04:59:00,,,,,,,,,,,
2025-05-04 05:14:00,,,,,,,,,,,
2025-05-04 05:29:00,,,,,,,,,,,
2025-05-04 05:44:00,,,,,,,,,,,
2025-05-04 05:59:00,,,,,,,,,,,
2025-05-04 06:14:00,,,,,,,,,,,
2025-05-04 06:29:00,,,,,,,,,,,
2025-05-04 06:44:00,,,,,,,,,,,
2025-05-04 06:59:00,,,,,,,,,,,
2025-05-04 07:14:00,,,,,,,,,,,
2025-05-04 07:29:00,,,,,,,,,,,
2025-05-04 07:44:00,,,,,,,,,,,
2025-05-04 07:59:00,,,,,,,,,,,
2025-05-04 08:14:00,,,,,,,,,,,
2025-05-04 08:29:00,,,,,,,,,,,
2025-05-04 08:44:00,,,,,,,,,,,
2025-05-04 08:59:00,,,,,,,,,,,
2025-05-04 09:14:00,,,,,,,,,,,
2025-05-04 09:29:00,,,,,,,,,,,
2025-05-04 09:44:00,,,,,,,,,,,
2025-05-04 09:59:00,,,,,,,,,,,
2025-05-04 10:14:00,,,,,,,,,,,
2025-05-04 10:29:00,,,,,,,,,,,
2025-05-04 10:44:00,,,,,,,,,,,
2025-05-04 10:59:00,,,,,,,,,,,
2025-05-04 11:14:00,,,,,,,,,,,
2025-05-04 11:29:00,,,,,,,,,,,
2025-05-04 11:44:00,,,,,,,,,,,
2025-05-04 11:59:00,,,,,,,,,,,
2025-05-04 12:14:00,,,,,,,,,,,
2025-05-04 12:29:00,,,,,,,,,,,
2025-05-04 12:44:00,,,,,,,,,,,
2025-05-04 12:59:00,,,,,,,,,,,
2025-05-04 13:14:00,,,,,,,,,,,
2025-05-04 13:29:00,,,,,,,,,,,
2025-05-04 13:44:00,,,,,,,,,,,
2025-05-04 13:59:00,,,,,,,,,,,
2025-05-04 14:14:00,,,,,,,,,,,
2025-05-04 14:29:00,,,,,,,,,,,
2025-05-04 14:44:00,,,,,,,,,,,
2025-05-04 14:59:00,,,,,,,,,,,
2025-05-04 15:14:00,,,,,,,,,,,
2025-05-04 15:29:00,,,,,,,,,,,
2025-05-04 15:44:00,,,,,,,,,,,
2025-05-04 15:59:00,,,,,,,,,,,
2025-05-04 16:14:00,,,,,,,,,,,
2025-05-04 16:29:00,,,,,,,,,,,
2025-05-04 16:44:00,,,,,,,,,,,
2025-05-04 16:59:00,,,,,,,,,,,
2025-05-04 17:14:00,,,,,,,,,,,
2025-05-04 17:29:00,,,,,,,,,,,
2025-05-04 17:44:00,,,,,,,,,,,
2025-05-04 17:59:00,,,,,,,,,,,
2025-05-04 18:14:00,,,,,,,,,,,
2025-05-04 18:29:00,,,,,,,,,,,
2025-05-04 18:44:00,,,,,,,,,,,
2025-05-04 18:59:00,,,,,,,,,,,
2025-05-04 19:14:00,,,,,,,,,,,
2025-05-04 19:29:00,,,,,,,,,,,
2025-05-04 19:44:00,,,,,,,,,,,
2025-05-04 19:59:00,,,,,,,,,,,
2025-05-04 20:14:00,,,,,,,,,,,
2025-05-04 20:29:00,,,,,,,,,,,
2025-05-04 20:44:00,,,,,,,,,,,
2025-05-04 20:59:00,,,,,,,,,,,
2025-05-04 21:14:00,,,,,,,,,,,
2025-05-04 21:29:00,,,,,,,,,,,
2025-05-04 21:44:00,,,,,,,,,,,
2025-05-04 21:59:00,,,,,,,,,,,
2025-05-04 22:14:00,,,,,,,,,,,
2025-05-04 22:29:00,,,,,,,,,,,
2025-05-04 22:44:00,,,,,,,,,,,
2025-05-04 22:59:00,,,,,,,,,,,
2025-05-04 23:14:00,,,,,,,,,,,
2025-05-04 23:29:00,,,,,,,,,,,
2025-05-04 23:44:00,,,,,,,,,,,
2025-05-04 23:59:00,,,,,,,,,,,
2025-05-05 00:14:00,,,,,,,,,,,
2025-05-05 00:29:00,,,,,,,,,,,
2025-05-05 00:44:00,,,,,,,,,,,
2025-05-05 00:59:00,,,,,,,,,,,
2025-05-05 01:14:00,,,,,,,,,,,
2025-05-05 01:29:00,,,,,,,,,,,
2025-05-05 01:44:00,,,,,,,,,,,
2025-05-05 01:59:00,,,,,,,,,,,
2025-05-05 02:14:00,,,,,,,,,,,
2025-05-05 02:29:00,,,,,,,,,,,
2025-05-05 02:44:00,,,,,,,,,,,
2025-05-05 02:59:00,,,,,,,,,,,
2025-05-05 03:14:00,,,,,,,,,,,
2025-05-05 03:29:00,,,,,,,,,,,
2025-05-05 03:44:00,,,,,,,,,,,
2025-05-05 03:59:00,,,,,,,,,,,
2025-05-05 04:14:00,,,,,,,,,,,
2025-05-05 04:29:00,,,,,,,,,,,
2025-05-05 04:44:00,,,,,,,,,,,
2025-05-05 04:59:00,,,,,,,,,,,
2025-05-05 05:14:00,,,,,,,,,,,
2025-05-05 05:29:00,,,,,,,,,,,
2025-05-05 05:44:00,,,,,,,,,,,
2025-05-05 05:59:00,,,,,,,,,,,
2025-05-05 06:14:00,,,,,,,,,,,
2025-05-05 06:29:00,,,,,,,,,,,
2025-05-05 06:44:00,,,,,,,,,,,
2025-05-05 06:59:00,,,,,,,,,,,
2025-05-05 07:14:00,,,,,,,,,,,
2025-05-05 07:29:00,,,,,,,,,,,
2025-05-05 07:44:00,,,,,,,,,,,
2025-05-05 07:59:00,,,,,,,,,,,
2025-05-05 08:14:00,,,,,,,,,,,
2025-05-05 08:29:00,,,,,,,,,,,
2025-05-05 08:44:00,,,,,,,,,,,
2025-05-05 08:59:00,,,,,,,,,,,
2025-05-05 09:14:00,,,,,,,,,,,
2025-05-05 09:29:00,,,,,,,,,,,
2025-05-05 09:44:00,,,,,,,,,,,
2025-05-05 09:59:00,,,,,,,,,,,
2025-05-05 10:14:00,,,,,,,,,,,
2025-05-05 10:29:00,,,,,,,,,,,
2025-05-05 10:44:00,,,,,,,,,,,
2025-05-05 10:59:00,,,,,,,,,,,
2025-05-05 11:14:00,,,,,,,,,,,
2025-05-05 11:29:00,,,,,,,,,,,
2025-05-05 11:44:00,,,,,,,,,,,
2025-05-05 11:59:00,,,,,,,,,,,
2025-05-05 12:14:00,,,,,,,,,,,
2025-05-05 12:29:00,,,,,,,,,,,
2025-05-05 12:44:00,,,,,,,,,,,
2025-05-05 12:59:00,,,,,,,,,,,
2025-05-05 13:14:00,,,,,,,,,,,
2025-05-05 13:29:00,,,,,,,,,,,
2025-05-05 13:44:00,,,,,,,,,,,
2025-05-05 13:59:00,,,,,,,,,,,
2025-05-05 14:14:00,,,,,,,,,,,
2025-05-05 14:29:00,,,,,,,,,,,
2025-05-05 14:44:00,,,,,,,,,,,
2025-05-05 14:59:00,,,,,,,,,,,
2025-05-05 15:14:00,,,,,,,,,,,
2025-05-05 15:29:00,,,,,,,,,,,
2025-05-05 15:44:00,,,,,,,,,,,
2025-05-05 15:59:00,,,,,,,,,,,
2025-05-05 16:14:00,,,,,,,,,,,
2025-05-05 16:29:00,,,,,,,,,,,
2025-05-05 16:44:00,,,,,,,,,,,
2025-05-05 16:59:00,,,,,,,,,,,
2025-05-05 17:14:00,,,,,,,,,,,
2025-05-05 17:29:00,,,,,,,,,,,
2025-05-05 17:44:00,,,,,,,,,,,
2025-05-05 17:59:00,,,,,,,,,,,
2025-05-05 18:14:00,,,,,,,,,,,
2025-05-05 18:29:00,,,,,,,,,,,
2025-05-05 18:44:00,,,,,,,,,,,
2025-05-05 18:59:00,,,,,,,,,,,
2025-05-05 19:14:00,,,,,,,,,,,
2025-05-05 19:29:00,,,,,,,,,,,
2025-05-05 19:44:00,,,,,,,,,,,
2025-05-05 19:59:00,,,,,,,,,,,
2025-05-05 20:14:00,,,,,,,,,,,
2025-05-05 20:29:00,,,,,,,,,,,
2025-05-05 20:44:00,,,,,,,,,,,
2025-05-05 20:59:00,,,,,,,,,,,
2025-05-05 21:14:00,,,,,,,,,,,
2025-05-05 21:29:00,,,,,,,,,,,
2025-05-05 21:44:00,,,,,,,,,,,
2025-05-05 21:59:00,,,,,,,,,,,
2025-05-05 22:14:00,,,,,,,,,,,
2025-05-05 22:29:00,,,,,,,,,,,
2025-05-05 22:44:00,,,,,,,,,,,
2025-05-05 22:59:00,,,,,,,,,,,
2025-05-05 23:14:00,,,,,,,,,,,
2025-05-05 23:29:00,,,,,,,,,,,
2025-05-05 23:44:00,,,,,,,,,,,
2025-05-05 23:59:00,,,,,,,,,,,
2025-05-06 00:14:00,,,,,,,,,,,
2025-05-06 00:29:00,,,,,,,,,,,
2025-05-06 00:44:00,,,,,,,,,,,
2025-05-06 00:59:00,,,,,,,,,,,
2025-05-06 01:14:00,,,,,,,,,,,
2025-05-06 01:29:00,,,,,,,,,,,
2025-05-06 01:44:00,,,,,,,,,,,
2025-05-06 01:59:00,,,,,,,,,,,
2025-05-06 02:14:00,,,,,,,,,,,
2025-05-06 02:29:00,,,,,,,,,,,
2025-05-06 02:44:00,,,,,,,,,,,
2025-05-06 02:59:00,,,,,,,,,,,
2025-05-06 03:14:00,,,,,,,,,,,
2025-05-06 03:29:00,,,,,,,,,,,
2025-05-06 03:44:00,,,,,,,,,,,
2025-05-06 03:59:00,,,,,,,,,,,
2025-05-06 04:14:00,,,,,,,,,,,
2025-05-06 04:29:00,,,,,,,,,,,
2025-05-06 04:44:00,,,,,,,,,,,
2025-05-06 04:59:00,,,,,,,,,,,
2025-05-06 05:14:00,,,,,,,,,,,
2025-05-06 05:29:00,,,,,,,,,,,
2025-05-06 05:44:00,,,,,,,,,,,
2025-05-06 05:59:00,,,,,,,,,,,
2025-05-06 06:14:00,,,,,,,,,,,
2025-05-06 06:29:00,,,,,,,,,,,
2025-05-06 06:44:00,,,,,,,,,,,
2025-05-06 06:59:00,,,,,,,,,,,
2025-05-06 07:14:00,,,,,,,,,,,
2025-05-06 07:29:00,,,,,,,,,,,
2025-05-06 07:44:00,,,,,,,,,,,
2025-05-06 07:59:00,,,,,,,,,,,
2025-05-06 08:14:00,,,,,,,,,,,
2025-05-06 08:29:00,,,,,,,,,,,
2025-05-06 08:44:00,,,,,,,,,,,
2025-05-06 08:59:00,,,,,,,,,,,
2025-05-06 09:14:00,,,,,,,,,,,
2025-05-06 09:29:00,,,,,,,,,,,
2025-05-06 09:44:00,,,,,,,,,,,
2025-05-06 09:59:00,,,,,,,,,,,
2025-05-06 10:14:00,,,,,,,,,,,
2025-05-06 10:29:00,,,,,,,,,,,
2025-05-06 10:44:00,,,,,,,,,,,
2025-05-06 10:59:00,,,,,,,,,,,
2025-05-06 11:14:00,,,,,,,,,,,
2025-05-06 11:29:00,,,,,,,,,,,
2025-05-06 11:44:00,,,,,,,,,,,
2025-05-06 11:59:00,,,,,,,,,,,
2025-05-06 12:14:00,,,,,,,,,,,
2025-05-06 12:29:00,,,,,,,,,,,
2025-05-06 12:44:00,,,,,,,,,,,
2025-05-06 12:59:00,,,,,,,,,,,
2025-05-06 13:14:00,,,,,,,,,,,
2025-05-06 13:29:00,,,,,,,,,,,
2025-05-06 13:44:00,,,,,,,,,,,
2025-05-06 13:59:00,,,,,,,,,,,
2025-05-06 14:14:00,,,,,,,,,,,
2025-05-06 14:29:00,,,,,,,,,,,
2025-05-06 14:44:00,,,,,,,,,,,
2025-05-06 14:59:00,,,,,,,,,,,
2025-05-06 15:14:00,,,,,,,,,,,
2025-05-06 15:29:00,,,,,,,,,,,
2025-05-06 15:44:00,,,,,,,,,,,
2025-05-06 15:59:00,,,,,,,,,,,
2025-05-06 16:14:00,,,,,,,,,,,
2025-05-06 16:29:00,,,,,,,,,,,
2025-05-06 16:44:00,,,,,,,,,,,
2025-05-06 16:59:00,,,,,,,,,,,
2025-05-06 17:14:00,,,,,,,,,,,
2025-05-06 17:29:00,,,,,,,,,,,
2025-05-06 17:44:00,,,,,,,,,,,
2025-05-06 17:59:00,,,,,,,,,,,
2025-05-06 18:14:00,,,,,,,,,,,
2025-05-06 18:29:00,,,,,,,,,,,
2025-05-06 18:44:00,,,,,,,,,,,
2025-05-06 18:59:00,,,,,,,,,,,
2025-05-06 19:14:00,,,,,,,,,,,
2025-05-06 19:29:00,,,,,,,,,,,
2025-05-06 19:44:00,,,,,,,,,,,
2025-05-06 19:59:00,,,,,,,,,,,
2025-05-06 20:14:00,,,,,,,,,,,
2025-05-06 20:29:00,,,,,,,,,,,
2025-05-06 20:44:00,,,,,,,,,,,
2025-05-06 20:59:00,,,,,,,,,,,
2025-05-06 21:14:00,,,,,,,,,,,
2025-05-06 21:29:00,,,,,,,,,,,
2025-05-06 21:44:00,,,,,,,,,,,
2025-05-06 21:59:00,,,,,,,,,,,
2025-05-06 22:14:00,,,,,,,,,,,
2025-05-06 22:29:00,,,,,,,,,,,
2025-05-06 22:44:00,,,,,,,,,,,
2025-05-06 22:59:00,,,,,,,,,,,
2025-05-06 23:14:00,,,,,,,,,,,
2025-05-06 23:29:00,,,,,,,,,,,
2025-05-06 23:44:00,,,,,,,,,,,
2025-05-06 23:59:00,,,,,,,,,,,
2025-05-07 00:14:00,,,,,,,,,,,
2025-05-07 00:29:00,,,,,,,,,,,
2025-05-07 00:44:00,,,,,,,,,,,
2025-05-07 00:59:00,,,,,,,,,,,
2025-05-07 01:14:00,,,,,,,,,,,
2025-05-07 01:29:00,,,,,,,,,,,
2025-05-07 01:44:00,,,,,,,,,,,
2025-05-07 01:59:00,,,,,,,,,,,
2025-05-07 02:14:00,,,,,,,,,,,
2025-05-07 02:29:00,,,,,,,,,,,
2025-05-07 02:44:00,,,,,,,,,,,
2025-05-07 02:59:00,,,,,,,,,,,
2025-05-07 03:14:00,,,,,,,,,,,
2025-05-07 03:29:00,,,,,,,,,,,
2025-05-07 03:44:00,,,,,,,,,,,
2025-05-07 03:59:00,,,,,,,,,,,
2025-05-07 04:14:00,,,,,,,,,,,
2025-05-07 04:29:00,,,,,,,,,,,
2025-05-07 04:44:00,,,,,,,,,,,
2025-05-07 04:59:00,,,,,,,,,,,
2025-05-07 05:14:00,,,,,,,,,,,
2025-05-07 05:29:00,,,,,,,,,,,
2025-05-07 05:44:00,,,,,,,,,,,
2025-05-07 05:59:00,,,,,,,,,,,
2025-05-07 06:14:00,,,,,,,,,,,
2025-05-07 06:29:00,,,,,,,,,,,
2025-05-07 06:44:00,,,,,,,,,,,
2025-05-07 06:59:00,,,,,,,,,,,
2025-05-07 07:14:00,,,,,,,,,,,
2025-05-07 07:29:00,,,,,,,,,,,
2025-05-07 07:44:00,,,,,,,,,,,
2025-05-07 07:59:00,,,,,,,,,,,
2025-05-07 08:14:00,,,,,,,,,,,
2025-05-07 08:29:00,,,,,,,,,,,
2025-05-07 08:44:00,,,,,,,,,,,
2025-05-07 08:59:00,,,,,,,,,,,
2025-05-07 09:14:00,,,,,,,,,,,
2025-05-07 09:29:00,,,,,,,,,,,
2025-05-07 09:44:00,,,,,,,,,,,
2025-05-07 09:59:00,,,,,,,,,,,
2025-05-07 10:14:00,,,,,,,,,,,
2025-05-07 10:29:00,,,,,,,,,,,
2025-05-07 10:44:00,,,,,,,,,,,
2025-05-07 10:59:00,,,,,,,,,,,
2025-05-07 11:14:00,,,,,,,,,,,
2025-05-07 11:29:00,,,,,,,,,,,
2025-05-07 11:44:00,,,,,,,,,,,
2025-05-07 11:59:00,,,,,,,,,,,
2025-05-07 12:14:00,,,,,,,,,,,
2025-05-07 12:29:00,,,,,,,,,,,
2025-05-07 12:44:00,,,,,,,,,,,
2025-05-07 12:59:00,,,,,,,,,,,
2025-05-07 13:14:00,,,,,,,,,,,
2025-05-07 13:29:00,,,,,,,,,,,
2025-05-07 13:44:00,,,,,,,,,,,
2025-05-07 13:59:00,,,,,,,,,,,
2025-05-07 14:14:00,,,,,,,,,,,
2025-05-07 14:29:00,,,,,,,,,,,
2025-05-07 14:44:00,,,,,,,,,,,
2025-05-07 14:59:00,,,,,,,,,,,
2025-05-07 15:14:00,,,,,,,,,,,
2025-05-07 15:29:00,,,,,,,,,,,
2025-05-07 15:44:00,,,,,,,,,,,
2025-05-07 15:59:00,,,,,,,,,,,
2025-05-07 16:14:00,,,,,,,,,,,
2025-05-07 16:29:00,,,,,,,,,,,
2025-05-07 16:44:00,,,,,,,,,,,
2025-05-07 16:59:00,,,,,,,,,,,
2025-05-07 17:14:00,,,,,,,,,,,
2025-05-07 17:29:00,,,,,,,,,,,
2025-05-07 17:44:00,,,,,,,,,,,
2025-05-07 17:59:00,,,,,,,,,,,
2025-05-07 18:14:00,,,,,,,,,,,
2025-05-07 18:29:00,,,,,,,,,,,
2025-05-07 18:44:00,,,,,,,,,,,
2025-05-07 18:59:00,,,,,,,,,,,
2025-05-07 19:14:00,,,,,,,,,,,
2025-05-07 19:29:00,,,,,,,,,,,
2025-05-07 19:44:00,,,,,,,,,,,
2025-05-07 19:59:00,,,,,,,,,,,
2025-05-07 20:14:00,,,,,,,,,,,
2025-05-07 20:29:00,,,,,,,,,,,
2025-05-07 20:44:00,,,,,,,,,,,
2025-05-07 20:59:00,,,,,,,,,,,
2025-05-07 21:14:00,,,,,,,,,,,
2025-05-07 21:29:00,,,,,,,,,,,
2025-05-07 21:44:00,,,,,,,,,,,
2025-05-07 21:59:00,,,,,,,,,,,
2025-05-07 22:14:00,,,,,,,,,,,
2025-05-07 22:29:00,,,,,,,,,,,
2025-05-07 22:44:00,,,,,,,,,,,
2025-05-07 22:59:00,,,,,,,,,,,
2025-05-07 23:14:00,,,,,,,,,,,
2025-05-07 23:29:00,,,,,,,,,,,
2025-05-07 23:44:00,,,,,,,,,,,
2025-05-07 23:59:00,,,,,,,,,,,
2025-05-08 00:14:00,,,,,,,,,,,
2025-05-08 00:29:00,,,,,,,,,,,
2025-05-08 00:44:00,,,,,,,,,,,
2025-05-08 00:59:00,,,,,,,,,,,
2025-05-08 01:14:00,,,,,,,,,,,
2025-05-08 01:29:00,,,,,,,,,,,
2025-05-08 01:44:00,,,,,,,,,,,
2025-05-08 01:59:00,,,,,,,,,,,
2025-05-08 02:14:00,,,,,,,,,,,
2025-05-08 02:29:00,,,,,,,,,,,
2025-05-08 02:44:00,,,,,,,,,,,
2025-05-08 02:59:00,,,,,,,,,,,
2025-05-08 03:14:00,,,,,,,,,,,
2025-05-08 03:29:00,,,,,,,,,,,
2025-05-08 03:44:00,,,,,,,,,,,
2025-05-08 03:59:00,,,,,,,,,,,
2025-05-08 04:14:00,,,,,,,,,,,
2025-05-08 04:29:00,,,,,,,,,,,
2025-05-08 04:44:00,,,,,,,,,,,
2025-05-08 04:59:00,,,,,,,,,,,
2025-05-08 05:14:00,,,,,,,,,,,
2025-05-08 05:29:00,,,,,,,,,,,
2025-05-08 05:44:00,,,,,,,,,,,
2025-05-08 05:59:00,,,,,,,,,,,
2025-05-08 06:14:00,,,,,,,,,,,
2025-05-08 06:29:00,,,,,,,,,,,
2025-05-08 06:44:00,,,,,,,,,,,
2025-05-08 06:59:00,,,,,,,,,,,
2025-05-08 07:14:00,,,,,,,,,,,
2025-05-08 07:29:00,,,,,,,,,,,
2025-05-08 07:44:00,,,,,,,,,,,
2025-05-08 07:59:00,,,,,,,,,,,
2025-05-08 08:14:00,,,,,,,,,,,
2025-05-08 08:29:00,,,,,,,,,,,
2025-05-08 08:44:00,,,,,,,,,,,
2025-05-08 08:59:00,,,,,,,,,,,
2025-05-08 09:14:00,,,,,,,,,,,
2025-05-08 09:29:00,,,,,,,,,,,
2025-05-08 09:44:00,,,,,,,,,,,
2025-05-08 09:59:00,,,,,,,,,,,
2025-05-08 10:14:00,,,,,,,,,,,
2025-05-08 10:29:00,,,,,,,,,,,
2025-05-08 10:44:00,,,,,,,,,,,
2025-05-08 10:59:00,,,,,,,,,,,
2025-05-08 11:14:00,,,,,,,,,,,
2025-05-08 11:29:00,,,,,,,,,,,
2025-05-08 11:44:00,,,,,,,,,,,
2025-05-08 11:59:00,,,,,,,,,,,
2025-05-08 12:14:00,,,,,,,,,,,
2025-05-08 12:29:00,,,,,,,,,,,
2025-05-08 12:44:00,,,,,,,,,,,
2025-05-08 12:59:00,,,,,,,,,,,
2025-05-08 13:14:00,,,,,,,,,,,
2025-05-08 13:29:00,,,,,,,,,,,
2025-05-08 13:44:00,,,,,,,,,,,
2025-05-08 13:59:00,,,,,,,,,,,
2025-05-08 14:14:00,,,,,,,,,,,
2025-05-08 14:29:00,,,,,,,,,,,
2025-05-08 14:44:00,,,,,,,,,,,
2025-05-08 14:59:00,,,,,,,,,,,
2025-05-08 15:14:00,,,,,,,,,,,
2025-05-08 15:29:00,,,,,,,,,,,
2025-05-08 15:44:00,,,,,,,,,,,
2025-05-08 15:59:00,,,,,,,,,,,
2025-05-08 16:14:00,,,,,,,,,,,
2025-05-08 16:29:00,,,,,,,,,,,
2025-05-08 16:44:00,,,,,,,,,,,
2025-05-08 16:59:00,,,,,,,,,,,
2025-05-08 17:14:00,,,,,,,,,,,
2025-05-08 17:29:00,,,,,,,,,,,
2025-05-08 17:44:00,,,,,,,,,,,
2025-05-08 17:59:00,,,,,,,,,,,
2025-05-08 18:14:00,,,,,,,,,,,
2025-05-08 18:29:00,,,,,,,,,,,
2025-05-08 18:44:00,,,,,,,,,,,
2025-05-08 18:59:00,,,,,,,,,,,
2025-05-08 19:14:00,,,,,,,,,,,
2025-05-08 19:29:00,,,,,,,,,,,
2025-05-08 19:44:00,,,,,,,,,,,
2025-05-08 19:59:00,,,,,,,,,,,
2025-05-08 20:14:00,,,,,,,,,,,
2025-05-08 20:29:00,,,,,,,,,,,
2025-05-08 20:44:00,,,,,,,,,,,
2025-05-08 20:59:00,,,,,,,,,,,
2025-05-08 21:14:00,,,,,,,,,,,
2025-05-08 21:29:00,,,,,,,,,,,
2025-05-08 21:44:00,,,,,,,,,,,
2025-05-08 21:59:00,,,,,,,,,,,
2025-05-08 22:14:00,,,,,,,,,,,
2025-05-08 22:29:00,,,,,,,,,,,
2025-05-08 22:44:00,,,,,,,,,,,
2025-05-08 22:59:00,,,,,,,,,,,
2025-05-08 23:14:00,,,,,,,,,,,
2025-05-08 23:29:00,,,,,,,,,,,
2025-05-08 23:44:00,,,,,,,,,,,
2025-05-08 23:59:00,,,,,,,,,,,
2025-05-09 00:14:00,,,,,,,,,,,
2025-05-09 00:29:00,,,,,,,,,,,
2025-05-09 00:44:00,,,,,,,,,,,
2025-05-09 00:59:00,,,,,,,,,,,
2025-05-09 01:14:00,,,,,,,,,,,
2025-05-09 01:29:00,,,,,,,,,,,
2025-05-09 01:44:00,,,,,,,,,,,
2025-05-09 01:59:00,,,,,,,,,,,
2025-05-09 02:14:00,,,,,,,,,,,
2025-05-09 02:29:00,,,,,,,,,,,
2025-05-09 02:44:00,,,,,,,,,,,
2025-05-09 02:59:00,,,,,,,,,,,
2025-05-09 03:14:00,,,,,,,,,,,
2025-05-09 03:29:00,,,,,,,,,,,
2025-05-09 03:44:00,,,,,,,,,,,
2025-05-09 03:59:00,,,,,,,,,,,
2025-05-09 04:14:00,,,,,,,,,,,
2025-05-09 04:29:00,,,,,,,,,,,
2025-05-09 04:44:00,,,,,,,,,,,
2025-05-09 04:59:00,,,,,,,,,,,
2025-05-09 05:14:00,,,,,,,,,,,
2025-05-09 05:29:00,,,,,,,,,,,
2025-05-09 05:44:00,,,,,,,,,,,
2025-05-09 05:59:00,,,,,,,,,,,
2025-05-09 06:14:00,,,,,,,,,,,
2025-05-09 06:29:00,,,,,,,,,,,
2025-05-09 06:44:00,,,,,,,,,,,
2025-05-09 06:59:00,,,,,,,,,,,
2025-05-09 07:14:00,,,,,,,,,,,
2025-05-09 07:29:00,,,,,,,,,,,
2025-05-09 07:44:00,,,,,,,,,,,
2025-05-09 07:59:00,,,,,,,,,,,
2025-05-09 08:14:00,,,,,,,,,,,
2025-05-09 08:29:00,,,,,,,,,,,
2025-05-09 08:44:00,,,,,,,,,,,
2025-05-09 08:59:00,,,,,,,,,,,
2025-05-09 09:14:00,,,,,,,,,,,
2025-05-09 09:29:00,,,,,,,,,,,
2025-05-09 09:44:00,,,,,,,,,,,
2025-05-09 09:59:00,,,,,,,,,,,
2025-05-09 10:14:00,,,,,,,,,,,
2025-05-09 10:29:00,,,,,,,,,,,
2025-05-09 10:44:00,,,,,,,,,,,
2025-05-09 10:59:00,,,,,,,,,,,
2025-05-09 11:14:00,,,,,,,,,,,
2025-05-09 11:29:00,,,,,,,,,,,
2025-05-09 11:44:00,,,,,,,,,,,
2025-05-09 11:59:00,,,,,,,,,,,
2025-05-09 12:14:00,,,,,,,,,,,
2025-05-09 12:29:00,,,,,,,,,,,
2025-05-09 12:44:00,,,,,,,,,,,
2025-05-09 12:59:00,,,,,,,,,,,
2025-05-09 13:14:00,,,,,,,,,,,
2025-05-09 13:29:00,,,,,,,,,,,
2025-05-09 13:44:00,,,,,,,,,,,
2025-05-09 13:59:00,,,,,,,,,,,
2025-05-09 14:14:00,,,,,,,,,,,
2025-05-09 14:29:00,,,,,,,,,,,
2025-05-09 14:44:00,,,,,,,,,,,
2025-05-09 14:59:00,,,,,,,,,,,
2025-05-09 15:14:00,,,,,,,,,,,
2025-05-09 15:29:00,,,,,,,,,,,
2025-05-09 15:44:00,,,,,,,,,,,
2025-05-09 15:59:00,,,,,,,,,,,
2025-05-09 16:14:00,,,,,,,,,,,
2025-05-09 16:29:00,,,,,,,,,,,
2025-05-09 16:44:00,,,,,,,,,,,
2025-05-09 16:59:00,,,,,,,,,,,
2025-05-09 17:14:00,,,,,,,,,,,
2025-05-09 17:29:00,,,,,,,,,,,
2025-05-09 17:44:00,,,,,,,,,,,
2025-05-09 17:59:00,,,,,,,,,,,
2025-05-09 18:14:00,,,,,,,,,,,
2025-05-09 18:29:00,,,,,,,,,,,
2025-05-09 18:44:00,,,,,,,,,,,
2025-05-09 18:59:00,,,,,,,,,,,
2025-05-09 19:14:00,,,,,,,,,,,
2025-05-09 19:29:00,,,,,,,,,,,
2025-05-09 19:44:00,,,,,,,,,,,
2025-05-09 19:59:00,,,,,,,,,,,
2025-05-09 20:14:00,,,,,,,,,,,
2025-05-09 20:29:00,,,,,,,,,,,
2025-05-09 20:44:00,,,,,,,,,,,
2025-05-09 20:59:00,,,,,,,,,,,
2025-05-09 21:14:00,,,,,,,,,,,
2025-05-09 21:29:00,,,,,,,,,,,
2025-05-09 21:44:00,,,,,,,,,,,
2025-05-09 21:59:00,,,,,,,,,,,
2025-05-09 22:14:00,,,,,,,,,,,
2025-05-09 22:29:00,,,,,,,,,,,
2025-05-09 22:44:00,,,,,,,,,,,
2025-05-09 22:59:00,,,,,,,,,,,
2025-05-09 23:14:00,,,,,,,,,,,
2025-05-09 23:29:00,,,,,,,,,,,
2025-05-09 23:44:00,,,,,,,,,,,
2025-05-09 23:59:00,,,,,,,,,,,
2025-05-10 00:14:00,,,,,,,,,,,
2025-05-10 00:29:00,,,,,,,,,,,
2025-05-10 00:44:00,,,,,,,,,,,
2025-05-10 00:59:00,,,,,,,,,,,
2025-05-10 01:14:00,,,,,,,,,,,
2025-05-10 01:29:00,,,,,,,,,,,
2025-05-10 01:44:00,,,,,,,,,,,
2025-05-10 01:59:00,,,,,,,,,,,
2025-05-10 02:14:00,,,,,,,,,,,
2025-05-10 02:29:00,,,,,,,,,,,
2025-05-10 02:44:00,,,,,,,,,,,
2025-05-10 02:59:00,,,,,,,,,,,
2025-05-10 03:14:00,,,,,,,,,,,
2025-05-10 03:29:00,,,,,,,,,,,
2025-05-10 03:44:00,,,,,,,,,,,
2025-05-10 03:59:00,,,,,,,,,,,
2025-05-10 04:14:00,,,,,,,,,,,
2025-05-10 04:29:00,,,,,,,,,,,
2025-05-10 04:44:00,,,,,,,,,,,
2025-05-10 04:59:00,,,,,,,,,,,
2025-05-10 05:14:00,,,,,,,,,,,
2025-05-10 05:29:00,,,,,,,,,,,
2025-05-10 05:44:00,,,,,,,,,,,
2025-05-10 05:59:00,,,,,,,,,,,
2025-05-10 06:14:00,,,,,,,,,,,
2025-05-10 06:29:00,,,,,,,,,,,
2025-05-10 06:44:00,,,,,,,,,,,
2025-05-10 06:59:00,,,,,,,,,,,
2025-05-10 07:14:00,,,,,,,,,,,
2025-05-10 07:29:00,,,,,,,,,,,
2025-05-10 07:44:00,,,,,,,,,,,
2025-05-10 07:59:00,,,,,,,,,,,
2025-05-10 08:14:00,,,,,,,,,,,
2025-05-10 08:29:00,,,,,,,,,,,
2025-05-10 08:44:00,,,,,,,,,,,
2025-05-10 08:59:00,,,,,,,,,,,
2025-05-10 09:14:00,,,,,,,,,,,
2025-05-10 09:29:00,,,,,,,,,,,
2025-05-10 09:44:00,,,,,,,,,,,
2025-05-10 09:59:00,,,,,,,,,,,
2025-05-10 10:14:00,,,,,,,,,,,
2025-05-10 10:29:00,,,,,,,,,,,
2025-05-10 10:44:00,,,,,,,,,,,
2025-05-10 10:59:00,,,,,,,,,,,
2025-05-10 11:14:00,,,,,,,,,,,
2025-05-10 11:29:00,,,,,,,,,,,
2025-05-10 11:44:00,,,,,,,,,,,
2025-05-10 11:59:00,,,,,,,,,,,
2025-05-10 12:14:00,,,,,,,,,,,
2025-05-10 12:29:00,,,,,,,,,,,
2025-05-10 12:44:00,,,,,,,,,,,
2025-05-10 12:59:00,,,,,,,,,,,
2025-05-10 13:14:00,,,,,,,,,,,
2025-05-10 13:29:00,,,,,,,,,,,
2025-05-10 13:44:00,,,,,,,,,,,
2025-05-10 13:59:00,,,,,,,,,,,
2025-05-10 14:14:00,,,,,,,,,,,
2025-05-10 14:29:00,,,,,,,,,,,
2025-05-10 14:44:00,,,,,,,,,,,
2025-05-10 14:59:00,,,,,,,,,,,
2025-05-10 15:14:00,,,,,,,,,,,
2025-05-10 15:29:00,,,,,,,,,,,
2025-05-10 15:44:00,,,,,,,,,,,
2025-05-10 15:59:00,,,,,,,,,,,
2025-05-10 16:14:00,,,,,,,,,,,
2025-05-10 16:29:00,,,,,,,,,,,
2025-05-10 16:44:00,,,,,,,,,,,
2025-05-10 16:59:00,,,,,,,,,,,
2025-05-10 17:14:00,,,,,,,,,,,
2025-05-10 17:29:00,,,,,,,,,,,
2025-05-10 17:44:00,,,,,,,,,,,
2025-05-10 17:59:00,,,,,,,,,,,
2025-05-10 18:14:00,,,,,,,,,,,
2025-05-10 18:29:00,,,,,,,,,,,
2025-05-10 18:44:00,,,,,,,,,,,
2025-05-10 18:59:00,,,,,,,,,,,
2025-05-10 19:14:00,,,,,,,,,,,
2025-05-10 19:29:00,,,,,,,,,,,
2025-05-10 19:44:00,,,,,,,,,,,
2025-05-10 19:59:00,,,,,,,,,,,
2025-05-10 20:14:00,,,,,,,,,,,
2025-05-10 20:29:00,,,,,,,,,,,
2025-05-10 20:44:00,,,,,,,,,,,
2025-05-10 20:59:00,,,,,,,,,,,
2025-05-10 21:14:00,,,,,,,,,,,
2025-05-10 21:29:00,,,,,,,,,,,
2025-05-10 21:44:00,,,,,,,,,,,
2025-05-10 21:59:00,,,,,,,,,,,
2025-05-10 22:14:00,,,,,,,,,,,
2025-05-10 22:29:00,,,,,,,,,,,
2025-05-10 22:44:00,,,,,,,,,,,
2025-05-10 22:59:00,,,,,,,,,,,
2025-05-10 23:14:00,,,,,,,,,,,
2025-05-10 23:29:00,,,,,,,,,,,
2025-05-10 23:44:00,,,,,,,,,,,
2025-05-10 23:59:00,,,,,,,,,,,
2025-05-11 00:14:00,,,,,,,,,,,
2025-05-11 00:29:00,,,,,,,,,,,
2025-05-11 00:44:00,,,,,,,,,,,
2025-05-11 00:59:00,,,,,,,,,,,
2025-05-11 01:14:00,,,,,,,,,,,
2025-05-11 01:29:00,,,,,,,,,,,
2025-05-11 01:44:00,,,,,,,,,,,
2025-05-11 01:59:00,,,,,,,,,,,
2025-05-11 02:14:00,,,,,,,,,,,
2025-05-11 02:29:00,,,,,,,,,,,
2025-05-11 02:44:00,,,,,,,,,,,
2025-05-11 02:59:00,,,,,,,,,,,
2025-05-11 03:14:00,,,,,,,,,,,
2025-05-11 03:29:00,,,,,,,,,,,
2025-05-11 03:44:00,,,,,,,,,,,
2025-05-11 03:59:00,,,,,,,,,,,
2025-05-11 04:14:00,,,,,,,,,,,
2025-05-11 04:29:00,,,,,,,,,,,
2025-05-11 04:44:00,,,,,,,,,,,
2025-05-11 04:59:00,,,,,,,,,,,
2025-05-11 05:14:00,,,,,,,,,,,
2025-05-11 05:29:00,,,,,,,,,,,
2025-05-11 05:44:00,,,,,,,,,,,
2025-05-11 05:59:00,,,,,,,,,,,
2025-05-11 06:14:00,,,,,,,,,,,
2025-05-11 06:29:00,,,,,,,,,,,
2025-05-11 06:44:00,,,,,,,,,,,
2025-05-11 06:59:00,,,,,,,,,,,
2025-05-11 07:14:00,,,,,,,,,,,
2025-05-11 07:29:00,,,,,,,,,,,
2025-05-11 07:44:00,,,,,,,,,,,
2025-05-11 07:59:00,,,,,,,,,,,
2025-05-11 08:14:00,,,,,,,,,,,
2025-05-11 08:29:00,,,,,,,,,,,
2025-05-11 08:44:00,,,,,,,,,,,
2025-05-11 08:59:00,,,,,,,,,,,
2025-05-11 09:14:00,,,,,,,,,,,
2025-05-11 09:29:00,,,,,,,,,,,
2025-05-11 09:44:00,,,,,,,,,,,
2025-05-11 09:59:00,,,,,,,,,,,
2025-05-11 10:14:00,,,,,,,,,,,
2025-05-11 10:29:00,,,,,,,,,,,
2025-05-11 10:44:00,,,,,,,,,,,
2025-05-11 10:59:00,,,,,,,,,,,
2025-05-11 11:14:00,,,,,,,,,,,
2025-05-11 11:29:00,,,,,,,,,,,
2025-05-11 11:44:00,,,,,,,,,,,
2025-05-11 11:59:00,,,,,,,,,,,
2025-05-11 12:14:00,,,,,,,,,,,
2025-05-11 12:29:00,,,,,,,,,,,
2025-05-11 12:44:00,,,,,,,,,,,
2025-05-11 12:59:00,,,,,,,,,,,
2025-05-11 13:14:00,,,,,,,,,,,
2025-05-11 13:29:00,,,,,,,,,,,
2025-05-11 13:44:00,,,,,,,,,,,
2025-05-11 13:59:00,,,,,,,,,,,
2025-05-11 14:14:00,,,,,,,,,,,
2025-05-11 14:29:00,,,,,,,,,,,
2025-05-11 14:44:00,,,,,,,,,,,
2025-05-11 14:59:00,,,,,,,,,,,
2025-05-11 15:14:00,,,,,,,,,,,
2025-05-11 15:29:00,,,,,,,,,,,
2025-05-11 15:44:00,,,,,,,,,,,
2025-05-11 15:59:00,,,,,,,,,,,
2025-05-11 16:14:00,,,,,,,,,,,
2025-05-11 16:29:00,,,,,,,,,,,
2025-05-11 16:44:00,,,,,,,,,,,
2025-05-11 16:59:00,,,,,,,,,,,
2025-05-11 17:14:00,,,,,,,,,,,
2025-05-11 17:29:00,,,,,,,,,,,
2025-05-11 17:44:00,,,,,,,,,,,
2025-05-11 17:59:00,,,,,,,,,,,
2025-05-11 18:14:00,,,,,,,,,,,
2025-05-11 18:29:00,,,,,,,,,,,
2025-05-11 18:44:00,,,,,,,,,,,
2025-05-11 18:59:00,,,,,,,,,,,
2025-05-11 19:14:00,,,,,,,,,,,
2025-05-11 19:29:00,,,,,,,,,,,
2025-05-11 19:44:00,,,,,,,,,,,
2025-05-11 19:59:00,,,,,,,,,,,
2025-05-11 20:14:00,,,,,,,,,,,
2025-05-11 20:29:00,,,,,,,,,,,
2025-05-11 20:44:00,,,,,,,,,,,
2025-05-11 20:59:00,,,,,,,,,,,
2025-05-11 21:14:00,,,,,,,,,,,
2025-05-11 21:29:00,,,,,,,,,,,
2025-05-11 21:44:00,,,,,,,,,,,
2025-05-11 21:59:00,,,,,,,,,,,
2025-05-11 22:14:00,,,,,,,,,,,
2025-05-11 22:29:00,,,,,,,,,,,
2025-05-11 22:44:00,,,,,,,,,,,
2025-05-11 22:59:00,,,,,,,,,,,
2025-05-11 23:14:00,,,,,,,,,,,
2025-05-11 23:29:00,,,,,,,,,,,
2025-05-11 23:44:00,,,,,,,,,,,
2025-05-11 23:59:00,,,,,,,,,,,
2025-05-12 00:14:00,,,,,,,,,,,
2025-05-12 00:29:00,,,,,,,,,,,
2025-05-12 00:44:00,,,,,,,,,,,
2025-05-12 00:59:00,,,,,,,,,,,
2025-05-12 01:14:00,,,,,,,,,,,
2025-05-12 01:29:00,,,,,,,,,,,
2025-05-12 01:44:00,,,,,,,,,,,
2025-05-12 01:59:00,,,,,,,,,,,
2025-05-12 02:14:00,,,,,,,,,,,
2025-05-12 02:29:00,,,,,,,,,,,
2025-05-12 02:44:00,,,,,,,,,,,
2025-05-12 02:59:00,,,,,,,,,,,
2025-05-12 03:14:00,,,,,,,,,,,
2025-05-12 03:29:00,,,,,,,,,,,
2025-05-12 03:44:00,,,,,,,,,,,
2025-05-12 03:59:00,,,,,,,,,,,
2025-05-12 04:14:00,,,,,,,,,,,
2025-05-12 04:29:00,,,,,,,,,,,
2025-05-12 04:44:00,,,,,,,,,,,
2025-05-12 04:59:00,,,,,,,,,,,
2025-05-12 05:14:00,,,,,,,,,,,
2025-05-12 05:29:00,,,,,,,,,,,
2025-05-12 05:44:00,,,,,,,,,,,
2025-05-12 05:59:00,,,,,,,,,,,
2025-05-12 06:14:00,,,,,,,,,,,
2025-05-12 06:29:00,,,,,,,,,,,
2025-05-12 06:44:00,,,,,,,,,,,
2025-05-12 06:59:00,,,,,,,,,,,
2025-05-12 07:14:00,,,,,,,,,,,
2025-05-12 07:29:00,,,,,,,,,,,
2025-05-12 07:44:00,,,,,,,,,,,
2025-05-12 07:59:00,,,,,,,,,,,
2025-05-12 08:14:00,,,,,,,,,,,
2025-05-12 08:29:00,,,,,,,,,,,
2025-05-12 08:44:00,,,,,,,,,,,
2025-05-12 08:59:00,,,,,,,,,,,
2025-05-12 09:14:00,,,,,,,,,,,
2025-05-12 09:29:00,,,,,,,,,,,
2025-05-12 09:44:00,,,,,,,,,,,
2025-05-12 09:59:00,,,,,,,,,,,
2025-05-12 10:14:00,,,,,,,,,,,
2025-05-12 10:29:00,,,,,,,,,,,
2025-05-12 10:44:00,,,,,,,,,,,
2025-05-12 10:59:00,,,,,,,,,,,
2025-05-12 11:14:00,,,,,,,,,,,
2025-05-12 11:29:00,,,,,,,,,,,
2025-05-12 11:44:00,,,,,,,,,,,
2025-05-12 11:59:00,,,,,,,,,,,
2025-05-12 12:14:00,,,,,,,,,,,
2025-05-12 12:29:00,,,,,,,,,,,
2025-05-12 12:44:00,,,,,,,,,,,
2025-05-12 12:59:00,,,,,,,,,,,
2025-05-12 13:14:00,,,,,,,,,,,
2025-05-12 13:29:00,,,,,,,,,,,
2025-05-12 13:44:00,,,,,,,,,,,
2025-05-12 13:59:00,,,,,,,,,,,
2025-05-12 14:14:00,,,,,,,,,,,
2025-05-12 14:29:00,,,,,,,,,,,
2025-05-12 14:44:00,,,,,,,,,,,
2025-05-12 14:59:00,,,,,,,,,,,
2025-05-12 15:14:00,,,,,,,,,,,
2025-05-12 15:29:00,,,,,,,,,,,
2025-05-12 15:44:00,,,,,,,,,,,
2025-05-12 15:59:00,,,,,,,,,,,
2025-05-12 16:14:00,,,,,,,,,,,
2025-05-12 16:29:00,,,,,,,,,,,
2025-05-12 16:44:00,,,,,,,,,,,
2025-05-12 16:59:00,,,,,,,,,,,
2025-05-12 17:14:00,,,,,,,,,,,
2025-05-12 17:29:00,,,,,,,,,,,
2025-05-12 17:44:00,,,,,,,,,,,
2025-05-12 17:59:00,,,,,,,,,,,
2025-05-12 18:14:00,,,,,,,,,,,
2025-05-12 18:29:00,,,,,,,,,,,
2025-05-12 18:44:00,,,,,,,,,,,
2025-05-12 18:59:00,,,,,,,,,,,
2025-05-12 19:14:00,,,,,,,,,,,
2025-05-12 19:29:00,,,,,,,,,,,
2025-05-12 19:44:00,,,,,,,,,,,
2025-05-12 19:59:00,,,,,,,,,,,
2025-05-12 20:14:00,,,,,,,,,,,
2025-05-12 20:29:00,,,,,,,,,,,
2025-05-12 20:44:00,,,,,,,,,,,
2025-05-12 20:59:00,,,,,,,,,,,
2025-05-12 21:14:00,,,,,,,,,,,
2025-05-12 21:29:00,,,,,,,,,,,
2025-05-12 21:44:00,,,,,,,,,,,
2025-05-12 21:59:00,,,,,,,,,,,
2025-05-12 22:14:00,,,,,,,,,,,
2025-05-12 22:29:00,,,,,,,,,,,
2025-05-12 22:44:00,,,,,,,,,,,
2025-05-12 22:59:00,,,,,,,,,,,
2025-05-12 23:14:00,,,,,,,,,,,
2025-05-12 23:29:00,,,,,,,,,,,
2025-05-12 23:44:00,,,,,,,,,,,
2025-05-12 23:59:00,,,,,,,,,,,
2025-05-13 00:14:00,,,,,,,,,,,
2025-05-13 00:29:00,,,,,,,,,,,
2025-05-13 00:44:00,,,,,,,,,,,
2025-05-13 00:59:00,,,,,,,,,,,
2025-05-13 01:14:00,,,,,,,,,,,
2025-05-13 01:29:00,,,,,,,,,,,
2025-05-13 01:44:00,,,,,,,,,,,
2025-05-13 01:59:00,,,,,,,,,,,
2025-05-13 02:14:00,,,,,,,,,,,
2025-05-13 02:29:00,,,,,,,,,,,
2025-05-13 02:44:00,,,,,,,,,,,
2025-05-13 02:59:00,,,,,,,,,,,
2025-05-13 03:14:00,,,,,,,,,,,
2025-05-13 03:29:00,,,,,,,,,,,
2025-05-13 03:44:00,,,,,,,,,,,
2025-05-13 03:59:00,,,,,,,,,,,
2025-05-13 04:14:00,,,,,,,,,,,
2025-05-13 04:29:00,,,,,,,,,,,
2025-05-13 04:44:00,,,,,,,,,,,
2025-05-13 04:59:00,,,,,,,,,,,
2025-05-13 05:14:00,,,,,,,,,,,
2025-05-13 05:29:00,,,,,,,,,,,
2025-05-13 05:44:00,,,,,,,,,,,
2025-05-13 05:59:00,,,,,,,,,,,
2025-05-13 06:14:00,,,,,,,,,,,
2025-05-13 06:29:00,,,,,,,,,,,
2025-05-13 06:44:00,,,,,,,,,,,
2025-05-13 06:59:00,,,,,,,,,,,
2025-05-13 07:14:00,,,,,,,,,,,
2025-05-13 07:29:00,,,,,,,,,,,
2025-05-13 07:44:00,,,,,,,,,,,
2025-05-13 07:59:00,,,,,,,,,,,
2025-05-13 08:14:00,,,,,,,,,,,
2025-05-13 08:29:00,,,,,,,,,,,
2025-05-13 08:44:00,,,,,,,,,,,
2025-05-13 08:59:00,,,,,,,,,,,
2025-05-13 09:14:00,,,,,,,,,,,
2025-05-13 09:29:00,,,,,,,,,,,
2025-05-13 09:44:00,,,,,,,,,,,
2025-05-13 09:59:00,,,,,,,,,,,
2025-05-13 10:14:00,,,,,,,,,,,
2025-05-13 10:29:00,,,,,,,,,,,
2025-05-13 10:44:00,,,,,,,,,,,
2025-05-13 10:59:00,,,,,,,,,,,
2025-05-13 11:14:00,,,,,,,,,,,
2025-05-13 11:29:00,,,,,,,,,,,
2025-05-13 11:44:00,,,,,,,,,,,
2025-05-13 11:59:00,,,,,,,,,,,
2025-05-13 12:14:00,,,,,,,,,,,
2025-05-13 12:29:00,,,,,,,,,,,
2025-05-13 12:44:00,,,,,,,,,,,
2025-05-13 12:59:00,,,,,,,,,,,
2025-05-13 13:14:00,,,,,,,,,,,
2025-05-13 13:29:00,,,,,,,,,,,
2025-05-13 13:44:00,,,,,,,,,,,
2025-05-13 13:59:00,,,,,,,,,,,
2025-05-13 14:14:00,,,,,,,,,,,
2025-05-13 14:29:00,,,,,,,,,,,
2025-05-13 14:44:00,,,,,,,,,,,
2025-05-13 14:59:00,,,,,,,,,,,
2025-05-13 15:14:00,,,,,,,,,,,
2025-05-13 15:29:00,,,,,,,,,,,
2025-05-13 15:44:00,,,,,,,,,,,
2025-05-13 15:59:00,,,,,,,,,,,
2025-05-13 16:14:00,,,,,,,,,,,
2025-05-13 16:29:00,,,,,,,,,,,
2025-05-13 16:44:00,,,,,,,,,,,
2025-05-13 16:59:00,,,,,,,,,,,
2025-05-13 17:14:00,,,,,,,,,,,
2025-05-13 17:29:00,,,,,,,,,,,
2025-05-13 17:44:00,,,,,,,,,,,
2025-05-13 17:59:00,,,,,,,,,,,
2025-05-13 18:14:00,,,,,,,,,,,
2025-05-13 18:29:00,,,,,,,,,,,
2025-05-13 18:44:00,,,,,,,,,,,
2025-05-13 18:59:00,,,,,,,,,,,
2025-05-13 19:14:00,,,,,,,,,,,
2025-05-13 19:29:00,,,,,,,,,,,
2025-05-13 19:44:00,,,,,,,,,,,
2025-05-13 19:59:00,,,,,,,,,,,
2025-05-13 20:14:00,,,,,,,,,,,
2025-05-13 20:29:00,,,,,,,,,,,
2025-05-13 20:44:00,,,,,,,,,,,
2025-05-13 20:59:00,,,,,,,,,,,
2025-05-13 21:14:00,,,,,,,,,,,
2025-05-13 21:29:00,,,,,,,,,,,
2025-05-13 21:44:00,,,,,,,,,,,
2025-05-13 21:59:00,,,,,,,,,,,
2025-05-13 22:14:00,,,,,,,,,,,
2025-05-13 22:29:00,,,,,,,,,,,
2025-05-13 22:44:00,,,,,,,,,,,
2025-05-13 22:59:00,,,,,,,,,,,
2025-05-13 23:14:00,,,,,,,,,,,
2025-05-13 23:29:00,,,,,,,,,,,
2025-05-13 23:44:00,,,,,,,,,,,
2025-05-13 23:59:00,,,,,,,,,,,
2025-05-14 00:14:00,,,,,,,,,,,
2025-05-14 00:29:00,,,,,,,,,,,
2025-05-14 00:44:00,,,,,,,,,,,
2025-05-14 00:59:00,,,,,,,,,,,
2025-05-14 01:14:00,,,,,,,,,,,
2025-05-14 01:29:00,,,,,,,,,,,
2025-05-14 01:44:00,,,,,,,,,,,
2025-05-14 01:59:00,,,,,,,,,,,
2025-05-14 02:14:00,,,,,,,,,,,
2025-05-14 02:29:00,,,,,,,,,,,
2025-05-14 02:44:00,,,,,,,,,,,
2025-05-14 02:59:00,,,,,,,,,,,
2025-05-14 03:14:00,,,,,,,,,,,
2025-05-14 03:29:00,,,,,,,,,,,
2025-05-14 03:44:00,,,,,,,,,,,
2025-05-14 03:59:00,,,,,,,,,,,
2025-05-14 04:14:00,,,,,,,,,,,
2025-05-14 04:29:00,,,,,,,,,,,
2025-05-14 04:44:00,,,,,,,,,,,
2025-05-14 04:59:00,,,,,,,,,,,
2025-05-14 05:14:00,,,,,,,,,,,
2025-05-14 05:29:00,,,,,,,,,,,
2025-05-14 05:44:00,,,,,,,,,,,
2025-05-14 05:59:00,,,,,,,,,,,
2025-05-14 06:14:00,,,,,,,,,,,
2025-05-14 06:29:00,,,,,,,,,,,
2025-05-14 06:44:00,,,,,,,,,,,
2025-05-14 06:59:00,,,,,,,,,,,
2025-05-14 07:14:00,,,,,,,,,,,
2025-05-14 07:29:00,,,,,,,,,,,
2025-05-14 07:44:00,,,,,,,,,,,
2025-05-14 07:59:00,,,,,,,,,,,
2025-05-14 08:14:00,,,,,,,,,,,
2025-05-14 08:29:00,,,,,,,,,,,
2025-05-14 08:44:00,,,,,,,,,,,
2025-05-14 08:59:00,,,,,,,,,,,
2025-05-14 09:14:00,,,,,,,,,,,
2025-05-14 09:29:00,,,,,,,,,,,
2025-05-14 09:44:00,,,,,,,,,,,
2025-05-14 09:59:00,,,,,,,,,,,
2025-05-14 10:14:00,,,,,,,,,,,
2025-05-14 10:29:00,,,,,,,,,,,
2025-05-14 10:44:00,,,,,,,,,,,
2025-05-14 10:59:00,,,,,,,,,,,
2025-05-14 11:14:00,,,,,,,,,,,
2025-05-14 11:29:00,,,,,,,,,,,
2025-05-14 11:44:00,,,,,,,,,,,
2025-05-14 11:59:00,,,,,,,,,,,
2025-05-14 12:14:00,,,,,,,,,,,
2025-05-14 12:29:00,,,,,,,,,,,
2025-05-14 12:44:00,,,,,,,,,,,
2025-05-14 12:59:00,,,,,,,,,,,
2025-05-14 13:14:00,,,,,,,,,,,
2025-05-14 13:29:00,,,,,,,,,,,
2025-05-14 13:44:00,,,,,,,,,,,
2025-05-14 13:59:00,,,,,,,,,,,
2025-05-14 14:14:00,,,,,,,,,,,
2025-05-14 14:29:00,,,,,,,,,,,
2025-05-14 14:44:00,,,,,,,,,,,
2025-05-14 14:59:00,,,,,,,,,,,
2025-05-14 15:14:00,,,,,,,,,,,
2025-05-14 15:29:00,,,,,,,,,,,
2025-05-14 15:44:00,,,,,,,,,,,
2025-05-14 15:59:00,,,,,,,,,,,
2025-05-14 16:14:00,,,,,,,,,,,
2025-05-14 16:29:00,,,,,,,,,,,
2025-05-14 16:44:00,,,,,,,,,,,
2025-05-14 16:59:00,,,,,,,,,,,
2025-05-14 17:14:00,,,,,,,,,,,
2025-05-14 17:29:00,,,,,,,,,,,
2025-05-14 17:44:00,,,,,,,,,,,
2025-05-14 17:59:00,,,,,,,,,,,
2025-05-14 18:14:00,,,,,,,,,,,
2025-05-14 18:29:00,,,,,,,,,,,
2025-05-14 18:44:00,,,,,,,,,,,
2025-05-14 18:59:00,,,,,,,,,,,
2025-05-14 19:14:00,,,,,,,,,,,
2025-05-14 19:29:00,,,,,,,,,,,
2025-05-14 19:44:00,,,,,,,,,,,
2025-05-14 19:59:00,,,,,,,,,,,
2025-05-14 20:14:00,,,,,,,,,,,
2025-05-14 20:29:00,,,,,,,,,,,
2025-05-14 20:44:00,,,,,,,,,,,
2025-05-14 20:59:00,,,,,,,,,,,
2025-05-14 21:14:00,,,,,,,,,,,
2025-05-14 21:29:00,,,,,,,,,,,
2025-05-14 21:44:00,,,,,,,,,,,
2025-05-14 21:59:00,,,,,,,,,,,
2025-05-14 22:14:00,,,,,,,,,,,
2025-05-14 22:29:00,,,,,,,,,,,
2025-05-14 22:44:00,,,,,,,,,,,
2025-05-14 22:59:00,,,,,,,,,,,
2025-05-14 23:14:00,,,,,,,,,,,
2025-05-14 23:29:00,,,,,,,,,,,
2025-05-14 23:44:00,,,,,,,,,,,
2025-05-14 23:59:00,,,,,,,,,,,
2025-05-15 00:14:00,,,,,,,,,,,
2025-05-15 00:29:00,,,,,,,,,,,
2025-05-15 00:44:00,,,,,,,,,,,
2025-05-15 00:59:00,,,,,,,,,,,
2025-05-15 01:14:00,,,,,,,,,,,
2025-05-15 01:29:00,,,,,,,,,,,
2025-05-15 01:44:00,,,,,,,,,,,
2025-05-15 01:59:00,,,,,,,,,,,
2025-05-15 02:14:00,,,,,,,,,,,
2025-05-15 02:29:00,,,,,,,,,,,
2025-05-15 02:44:00,,,,,,,,,,,
2025-05-15 02:59:00,,,,,,,,,,,
2025-05-15 03:14:00,,,,,,,,,,,
2025-05-15 03:29:00,,,,,,,,,,,
2025-05-15 03:44:00,,,,,,,,,,,
2025-05-15 03:59:00,,,,,,,,,,,
2025-05-15 04:14:00,,,,,,,,,,,
2025-05-15 04:29:00,,,,,,,,,,,
2025-05-15 04:44:00,,,,,,,,,,,
2025-05-15 04:59:00,,,,,,,,,,,
2025-05-15 05:14:00,,,,,,,,,,,
2025-05-15 05:29:00,,,,,,,,,,,
2025-05-15 05:44:00,,,,,,,,,,,
2025-05-15 05:59:00,,,,,,,,,,,
2025-05-15 06:14:00,,,,,,,,,,,
2025-05-15 06:29:00,,,,,,,,,,,
2025-05-15 06:44:00,,,,,,,,,,,
2025-05-15 06:59:00,,,,,,,,,,,
2025-05-15 07:14:00,,,,,,,,,,,
2025-05-15 07:29:00,,,,,,,,,,,
2025-05-15 07:44:00,,,,,,,,,,,
2025-05-15 07:59:00,,,,,,,,,,,
2025-05-15 08:14:00,,,,,,,,,,,
2025-05-15 08:29:00,,,,,,,,,,,
2025-05-15 08:44:00,,,,,,,,,,,
2025-05-15 08:59:00,,,,,,,,,,,
2025-05-15 09:14:00,,,,,,,,,,,
2025-05-15 09:29:00,,,,,,,,,,,
2025-05-15 09:44:00,,,,,,,,,,,
2025-05-15 09:59:00,,,,,,,,,,,
2025-05-15 10:14:00,,,,,,,,,,,
2025-05-15 10:29:00,,,,,,,,,,,
2025-05-15 10:44:00,,,,,,,,,,,
2025-05-15 10:59:00,,,,,,,,,,,
2025-05-15 11:14:00,,,,,,,,,,,
2025-05-15 11:29:00,,,,,,,,,,,
2025-05-15 11:44:00,,,,,,,,,,,
2025-05-15 11:59:00,,,,,,,,,,,
2025-05-15 12:14:00,,,,,,,,,,,
2025-05-15 12:29:00,,,,,,,,,,,
2025-05-15 12:44:00,,,,,,,,,,,
2025-05-15 12:59:00,,,,,,,,,,,
2025-05-15 13:14:00,,,,,,,,,,,
2025-05-15 13:29:00,,,,,,,,,,,
2025-05-15 13:44:00,,,,,,,,,,,
2025-05-15 13:59:00,,,,,,,,,,,
2025-05-15 14:14:00,,,,,,,,,,,
2025-05-15 14:29:00,,,,,,,,,,,
2025-05-15 14:44:00,,,,,,,,,,,
2025-05-15 14:59:00,,,,,,,,,,,
2025-05-15 15:14:00,,,,,,,,,,,
2025-05-15 15:29:00,,,,,,,,,,,
2025-05-15 15:44:00,,,,,,,,,,,
2025-05-15 15:59:00,,,,,,,,,,,
2025-05-15 16:14:00,,,,,,,,,,,
2025-05-15 16:29:00,,,,,,,,,,,
2025-05-15 16:44:00,,,,,,,,,,,
2025-05-15 16:59:00,,,,,,,,,,,
2025-05-15 17:14:00,,,,,,,,,,,
2025-05-15 17:29:00,,,,,,,,,,,
2025-05-15 17:44:00,,,,,,,,,,,
2025-05-15 17:59:00,,,,,,,,,,,
2025-05-15 18:14:00,,,,,,,,,,,
2025-05-15 18:29:00,,,,,,,,,,,
2025-05-15 18:44:00,,,,,,,,,,,
2025-05-15 18:59:00,,,,,,,,,,,
2025-05-15 19:14:00,,,,,,,,,,,
2025-05-15 19:29:00,,,,,,,,,,,
2025-05-15 19:44:00,,,,,,,,,,,
2025-05-15 19:59:00,,,,,,,,,,,
2025-05-15 20:14:00,,,,,,,,,,,
2025-05-15 20:29:00,,,,,,,,,,,
2025-05-15 20:44:00,,,,,,,,,,,
2025-05-15 20:59:00,,,,,,,,,,,
2025-05-15 21:14:00,,,,,,,,,,,
2025-05-15 21:29:00,,,,,,,,,,,
2025-05-15 21:44:00,,,,,,,,,,,
2025-05-15 21:59:00,,,,,,,,,,,
2025-05-15 22:14:00,,,,,,,,,,,
2025-05-15 22:29:00,,,,,,,,,,,
2025-05-15 22:44:00,,,,,,,,,,,
2025-05-15 22:59:00,,,,,,,,,,,
2025-05-15 23:14:00,,,,,,,,,,,
2025-05-15 23:29:00,,,,,,,,,,,
2025-05-15 23:44:00,,,,,,,,,,,
2025-05-15 23:59:00,,,,,,,,,,,
2025-05-16 00:14:00,,,,,,,,,,,
2025-05-16 00:29:00,,,,,,,,,,,
2025-05-16 00:44:00,,,,,,,,,,,
2025-05-16 00:59:00,,,,,,,,,,,
2025-05-16 01:14:00,,,,,,,,,,,
2025-05-16 01:29:00,,,,,,,,,,,
2025-05-16 01:44:00,,,,,,,,,,,
2025-05-16 01:59:00,,,,,,,,,,,
2025-05-16 02:14:00,,,,,,,,,,,
2025-05-16 02:29:00,,,,,,,,,,,
2025-05-16 02:44:00,,,,,,,,,,,
2025-05-16 02:59:00,,,,,,,,,,,
2025-05-16 03:14:00,,,,,,,,,,,
2025-05-16 03:29:00,,,,,,,,,,,
2025-05-16 03:44:00,,,,,,,,,,,
2025-05-16 03:59:00,,,,,,,,,,,
2025-05-16 04:14:00,,,,,,,,,,,
2025-05-16 04:29:00,,,,,,,,,,,
2025-05-16 04:44:00,,,,,,,,,,,
2025-05-16 04:59:00,,,,,,,,,,,
2025-05-16 05:14:00,,,,,,,,,,,
2025-05-16 05:29:00,,,,,,,,,,,
2025-05-16 05:44:00,,,,,,,,,,,
2025-05-16 05:59:00,,,,,,,,,,,
2025-05-16 06:14:00,,,,,,,,,,,
2025-05-16 06:29:00,,,,,,,,,,,
2025-05-16 06:44:00,,,,,,,,,,,
2025-05-16 06:59:00,,,,,,,,,,,
2025-05-16 07:14:00,,,,,,,,,,,
2025-05-16 07:29:00,,,,,,,,,,,
2025-05-16 07:44:00,,,,,,,,,,,
2025-05-16 07:59:00,,,,,,,,,,,
2025-05-16 08:14:00,,,,,,,,,,,
2025-05-16 08:29:00,,,,,,,,,,,
2025-05-16 08:44:00,,,,,,,,,,,
2025-05-16 08:59:00,,,,,,,,,,,
2025-05-16 09:14:00,,,,,,,,,,,
2025-05-16 09:29:00,,,,,,,,,,,
2025-05-16 09:44:00,,,,,,,,,,,
2025-05-16 09:59:00,,,,,,,,,,,
2025-05-16 10:14:00,,,,,,,,,,,
2025-05-16 10:29:00,,,,,,,,,,,
2025-05-16 10:44:00,,,,,,,,,,,
2025-05-16 10:59:00,,,,,,,,,,,
2025-05-16 11:14:00,,,,,,,,,,,
2025-05-16 11:29:00,,,,,,,,,,,
2025-05-16 11:44:00,,,,,,,,,,,
2025-05-16 11:59:00,,,,,,,,,,,
2025-05-16 12:14:00,,,,,,,,,,,
2025-05-16 12:29:00,,,,,,,,,,,
2025-05-16 12:44:00,,,,,,,,,,,
2025-05-16 12:59:00,,,,,,,,,,,
2025-05-16 13:14:00,,,,,,,,,,,
2025-05-16 13:29:00,,,,,,,,,,,
2025-05-16 13:44:00,,,,,,,,,,,
2025-05-16 13:59:00,,,,,,,,,,,
2025-05-16 14:14:00,,,,,,,,,,,
2025-05-16 14:29:00,,,,,,,,,,,
2025-05-16 14:44:00,,,,,,,,,,,
2025-05-16 14:59:00,,,,,,,,,,,
2025-05-16 15:14:00,,,,,,,,,,,
2025-05-16 15:29:00,,,,,,,,,,,
2025-05-16 15:44:00,,,,,,,,,,,
2025-05-16 15:59:00,,,,,,,,,,,
2025-05-16 16:14:00,,,,,,,,,,,
2025-05-16 16:29:00,,,,,,,,,,,
2025-05-16 16:44:00,,,,,,,,,,,
2025-05-16 16:59:00,,,,,,,,,,,
2025-05-16 17:14:00,,,,,,,,,,,
2025-05-16 17:29:00,,,,,,,,,,,
2025-05-16 17:44:00,,,,,,,,,,,
2025-05-16 17:59:00,,,,,,,,,,,
2025-05-16 18:14:00,,,,,,,,,,,
2025-05-16 18:29:00,,,,,,,,,,,
2025-05-16 18:44:00,,,,,,,,,,,
2025-05-16 18:59:00,,,,,,,,,,,
2025-05-16 19:14:00,,,,,,,,,,,
2025-05-16 19:29:00,,,,,,,,,,,
2025-05-16 19:44:00,,,,,,,,,,,
2025-05-16 19:59:00,,,,,,,,,,,
2025-05-16 20:14:00,,,,,,,,,,,
2025-05-16 20:29:00,,,,,,,,,,,
2025-05-16 20:44:00,,,,,,,,,,,
2025-05-16 20:59:00,,,,,,,,,,,
2025-05-16 21:14:00,,,,,,,,,,,
2025-05-16 21:29:00,,,,,,,,,,,
2025-05-16 21:44:00,,,,,,,,,,,
2025-05-16 21:59:00,,,,,,,,,,,
2025-05-16 22:14:00,,,,,,,,,,,
2025-05-16 22:29:00,,,,,,,,,,,
2025-05-16 22:44:00,,,,,,,,,,,
2025-05-16 22:59:00,,,,,,,,,,,
2025-05-16 23:14:00,,,,,,,,,,,
2025-05-16 23:29:00,,,,,,,,,,,
2025-05-16 23:44:00,,,,,,,,,,,
2025-05-16 23:59:00,,,,,,,,,,,
2025-05-17 00:14:00,,,,,,,,,,,
2025-05-17 00:29:00,,,,,,,,,,,
2025-05-17 00:44:00,,,,,,,,,,,
2025-05-17 00:59:00,,,,,,,,,,,
2025-05-17 01:14:00,,,,,,,,,,,
2025-05-17 01:29:00,,,,,,,,,,,
2025-05-17 01:44:00,,,,,,,,,,,
2025-05-17 01:59:00,,,,,,,,,,,
2025-05-17 02:14:00,,,,,,,,,,,
2025-05-17 02:29:00,,,,,,,,,,,
2025-05-17 02:44:00,,,,,,,,,,,
2025-05-17 02:59:00,,,,,,,,,,,
2025-05-17 03:14:00,,,,,,,,,,,
2025-05-17 03:29:00,,,,,,,,,,,
2025-05-17 03:44:00,,,,,,,,,,,
2025-05-17 03:59:00,,,,,,,,,,,
2025-05-17 04:14:00,,,,,,,,,,,
2025-05-17 04:29:00,,,,,,,,,,,
2025-05-17 04:44:00,,,,,,,,,,,
2025-05-17 04:59:00,,,,,,,,,,,
2025-05-17 05:14:00,,,,,,,,,,,
2025-05-17 05:29:00,,,,,,,,,,,
2025-05-17 05:44:00,,,,,,,,,,,
2025-05-17 05:59:00,,,,,,,,,,,
2025-05-17 06:14:00,,,,,,,,,,,
2025-05-17 06:29:00,,,,,,,,,,,
2025-05-17 06:44:00,,,,,,,,,,,
2025-05-17 06:59:00,,,,,,,,,,,
2025-05-17 07:14:00,,,,,,,,,,,
2025-05-17 07:29:00,,,,,,,,,,,
2025-05-17 07:44:00,,,,,,,,,,,
2025-05-17 07:59:00,,,,,,,,,,,
2025-05-17 08:14:00,,,,,,,,,,,
2025-05-17 08:29:00,,,,,,,,,,,
2025-05-17 08:44:00,,,,,,,,,,,
2025-05-17 08:59:00,,,,,,,,,,,
2025-05-17 09:14:00,,,,,,,,,,,
2025-05-17 09:29:00,,,,,,,,,,,
2025-05-17 09:44:00,,,,,,,,,,,
2025-05-17 09:59:00,,,,,,,,,,,
2025-05-17 10:14:00,,,,,,,,,,,
2025-05-17 10:29:00,,,,,,,,,,,
2025-05-17 10:44:00,,,,,,,,,,,
2025-05-17 10:59:00,,,,,,,,,,,
2025-05-17 11:14:00,,,,,,,,,,,
2025-05-17 11:29:00,,,,,,,,,,,
2025-05-17 11:44:00,,,,,,,,,,,
2025-05-17 11:59:00,,,,,,,,,,,
2025-05-17 12:14:00,,,,,,,,,,,
2025-05-17 12:29:00,,,,,,,,,,,
2025-05-17 12:44:00,,,,,,,,,,,
2025-05-17 12:59:00,,,,,,,,,,,
2025-05-17 13:14:00,,,,,,,,,,,
2025-05-17 13:29:00,,,,,,,,,,,
2025-05-17 13:44:00,,,,,,,,,,,
2025-05-17 13:59:00,,,,,,,,,,,
2025-05-17 14:14:00,,,,,,,,,,,
2025-05-17 14:29:00,,,,,,,,,,,
2025-05-17 14:44:00,,,,,,,,,,,
2025-05-17 14:59:00,,,,,,,,,,,
2025-05-17 15:14:00,,,,,,,,,,,
2025-05-17 15:29:00,,,,,,,,,,,
2025-05-17 15:44:00,,,,,,,,,,,
2025-05-17 15:59:00,,,,,,,,,,,
2025-05-17 16:14:00,,,,,,,,,,,
2025-05-17 16:29:00,,,,,,,,,,,
2025-05-17 16:44:00,,,,,,,,,,,
2025-05-17 16:59:00,,,,,,,,,,,
2025-05-17 17:14:00,,,,,,,,,,,
2025-05-17 17:29:00,,,,,,,,,,,
2025-05-17 17:44:00,,,,,,,,,,,
2025-05-17 17:59:00,,,,,,,,,,,
2025-05-17 18:14:00,,,,,,,,,,,
2025-05-17 18:29:00,,,,,,,,,,,
2025-05-17 18:44:00,,,,,,,,,,,
2025-05-17 18:59:00,,,,,,,,,,,
2025-05-17 19:14:00,,,,,,,,,,,
2025-05-17 19:29:00,,,,,,,,,,,
2025-05-17 19:44:00,,,,,,,,,,,
2025-05-17 19:59:00,,,,,,,,,,,
2025-05-17 20:14:00,,,,,,,,,,,
2025-05-17 20:29:00,,,,,,,,,,,
2025-05-17 20:44:00,,,,,,,,,,,
2025-05-17 20:59:00,,,,,,,,,,,
2025-05-17 21:14:00,,,,,,,,,,,
2025-05-17 21:29:00,,,,,,,,,,,
2025-05-17 21:44:00,,,,,,,,,,,
2025-05-17 21:59:00,,,,,,,,,,,
2025-05-17 22:14:00,,,,,,,,,,,
2025-05-17 22:29:00,,,,,,,,,,,
2025-05-17 22:44:00,,,,,,,,,,,
2025-05-17 22:59:00,,,,,,,,,,,
2025-05-17 23:14:00,,,,,,,,,,,
2025-05-17 23:29:00,,,,,,,,,,,
2025-05-17 23:44:00,,,,,,,,,,,
2025-05-17 23:59:00,,,,,,,,,,,
2025-05-18 00:14:00,,,,,,,,,,,
2025-05-18 00:29:00,,,,,,,,,,,
2025-05-18 00:44:00,,,,,,,,,,,
2025-05-18 00:59:00,,,,,,,,,,,
2025-05-18 01:14:00,,,,,,,,,,,
2025-05-18 01:29:00,,,,,,,,,,,
2025-05-18 01:44:00,,,,,,,,,,,
2025-05-18 01:59:00,,,,,,,,,,,
2025-05-18 02:14:00,,,,,,,,,,,
2025-05-18 02:29:00,,,,,,,,,,,
2025-05-18 02:44:00,,,,,,,,,,,
2025-05-18 02:59:00,,,,,,,,,,,
2025-05-18 03:14:00,,,,,,,,,,,
2025-05-18 03:29:00,,,,,,,,,,,
2025-05-18 03:44:00,,,,,,,,,,,
2025-05-18 03:59:00,,,,,,,,,,,
2025-05-18 04:14:00,,,,,,,,,,,
2025-05-18 04:29:00,,,,,,,,,,,
2025-05-18 04:44:00,,,,,,,,,,,
2025-05-18 04:59:00,,,,,,,,,,,
2025-05-18 05:14:00,,,,,,,,,,,
2025-05-18 05:29:00,,,,,,,,,,,
2025-05-18 05:44:00,,,,,,,,,,,
2025-05-18 05:59:00,,,,,,,,,,,
2025-05-18 06:14:00,,,,,,,,,,,
2025-05-18 06:29:00,,,,,,,,,,,
2025-05-18 06:44:00,,,,,,,,,,,
2025-05-18 06:59:00,,,,,,,,,,,
2025-05-18 07:14:00,,,,,,,,,,,
2025-05-18 07:29:00,,,,,,,,,,,
2025-05-18 07:44:00,,,,,,,,,,,
2025-05-18 07:59:00,,,,,,,,,,,
2025-05-18 08:14:00,,,,,,,,,,,
2025-05-18 08:29:00,,,,,,,,,,,
2025-05-18 08:44:00,,,,,,,,,,,
2025-05-18 08:59:00,,,,,,,,,,,
2025-05-18 09:14:00,,,,,,,,,,,
2025-05-18 09:29:00,,,,,,,,,,,
2025-05-18 09:44:00,,,,,,,,,,,
2025-05-18 09:59:00,,,,,,,,,,,
2025-05-18 10:14:00,,,,,,,,,,,
2025-05-18 10:29:00,,,,,,,,,,,
2025-05-18 10:44:00,,,,,,,,,,,
2025-05-18 10:59:00,,,,,,,,,,,
2025-05-18 11:14:00,,,,,,,,,,,
2025-05-18 11:29:00,,,,,,,,,,,
2025-05-18 11:44:00,,,,,,,,,,,
2025-05-18 11:59:00,,,,,,,,,,,
2025-05-18 12:14:00,,,,,,,,,,,
2025-05-18 12:29:00,,,,,,,,,,,
2025-05-18 12:44:00,,,,,,,,,,,
2025-05-18 12:59:00,,,,,,,,,,,
2025-05-18 13:14:00,,,,,,,,,,,
2025-05-18 13:29:00,,,,,,,,,,,
2025-05-18 13:44:00,,,,,,,,,,,
2025-05-18 13:59:00,,,,,,,,,,,
2025-05-18 14:14:00,,,,,,,,,,,
2025-05-18 14:29:00,,,,,,,,,,,
2025-05-18 14:44:00,,,,,,,,,,,
2025-05-18 14:59:00,,,,,,,,,,,
2025-05-18 15:14:00,,,,,,,,,,,
2025-05-18 15:29:00,,,,,,,,,,,
2025-05-18 15:44:00,,,,,,,,,,,
2025-05-18 15:59:00,,,,,,,,,,,
2025-05-18 16:14:00,,,,,,,,,,,
2025-05-18 16:29:00,,,,,,,,,,,
2025-05-18 16:44:00,,,,,,,,,,,
2025-05-18 16:59:00,,,,,,,,,,,
2025-05-18 17:14:00,,,,,,,,,,,
2025-05-18 17:29:00,,,,,,,,,,,
2025-05-18 17:44:00,,,,,,,,,,,
2025-05-18 17:59:00,,,,,,,,,,,
2025-05-18 18:14:00,,,,,,,,,,,
2025-05-18 18:29:00,,,,,,,,,,,
2025-05-18 18:44:00,,,,,,,,,,,
2025-05-18 18:59:00,,,,,,,,,,,
2025-05-18 19:14:00,,,,,,,,,,,
2025-05-18 19:29:00,,,,,,,,,,,
2025-05-18 19:44:00,,,,,,,,,,,
2025-05-18 19:59:00,,,,,,,,,,,
2025-05-18 20:14:00,,,,,,,,,,,
2025-05-18 20:29:00,,,,,,,,,,,
2025-05-18 20:44:00,,,,,,,,,,,
2025-05-18 20:59:00,,,,,,,,,,,
2025-05-18 21:14:00,,,,,,,,,,,
2025-05-18 21:29:00,,,,,,,,,,,
2025-05-18 21:44:00,,,,,,,,,,,
2025-05-18 21:59:00,,,,,,,,,,,
2025-05-18 22:14:00,,,,,,,,,,,
2025-05-18 22:29:00,,,,,,,,,,,
2025-05-18 22:44:00,,,,,,,,,,,
2025-05-18 22:59:00,,,,,,,,,,,
2025-05-18 23:14:00,,,,,,,,,,,
2025-05-18 23:29:00,,,,,,,,,,,
2025-05-18 23:44:00,,,,,,,,,,,
2025-05-18 23:59:00,,,,,,,,,,,
2025-05-19 00:14:00,,,,,,,,,,,
2025-05-19 00:29:00,,,,,,,,,,,
2025-05-19 00:44:00,,,,,,,,,,,
2025-05-19 00:59:00,,,,,,,,,,,
2025-05-19 01:14:00,,,,,,,,,,,
2025-05-19 01:29:00,,,,,,,,,,,
2025-05-19 01:44:00,,,,,,,,,,,
2025-05-19 01:59:00,,,,,,,,,,,
2025-05-19 02:14:00,,,,,,,,,,,
2025-05-19 02:29:00,,,,,,,,,,,
2025-05-19 02:44:00,,,,,,,,,,,
2025-05-19 02:59:00,,,,,,,,,,,
2025-05-19 03:14:00,,,,,,,,,,,
2025-05-19 03:29:00,,,,,,,,,,,
2025-05-19 03:44:00,,,,,,,,,,,
2025-05-19 03:59:00,,,,,,,,,,,
2025-05-19 04:14:00,,,,,,,,,,,
2025-05-19 04:29:00,,,,,,,,,,,
2025-05-19 04:44:00,,,,,,,,,,,
2025-05-19 04:59:00,,,,,,,,,,,
2025-05-19 05:14:00,,,,,,,,,,,
2025-05-19 05:29:00,,,,,,,,,,,
2025-05-19 05:44:00,,,,,,,,,,,
2025-05-19 05:59:00,,,,,,,,,,,
2025-05-19 06:14:00,,,,,,,,,,,
2025-05-19 06:29:00,,,,,,,,,,,
2025-05-19 06:44:00,,,,,,,,,,,
2025-05-19 06:59:00,,,,,,,,,,,
2025-05-19 07:14:00,,,,,,,,,,,
2025-05-19 07:29:00,,,,,,,,,,,
2025-05-19 07:44:00,,,,,,,,,,,
2025-05-19 07:59:00,,,,,,,,,,,
2025-05-19 08:14:00,,,,,,,,,,,
2025-05-19 08:29:00,,,,,,,,,,,
2025-05-19 08:44:00,,,,,,,,,,,
2025-05-19 08:59:00,,,,,,,,,,,
2025-05-19 09:14:00,,,,,,,,,,,
2025-05-19 09:29:00,,,,,,,,,,,
2025-05-19 09:44:00,,,,,,,,,,,
2025-05-19 09:59:00,,,,,,,,,,,
2025-05-19 10:14:00,,,,,,,,,,,
2025-05-19 10:29:00,,,,,,,,,,,
2025-05-19 10:44:00,,,,,,,,,,,
2025-05-19 10:59:00,,,,,,,,,,,
2025-05-19 11:14:00,,,,,,,,,,,
2025-05-19 11:29:00,,,,,,,,,,,
2025-05-19 11:44:00,,,,,,,,,,,
2025-05-19 11:59:00,,,,,,,,,,,
2025-05-19 12:14:00,,,,,,,,,,,
2025-05-19 12:29:00,,,,,,,,,,,
2025-05-19 12:44:00,,,,,,,,,,,
2025-05-19 12:59:00,,,,,,,,,,,
2025-05-19 13:14:00,,,,,,,,,,,
2025-05-19 13:29:00,,,,,,,,,,,
2025-05-19 13:44:00,,,,,,,,,,,
2025-05-19 13:59:00,,,,,,,,,,,
2025-05-19 14:14:00,,,,,,,,,,,
2025-05-19 14:29:00,,,,,,,,,,,
2025-05-19 14:44:00,,,,,,,,,,,
2025-05-19 14:59:00,,,,,,,,,,,
2025-05-19 15:14:00,,,,,,,,,,,
2025-05-19 15:29:00,,,,,,,,,,,
2025-05-19 15:44:00,,,,,,,,,,,
2025-05-19 15:59:00,,,,,,,,,,,
2025-05-19 16:14:00,,,,,,,,,,,
2025-05-19 16:29:00,,,,,,,,,,,
2025-05-19 16:44:00,,,,,,,,,,,
2025-05-19 16:59:00,,,,,,,,,,,
2025-05-19 17:14:00,,,,,,,,,,,
2025-05-19 17:29:00,,,,,,,,,,,
2025-05-19 17:44:00,,,,,,,,,,,
2025-05-19 17:59:00,,,,,,,,,,,
2025-05-19 18:14:00,,,,,,,,,,,
2025-05-19 18:29:00,,,,,,,,,,,
2025-05-19 18:44:00,,,,,,,,,,,
2025-05-19 18:59:00,,,,,,,,,,,
2025-05-19 19:14:00,,,,,,,,,,,
2025-05-19 19:29:00,,,,,,,,,,,
2025-05-19 19:44:00,,,,,,,,,,,
2025-05-19 19:59:00,,,,,,,,,,,
2025-05-19 20:14:00,,,,,,,,,,,
2025-05-19 20:29:00,,,,,,,,,,,
2025-05-19 20:44:00,,,,,,,,,,,
2025-05-19 20:59:00,,,,,,,,,,,
2025-05-19 21:14:00,,,,,,,,,,,
2025-05-19 21:29:00,,,,,,,,,,,
2025-05-19 21:44:00,,,,,,,,,,,
2025-05-19 21:59:00,,,,,,,,,,,
2025-05-19 22:14:00,,,,,,,,,,,
2025-05-19 22:29:00,,,,,,,,,,,
2025-05-19 22:44:00,,,,,,,,,,,
2025-05-19 22:59:00,,,,,,,,,,,
2025-05-19 23:14:00,,,,,,,,,,,
2025-05-19 23:29:00,,,,,,,,,,,
2025-05-19 23:44:00,,,,,,,,,,,
2025-05-19 23:59:00,,,,,,,,,,,
2025-05-20 00:14:00,,,,,,,,,,,
2025-05-20 00:29:00,,,,,,,,,,,
2025-05-20 00:44:00,,,,,,,,,,,
2025-05-20 00:59:00,,,,,,,,,,,
2025-05-20 01:14:00,,,,,,,,,,,
2025-05-20 01:29:00,,,,,,,,,,,
2025-05-20 01:44:00,,,,,,,,,,,
2025-05-20 01:59:00,,,,,,,,,,,
2025-05-20 02:14:00,,,,,,,,,,,
2025-05-20 02:29:00,,,,,,,,,,,
2025-05-20 02:44:00,,,,,,,,,,,
2025-05-20 02:59:00,,,,,,,,,,,
2025-05-20 03:14:00,,,,,,,,,,,
2025-05-20 03:29:00,,,,,,,,,,,
2025-05-20 03:44:00,,,,,,,,,,,
2025-05-20 03:59:00,,,,,,,,,,,
2025-05-20 04:14:00,,,,,,,,,,,
2025-05-20 04:29:00,,,,,,,,,,,
2025-05-20 04:44:00,,,,,,,,,,,
2025-05-20 04:59:00,,,,,,,,,,,
2025-05-20 05:14:00,,,,,,,,,,,
2025-05-20 05:29:00,,,,,,,,,,,
2025-05-20 05:44:00,,,,,,,,,,,
2025-05-20 05:59:00,,,,,,,,,,,
2025-05-20 06:14:00,,,,,,,,,,,
2025-05-20 06:29:00,,,,,,,,,,,
2025-05-20 06:44:00,,,,,,,,,,,
2025-05-20 06:59:00,,,,,,,,,,,
2025-05-20 07:14:00,,,,,,,,,,,
2025-05-20 07:29:00,,,,,,,,,,,
2025-05-20 07:44:00,,,,,,,,,,,
2025-05-20 07:59:00,,,,,,,,,,,
2025-05-20 08:14:00,,,,,,,,,,,
2025-05-20 08:29:00,,,,,,,,,,,
2025-05-20 08:44:00,,,,,,,,,,,
2025-05-20 08:59:00,,,,,,,,,,,
2025-05-20 09:14:00,,,,,,,,,,,
2025-05-20 09:29:00,,,,,,,,,,,
2025-05-20 09:44:00,,,,,,,,,,,
2025-05-20 09:59:00,,,,,,,,,,,
2025-05-20 10:14:00,,,,,,,,,,,
2025-05-20 10:29:00,,,,,,,,,,,
2025-05-20 10:44:00,,,,,,,,,,,
2025-05-20 10:59:00,,,,,,,,,,,
2025-05-20 11:14:00,,,,,,,,,,,
2025-05-20 11:29:00,,,,,,,,,,,
2025-05-20 11:44:00,,,,,,,,,,,
2025-05-20 11:59:00,,,,,,,,,,,
2025-05-20 12:14:00,,,,,,,,,,,
2025-05-20 12:29:00,,,,,,,,,,,
2025-05-20 12:44:00,,,,,,,,,,,
2025-05-20 12:59:00,,,,,,,,,,,
2025-05-20 13:14:00,,,,,,,,,,,
2025-05-20 13:29:00,,,,,,,,,,,
2025-05-20 13:44:00,,,,,,,,,,,
2025-05-20 13:59:00,,,,,,,,,,,
2025-05-20 14:14:00,,,,,,,,,,,
2025-05-20 14:29:00,,,,,,,,,,,
2025-05-20 14:44:00,,,,,,,,,,,
2025-05-20 14:59:00,,,,,,,,,,,
2025-05-20 15:14:00,,,,,,,,,,,
2025-05-20 15:29:00,,,,,,,,,,,
2025-05-20 15:44:00,,,,,,,,,,,
2025-05-20 15:59:00,,,,,,,,,,,
2025-05-20 16:14:00,,,,,,,,,,,
2025-05-20 16:29:00,,,,,,,,,,,
2025-05-20 16:44:00,,,,,,,,,,,
2025-05-20 16:59:00,,,,,,,,,,,
2025-05-20 17:14:00,,,,,,,,,,,
2025-05-20 17:29:00,,,,,,,,,,,
2025-05-20 17:44:00,,,,,,,,,,,
2025-05-20 17:59:00,,,,,,,,,,,
2025-05-20 18:14:00,,,,,,,,,,,
2025-05-20 18:29:00,,,,,,,,,,,
2025-05-20 18:44:00,,,,,,,,,,,
2025-05-20 18:59:00,,,,,,,,,,,
2025-05-20 19:14:00,,,,,,,,,,,
2025-05-20 19:29:00,,,,,,,,,,,
2025-05-20 19:44:00,,,,,,,,,,,
2025-05-20 19:59:00,,,,,,,,,,,
2025-05-20 20:14:00,,,,,,,,,,,
2025-05-20 20:29:00,,,,,,,,,,,
2025-05-20 20:44:00,,,,,,,,,,,
2025-05-20 20:59:00,,,,,,,,,,,
2025-05-20 21:14:00,,,,,,,,,,,
2025-05-20 21:29:00,,,,,,,,,,,
2025-05-20 21:44:00,,,,,,,,,,,
2025-05-20 21:59:00,,,,,,,,,,,
2025-05-20 22:14:00,,,,,,,,,,,
2025-05-20 22:29:00,,,,,,,,,,,
2025-05-20 22:44:00,,,,,,,,,,,
2025-05-20 22:59:00,,,,,,,,,,,
2025-05-20 23:14:00,,,,,,,,,,,
2025-05-20 23:29:00,,,,,,,,,,,
2025-05-20 23:44:00,,,,,,,,,,,
2025-05-20 23:59:00,,,,,,,,,,,
2025-05-21 00:14:00,,,,,,,,,,,
2025-05-21 00:29:00,,,,,,,,,,,
2025-05-21 00:44:00,,,,,,,,,,,
2025-05-21 00:59:00,,,,,,,,,,,
2025-05-21 01:14:00,,,,,,,,,,,
2025-05-21 01:29:00,,,,,,,,,,,
2025-05-21 01:44:00,,,,,,,,,,,
2025-05-21 01:59:00,,,,,,,,,,,
2025-05-21 02:14:00,,,,,,,,,,,
2025-05-21 02:29:00,,,,,,,,,,,
2025-05-21 02:44:00,,,,,,,,,,,
2025-05-21 02:59:00,,,,,,,,,,,
2025-05-21 03:14:00,,,,,,,,,,,
2025-05-21 03:29:00,,,,,,,,,,,
2025-05-21 03:44:00,,,,,,,,,,,
2025-05-21 03:59:00,,,,,,,,,,,
2025-05-21 04:14:00,,,,,,,,,,,
2025-05-21 04:29:00,,,,,,,,,,,
2025-05-21 04:44:00,,,,,,,,,,,
2025-05-21 04:59:00,,,,,,,,,,,
2025-05-21 05:14:00,,,,,,,,,,,
2025-05-21 05:29:00,,,,,,,,,,,
2025-05-21 05:44:00,,,,,,,,,,,
2025-05-21 05:59:00,,,,,,,,,,,
2025-05-21 06:14:00,,,,,,,,,,,
2025-05-21 06:29:00,,,,,,,,,,,
2025-05-21 06:44:00,,,,,,,,,,,
2025-05-21 06:59:00,,,,,,,,,,,
2025-05-21 07:14:00,,,,,,,,,,,
2025-05-21 07:29:00,,,,,,,,,,,
2025-05-21 07:44:00,,,,,,,,,,,
2025-05-21 07:59:00,,,,,,,,,,,
2025-05-21 08:14:00,,,,,,,,,,,
2025-05-21 08:29:00,,,,,,,,,,,
2025-05-21 08:44:00,,,,,,,,,,,
2025-05-21 08:59:00,,,,,,,,,,,
2025-05-21 09:14:00,,,,,,,,,,,
2025-05-21 09:29:00,,,,,,,,,,,
2025-05-21 09:44:00,,,,,,,,,,,
2025-05-21 09:59:00,,,,,,,,,,,
2025-05-21 10:14:00,,,,,,,,,,,
2025-05-21 10:29:00,,,,,,,,,,,
2025-05-21 10:44:00,,,,,,,,,,,
2025-05-21 10:59:00,,,,,,,,,,,
2025-05-21 11:14:00,,,,,,,,,,,
2025-05-21 11:29:00,,,,,,,,,,,
2025-05-21 11:44:00,,,,,,,,,,,
2025-05-21 11:59:00,,,,,,,,,,,
2025-05-21 12:14:00,,,,,,,,,,,
2025-05-21 12:29:00,,,,,,,,,,,
2025-05-21 12:44:00,,,,,,,,,,,
2025-05-21 12:59:00,,,,,,,,,,,
2025-05-21 13:14:00,,,,,,,,,,,
2025-05-21 13:29:00,,,,,,,,,,,
2025-05-21 13:44:00,,,,,,,,,,,
2025-05-21 13:59:00,,,,,,,,,,,
2025-05-21 14:14:00,,,,,,,,,,,
2025-05-21 14:29:00,,,,,,,,,,,
2025-05-21 14:44:00,,,,,,,,,,,
2025-05-21 14:59:00,,,,,,,,,,,
2025-05-21 15:14:00,,,,,,,,,,,
2025-05-21 15:29:00,,,,,,,,,,,
2025-05-21 15:44:00,,,,,,,,,,,
2025-05-21 15:59:00,,,,,,,,,,,
2025-05-21 16:14:00,,,,,,,,,,,
2025-05-21 16:29:00,,,,,,,,,,,
2025-05-21 16:44:00,,,,,,,,,,,
2025-05-21 16:59:00,,,,,,,,,,,
2025-05-21 17:14:00,,,,,,,,,,,
2025-05-21 17:29:00,,,,,,,,,,,
2025-05-21 17:44:00,,,,,,,,,,,
2025-05-21 17:59:00,,,,,,,,,,,
2025-05-21 18:14:00,,,,,,,,,,,
2025-05-21 18:29:00,,,,,,,,,,,
2025-05-21 18:44:00,,,,,,,,,,,
2025-05-21 18:59:00,,,,,,,,,,,
2025-05-21 19:14:00,,,,,,,,,,,
2025-05-21 19:29:00,,,,,,,,,,,
2025-05-21 19:44:00,,,,,,,,,,,
2025-05-21 19:59:00,,,,,,,,,,,
2025-05-21 20:14:00,,,,,,,,,,,
2025-05-21 20:29:00,,,,,,,,,,,
2025-05-21 20:44:00,,,,,,,,,,,
2025-05-21 20:59:00,,,,,,,,,,,
2025-05-21 21:14:00,,,,,,,,,,,
2025-05-21 21:29:00,,,,,,,,,,,
2025-05-21 21:44:00,,,,,,,,,,,
2025-05-21 21:59:00,,,,,,,,,,,
2025-05-21 22:14:00,,,,,,,,,,,
2025-05-21 22:29:00,,,,,,,,,,,
2025-05-21 22:44:00,,,,,,,,,,,
2025-05-21 22:59:00,,,,,,,,,,,
2025-05-21 23:14:00,,,,,,,,,,,
2025-05-21 23:29:00,,,,,,,,,,,
2025-05-21 23:44:00,,,,,,,,,,,
2025-05-21 23:59:00,,,,,,,,,,,
2025-05-22 00:14:00,,,,,,,,,,,
2025-05-22 00:29:00,,,,,,,,,,,
2025-05-22 00:44:00,,,,,,,,,,,
2025-05-22 00:59:00,,,,,,,,,,,
2025-05-22 01:14:00,,,,,,,,,,,
2025-05-22 01:29:00,,,,,,,,,,,
2025-05-22 01:44:00,,,,,,,,,,,
2025-05-22 01:59:00,,,,,,,,,,,
2025-05-22 02:14:00,,,,,,,,,,,
2025-05-22 02:29:00,,,,,,,,,,,
2025-05-22 02:44:00,,,,,,,,,,,
2025-05-22 02:59:00,,,,,,,,,,,
2025-05-22 03:14:00,,,,,,,,,,,
2025-05-22 03:29:00,,,,,,,,,,,
2025-05-22 03:44:00,,,,,,,,,,,
2025-05-22 03:59:00,,,,,,,,,,,
2025-05-22 04:14:00,,,,,,,,,,,
2025-05-22 04:29:00,,,,,,,,,,,
2025-05-22 04:44:00,,,,,,,,,,,
2025-05-22 04:59:00,,,,,,,,,,,
2025-05-22 05:14:00,,,,,,,,,,,
2025-05-22 05:29:00,,,,,,,,,,,
2025-05-22 05:44:00,,,,,,,,,,,
2025-05-22 05:59:00,,,,,,,,,,,
2025-05-22 06:14:00,,,,,,,,,,,
2025-05-22 06:29:00,,,,,,,,,,,
2025-05-22 06:44:00,,,,,,,,,,,
2025-05-22 06:59:00,,,,,,,,,,,
2025-05-22 07:14:00,,,,,,,,,,,
2025-05-22 07:29:00,,,,,,,,,,,
2025-05-22 07:44:00,,,,,,,,,,,
2025-05-22 07:59:00,,,,,,,,,,,
2025-05-22 08:14:00,,,,,,,,,,,
2025-05-22 08:29:00,,,,,,,,,,,
2025-05-22 08:44:00,,,,,,,,,,,
2025-05-22 08:59:00,,,,,,,,,,,
2025-05-22 09:14:00,,,,,,,,,,,
2025-05-22 09:29:00,,,,,,,,,,,
2025-05-22 09:44:00,,,,,,,,,,,
2025-05-22 09:59:00,,,,,,,,,,,
2025-05-22 10:14:00,,,,,,,,,,,
2025-05-22 10:29:00,,,,,,,,,,,
2025-05-22 10:44:00,,,,,,,,,,,
2025-05-22 10:59:00,,,,,,,,,,,
2025-05-22 11:14:00,,,,,,,,,,,
2025-05-22 11:29:00,,,,,,,,,,,
2025-05-22 11:44:00,,,,,,,,,,,
2025-05-22 11:59:00,,,,,,,,,,,
2025-05-22 12:14:00,,,,,,,,,,,
2025-05-22 12:29:00,,,,,,,,,,,
2025-05-22 12:44:00,,,,,,,,,,,
2025-05-22 12:59:00,,,,,,,,,,,
2025-05-22 13:14:00,,,,,,,,,,,
2025-05-22 13:29:00,,,,,,,,,,,
2025-05-22 13:44:00,,,,,,,,,,,
2025-05-22 13:59:00,,,,,,,,,,,
2025-05-22 14:14:00,,,,,,,,,,,
2025-05-22 14:29:00,,,,,,,,,,,
2025-05-22 14:44:00,,,,,,,,,,,
2025-05-22 14:59:00,,,,,,,,,,,
2025-05-22 15:14:00,,,,,,,,,,,
2025-05-22 15:29:00,,,,,,,,,,,
2025-05-22 15:44:00,,,,,,,,,,,
2025-05-22 15:59:00,,,,,,,,,,,
2025-05-22 16:14:00,,,,,,,,,,,
2025-05-22 16:29:00,,,,,,,,,,,
2025-05-22 16:44:00,,,,,,,,,,,
2025-05-22 16:59:00,,,,,,,,,,,
2025-05-22 17:14:00,,,,,,,,,,,
2025-05-22 17:29:00,,,,,,,,,,,
2025-05-22 17:44:00,,,,,,,,,,,
2025-05-22 17:59:00,,,,,,,,,,,
2025-05-22 18:14:00,,,,,,,,,,,
2025-05-22 18:29:00,,,,,,,,,,,
2025-05-22 18:44:00,,,,,,,,,,,
2025-05-22 18:59:00,,,,,,,,,,,
2025-05-22 19:14:00,,,,,,,,,,,
2025-05-22 19:29:00,,,,,,,,,,,
2025-05-22 19:44:00,,,,,,,,,,,
2025-05-22 19:59:00,,,,,,,,,,,
2025-05-22 20:14:00,,,,,,,,,,,
2025-05-22 20:29:00,,,,,,,,,,,
2025-05-22 20:44:00,,,,,,,,,,,
2025-05-22 20:59:00,,,,,,,,,,,
2025-05-22 21:14:00,,,,,,,,,,,
2025-05-22 21:29:00,,,,,,,,,,,
2025-05-22 21:44:00,,,,,,,,,,,
2025-05-22 21:59:00,,,,,,,,,,,
2025-05-22 22:14:00,,,,,,,,,,,
2025-05-22 22:29:00,,,,,,,,,,,
2025-05-22 22:44:00,,,,,,,,,,,
2025-05-22 22:59:00,,,,,,,,,,,
2025-05-22 23:14:00,,,,,,,,,,,
2025-05-22 23:29:00,,,,,,,,,,,
2025-05-22 23:44:00,,,,,,,,,,,
2025-05-22 23:59:00,,,,,,,,,,,
2025-05-23 00:14:00,,,,,,,,,,,
2025-05-23 00:29:00,,,,,,,,,,,
2025-05-23 00:44:00,,,,,,,,,,,
2025-05-23 00:59:00,,,,,,,,,,,
2025-05-23 01:14:00,,,,,,,,,,,
2025-05-23 01:29:00,,,,,,,,,,,
2025-05-23 01:44:00,,,,,,,,,,,
2025-05-23 01:59:00,,,,,,,,,,,
2025-05-23 02:14:00,,,,,,,,,,,
2025-05-23 02:29:00,,,,,,,,,,,
2025-05-23 02:44:00,,,,,,,,,,,
2025-05-23 02:59:00,,,,,,,,,,,
2025-05-23 03:14:00,,,,,,,,,,,
2025-05-23 03:29:00,,,,,,,,,,,
2025-05-23 03:44:00,,,,,,,,,,,
2025-05-23 03:59:00,,,,,,,,,,,
2025-05-23 04:14:00,,,,,,,,,,,
2025-05-23 04:29:00,,,,,,,,,,,
2025-05-23 04:44:00,,,,,,,,,,,
2025-05-23 04:59:00,,,,,,,,,,,
2025-05-23 05:14:00,,,,,,,,,,,
2025-05-23 05:29:00,,,,,,,,,,,
2025-05-23 05:44:00,,,,,,,,,,,
2025-05-23 05:59:00,,,,,,,,,,,
2025-05-23 06:14:00,,,,,,,,,,,
2025-05-23 06:29:00,,,,,,,,,,,
2025-05-23 06:44:00,,,,,,,,,,,
2025-05-23 06:59:00,,,,,,,,,,,
2025-05-23 07:14:00,,,,,,,,,,,
2025-05-23 07:29:00,,,,,,,,,,,
2025-05-23 07:44:00,,,,,,,,,,,
2025-05-23 07:59:00,,,,,,,,,,,
2025-05-23 08:14:00,,,,,,,,,,,
2025-05-23 08:29:00,,,,,,,,,,,
2025-05-23 08:44:00,,,,,,,,,,,
2025-05-23 08:59:00,,,,,,,,,,,
2025-05-23 09:14:00,,,,,,,,,,,
2025-05-23 09:29:00,,,,,,,,,,,
2025-05-23 09:44:00,,,,,,,,,,,
2025-05-23 09:59:00,,,,,,,,,,,
2025-05-23 10:14:00,,,,,,,,,,,
2025-05-23 10:29:00,,,,,,,,,,,
2025-05-23 10:44:00,,,,,,,,,,,
2025-05-23 10:59:00,,,,,,,,,,,
2025-05-23 11:14:00,,,,,,,,,,,
2025-05-23 11:29:00,,,,,,,,,,,
2025-05-23 11:44:00,,,,,,,,,,,
2025-05-23 11:59:00,,,,,,,,,,,
2025-05-23 12:14:00,,,,,,,,,,,
2025-05-23 12:29:00,,,,,,,,,,,
2025-05-23 12:44:00,,,,,,,,,,,
2025-05-23 12:59:00,,,,,,,,,,,
2025-05-23 13:14:00,,,,,,,,,,,
2025-05-23 13:29:00,,,,,,,,,,,
2025-05-23 13:44:00,,,,,,,,,,,
2025-05-23 13:59:00,,,,,,,,,,,
2025-05-23 14:14:00,,,,,,,,,,,
2025-05-23 14:29:00,,,,,,,,,,,
2025-05-23 14:44:00,,,,,,,,,,,
2025-05-23 14:59:00,,,,,,,,,,,
2025-05-23 15:14:00,,,,,,,,,,,
2025-05-23 15:29:00,,,,,,,,,,,
2025-05-23 15:44:00,,,,,,,,,,,
2025-05-23 15:59:00,,,,,,,,,,,
2025-05-23 16:14:00,,,,,,,,,,,
2025-05-23 16:29:00,,,,,,,,,,,
2025-05-23 16:44:00,,,,,,,,,,,
2025-05-23 16:59:00,,,,,,,,,,,
2025-05-23 17:14:00,,,,,,,,,,,
2025-05-23 17:29:00,,,,,,,,,,,
2025-05-23 17:44:00,,,,,,,,,,,
2025-05-23 17:59:00,,,,,,,,,,,
2025-05-23 18:14:00,,,,,,,,,,,
2025-05-23 18:29:00,,,,,,,,,,,
2025-05-23 18:44:00,,,,,,,,,,,
2025-05-23 18:59:00,,,,,,,,,,,
2025-05-23 19:14:00,,,,,,,,,,,
2025-05-23 19:29:00,,,,,,,,,,,
2025-05-23 19:44:00,,,,,,,,,,,
2025-05-23 19:59:00,,,,,,,,,,,
2025-05-23 20:14:00,,,,,,,,,,,
2025-05-23 20:29:00,,,,,,,,,,,
2025-05-23 20:44:00,,,,,,,,,,,
2025-05-23 20:59:00,,,,,,,,,,,
2025-05-23 21:14:00,,,,,,,,,,,
2025-05-23 21:29:00,,,,,,,,,,,
2025-05-23 21:44:00,,,,,,,,,,,
2025-05-23 21:59:00,,,,,,,,,,,
2025-05-23 22:14:00,,,,,,,,,,,
2025-05-23 22:29:00,,,,,,,,,,,
2025-05-23 22:44:00,,,,,,,,,,,
2025-05-23 22:59:00,,,,,,,,,,,
2025-05-23 23:14:00,,,,,,,,,,,
2025-05-23 23:29:00,,,,,,,,,,,
2025-05-23 23:44:00,,,,,,,,,,,
2025-05-23 23:59:00,,,,,,,,,,,
2025-05-24 00:14:00,,,,,,,,,,,
2025-05-24 00:29:00,,,,,,,,,,,
2025-05-24 00:44:00,,,,,,,,,,,
2025-05-24 00:59:00,,,,,,,,,,,
2025-05-24 01:14:00,,,,,,,,,,,
2025-05-24 01:29:00,,,,,,,,,,,
2025-05-24 01:44:00,,,,,,,,,,,
2025-05-24 01:59:00,,,,,,,,,,,
2025-05-24 02:14:00,,,,,,,,,,,
2025-05-24 02:29:00,,,,,,,,,,,
2025-05-24 02:44:00,,,,,,,,,,,
2025-05-24 02:59:00,,,,,,,,,,,
2025-05-24 03:14:00,,,,,,,,,,,
2025-05-24 03:29:00,,,,,,,,,,,
2025-05-24 03:44:00,,,,,,,,,,,
2025-05-24 03:59:00,,,,,,,,,,,
2025-05-24 04:14:00,,,,,,,,,,,
2025-05-24 04:29:00,,,,,,,,,,,
2025-05-24 04:44:00,,,,,,,,,,,
2025-05-24 04:59:00,,,,,,,,,,,
2025-05-24 05:14:00,,,,,,,,,,,
2025-05-24 05:29:00,,,,,,,,,,,
2025-05-24 05:44:00,,,,,,,,,,,
2025-05-24 05:59:00,,,,,,,,,,,
2025-05-24 06:14:00,,,,,,,,,,,
2025-05-24 06:29:00,,,,,,,,,,,
2025-05-24 06:44:00,,,,,,,,,,,
2025-05-24 06:59:00,,,,,,,,,,,
2025-05-24 07:14:00,,,,,,,,,,,
2025-05-24 07:29:00,,,,,,,,,,,
2025-05-24 07:44:00,,,,,,,,,,,
2025-05-24 07:59:00,,,,,,,,,,,
2025-05-24 08:14:00,,,,,,,,,,,
2025-05-24 08:29:00,,,,,,,,,,,
2025-05-24 08:44:00,,,,,,,,,,,
2025-05-24 08:59:00,,,,,,,,,,,
2025-05-24 09:14:00,,,,,,,,,,,
2025-05-24 09:29:00,,,,,,,,,,,
2025-05-24 09:44:00,,,,,,,,,,,
2025-05-24 09:59:00,,,,,,,,,,,
2025-05-24 10:14:00,,,,,,,,,,,
2025-05-24 10:29:00,,,,,,,,,,,
2025-05-24 10:44:00,,,,,,,,,,,
2025-05-24 10:59:00,,,,,,,,,,,
2025-05-24 11:14:00,,,,,,,,,,,
2025-05-24 11:29:00,,,,,,,,,,,
2025-05-24 11:44:00,,,,,,,,,,,
2025-05-24 11:59:00,,,,,,,,,,,
2025-05-24 12:14:00,,,,,,,,,,,
2025-05-24 12:29:00,,,,,,,,,,,
2025-05-24 12:44:00,,,,,,,,,,,
2025-05-24 12:59:00,,,,,,,,,,,
2025-05-24 13:14:00,,,,,,,,,,,
2025-05-24 13:29:00,,,,,,,,,,,
2025-05-24 13:44:00,,,,,,,,,,,
2025-05-24 13:59:00,,,,,,,,,,,
2025-05-24 14:14:00,,,,,,,,,,,
2025-05-24 14:29:00,,,,,,,,,,,
2025-05-24 14:44:00,,,,,,,,,,,
2025-05-24 14:59:00,,,,,,,,,,,
2025-05-24 15:14:00,,,,,,,,,,,
2025-05-24 15:29:00,,,,,,,,,,,
2025-05-24 15:44:00,,,,,,,,,,,
2025-05-24 15:59:00,,,,,,,,,,,
2025-05-24 16:14:00,,,,,,,,,,,
2025-05-24 16:29:00,,,,,,,,,,,
2025-05-24 16:44:00,,,,,,,,,,,
2025-05-24 16:59:00,,,,,,,,,,,
2025-05-24 17:14:00,,,,,,,,,,,
2025-05-24 17:29:00,,,,,,,,,,,
2025-05-24 17:44:00,,,,,,,,,,,
2025-05-24 17:59:00,,,,,,,,,,,
2025-05-24 18:14:00,,,,,,,,,,,
2025-05-24 18:29:00,,,,,,,,,,,
2025-05-24 18:44:00,,,,,,,,,,,
2025-05-24 18:59:00,,,,,,,,,,,
2025-05-24 19:14:00,,,,,,,,,,,
2025-05-24 19:29:00,,,,,,,,,,,
2025-05-24 19:44:00,,,,,,,,,,,
2025-05-24 19:59:00,,,,,,,,,,,
2025-05-24 20:14:00,,,,,,,,,,,
2025-05-24 20:29:00,,,,,,,,,,,
2025-05-24 20:44:00,,,,,,,,,,,
2025-05-24 20:59:00,,,,,,,,,,,
2025-05-24 21:14:00,,,,,,,,,,,
2025-05-24 21:29:00,,,,,,,,,,,
2025-05-24 21:44:00,,,,,,,,,,,
2025-05-24 21:59:00,,,,,,,,,,,
2025-05-24 22:14:00,,,,,,,,,,,
2025-05-24 22:29:00,,,,,,,,,,,
2025-05-24 22:44:00,,,,,,,,,,,
2025-05-24 22:59:00,,,,,,,,,,,
2025-05-24 23:14:00,,,,,,,,,,,
2025-05-24 23:29:00,,,,,,,,,,,
2025-05-24 23:44:00,,,,,,,,,,,
2025-05-24 23:59:00,,,,,,,,,,,
2025-05-25 00:14:00,,,,,,,,,,,
2025-05-25 00:29:00,,,,,,,,,,,
2025-05-25 00:44:00,,,,,,,,,,,
2025-05-25 00:59:00,,,,,,,,,,,
2025-05-25 01:14:00,,,,,,,,,,,
2025-05-25 01:29:00,,,,,,,,,,,
2025-05-25 01:44:00,,,,,,,,,,,
2025-05-25 01:59:00,,,,,,,,,,,
2025-05-25 02:14:00,,,,,,,,,,,
2025-05-25 02:29:00,,,,,,,,,,,
2025-05-25 02:44:00,,,,,,,,,,,
2025-05-25 02:59:00,,,,,,,,,,,
2025-05-25 03:14:00,,,,,,,,,,,
2025-05-25 03:29:00,,,,,,,,,,,
2025-05-25 03:44:00,,,,,,,,,,,
2025-05-25 03:59:00,,,,,,,,,,,
2025-05-25 04:14:00,,,,,,,,,,,
2025-05-25 04:29:00,,,,,,,,,,,
2025-05-25 04:44:00,,,,,,,,,,,
2025-05-25 04:59:00,,,,,,,,,,,
2025-05-25 05:14:00,,,,,,,,,,,
2025-05-25 05:29:00,,,,,,,,,,,
2025-05-25 05:44:00,,,,,,,,,,,
2025-05-25 05:59:00,,,,,,,,,,,
2025-05-25 06:14:00,,,,,,,,,,,
2025-05-25 06:29:00,,,,,,,,,,,
2025-05-25 06:44:00,,,,,,,,,,,
2025-05-25 06:59:00,,,,,,,,,,,
2025-05-25 07:14:00,,,,,,,,,,,
2025-05-25 07:29:00,,,,,,,,,,,
2025-05-25 07:44:00,,,,,,,,,,,
2025-05-25 07:59:00,,,,,,,,,,,
2025-05-25 08:14:00,,,,,,,,,,,
2025-05-25 08:29:00,,,,,,,,,,,
2025-05-25 08:44:00,,,,,,,,,,,
2025-05-25 08:59:00,,,,,,,,,,,
2025-05-25 09:14:00,,,,,,,,,,,
2025-05-25 09:29:00,,,,,,,,,,,
2025-05-25 09:44:00,,,,,,,,,,,
2025-05-25 09:59:00,,,,,,,,,,,
2025-05-25 10:14:00,,,,,,,,,,,
2025-05-25 10:29:00,,,,,,,,,,,
2025-05-25 10:44:00,,,,,,,,,,,
2025-05-25 10:59:00,,,,,,,,,,,
2025-05-25 11:14:00,,,,,,,,,,,
2025-05-25 11:29:00,,,,,,,,,,,
2025-05-25 11:44:00,,,,,,,,,,,
2025-05-25 11:59:00,,,,,,,,,,,
2025-05-25 12:14:00,,,,,,,,,,,
2025-05-25 12:29:00,,,,,,,,,,,
2025-05-25 12:44:00,,,,,,,,,,,
2025-05-25 12:59:00,,,,,,,,,,,
2025-05-25 13:14:00,,,,,,,,,,,
2025-05-25 13:29:00,,,,,,,,,,,
2025-05-25 13:44:00,,,,,,,,,,,
2025-05-25 13:59:00,,,,,,,,,,,
2025-05-25 14:14:00,,,,,,,,,,,
2025-05-25 14:29:00,,,,,,,,,,,
2025-05-25 14:44:00,,,,,,,,,,,
2025-05-25 14:59:00,,,,,,,,,,,
2025-05-25 15:14:00,,,,,,,,,,,
2025-05-25 15:29:00,,,,,,,,,,,
2025-05-25 15:44:00,,,,,,,,,,,
2025-05-25 15:59:00,,,,,,,,,,,
2025-05-25 16:14:00,,,,,,,,,,,
2025-05-25 16:29:00,,,,,,,,,,,
2025-05-25 16:44:00,,,,,,,,,,,
2025-05-25 16:59:00,,,,,,,,,,,
2025-05-25 17:14:00,,,,,,,,,,,
2025-05-25 17:29:00,,,,,,,,,,,
2025-05-25 17:44:00,,,,,,,,,,,
2025-05-25 17:59:00,,,,,,,,,,,
2025-05-25 18:14:00,,,,,,,,,,,
2025-05-25 18:29:00,,,,,,,,,,,
2025-05-25 18:44:00,,,,,,,,,,,
2025-05-25 18:59:00,,,,,,,,,,,
2025-05-25 19:14:00,,,,,,,,,,,
2025-05-25 19:29:00,,,,,,,,,,,
2025-05-25 19:44:00,,,,,,,,,,,
2025-05-25 19:59:00,,,,,,,,,,,
2025-05-25 20:14:00,,,,,,,,,,,
2025-05-25 20:29:00,,,,,,,,,,,
2025-05-25 20:44:00,,,,,,,,,,,
2025-05-25 20:59:00,,,,,,,,,,,
2025-05-25 21:14:00,,,,,,,,,,,
2025-05-25 21:29:00,,,,,,,,,,,
2025-05-25 21:44:00,,,,,,,,,,,
2025-05-25 21:59:00,,,,,,,,,,,
2025-05-25 22:14:00,,,,,,,,,,,
2025-05-25 22:29:00,,,,,,,,,,,
2025-05-25 22:44:00,,,,,,,,,,,
2025-05-25 22:59:00,,,,,,,,,,,
2025-05-25 23:14:00,,,,,,,,,,,
2025-05-25 23:29:00,,,,,,,,,,,
2025-05-25 23:44:00,,,,,,,,,,,
2025-05-25 23:59:00,,,,,,,,,,,
2025-05-26 00:14:00,,,,,,,,,,,
2025-05-26 00:29:00,,,,,,,,,,,
2025-05-26 00:44:00,,,,,,,,,,,
2025-05-26 00:59:00,,,,,,,,,,,
2025-05-26 01:14:00,,,,,,,,,,,
2025-05-26 01:29:00,,,,,,,,,,,
2025-05-26 01:44:00,,,,,,,,,,,
2025-05-26 01:59:00,,,,,,,,,,,
2025-05-26 02:14:00,,,,,,,,,,,
2025-05-26 02:29:00,,,,,,,,,,,
2025-05-26 02:44:00,,,,,,,,,,,
2025-05-26 02:59:00,,,,,,,,,,,
2025-05-26 03:14:00,,,,,,,,,,,
2025-05-26 03:29:00,,,,,,,,,,,
2025-05-26 03:44:00,,,,,,,,,,,
2025-05-26 03:59:00,,,,,,,,,,,
2025-05-26 04:14:00,,,,,,,,,,,
2025-05-26 04:29:00,,,,,,,,,,,
2025-05-26 04:44:00,,,,,,,,,,,
2025-05-26 04:59:00,,,,,,,,,,,
2025-05-26 05:14:00,,,,,,,,,,,
2025-05-26 05:29:00,,,,,,,,,,,
2025-05-26 05:44:00,,,,,,,,,,,
2025-05-26 05:59:00,,,,,,,,,,,
2025-05-26 06:14:00,,,,,,,,,,,
2025-05-26 06:29:00,,,,,,,,,,,
2025-05-26 06:44:00,,,,,,,,,,,
2025-05-26 06:59:00,,,,,,,,,,,
2025-05-26 07:14:00,,,,,,,,,,,
2025-05-26 07:29:00,,,,,,,,,,,
2025-05-26 07:44:00,,,,,,,,,,,
2025-05-26 07:59:00,,,,,,,,,,,
2025-05-26 08:14:00,,,,,,,,,,,
2025-05-26 08:29:00,,,,,,,,,,,
2025-05-26 08:44:00,,,,,,,,,,,
2025-05-26 08:59:00,,,,,,,,,,,
2025-05-26 09:14:00,,,,,,,,,,,
2025-05-26 09:29:00,,,,,,,,,,,
2025-05-26 09:44:00,,,,,,,,,,,
2025-05-26 09:59:00,,,,,,,,,,,
2025-05-26 10:14:00,,,,,,,,,,,
2025-05-26 10:29:00,,,,,,,,,,,
2025-05-26 10:44:00,,,,,,,,,,,
2025-05-26 10:59:00,,,,,,,,,,,
2025-05-26 11:14:00,,,,,,,,,,,
2025-05-26 11:29:00,,,,,,,,,,,
2025-05-26 11:44:00,,,,,,,,,,,
2025-05-26 11:59:00,,,,,,,,,,,
2025-05-26 12:14:00,,,,,,,,,,,
2025-05-26 12:29:00,,,,,,,,,,,
2025-05-26 12:44:00,,,,,,,,,,,
2025-05-26 12:59:00,,,,,,,,,,,
2025-05-26 13:14:00,,,,,,,,,,,
2025-05-26 13:29:00,,,,,,,,,,,
2025-05-26 13:44:00,,,,,,,,,,,
2025-05-26 13:59:00,,,,,,,,,,,
2025-05-26 14:14:00,,,,,,,,,,,
2025-05-26 14:29:00,,,,,,,,,,,
2025-05-26 14:44:00,,,,,,,,,,,
2025-05-26 14:59:00,,,,,,,,,,,
2025-05-26 15:14:00,,,,,,,,,,,
2025-05-26 15:29:00,,,,,,,,,,,
2025-05-26 15:44:00,,,,,,,,,,,
2025-05-26 15:59:00,,,,,,,,,,,
2025-05-26 16:14:00,,,,,,,,,,,
2025-05-26 16:29:00,,,,,,,,,,,
2025-05-26 16:44:00,,,,,,,,,,,
2025-05-26 16:59:00,,,,,,,,,,,
2025-05-26 17:14:00,,,,,,,,,,,
2025-05-26 17:29:00,,,,,,,,,,,
2025-05-26 17:44:00,,,,,,,,,,,
2025-05-26 17:59:00,,,,,,,,,,,
2025-05-26 18:14:00,,,,,,,,,,,
2025-05-26 18:29:00,,,,,,,,,,,
2025-05-26 18:44:00,,,,,,,,,,,
2025-05-26 18:59:00,,,,,,,,,,,
2025-05-26 19:14:00,,,,,,,,,,,
2025-05-26 19:29:00,,,,,,,,,,,
2025-05-26 19:44:00,,,,,,,,,,,
2025-05-26 19:59:00,,,,,,,,,,,
2025-05-26 20:14:00,,,,,,,,,,,
2025-05-26 20:29:00,,,,,,,,,,,
2025-05-26 20:44:00,,,,,,,,,,,
2025-05-26 20:59:00,,,,,,,,,,,
2025-05-26 21:14:00,,,,,,,,,,,
2025-05-26 21:29:00,,,,,,,,,,,
2025-05-26 21:44:00,,,,,,,,,,,
2025-05-26 21:59:00,,,,,,,,,,,
2025-05-26 22:14:00,,,,,,,,,,,
2025-05-26 22:29:00,,,,,,,,,,,
2025-05-26 22:44:00,,,,,,,,,,,
2025-05-26 22:59:00,,,,,,,,,,,
2025-05-26 23:14:00,,,,,,,,,,,
2025-05-26 23:29:00,,,,,,,,,,,
2025-05-26 23:44:00,,,,,,,,,,,
2025-05-26 23:59:00,,,,,,,,,,,
2025-05-27 00:14:00,,,,,,,,,,,
2025-05-27 00:29:00,,,,,,,,,,,
2025-05-27 00:44:00,,,,,,,,,,,
2025-05-27 00:59:00,,,,,,,,,,,
2025-05-27 01:14:00,,,,,,,,,,,
2025-05-27 01:29:00,,,,,,,,,,,
2025-05-27 01:44:00,,,,,,,,,,,
2025-05-27 01:59:00,,,,,,,,,,,
2025-05-27 02:14:00,,,,,,,,,,,
2025-05-27 02:29:00,,,,,,,,,,,
2025-05-27 02:44:00,,,,,,,,,,,
2025-05-27 02:59:00,,,,,,,,,,,
2025-05-27 03:14:00,,,,,,,,,,,
2025-05-27 03:29:00,,,,,,,,,,,
2025-05-27 03:44:00,,,,,,,,,,,
2025-05-27 03:59:00,,,,,,,,,,,
2025-05-27 04:14:00,,,,,,,,,,,
2025-05-27 04:29:00,,,,,,,,,,,
2025-05-27 04:44:00,,,,,,,,,,,
2025-05-27 04:59:00,,,,,,,,,,,
2025-05-27 05:14:00,,,,,,,,,,,
2025-05-27 05:29:00,,,,,,,,,,,
2025-05-27 05:44:00,,,,,,,,,,,
2025-05-27 05:59:00,,,,,,,,,,,
2025-05-27 06:14:00,,,,,,,,,,,
2025-05-27 06:29:00,,,,,,,,,,,
2025-05-27 06:44:00,,,,,,,,,,,
2025-05-27 06:59:00,,,,,,,,,,,
2025-05-27 07:14:00,,,,,,,,,,,
2025-05-27 07:29:00,,,,,,,,,,,
2025-05-27 07:44:00,,,,,,,,,,,
2025-05-27 07:59:00,,,,,,,,,,,
2025-05-27 08:14:00,,,,,,,,,,,
2025-05-27 08:29:00,,,,,,,,,,,
2025-05-27 08:44:00,,,,,,,,,,,
2025-05-27 08:59:00,,,,,,,,,,,
2025-05-27 09:14:00,,,,,,,,,,,
2025-05-27 09:29:00,,,,,,,,,,,
2025-05-27 09:44:00,,,,,,,,,,,
2025-05-27 09:59:00,,,,,,,,,,,
2025-05-27 10:14:00,,,,,,,,,,,
2025-05-27 10:29:00,,,,,,,,,,,
2025-05-27 10:44:00,,,,,,,,,,,
2025-05-27 10:59:00,,,,,,,,,,,
2025-05-27 11:14:00,,,,,,,,,,,
2025-05-27 11:29:00,,,,,,,,,,,
2025-05-27 11:44:00,,,,,,,,,,,
2025-05-27 11:59:00,,,,,,,,,,,
2025-05-27 12:14:00,,,,,,,,,,,
2025-05-27 12:29:00,,,,,,,,,,,
2025-05-27 12:44:00,,,,,,,,,,,
2025-05-27 12:59:00,,,,,,,,,,,
2025-05-27 13:14:00,,,,,,,,,,,
2025-05-27 13:29:00,,,,,,,,,,,
2025-05-27 13:44:00,,,,,,,,,,,
2025-05-27 13:59:00,,,,,,,,,,,
2025-05-27 14:14:00,,,,,,,,,,,
2025-05-27 14:29:00,,,,,,,,,,,
2025-05-27 14:44:00,,,,,,,,,,,
2025-05-27 14:59:00,,,,,,,,,,,
2025-05-27 15:14:00,,,,,,,,,,,
2025-05-27 15:29:00,,,,,,,,,,,
2025-05-27 15:44:00,,,,,,,,,,,
2025-05-27 15:59:00,,,,,,,,,,,
2025-05-27 16:14:00,,,,,,,,,,,
2025-05-27 16:29:00,,,,,,,,,,,
2025-05-27 16:44:00,,,,,,,,,,,
2025-05-27 16:59:00,,,,,,,,,,,
2025-05-27 17:14:00,,,,,,,,,,,
2025-05-27 17:29:00,,,,,,,,,,,
2025-05-27 17:44:00,,,,,,,,,,,
2025-05-27 17:59:00,,,,,,,,,,,
2025-05-27 18:14:00,,,,,,,,,,,
2025-05-27 18:29:00,,,,,,,,,,,
2025-05-27 18:44:00,,,,,,,,,,,
2025-05-27 18:59:00,,,,,,,,,,,
2025-05-27 19:14:00,,,,,,,,,,,
2025-05-27 19:29:00,,,,,,,,,,,
2025-05-27 19:44:00,,,,,,,,,,,
2025-05-27 19:59:00,,,,,,,,,,,
2025-05-27 20:14:00,,,,,,,,,,,
2025-05-27 20:29:00,,,,,,,,,,,
2025-05-27 20:44:00,,,,,,,,,,,
2025-05-27 20:59:00,,,,,,,,,,,
2025-05-27 21:14:00,,,,,,,,,,,
2025-05-27 21:29:00,,,,,,,,,,,
2025-05-27 21:44:00,,,,,,,,,,,
2025-05-27 21:59:00,,,,,,,,,,,
2025-05-27 22:14:00,,,,,,,,,,,
2025-05-27 22:29:00,,,,,,,,,,,
2025-05-27 22:44:00,,,,,,,,,,,
2025-05-27 22:59:00,,,,,,,,,,,
2025-05-27 23:14:00,,,,,,,,,,,
2025-05-27 23:29:00,,,,,,,,,,,
2025-05-27 23:44:00,,,,,,,,,,,
2025-05-27 23:59:00,,,,,,,,,,,
2025-05-28 00:14:00,,,,,,,,,,,
2025-05-28 00:29:00,,,,,,,,,,,
2025-05-28 00:44:00,,,,,,,,,,,
2025-05-28 00:59:00,,,,,,,,,,,
2025-05-28 01:14:00,,,,,,,,,,,
2025-05-28 01:29:00,,,,,,,,,,,
2025-05-28 01:44:00,,,,,,,,,,,
2025-05-28 01:59:00,,,,,,,,,,,
2025-05-28 02:14:00,,,,,,,,,,,
2025-05-28 02:29:00,,,,,,,,,,,
2025-05-28 02:44:00,,,,,,,,,,,
2025-05-28 02:59:00,,,,,,,,,,,
2025-05-28 03:14:00,,,,,,,,,,,
2025-05-28 03:29:00,,,,,,,,,,,
2025-05-28 03:44:00,,,,,,,,,,,
2025-05-28 03:59:00,,,,,,,,,,,
2025-05-28 04:14:00,,,,,,,,,,,
2025-05-28 04:29:00,,,,,,,,,,,
2025-05-28 04:44:00,,,,,,,,,,,
2025-05-28 04:59:00,,,,,,,,,,,
2025-05-28 05:14:00,,,,,,,,,,,
2025-05-28 05:29:00,,,,,,,,,,,
2025-05-28 05:44:00,,,,,,,,,,,
2025-05-28 05:59:00,,,,,,,,,,,
2025-05-28 06:14:00,,,,,,,,,,,
2025-05-28 06:29:00,,,,,,,,,,,
2025-05-28 06:44:00,,,,,,,,,,,
2025-05-28 06:59:00,,,,,,,,,,,
2025-05-28 07:14:00,,,,,,,,,,,
2025-05-28 07:29:00,,,,,,,,,,,
2025-05-28 07:44:00,,,,,,,,,,,
2025-05-28 07:59:00,,,,,,,,,,,
2025-05-28 08:14:00,,,,,,,,,,,
2025-05-28 08:29:00,,,,,,,,,,,
2025-05-28 08:44:00,,,,,,,,,,,
2025-05-28 08:59:00,,,,,,,,,,,
2025-05-28 09:14:00,,,,,,,,,,,
2025-05-28 09:29:00,,,,,,,,,,,
2025-05-28 09:44:00,,,,,,,,,,,
2025-05-28 09:59:00,,,,,,,,,,,
2025-05-28 10:14:00,,,,,,,,,,,
2025-05-28 10:29:00,,,,,,,,,,,
2025-05-28 10:44:00,,,,,,,,,,,
2025-05-28 10:59:00,,,,,,,,,,,
2025-05-28 11:14:00,,,,,,,,,,,
2025-05-28 11:29:00,,,,,,,,,,,
2025-05-28 11:44:00,,,,,,,,,,,
2025-05-28 11:59:00,,,,,,,,,,,
2025-05-28 12:14:00,,,,,,,,,,,
2025-05-28 12:29:00,,,,,,,,,,,
2025-05-28 12:44:00,,,,,,,,,,,
2025-05-28 12:59:00,,,,,,,,,,,
2025-05-28 13:14:00,,,,,,,,,,,
2025-05-28 13:29:00,,,,,,,,,,,
2025-05-28 13:44:00,,,,,,,,,,,
2025-05-28 13:59:00,,,,,,,,,,,
2025-05-28 14:14:00,,,,,,,,,,,
2025-05-28 14:29:00,,,,,,,,,,,
2025-05-28 14:44:00,,,,,,,,,,,
2025-05-28 14:59:00,,,,,,,,,,,
2025-05-28 15:14:00,,,,,,,,,,,
2025-05-28 15:29:00,,,,,,,,,,,
2025-05-28 15:44:00,,,,,,,,,,,
2025-05-28 15:59:00,,,,,,,,,,,
2025-05-28 16:14:00,,,,,,,,,,,
2025-05-28 16:29:00,,,,,,,,,,,
2025-05-28 16:44:00,,,,,,,,,,,
2025-05-28 16:59:00,,,,,,,,,,,
2025-05-28 17:14:00,,,,,,,,,,,
2025-05-28 17:29:00,,,,,,,,,,,
2025-05-28 17:44:00,,,,,,,,,,,
2025-05-28 17:59:00,,,,,,,,,,,
2025-05-28 18:14:00,,,,,,,,,,,
2025-05-28 18:29:00,,,,,,,,,,,
2025-05-28 18:44:00,,,,,,,,,,,
2025-05-28 18:59:00,,,,,,,,,,,
2025-05-28 19:14:00,,,,,,,,,,,
2025-05-28 19:29:00,,,,,,,,,,,
2025-05-28 19:44:00,,,,,,,,,,,
2025-05-28 19:59:00,,,,,,,,,,,
2025-05-28 20:14:00,,,,,,,,,,,
2025-05-28 20:29:00,,,,,,,,,,,
2025-05-28 20:44:00,,,,,,,,,,,
2025-05-28 20:59:00,,,,,,,,,,,
2025-05-28 21:14:00,,,,,,,,,,,
2025-05-28 21:29:00,,,,,,,,,,,
2025-05-28 21:44:00,,,,,,,,,,,
2025-05-28 21:59:00,,,,,,,,,,,
2025-05-28 22:14:00,,,,,,,,,,,
2025-05-28 22:29:00,,,,,,,,,,,
2025-05-28 22:44:00,,,,,,,,,,,
2025-05-28 22:59:00,,,,,,,,,,,
2025-05-28 23:14:00,,,,,,,,,,,
2025-05-28 23:29:00,,,,,,,,,,,
2025-05-28 23:44:00,,,,,,,,,,,
2025-05-28 23:59:00,,,,,,,,,,,
2025-05-29 00:14:00,,,,,,,,,,,
2025-05-29 00:29:00,,,,,,,,,,,
2025-05-29 00:44:00,,,,,,,,,,,
2025-05-29 00:59:00,,,,,,,,,,,
2025-05-29 01:14:00,,,,,,,,,,,
2025-05-29 01:29:00,,,,,,,,,,,
2025-05-29 01:44:00,,,,,,,,,,,
2025-05-29 01:59:00,,,,,,,,,,,
2025-05-29 02:14:00,,,,,,,,,,,
2025-05-29 02:29:00,,,,,,,,,,,
2025-05-29 02:44:00,,,,,,,,,,,
2025-05-29 02:59:00,,,,,,,,,,,
2025-05-29 03:14:00,,,,,,,,,,,
2025-05-29 03:29:00,,,,,,,,,,,
2025-05-29 03:44:00,,,,,,,,,,,
2025-05-29 03:59:00,,,,,,,,,,,
2025-05-29 04:14:00,,,,,,,,,,,
2025-05-29 04:29:00,,,,,,,,,,,
2025-05-29 04:44:00,,,,,,,,,,,
2025-05-29 04:59:00,,,,,,,,,,,
2025-05-29 05:14:00,,,,,,,,,,,
2025-05-29 05:29:00,,,,,,,,,,,
2025-05-29 05:44:00,,,,,,,,,,,
2025-05-29 05:59:00,,,,,,,,,,,
2025-05-29 06:14:00,,,,,,,,,,,
2025-05-29 06:29:00,,,,,,,,,,,
2025-05-29 06:44:00,,,,,,,,,,,
2025-05-29 06:59:00,,,,,,,,,,,
2025-05-29 07:14:00,,,,,,,,,,,
2025-05-29 07:29:00,,,,,,,,,,,
2025-05-29 07:44:00,,,,,,,,,,,
2025-05-29 07:59:00,,,,,,,,,,,
2025-05-29 08:14:00,,,,,,,,,,,
2025-05-29 08:29:00,,,,,,,,,,,
2025-05-29 08:44:00,,,,,,,,,,,
2025-05-29 08:59:00,,,,,,,,,,,
2025-05-29 09:14:00,,,,,,,,,,,
2025-05-29 09:29:00,,,,,,,,,,,
2025-05-29 09:44:00,,,,,,,,,,,
2025-05-29 09:59:00,,,,,,,,,,,
2025-05-29 10:14:00,,,,,,,,,,,
2025-05-29 10:29:00,,,,,,,,,,,
2025-05-29 10:44:00,,,,,,,,,,,
2025-05-29 10:59:00,,,,,,,,,,,
2025-05-29 11:14:00,,,,,,,,,,,
2025-05-29 11:29:00,,,,,,,,,,,
2025-05-29 11:44:00,,,,,,,,,,,
2025-05-29 11:59:00,,,,,,,,,,,
2025-05-29 12:14:00,,,,,,,,,,,
2025-05-29 12:29:00,,,,,,,,,,,
2025-05-29 12:44:00,,,,,,,,,,,
2025-05-29 12:59:00,,,,,,,,,,,
2025-05-29 13:14:00,,,,,,,,,,,
2025-05-29 13:29:00,,,,,,,,,,,
2025-05-29 13:44:00,,,,,,,,,,,
2025-05-29 13:59:00,,,,,,,,,,,
2025-05-29 14:14:00,,,,,,,,,,,
2025-05-29 14:29:00,,,,,,,,,,,
2025-05-29 14:44:00,,,,,,,,,,,
2025-05-29 14:59:00,,,,,,,,,,,
2025-05-29 15:14:00,,,,,,,,,,,
2025-05-29 15:29:00,,,,,,,,,,,
2025-05-29 15:44:00,,,,,,,,,,,
2025-05-29 15:59:00,,,,,,,,,,,
2025-05-29 16:14:00,,,,,,,,,,,
2025-05-29 16:29:00,,,,,,,,,,,
2025-05-29 16:44:00,,,,,,,,,,,
2025-05-29 16:59:00,,,,,,,,,,,
2025-05-29 17:14:00,,,,,,,,,,,
2025-05-29 17:29:00,,,,,,,,,,,
2025-05-29 17:44:00,,,,,,,,,,,
2025-05-29 17:59:00,,,,,,,,,,,
2025-05-29 18:14:00,,,,,,,,,,,
2025-05-29 18:29:00,,,,,,,,,,,
2025-05-29 18:44:00,,,,,,,,,,,
2025-05-29 18:59:00,,,,,,,,,,,
2025-05-29 19:14:00,,,,,,,,,,,
2025-05-29 19:29:00,,,,,,,,,,,
2025-05-29 19:44:00,,,,,,,,,,,
2025-05-29 19:59:00,,,,,,,,,,,
2025-05-29 20:14:00,,,,,,,,,,,
2025-05-29 20:29:00,,,,,,,,,,,
2025-05-29 20:44:00,,,,,,,,,,,
2025-05-29 20:59:00,,,,,,,,,,,
2025-05-29 21:14:00,,,,,,,,,,,
2025-05-29 21:29:00,,,,,,,,,,,
2025-05-29 21:44:00,,,,,,,,,,,
2025-05-29 21:59:00,,,,,,,,,,,
2025-05-29 22:14:00,,,,,,,,,,,
2025-05-29 22:29:00,,,,,,,,,,,
2025-05-29 22:44:00,,,,,,,,,,,
2025-05-29 22:59:00,,,,,,,,,,,
2025-05-29 23:14:00,,,,,,,,,,,
2025-05-29 23:29:00,,,,,,,,,,,
2025-05-29 23:44:00,,,,,,,,,,,
2025-05-29 23:59:00,,,,,,,,,,,
2025-05-30 00:14:00,,,,,,,,,,,
2025-05-30 00:29:00,,,,,,,,,,,
2025-05-30 00:44:00,,,,,,,,,,,
2025-05-30 00:59:00,,,,,,,,,,,
2025-05-30 01:14:00,,,,,,,,,,,
2025-05-30 01:29:00,,,,,,,,,,,
2025-05-30 01:44:00,,,,,,,,,,,
2025-05-30 01:59:00,,,,,,,,,,,
2025-05-30 02:14:00,,,,,,,,,,,
2025-05-30 02:29:00,,,,,,,,,,,
2025-05-30 02:44:00,,,,,,,,,,,
2025-05-30 02:59:00,,,,,,,,,,,
2025-05-30 03:14:00,,,,,,,,,,,
2025-05-30 03:29:00,,,,,,,,,,,
2025-05-30 03:44:00,,,,,,,,,,,
2025-05-30 03:59:00,,,,,,,,,,,
2025-05-30 04:14:00,,,,,,,,,,,
2025-05-30 04:29:00,,,,,,,,,,,
2025-05-30 04:44:00,,,,,,,,,,,
2025-05-30 04:59:00,,,,,,,,,,,
2025-05-30 05:14:00,,,,,,,,,,,
2025-05-30 05:29:00,,,,,,,,,,,
2025-05-30 05:44:00,,,,,,,,,,,
2025-05-30 05:59:00,,,,,,,,,,,
2025-05-30 06:14:00,,,,,,,,,,,
2025-05-30 06:29:00,,,,,,,,,,,
2025-05-30 06:44:00,,,,,,,,,,,
2025-05-30 06:59:00,,,,,,,,,,,
2025-05-30 07:14:00,,,,,,,,,,,
2025-05-30 07:29:00,,,,,,,,,,,
2025-05-30 07:44:00,,,,,,,,,,,
2025-05-30 07:59:00,,,,,,,,,,,
2025-05-30 08:14:00,,,,,,,,,,,
2025-05-30 08:29:00,,,,,,,,,,,
2025-05-30 08:44:00,,,,,,,,,,,
2025-05-30 08:59:00,,,,,,,,,,,
2025-05-30 09:14:00,,,,,,,,,,,
2025-05-30 09:29:00,,,,,,,,,,,
2025-05-30 09:44:00,,,,,,,,,,,
2025-05-30 09:59:00,,,,,,,,,,,
2025-05-30 10:14:00,,,,,,,,,,,
2025-05-30 10:29:00,,,,,,,,,,,
2025-05-30 10:44:00,,,,,,,,,,,
2025-05-30 10:59:00,,,,,,,,,,,
2025-05-30 11:14:00,,,,,,,,,,,
2025-05-30 11:29:00,,,,,,,,,,,
2025-05-30 11:44:00,,,,,,,,,,,
2025-05-30 11:59:00,,,,,,,,,,,
2025-05-30 12:14:00,,,,,,,,,,,
2025-05-30 12:29:00,,,,,,,,,,,
2025-05-30 12:44:00,,,,,,,,,,,
2025-05-30 12:59:00,,,,,,,,,,,
2025-05-30 13:14:00,,,,,,,,,,,
2025-05-30 13:29:00,,,,,,,,,,,
2025-05-30 13:44:00,,,,,,,,,,,
2025-05-30 13:59:00,,,,,,,,,,,
2025-05-30 14:14:00,,,,,,,,,,,
2025-05-30 14:29:00,,,,,,,,,,,
2025-05-30 14:44:00,,,,,,,,,,,
2025-05-30 14:59:00,,,,,,,,,,,
2025-05-30 15:14:00,,,,,,,,,,,
2025-05-30 15:29:00,,,,,,,,,,,
2025-05-30 15:44:00,,,,,,,,,,,
2025-05-30 15:59:00,,,,,,,,,,,
2025-05-30 16:14:00,,,,,,,,,,,
2025-05-30 16:29:00,,,,,,,,,,,
2025-05-30 16:44:00,,,,,,,,,,,
2025-05-30 16:59:00,,,,,,,,,,,
2025-05-30 17:14:00,,,,,,,,,,,
2025-05-30 17:29:00,,,,,,,,,,,
2025-05-30 17:44:00,,,,,,,,,,,
2025-05-30 17:59:00,,,,,,,,,,,
2025-05-30 18:14:00,,,,,,,,,,,
2025-05-30 18:29:00,,,,,,,,,,,
2025-05-30 18:44:00,,,,,,,,,,,
2025-05-30 18:59:00,,,,,,,,,,,
2025-05-30 19:14:00,,,,,,,,,,,
2025-05-30 19:29:00,,,,,,,,,,,
2025-05-30 19:44:00,,,,,,,,,,,
2025-05-30 19:59:00,,,,,,,,,,,
2025-05-30 20:14:00,,,,,,,,,,,
2025-05-30 20:29:00,,,,,,,,,,,
2025-05-30 20:44:00,,,,,,,,,,,
2025-05-30 20:59:00,,,,,,,,,,,
2025-05-30 21:14:00,,,,,,,,,,,
2025-05-30 21:29:00,,,,,,,,,,,
2025-05-30 21:44:00,,,,,,,,,,,
2025-05-30 21:59:00,,,,,,,,,,,
2025-05-30 22:14:00,,,,,,,,,,,
2025-05-30 22:29:00,,,,,,,,,,,
2025-05-30 22:44:00,,,,,,,,,,,
2025-05-30 22:59:00,,,,,,,,,,,
2025-05-30 23:14:00,,,,,,,,,,,
2025-05-30 23:29:00,,,,,,,,,,,
2025-05-30 23:44:00,,,,,,,,,,,
2025-05-30 23:59:00,,,,,,,,,,,
2025-05-31 00:14:00,,,,,,,,,,,
2025-05-31 00:29:00,,,,,,,,,,,
2025-05-31 00:44:00,,,,,,,,,,,
2025-05-31 00:59:00,,,,,,,,,,,
2025-05-31 01:14:00,,,,,,,,,,,
2025-05-31 01:29:00,,,,,,,,,,,
2025-05-31 01:44:00,,,,,,,,,,,
2025-05-31 01:59:00,,,,,,,,,,,
2025-05-31 02:14:00,,,,,,,,,,,
2025-05-31 02:29:00,,,,,,,,,,,
2025-05-31 02:44:00,,,,,,,,,,,
2025-05-31 02:59:00,,,,,,,,,,,
2025-05-31 03:14:00,,,,,,,,,,,
2025-05-31 03:29:00,,,,,,,,,,,
2025-05-31 03:44:00,,,,,,,,,,,
2025-05-31 03:59:00,,,,,,,,,,,
2025-05-31 04:14:00,,,,,,,,,,,
2025-05-31 04:29:00,,,,,,,,,,,
2025-05-31 04:44:00,,,,,,,,,,,
2025-05-31 04:59:00,,,,,,,,,,,
2025-05-31 05:14:00,,,,,,,,,,,
2025-05-31 05:29:00,,,,,,,,,,,
2025-05-31 05:44:00,,,,,,,,,,,
2025-05-31 05:59:00,,,,,,,,,,,
2025-05-31 06:14:00,,,,,,,,,,,
2025-05-31 06:29:00,,,,,,,,,,,
2025-05-31 06:44:00,,,,,,,,,,,
2025-05-31 06:59:00,,,,,,,,,,,
2025-05-31 07:14:00,,,,,,,,,,,
2025-05-31 07:29:00,,,,,,,,,,,
2025-05-31 07:44:00,,,,,,,,,,,
2025-05-31 07:59:00,,,,,,,,,,,
2025-05-31 08:14:00,,,,,,,,,,,
2025-05-31 08:29:00,,,,,,,,,,,
2025-05-31 08:44:00,,,,,,,,,,,
2025-05-31 08:59:00,,,,,,,,,,,
2025-05-31 09:14:00,,,,,,,,,,,
2025-05-31 09:29:00,,,,,,,,,,,
2025-05-31 09:44:00,,,,,,,,,,,
2025-05-31 09:59:00,,,,,,,,,,,
2025-05-31 10:14:00,,,,,,,,,,,
2025-05-31 10:29:00,,,,,,,,,,,
2025-05-31 10:44:00,,,,,,,,,,,
2025-05-31 10:59:00,,,,,,,,,,,
2025-05-31 11:14:00,,,,,,,,,,,
2025-05-31 11:29:00,,,,,,,,,,,
2025-05-31 11:44:00,,,,,,,,,,,
2025-05-31 11:59:00,,,,,,,,,,,
2025-05-31 12:14:00,,,,,,,,,,,
2025-05-31 12:29:00,,,,,,,,,,,
2025-05-31 12:44:00,,,,,,,,,,,
2025-05-31 12:59:00,,,,,,,,,,,
2025-05-31 13:14:00,,,,,,,,,,,
2025-05-31 13:29:00,,,,,,,,,,,
2025-05-31 13:44:00,,,,,,,,,,,
2025-05-31 13:59:00,,,,,,,,,,,
2025-05-31 14:14:00,,,,,,,,,,,
2025-05-31 14:29:00,,,,,,,,,,,
2025-05-31 14:44:00,,,,,,,,,,,
2025-05-31 14:59:00,,,,,,,,,,,
2025-05-31 15:14:00,,,,,,,,,,,
2025-05-31 15:29:00,,,,,,,,,,,
2025-05-31 15:44:00,,,,,,,,,,,
2025-05-31 15:59:00,,,,,,,,,,,
2025-05-31 16:14:00,,,,,,,,,,,
2025-05-31 16:29:00,,,,,,,,,,,
2025-05-31 16:44:00,,,,,,,,,,,
2025-05-31 16:59:00,,,,,,,,,,,
2025-05-31 17:14:00,,,,,,,,,,,
2025-05-31 17:29:00,,,,,,,,,,,
2025-05-31 17:44:00,,,,,,,,,,,
2025-05-31 17:59:00,,,,,,,,,,,
2025-05-31 18:14:00,,,,,,,,,,,
2025-05-31 18:29:00,,,,,,,,,,,
2025-05-31 18:44:00,,,,,,,,,,,
2025-05-31 18:59:00,,,,,,,,,,,
2025-05-31 19:14:00,,,,,,,,,,,
2025-05-31 19:29:00,,,,,,,,,,,
2025-05-31 19:44:00,,,,,,,,,,,
2025-05-31 19:59:00,,,,,,,,,,,
2025-05-31 20:14:00,,,,,,,,,,,
2025-05-31 20:29:00,,,,,,,,,,,
2025-05-31 20:44:00,,,,,,,,,,,
2025-05-31 20:59:00,,,,,,,,,,,
2025-05-31 21:14:00,,,,,,,,,,,
2025-05-31 21:29:00,,,,,,,,,,,
2025-05-31 21:44:00,,,,,,,,,,,
2025-05-31 21:59:00,,,,,,,,,,,
2025-05-31 22:14:00,,,,,,,,,,,
2025-05-31 22:29:00,,,,,,,,,,,
2025-05-31 22:44:00,,,,,,,,,,,
2025-05-31 22:59:00,,,,,,,,,,,
2025-05-31 23:14:00,,,,,,,,,,,
2025-05-31 23:29:00,,,,,,,,,,,
2025-05-31 23:44:00,,,,,,,,,,,
2025-05-31 23:59:00,,,,,,,,,,,
2025-06-01 00:14:00,,,,,,,,,,,
2025-06-01 00:29:00,,,,,,,,,,,
2025-06-01 00:44:00,,,,,,,,,,,
2025-06-01 00:59:00,,,,,,,,,,,
2025-06-01 01:14:00,,,,,,,,,,,
2025-06-01 01:29:00,,,,,,,,,,,
2025-06-01 01:44:00,,,,,,,,,,,
2025-06-01 01:59:00,,,,,,,,,,,
2025-06-01 02:14:00,,,,,,,,,,,
2025-06-01 02:29:00,,,,,,,,,,,
2025-06-01 02:44:00,,,,,,,,,,,
2025-06-01 02:59:00,,,,,,,,,,,
2025-06-01 03:14:00,,,,,,,,,,,
2025-06-01 03:29:00,,,,,,,,,,,
2025-06-01 03:44:00,,,,,,,,,,,
2025-06-01 03:59:00,,,,,,,,,,,
2025-06-01 04:14:00,,,,,,,,,,,
2025-06-01 04:29:00,,,,,,,,,,,
2025-06-01 04:44:00,,,,,,,,,,,
2025-06-01 04:59:00,,,,,,,,,,,
2025-06-01 05:14:00,,,,,,,,,,,
2025-06-01 05:29:00,,,,,,,,,,,
2025-06-01 05:44:00,,,,,,,,,,,
2025-06-01 05:59:00,,,,,,,,,,,
2025-06-01 06:14:00,,,,,,,,,,,
2025-06-01 06:29:00,,,,,,,,,,,
2025-06-01 06:44:00,,,,,,,,,,,
2025-06-01 06:59:00,,,,,,,,,,,
2025-06-01 07:14:00,,,,,,,,,,,
2025-06-01 07:29:00,,,,,,,,,,,
2025-06-01 07:44:00,,,,,,,,,,,
2025-06-01 07:59:00,,,,,,,,,,,
2025-06-01 08:14:00,,,,,,,,,,,
2025-06-01 08:29:00,,,,,,,,,,,
2025-06-01 08:44:00,,,,,,,,,,,
2025-06-01 08:59:00,,,,,,,,,,,
2025-06-01 09:14:00,,,,,,,,,,,
2025-06-01 09:29:00,,,,,,,,,,,
2025-06-01 09:44:00,,,,,,,,,,,
2025-06-01 09:59:00,,,,,,,,,,,
2025-06-01 10:14:00,,,,,,,,,,,
2025-06-01 10:29:00,,,,,,,,,,,
2025-06-01 10:44:00,,,,,,,,,,,
2025-06-01 10:59:00,,,,,,,,,,,
2025-06-01 11:14:00,,,,,,,,,,,
2025-06-01 11:29:00,,,,,,,,,,,
2025-06-01 11:44:00,,,,,,,,,,,
2025-06-01 11:59:00,,,,,,,,,,,
2025-06-01 12:14:00,,,,,,,,,,,
2025-06-01 12:29:00,,,,,,,,,,,
2025-06-01 12:44:00,,,,,,,,,,,
2025-06-01 12:59:00,,,,,,,,,,,
2025-06-01 13:14:00,,,,,,,,,,,
2025-06-01 13:29:00,,,,,,,,,,,
2025-06-01 13:44:00,,,,,,,,,,,
2025-06-01 13:59:00,,,,,,,,,,,
2025-06-01 14:14:00,,,,,,,,,,,
2025-06-01 14:29:00,,,,,,,,,,,
2025-06-01 14:44:00,,,,,,,,,,,
2025-06-01 14:59:00,,,,,,,,,,,
2025-06-01 15:14:00,,,,,,,,,,,
2025-06-01 15:29:00,,,,,,,,,,,
2025-06-01 15:44:00,,,,,,,,,,,
2025-06-01 15:59:00,,,,,,,,,,,
2025-06-01 16:14:00,,,,,,,,,,,
2025-06-01 16:29:00,,,,,,,,,,,
2025-06-01 16:44:00,,,,,,,,,,,
2025-06-01 16:59:00,,,,,,,,,,,
2025-06-01 17:14:00,,,,,,,,,,,
2025-06-01 17:29:00,,,,,,,,,,,
2025-06-01 17:44:00,,,,,,,,,,,
2025-06-01 17:59:00,,,,,,,,,,,
2025-06-01 18:14:00,,,,,,,,,,,
2025-06-01 18:29:00,,,,,,,,,,,
2025-06-01 18:44:00,,,,,,,,,,,
2025-06-01 18:59:00,,,,,,,,,,,
2025-06-01 19:14:00,,,,,,,,,,,
2025-06-01 19:29:00,,,,,,,,,,,
2025-06-01 19:44:00,,,,,,,,,,,
2025-06-01 19:59:00,,,,,,,,,,,
2025-06-01 20:14:00,,,,,,,,,,,
2025-06-01 20:29:00,,,,,,,,,,,
2025-06-01 20:44:00,,,,,,,,,,,
2025-06-01 20:59:00,,,,,,,,,,,
2025-06-01 21:14:00,,,,,,,,,,,
2025-06-01 21:29:00,,,,,,,,,,,
2025-06-01 21:44:00,,,,,,,,,,,
2025-06-01 21:59:00,,,,,,,,,,,
2025-06-01 22:14:00,,,,,,,,,,,
2025-06-01 22:29:00,,,,,,,,,,,
2025-06-01 22:44:00,,,,,,,,,,,
2025-06-01 22:59:00,,,,,,,,,,,
2025-06-01 23:14:00,,,,,,,,,,,
2025-06-01 23:29:00,,,,,,,,,,,
2025-06-01 23:44:00,,,,,,,,,,,
2025-06-01 23:59:00,,,,,,,,,,,
2025-06-02 00:14:00,,,,,,,,,,,
2025-06-02 00:29:00,,,,,,,,,,,
2025-06-02 00:44:00,,,,,,,,,,,
2025-06-02 00:59:00,,,,,,,,,,,
2025-06-02 01:14:00,,,,,,,,,,,
2025-06-02 01:29:00,,,,,,,,,,,
2025-06-02 01:44:00,,,,,,,,,,,
2025-06-02 01:59:00,,,,,,,,,,,
2025-06-02 02:14:00,,,,,,,,,,,
2025-06-02 02:29:00,,,,,,,,,,,
2025-06-02 02:44:00,,,,,,,,,,,
2025-06-02 02:59:00,,,,,,,,,,,
2025-06-02 03:14:00,,,,,,,,,,,
2025-06-02 03:29:00,,,,,,,,,,,
2025-06-02 03:44:00,,,,,,,,,,,
2025-06-02 03:59:00,,,,,,,,,,,
2025-06-02 04:14:00,,,,,,,,,,,
2025-06-02 04:29:00,,,,,,,,,,,
2025-06-02 04:44:00,,,,,,,,,,,
2025-06-02 04:59:00,,,,,,,,,,,
2025-06-02 05:14:00,,,,,,,,,,,
2025-06-02 05:29:00,,,,,,,,,,,
2025-06-02 05:44:00,,,,,,,,,,,
2025-06-02 05:59:00,,,,,,,,,,,
2025-06-02 06:14:00,,,,,,,,,,,
2025-06-02 06:29:00,,,,,,,,,,,
2025-06-02 06:44:00,,,,,,,,,,,
2025-06-02 06:59:00,,,,,,,,,,,
2025-06-02 07:14:00,,,,,,,,,,,
2025-06-02 07:29:00,,,,,,,,,,,
2025-06-02 07:44:00,,,,,,,,,,,
2025-06-02 07:59:00,,,,,,,,,,,
2025-06-02 08:14:00,,,,,,,,,,,
2025-06-02 08:29:00,,,,,,,,,,,
2025-06-02 08:44:00,,,,,,,,,,,
2025-06-02 08:59:00,,,,,,,,,,,
2025-06-02 09:14:00,,,,,,,,,,,
2025-06-02 09:29:00,,,,,,,,,,,
2025-06-02 09:44:00,,,,,,,,,,,
2025-06-02 09:59:00,,,,,,,,,,,
2025-06-02 10:14:00,,,,,,,,,,,
2025-06-02 10:29:00,,,,,,,,,,,
2025-06-02 10:44:00,,,,,,,,,,,
2025-06-02 10:59:00,,,,,,,,,,,
2025-06-02 11:14:00,,,,,,,,,,,
2025-06-02 11:29:00,,,,,,,,,,,
2025-06-02 11:44:00,,,,,,,,,,,
2025-06-02 11:59:00,,,,,,,,,,,
2025-06-02 12:14:00,,,,,,,,,,,
2025-06-02 12:29:00,,,,,,,,,,,
2025-06-02 12:44:00,,,,,,,,,,,
2025-06-02 12:59:00,,,,,,,,,,,
2025-06-02 13:14:00,,,,,,,,,,,
2025-06-02 13:29:00,,,,,,,,,,,
2025-06-02 13:44:00,,,,,,,,,,,
2025-06-02 13:59:00,,,,,,,,,,,
2025-06-02 14:14:00,,,,,,,,,,,
2025-06-02 14:29:00,,,,,,,,,,,
2025-06-02 14:44:00,,,,,,,,,,,
2025-06-02 14:59:00,,,,,,,,,,,
2025-06-02 15:14:00,,,,,,,,,,,
2025-06-02 15:29:00,,,,,,,,,,,
2025-06-02 15:44:00,,,,,,,,,,,
2025-06-02 15:59:00,,,,,,,,,,,
2025-06-02 16:14:00,,,,,,,,,,,
2025-06-02 16:29:00,,,,,,,,,,,
2025-06-02 16:44:00,,,,,,,,,,,
2025-06-02 16:59:00,,,,,,,,,,,
2025-06-02 17:14:00,,,,,,,,,,,
2025-06-02 17:29:00,,,,,,,,,,,
2025-06-02 17:44:00,,,,,,,,,,,
2025-06-02 17:59:00,,,,,,,,,,,
2025-06-02 18:14:00,,,,,,,,,,,
2025-06-02 18:29:00,,,,,,,,,,,
2025-06-02 18:44:00,,,,,,,,,,,
2025-06-02 18:59:00,,,,,,,,,,,
2025-06-02 19:14:00,,,,,,,,,,,
2025-06-02 19:29:00,,,,,,,,,,,
2025-06-02 19:44:00,,,,,,,,,,,
2025-06-02 19:59:00,,,,,,,,,,,
2025-06-02 20:14:00,,,,,,,,,,,
2025-06-02 20:29:00,,,,,,,,,,,
2025-06-02 20:44:00,,,,,,,,,,,
2025-06-02 20:59:00,,,,,,,,,,,
2025-06-02 21:14:00,,,,,,,,,,,
2025-06-02 21:29:00,,,,,,,,,,,
2025-06-02 21:44:00,,,,,,,,,,,
2025-06-02 21:59:00,,,,,,,,,,,
2025-06-02 22:14:00,,,,,,,,,,,
2025-06-02 22:29:00,,,,,,,,,,,
2025-06-02 22:44:00,,,,,,,,,,,
2025-06-02 22:59:00,,,,,,,,,,,
2025-06-02 23:14:00,,,,,,,,,,,
2025-06-02 23:29:00,,,,,,,,,,,
2025-06-02 23:44:00,,,,,,,,,,,
2025-06-02 23:59:00,,,,,,,,,,,
2025-06-03 00:14:00,,,,,,,,,,,
2025-06-03 00:29:00,,,,,,,,,,,
2025-06-03 00:44:00,,,,,,,,,,,
2025-06-03 00:59:00,,,,,,,,,,,
2025-06-03 01:14:00,,,,,,,,,,,
2025-06-03 01:29:00,,,,,,,,,,,
2025-06-03 01:44:00,,,,,,,,,,,
2025-06-03 01:59:00,,,,,,,,,,,
2025-06-03 02:14:00,,,,,,,,,,,
2025-06-03 02:29:00,,,,,,,,,,,
2025-06-03 02:44:00,,,,,,,,,,,
2025-06-03 02:59:00,,,,,,,,,,,
2025-06-03 03:14:00,,,,,,,,,,,
2025-06-03 03:29:00,,,,,,,,,,,
2025-06-03 03:44:00,,,,,,,,,,,
2025-06-03 03:59:00,,,,,,,,,,,
2025-06-03 04:14:00,,,,,,,,,,,
2025-06-03 04:29:00,,,,,,,,,,,
2025-06-03 04:44:00,,,,,,,,,,,
2025-06-03 04:59:00,,,,,,,,,,,
2025-06-03 05:14:00,,,,,,,,,,,
2025-06-03 05:29:00,,,,,,,,,,,
2025-06-03 05:44:00,,,,,,,,,,,
2025-06-03 05:59:00,,,,,,,,,,,
2025-06-03 06:14:00,,,,,,,,,,,
2025-06-03 06:29:00,,,,,,,,,,,
2025-06-03 06:44:00,,,,,,,,,,,
2025-06-03 06:59:00,,,,,,,,,,,
2025-06-03 07:14:00,,,,,,,,,,,
2025-06-03 07:29:00,,,,,,,,,,,
2025-06-03 07:44:00,,,,,,,,,,,
2025-06-03 07:59:00,,,,,,,,,,,
2025-06-03 08:14:00,,,,,,,,,,,
2025-06-03 08:29:00,,,,,,,,,,,
2025-06-03 08:44:00,,,,,,,,,,,
2025-06-03 08:59:00,,,,,,,,,,,
2025-06-03 09:14:00,,,,,,,,,,,
2025-06-03 09:29:00,,,,,,,,,,,
2025-06-03 09:44:00,,,,,,,,,,,
2025-06-03 09:59:00,,,,,,,,,,,
2025-06-03 10:14:00,,,,,,,,,,,
2025-06-03 10:29:00,,,,,,,,,,,
2025-06-03 10:44:00,,,,,,,,,,,
2025-06-03 10:59:00,,,,,,,,,,,
2025-06-03 11:14:00,,,,,,,,,,,
2025-06-03 11:29:00,,,,,,,,,,,
2025-06-03 11:44:00,,,,,,,,,,,
2025-06-03 11:59:00,,,,,,,,,,,
2025-06-03 12:14:00,,,,,,,,,,,
2025-06-03 12:29:00,,,,,,,,,,,
2025-06-03 12:44:00,,,,,,,,,,,
2025-06-03 12:59:00,,,,,,,,,,,
2025-06-03 13:14:00,,,,,,,,,,,
2025-06-03 13:29:00,,,,,,,,,,,
2025-06-03 13:44:00,,,,,,,,,,,
2025-06-03 13:59:00,,,,,,,,,,,
2025-06-03 14:14:00,,,,,,,,,,,
2025-06-03 14:29:00,,,,,,,,,,,
2025-06-03 14:44:00,,,,,,,,,,,
2025-06-03 14:59:00,,,,,,,,,,,
2025-06-03 15:14:00,,,,,,,,,,,
2025-06-03 15:29:00,,,,,,,,,,,
2025-06-03 15:44:00,,,,,,,,,,,
2025-06-03 15:59:00,,,,,,,,,,,
2025-06-03 16:14:00,,,,,,,,,,,
2025-06-03 16:29:00,,,,,,,,,,,
2025-06-03 16:44:00,,,,,,,,,,,
2025-06-03 16:59:00,,,,,,,,,,,
2025-06-03 17:14:00,,,,,,,,,,,
2025-06-03 17:29:00,,,,,,,,,,,
2025-06-03 17:44:00,,,,,,,,,,,
2025-06-03 17:59:00,,,,,,,,,,,
2025-06-03 18:14:00,,,,,,,,,,,
2025-06-03 18:29:00,,,,,,,,,,,
2025-06-03 18:44:00,,,,,,,,,,,
2025-06-03 18:59:00,,,,,,,,,,,
2025-06-03 19:14:00,,,,,,,,,,,
2025-06-03 19:29:00,,,,,,,,,,,
2025-06-03 19:44:00,,,,,,,,,,,
2025-06-03 19:59:00,,,,,,,,,,,
2025-06-03 20:14:00,,,,,,,,,,,
2025-06-03 20:29:00,,,,,,,,,,,
2025-06-03 20:44:00,,,,,,,,,,,
2025-06-03 20:59:00,,,,,,,,,,,
2025-06-03 21:14:00,,,,,,,,,,,
2025-06-03 21:29:00,,,,,,,,,,,
2025-06-03 21:44:00,,,,,,,,,,,
2025-06-03 21:59:00,,,,,,,,,,,
2025-06-03 22:14:00,,,,,,,,,,,
2025-06-03 22:29:00,,,,,,,,,,,
2025-06-03 22:44:00,,,,,,,,,,,
2025-06-03 22:59:00,,,,,,,,,,,
2025-06-03 23:14:00,,,,,,,,,,,
2025-06-03 23:29:00,,,,,,,,,,,
2025-06-03 23:44:00,,,,,,,,,,,
2025-06-03 23:59:00,,,,,,,,,,,
2025-06-04 00:14:00,,,,,,,,,,,
2025-06-04 00:29:00,,,,,,,,,,,
2025-06-04 00:44:00,,,,,,,,,,,
2025-06-04 00:59:00,,,,,,,,,,,
2025-06-04 01:14:00,,,,,,,,,,,
2025-06-04 01:29:00,,,,,,,,,,,
2025-06-04 01:44:00,,,,,,,,,,,
2025-06-04 01:59:00,,,,,,,,,,,
2025-06-04 02:14:00,,,,,,,,,,,
2025-06-04 02:29:00,,,,,,,,,,,
2025-06-04 02:44:00,,,,,,,,,,,
2025-06-04 02:59:00,,,,,,,,,,,
2025-06-04 03:14:00,,,,,,,,,,,
2025-06-04 03:29:00,,,,,,,,,,,
2025-06-04 03:44:00,,,,,,,,,,,
2025-06-04 03:59:00,,,,,,,,,,,
2025-06-04 04:14:00,,,,,,,,,,,
2025-06-04 04:29:00,,,,,,,,,,,
2025-06-04 04:44:00,,,,,,,,,,,
2025-06-04 04:59:00,,,,,,,,,,,
2025-06-04 05:14:00,,,,,,,,,,,
2025-06-04 05:29:00,,,,,,,,,,,
2025-06-04 05:44:00,,,,,,,,,,,
2025-06-04 05:59:00,,,,,,,,,,,
2025-06-04 06:14:00,,,,,,,,,,,
2025-06-04 06:29:00,,,,,,,,,,,
2025-06-04 06:44:00,,,,,,,,,,,
2025-06-04 06:59:00,,,,,,,,,,,
2025-06-04 07:14:00,,,,,,,,,,,
2025-06-04 07:29:00,,,,,,,,,,,
2025-06-04 07:44:00,,,,,,,,,,,
2025-06-04 07:59:00,,,,,,,,,,,
2025-06-04 08:14:00,,,,,,,,,,,
2025-06-04 08:29:00,,,,,,,,,,,
2025-06-04 08:44:00,,,,,,,,,,,
2025-06-04 08:59:00,,,,,,,,,,,
2025-06-04 09:14:00,,,,,,,,,,,
2025-06-04 09:29:00,,,,,,,,,,,
2025-06-04 09:44:00,,,,,,,,,,,
2025-06-04 09:59:00,,,,,,,,,,,
2025-06-04 10:14:00,,,,,,,,,,,
2025-06-04 10:29:00,,,,,,,,,,,
2025-06-04 10:44:00,,,,,,,,,,,
2025-06-04 10:59:00,,,,,,,,,,,
2025-06-04 11:14:00,,,,,,,,,,,
2025-06-04 11:29:00,,,,,,,,,,,
2025-06-04 11:44:00,,,,,,,,,,,
2025-06-04 11:59:00,,,,,,,,,,,
2025-06-04 12:14:00,,,,,,,,,,,
2025-06-04 12:29:00,,,,,,,,,,,
2025-06-04 12:44:00,,,,,,,,,,,
2025-06-04 12:59:00,,,,,,,,,,,
2025-06-04 13:14:00,,,,,,,,,,,
2025-06-04 13:29:00,,,,,,,,,,,
2025-06-04 13:44:00,,,,,,,,,,,
2025-06-04 13:59:00,,,,,,,,,,,
2025-06-04 14:14:00,,,,,,,,,,,
2025-06-04 14:29:00,,,,,,,,,,,
2025-06-04 14:44:00,,,,,,,,,,,
2025-06-04 14:59:00,,,,,,,,,,,
2025-06-04 15:14:00,,,,,,,,,,,
2025-06-04 15:29:00,,,,,,,,,,,
2025-06-04 15:44:00,,,,,,,,,,,
2025-06-04 15:59:00,,,,,,,,,,,
2025-06-04 16:14:00,,,,,,,,,,,
2025-06-04 16:29:00,,,,,,,,,,,
2025-06-04 16:44:00,,,,,,,,,,,
2025-06-04 16:59:00,,,,,,,,,,,
2025-06-04 17:14:00,,,,,,,,,,,
2025-06-04 17:29:00,,,,,,,,,,,
2025-06-04 17:44:00,,,,,,,,,,,
2025-06-04 17:59:00,,,,,,,,,,,
2025-06-04 18:14:00,,,,,,,,,,,
2025-06-04 18:29:00,,,,,,,,,,,
2025-06-04 18:44:00,,,,,,,,,,,
2025-06-04 18:59:00,,,,,,,,,,,
2025-06-04 19:14:00,,,,,,,,,,,
2025-06-04 19:29:00,,,,,,,,,,,
2025-06-04 19:44:00,,,,,,,,,,,
2025-06-04 19:59:00,,,,,,,,,,,
2025-06-04 20:14:00,,,,,,,,,,,
2025-06-04 20:29:00,,,,,,,,,,,
2025-06-04 20:44:00,,,,,,,,,,,
2025-06-04 20:59:00,,,,,,,,,,,
2025-06-04 21:14:00,,,,,,,,,,,
2025-06-04 21:29:00,,,,,,,,,,,
2025-06-04 21:44:00,,,,,,,,,,,
2025-06-04 21:59:00,,,,,,,,,,,
2025-06-04 22:14:00,,,,,,,,,,,
2025-06-04 22:29:00,,,,,,,,,,,
2025-06-04 22:44:00,,,,,,,,,,,
2025-06-04 22:59:00,,,,,,,,,,,
2025-06-04 23:14:00,,,,,,,,,,,
2025-06-04 23:29:00,,,,,,,,,,,
2025-06-04 23:44:00,,,,,,,,,,,
2025-06-04 23:59:00,,,,,,,,,,,
2025-06-05 00:14:00,,,,,,,,,,,
2025-06-05 00:29:00,,,,,,,,,,,
2025-06-05 00:44:00,,,,,,,,,,,
2025-06-05 00:59:00,,,,,,,,,,,
2025-06-05 01:14:00,,,,,,,,,,,
2025-06-05 01:29:00,,,,,,,,,,,
2025-06-05 01:44:00,,,,,,,,,,,
2025-06-05 01:59:00,,,,,,,,,,,
2025-06-05 02:14:00,,,,,,,,,,,
2025-06-05 02:29:00,,,,,,,,,,,
2025-06-05 02:44:00,,,,,,,,,,,
2025-06-05 02:59:00,,,,,,,,,,,
2025-06-05 03:14:00,,,,,,,,,,,
2025-06-05 03:29:00,,,,,,,,,,,
2025-06-05 03:44:00,,,,,,,,,,,
2025-06-05 03:59:00,,,,,,,,,,,
2025-06-05 04:14:00,,,,,,,,,,,
2025-06-05 04:29:00,,,,,,,,,,,
2025-06-05 04:44:00,,,,,,,,,,,
2025-06-05 04:59:00,,,,,,,,,,,
2025-06-05 05:14:00,,,,,,,,,,,
2025-06-05 05:29:00,,,,,,,,,,,
2025-06-05 05:44:00,,,,,,,,,,,
2025-06-05 05:59:00,,,,,,,,,,,
2025-06-05 06:14:00,,,,,,,,,,,
2025-06-05 06:29:00,,,,,,,,,,,
2025-06-05 06:44:00,,,,,,,,,,,
2025-06-05 06:59:00,,,,,,,,,,,
2025-06-05 07:14:00,,,,,,,,,,,
2025-06-05 07:29:00,,,,,,,,,,,
2025-06-05 07:44:00,,,,,,,,,,,
2025-06-05 07:59:00,,,,,,,,,,,
2025-06-05 08:14:00,,,,,,,,,,,
2025-06-05 08:29:00,,,,,,,,,,,
2025-06-05 08:44:00,,,,,,,,,,,
2025-06-05 08:59:00,,,,,,,,,,,
2025-06-05 09:14:00,,,,,,,,,,,
2025-06-05 09:29:00,,,,,,,,,,,
2025-06-05 09:44:00,,,,,,,,,,,
2025-06-05 09:59:00,,,,,,,,,,,
2025-06-05 10:14:00,,,,,,,,,,,
2025-06-05 10:29:00,,,,,,,,,,,
2025-06-05 10:44:00,,,,,,,,,,,
2025-06-05 10:59:00,,,,,,,,,,,
2025-06-05 11:14:00,,,,,,,,,,,
2025-06-05 11:29:00,,,,,,,,,,,
2025-06-05 11:44:00,,,,,,,,,,,
2025-06-05 11:59:00,,,,,,,,,,,
2025-06-05 12:14:00,,,,,,,,,,,
2025-06-05 12:29:00,,,,,,,,,,,
2025-06-05 12:44:00,,,,,,,,,,,
2025-06-05 12:59:00,,,,,,,,,,,
2025-06-05 13:14:00,,,,,,,,,,,
2025-06-05 13:29:00,,,,,,,,,,,
2025-06-05 13:44:00,,,,,,,,,,,
2025-06-05 13:59:00,,,,,,,,,,,
2025-06-05 14:14:00,,,,,,,,,,,
2025-06-05 14:29:00,,,,,,,,,,,
2025-06-05 14:44:00,,,,,,,,,,,
2025-06-05 14:59:00,,,,,,,,,,,
2025-06-05 15:14:00,,,,,,,,,,,
2025-06-05 15:29:00,,,,,,,,,,,
2025-06-05 15:44:00,,,,,,,,,,,
2025-06-05 15:59:00,,,,,,,,,,,
2025-06-05 16:14:00,,,,,,,,,,,
2025-06-05 16:29:00,,,,,,,,,,,
2025-06-05 16:44:00,,,,,,,,,,,
2025-06-05 16:59:00,,,,,,,,,,,
2025-06-05 17:14:00,,,,,,,,,,,
2025-06-05 17:29:00,,,,,,,,,,,
2025-06-05 17:44:00,,,,,,,,,,,
2025-06-05 17:59:00,,,,,,,,,,,
2025-06-05 18:14:00,,,,,,,,,,,
2025-06-05 18:29:00,,,,,,,,,,,
2025-06-05 18:44:00,,,,,,,,,,,
2025-06-05 18:59:00,,,,,,,,,,,
2025-06-05 19:14:00,,,,,,,,,,,
2025-06-05 19:29:00,,,,,,,,,,,
2025-06-05 19:44:00,,,,,,,,,,,
2025-06-05 19:59:00,,,,,,,,,,,
2025-06-05 20:14:00,,,,,,,,,,,
2025-06-05 20:29:00,,,,,,,,,,,
2025-06-05 20:44:00,,,,,,,,,,,
2025-06-05 20:59:00,,,,,,,,,,,
2025-06-05 21:14:00,,,,,,,,,,,
2025-06-05 21:29:00,,,,,,,,,,,
2025-06-05 21:44:00,,,,,,,,,,,
2025-06-05 21:59:00,,,,,,,,,,,
2025-06-05 22:14:00,,,,,,,,,,,
2025-06-05 22:29:00,,,,,,,,,,,
2025-06-05 22:44:00,,,,,,,,,,,
2025-06-05 22:59:00,,,,,,,,,,,
2025-06-05 23:14:00,,,,,,,,,,,
2025-06-05 23:29:00,,,,,,,,,,,
2025-06-05 23:44:00,,,,,,,,,,,
2025-06-05 23:59:00,,,,,,,,,,,
2025-06-06 00:14:00,,,,,,,,,,,
2025-06-06 00:29:00,,,,,,,,,,,
2025-06-06 00:44:00,,,,,,,,,,,
2025-06-06 00:59:00,,,,,,,,,,,
2025-06-06 01:14:00,,,,,,,,,,,
2025-06-06 01:29:00,,,,,,,,,,,
2025-06-06 01:44:00,,,,,,,,,,,
2025-06-06 01:59:00,,,,,,,,,,,
2025-06-06 02:14:00,,,,,,,,,,,
2025-06-06 02:29:00,,,,,,,,,,,
2025-06-06 02:44:00,,,,,,,,,,,
2025-06-06 02:59:00,,,,,,,,,,,
2025-06-06 03:14:00,,,,,,,,,,,
2025-06-06 03:29:00,,,,,,,,,,,
2025-06-06 03:44:00,,,,,,,,,,,
2025-06-06 03:59:00,,,,,,,,,,,
2025-06-06 04:14:00,,,,,,,,,,,
2025-06-06 04:29:00,,,,,,,,,,,
2025-06-06 04:44:00,,,,,,,,,,,
2025-06-06 04:59:00,,,,,,,,,,,
2025-06-06 05:14:00,,,,,,,,,,,
2025-06-06 05:29:00,,,,,,,,,,,
2025-06-06 05:44:00,,,,,,,,,,,
2025-06-06 05:59:00,,,,,,,,,,,
2025-06-06 06:14:00,,,,,,,,,,,
2025-06-06 06:29:00,,,,,,,,,,,
2025-06-06 06:44:00,,,,,,,,,,,
2025-06-06 06:59:00,,,,,,,,,,,
2025-06-06 07:14:00,,,,,,,,,,,
2025-06-06 07:29:00,,,,,,,,,,,
2025-06-06 07:44:00,,,,,,,,,,,
2025-06-06 07:59:00,,,,,,,,,,,
2025-06-06 08:14:00,,,,,,,,,,,
2025-06-06 08:29:00,,,,,,,,,,,
2025-06-06 08:44:00,,,,,,,,,,,
2025-06-06 08:59:00,,,,,,,,,,,
2025-06-06 09:14:00,,,,,,,,,,,
2025-06-06 09:29:00,,,,,,,,,,,
2025-06-06 09:44:00,,,,,,,,,,,
2025-06-06 09:59:00,,,,,,,,,,,
2025-06-06 10:14:00,,,,,,,,,,,
2025-06-06 10:29:00,,,,,,,,,,,
2025-06-06 10:44:00,,,,,,,,,,,
2025-06-06 10:59:00,,,,,,,,,,,
2025-06-06 11:14:00,,,,,,,,,,,
2025-06-06 11:29:00,,,,,,,,,,,
2025-06-06 11:44:00,,,,,,,,,,,
2025-06-06 11:59:00,,,,,,,,,,,
2025-06-06 12:14:00,,,,,,,,,,,
2025-06-06 12:29:00,,,,,,,,,,,
2025-06-06 12:44:00,,,,,,,,,,,
2025-06-06 12:59:00,,,,,,,,,,,
2025-06-06 13:14:00,,,,,,,,,,,
2025-06-06 13:29:00,,,,,,,,,,,
2025-06-06 13:44:00,,,,,,,,,,,
2025-06-06 13:59:00,,,,,,,,,,,
2025-06-06 14:14:00,,,,,,,,,,,
2025-06-06 14:29:00,,,,,,,,,,,
2025-06-06 14:44:00,,,,,,,,,,,
2025-06-06 14:59:00,,,,,,,,,,,
2025-06-06 15:14:00,,,,,,,,,,,
2025-06-06 15:29:00,,,,,,,,,,,
2025-06-06 15:44:00,,,,,,,,,,,
2025-06-06 15:59:00,,,,,,,,,,,
2025-06-06 16:14:00,,,,,,,,,,,
2025-06-06 16:29:00,,,,,,,,,,,
2025-06-06 16:44:00,,,,,,,,,,,
2025-06-06 16:59:00,,,,,,,,,,,
2025-06-06 17:14:00,,,,,,,,,,,
2025-06-06 17:29:00,,,,,,,,,,,
2025-06-06 17:44:00,,,,,,,,,,,
2025-06-06 17:59:00,,,,,,,,,,,
2025-06-06 18:14:00,,,,,,,,,,,
2025-06-06 18:29:00,,,,,,,,,,,
2025-06-06 18:44:00,,,,,,,,,,,
2025-06-06 18:59:00,,,,,,,,,,,
2025-06-06 19:14:00,,,,,,,,,,,
2025-06-06 19:29:00,,,,,,,,,,,
2025-06-06 19:44:00,,,,,,,,,,,
2025-06-06 19:59:00,,,,,,,,,,,
2025-06-06 20:14:00,,,,,,,,,,,
2025-06-06 20:29:00,,,,,,,,,,,
2025-06-06 20:44:00,,,,,,,,,,,
2025-06-06 20:59:00,,,,,,,,,,,
2025-06-06 21:14:00,,,,,,,,,,,
2025-06-06 21:29:00,,,,,,,,,,,
2025-06-06 21:44:00,,,,,,,,,,,
2025-06-06 21:59:00,,,,,,,,,,,
2025-06-06 22:14:00,,,,,,,,,,,
2025-06-06 22:29:00,,,,,,,,,,,
2025-06-06 22:44:00,,,,,,,,,,,
2025-06-06 22:59:00,,,,,,,,,,,
2025-06-06 23:14:00,,,,,,,,,,,
2025-06-06 23:29:00,,,,,,,,,,,
2025-06-06 23:44:00,,,,,,,,,,,
2025-06-06 23:59:00,,,,,,,,,,,
2025-06-07 00:14:00,,,,,,,,,,,
2025-06-07 00:29:00,,,,,,,,,,,
2025-06-07 00:44:00,,,,,,,,,,,
2025-06-07 00:59:00,,,,,,,,,,,
2025-06-07 01:14:00,,,,,,,,,,,
2025-06-07 01:29:00,,,,,,,,,,,
2025-06-07 01:44:00,,,,,,,,,,,
2025-06-07 01:59:00,,,,,,,,,,,
2025-06-07 02:14:00,,,,,,,,,,,
2025-06-07 02:29:00,,,,,,,,,,,
2025-06-07 02:44:00,,,,,,,,,,,
2025-06-07 02:59:00,,,,,,,,,,,
2025-06-07 03:14:00,,,,,,,,,,,
2025-06-07 03:29:00,,,,,,,,,,,
2025-06-07 03:44:00,,,,,,,,,,,
2025-06-07 03:59:00,,,,,,,,,,,
2025-06-07 04:14:00,,,,,,,,,,,
2025-06-07 04:29:00,,,,,,,,,,,
2025-06-07 04:44:00,,,,,,,,,,,
2025-06-07 04:59:00,,,,,,,,,,,
2025-06-07 05:14:00,,,,,,,,,,,
2025-06-07 05:29:00,,,,,,,,,,,
2025-06-07 05:44:00,,,,,,,,,,,
2025-06-07 05:59:00,,,,,,,,,,,
2025-06-07 06:14:00,,,,,,,,,,,
2025-06-07 06:29:00,,,,,,,,,,,
2025-06-07 06:44:00,,,,,,,,,,,
2025-06-07 06:59:00,,,,,,,,,,,
2025-06-07 07:14:00,,,,,,,,,,,
2025-06-07 07:29:00,,,,,,,,,,,
2025-06-07 07:44:00,,,,,,,,,,,
2025-06-07 07:59:00,,,,,,,,,,,
2025-06-07 08:14:00,,,,,,,,,,,
2025-06-07 08:29:00,,,,,,,,,,,
2025-06-07 08:44:00,,,,,,,,,,,
2025-06-07 08:59:00,,,,,,,,,,,
2025-06-07 09:14:00,,,,,,,,,,,
2025-06-07 09:29:00,,,,,,,,,,,
2025-06-07 09:44:00,,,,,,,,,,,
2025-06-07 09:59:00,,,,,,,,,,,
2025-06-07 10:14:00,,,,,,,,,,,
2025-06-07 10:29:00,,,,,,,,,,,
2025-06-07 10:44:00,,,,,,,,,,,
2025-06-07 10:59:00,,,,,,,,,,,
2025-06-07 11:14:00,,,,,,,,,,,
2025-06-07 11:29:00,,,,,,,,,,,
2025-06-07 11:44:00,,,,,,,,,,,
2025-06-07 11:59:00,,,,,,,,,,,
2025-06-07 12:14:00,,,,,,,,,,,
2025-06-07 12:29:00,,,,,,,,,,,
2025-06-07 12:44:00,,,,,,,,,,,
2025-06-07 12:59:00,,,,,,,,,,,
2025-06-07 13:14:00,,,,,,,,,,,
2025-06-07 13:29:00,,,,,,,,,,,
2025-06-07 13:44:00,,,,,,,,,,,
2025-06-07 13:59:00,,,,,,,,,,,
2025-06-07 14:14:00,,,,,,,,,,,
2025-06-07 14:29:00,,,,,,,,,,,
2025-06-07 14:44:00,,,,,,,,,,,
2025-06-07 14:59:00,,,,,,,,,,,
2025-06-07 15:14:00,,,,,,,,,,,
2025-06-07 15:29:00,,,,,,,,,,,
2025-06-07 15:44:00,,,,,,,,,,,
2025-06-07 15:59:00,,,,,,,,,,,
2025-06-07 16:14:00,,,,,,,,,,,
2025-06-07 16:29:00,,,,,,,,,,,
2025-06-07 16:44:00,,,,,,,,,,,
2025-06-07 16:59:00,,,,,,,,,,,
2025-06-07 17:14:00,,,,,,,,,,,
2025-06-07 17:29:00,,,,,,,,,,,
2025-06-07 17:44:00,,,,,,,,,,,
2025-06-07 17:59:00,,,,,,,,,,,
2025-06-07 18:14:00,,,,,,,,,,,
2025-06-07 18:29:00,,,,,,,,,,,
2025-06-07 18:44:00,,,,,,,,,,,
2025-06-07 18:59:00,,,,,,,,,,,
2025-06-07 19:14:00,,,,,,,,,,,
2025-06-07 19:29:00,,,,,,,,,,,
2025-06-07 19:44:00,,,,,,,,,,,
2025-06-07 19:59:00,,,,,,,,,,,
2025-06-07 20:14:00,,,,,,,,,,,
2025-06-07 20:29:00,,,,,,,,,,,
2025-06-07 20:44:00,,,,,,,,,,,
2025-06-07 20:59:00,,,,,,,,,,,
2025-06-07 21:14:00,,,,,,,,,,,
2025-06-07 21:29:00,,,,,,,,,,,
2025-06-07 21:44:00,,,,,,,,,,,
2025-06-07 21:59:00,,,,,,,,,,,
2025-06-07 22:14:00,,,,,,,,,,,
2025-06-07 22:29:00,,,,,,,,,,,
2025-06-07 22:44:00,,,,,,,,,,,
2025-06-07 22:59:00,,,,,,,,,,,
2025-06-07 23:14:00,,,,,,,,,,,
2025-06-07 23:29:00,,,,,,,,,,,
2025-06-07 23:44:00,,,,,,,,,,,
2025-06-07 23:59:00,,,,,,,,,,,
2025-06-08 00:14:00,,,,,,,,,,,
2025-06-08 00:29:00,,,,,,,,,,,
2025-06-08 00:44:00,,,,,,,,,,,
2025-06-08 00:59:00,,,,,,,,,,,
2025-06-08 01:14:00,,,,,,,,,,,
2025-06-08 01:29:00,,,,,,,,,,,
2025-06-08 01:44:00,,,,,,,,,,,
2025-06-08 01:59:00,,,,,,,,,,,
2025-06-08 02:14:00,,,,,,,,,,,
2025-06-08 02:29:00,,,,,,,,,,,
2025-06-08 02:44:00,,,,,,,,,,,
2025-06-08 02:59:00,,,,,,,,,,,
2025-06-08 03:14:00,,,,,,,,,,,
2025-06-08 03:29:00,,,,,,,,,,,
2025-06-08 03:44:00,,,,,,,,,,,
2025-06-08 03:59:00,,,,,,,,,,,
2025-06-08 04:14:00,,,,,,,,,,,
2025-06-08 04:29:00,,,,,,,,,,,
2025-06-08 04:44:00,,,,,,,,,,,
2025-06-08 04:59:00,,,,,,,,,,,
2025-06-08 05:14:00,,,,,,,,,,,
2025-06-08 05:29:00,,,,,,,,,,,
2025-06-08 05:44:00,,,,,,,,,,,
2025-06-08 05:59:00,,,,,,,,,,,
2025-06-08 06:14:00,,,,,,,,,,,
2025-06-08 06:29:00,,,,,,,,,,,
2025-06-08 06:44:00,,,,,,,,,,,
2025-06-08 06:59:00,,,,,,,,,,,
2025-06-08 07:14:00,,,,,,,,,,,
2025-06-08 07:29:00,,,,,,,,,,,
2025-06-08 07:44:00,,,,,,,,,,,
2025-06-08 07:59:00,,,,,,,,,,,
2025-06-08 08:14:00,,,,,,,,,,,
2025-06-08 08:29:00,,,,,,,,,,,
2025-06-08 08:44:00,,,,,,,,,,,
2025-06-08 08:59:00,,,,,,,,,,,
2025-06-08 09:14:00,,,,,,,,,,,
2025-06-08 09:29:00,,,,,,,,,,,
2025-06-08 09:44:00,,,,,,,,,,,
2025-06-08 09:59:00,,,,,,,,,,,
2025-06-08 10:14:00,,,,,,,,,,,
2025-06-08 10:29:00,,,,,,,,,,,
2025-06-08 10:44:00,,,,,,,,,,,
2025-06-08 10:59:00,,,,,,,,,,,
2025-06-08 11:14:00,,,,,,,,,,,
2025-06-08 11:29:00,,,,,,,,,,,
2025-06-08 11:44:00,,,,,,,,,,,
2025-06-08 11:59:00,,,,,,,,,,,
2025-06-08 12:14:00,,,,,,,,,,,
2025-06-08 12:29:00,,,,,,,,,,,
2025-06-08 12:44:00,,,,,,,,,,,
2025-06-08 12:59:00,,,,,,,,,,,
2025-06-08 13:14:00,,,,,,,,,,,
2025-06-08 13:29:00,,,,,,,,,,,
2025-06-08 13:44:00,,,,,,,,,,,
2025-06-08 13:59:00,,,,,,,,,,,
2025-06-08 14:14:00,,,,,,,,,,,
2025-06-08 14:29:00,,,,,,,,,,,
2025-06-08 14:44:00,,,,,,,,,,,
2025-06-08 14:59:00,,,,,,,,,,,
2025-06-08 15:14:00,,,,,,,,,,,
2025-06-08 15:29:00,,,,,,,,,,,
2025-06-08 15:44:00,,,,,,,,,,,
2025-06-08 15:59:00,,,,,,,,,,,
2025-06-08 16:14:00,,,,,,,,,,,
2025-06-08 16:29:00,,,,,,,,,,,
2025-06-08 16:44:00,,,,,,,,,,,
2025-06-08 16:59:00,,,,,,,,,,,
2025-06-08 17:14:00,,,,,,,,,,,
2025-06-08 17:29:00,,,,,,,,,,,
2025-06-08 17:44:00,,,,,,,,,,,
2025-06-08 17:59:00,,,,,,,,,,,
2025-06-08 18:14:00,,,,,,,,,,,
2025-06-08 18:29:00,,,,,,,,,,,
2025-06-08 18:44:00,,,,,,,,,,,
2025-06-08 18:59:00,,,,,,,,,,,
2025-06-08 19:14:00,,,,,,,,,,,
2025-06-08 19:29:00,,,,,,,,,,,
2025-06-08 19:44:00,,,,,,,,,,,
2025-06-08 19:59:00,,,,,,,,,,,
2025-06-08 20:14:00,,,,,,,,,,,
2025-06-08 20:29:00,,,,,,,,,,,
2025-06-08 20:44:00,,,,,,,,,,,
2025-06-08 20:59:00,,,,,,,,,,,
2025-06-08 21:14:00,,,,,,,,,,,
2025-06-08 21:29:00,,,,,,,,,,,
2025-06-08 21:44:00,,,,,,,,,,,
2025-06-08 21:59:00,,,,,,,,,,,
2025-06-08 22:14:00,,,,,,,,,,,
2025-06-08 22:29:00,,,,,,,,,,,
2025-06-08 22:44:00,,,,,,,,,,,
2025-06-08 22:59:00,,,,,,,,,,,
2025-06-08 23:14:00,,,,,,,,,,,
2025-06-08 23:29:00,,,,,,,,,,,
2025-06-08 23:44:00,,,,,,,,,,,
2025-06-08 23:59:00,,,,,,,,,,,
2025-06-09 00:14:00,,,,,,,,,,,
2025-06-09 00:29:00,,,,,,,,,,,
2025-06-09 00:44:00,,,,,,,,,,,
2025-06-09 00:59:00,,,,,,,,,,,
2025-06-09 01:14:00,,,,,,,,,,,
2025-06-09 01:29:00,,,,,,,,,,,
2025-06-09 01:44:00,,,,,,,,,,,
2025-06-09 01:59:00,,,,,,,,,,,
2025-06-09 02:14:00,,,,,,,,,,,
2025-06-09 02:29:00,,,,,,,,,,,
2025-06-09 02:44:00,,,,,,,,,,,
2025-06-09 02:59:00,,,,,,,,,,,
2025-06-09 03:14:00,,,,,,,,,,,
2025-06-09 03:29:00,,,,,,,,,,,
2025-06-09 03:44:00,,,,,,,,,,,
2025-06-09 03:59:00,,,,,,,,,,,
2025-06-09 04:14:00,,,,,,,,,,,
2025-06-09 04:29:00,,,,,,,,,,,
2025-06-09 04:44:00,,,,,,,,,,,
2025-06-09 04:59:00,,,,,,,,,,,
2025-06-09 05:14:00,,,,,,,,,,,
2025-06-09 05:29:00,,,,,,,,,,,
2025-06-09 05:44:00,,,,,,,,,,,
2025-06-09 05:59:00,,,,,,,,,,,
2025-06-09 06:14:00,,,,,,,,,,,
2025-06-09 06:29:00,,,,,,,,,,,
2025-06-09 06:44:00,,,,,,,,,,,
2025-06-09 06:59:00,,,,,,,,,,,
2025-06-09 07:14:00,,,,,,,,,,,
2025-06-09 07:29:00,,,,,,,,,,,
2025-06-09 07:44:00,,,,,,,,,,,
2025-06-09 07:59:00,,,,,,,,,,,
2025-06-09 08:14:00,,,,,,,,,,,
2025-06-09 08:29:00,,,,,,,,,,,
2025-06-09 08:44:00,,,,,,,,,,,
2025-06-09 08:59:00,,,,,,,,,,,
2025-06-09 09:14:00,,,,,,,,,,,
2025-06-09 09:29:00,,,,,,,,,,,
2025-06-09 09:44:00,,,,,,,,,,,
2025-06-09 09:59:00,,,,,,,,,,,
2025-06-09 10:14:00,,,,,,,,,,,
2025-06-09 10:29:00,,,,,,,,,,,
2025-06-09 10:44:00,,,,,,,,,,,
2025-06-09 10:59:00,,,,,,,,,,,
2025-06-09 11:14:00,,,,,,,,,,,
2025-06-09 11:29:00,,,,,,,,,,,
2025-06-09 11:44:00,,,,,,,,,,,
2025-06-09 11:59:00,,,,,,,,,,,
2025-06-09 12:14:00,,,,,,,,,,,
2025-06-09 12:29:00,,,,,,,,,,,
2025-06-09 12:44:00,,,,,,,,,,,
2025-06-09 12:59:00,,,,,,,,,,,
2025-06-09 13:14:00,,,,,,,,,,,
2025-06-09 13:29:00,,,,,,,,,,,
2025-06-09 13:44:00,,,,,,,,,,,
2025-06-09 13:59:00,,,,,,,,,,,
2025-06-09 14:14:00,,,,,,,,,,,
2025-06-09 14:29:00,,,,,,,,,,,
2025-06-09 14:44:00,,,,,,,,,,,
2025-06-09 14:59:00,,,,,,,,,,,
2025-06-09 15:14:00,,,,,,,,,,,
2025-06-09 15:29:00,,,,,,,,,,,
2025-06-09 15:44:00,,,,,,,,,,,
2025-06-09 15:59:00,,,,,,,,,,,
2025-06-09 16:14:00,,,,,,,,,,,
2025-06-09 16:29:00,,,,,,,,,,,
2025-06-09 16:44:00,,,,,,,,,,,
2025-06-09 16:59:00,,,,,,,,,,,
2025-06-09 17:14:00,,,,,,,,,,,
2025-06-09 17:29:00,,,,,,,,,,,
2025-06-09 17:44:00,,,,,,,,,,,
2025-06-09 17:59:00,,,,,,,,,,,
2025-06-09 18:14:00,,,,,,,,,,,
2025-06-09 18:29:00,,,,,,,,,,,
2025-06-09 18:44:00,,,,,,,,,,,
2025-06-09 18:59:00,,,,,,,,,,,
2025-06-09 19:14:00,,,,,,,,,,,
2025-06-09 19:29:00,,,,,,,,,,,
2025-06-09 19:44:00,,,,,,,,,,,
2025-06-09 19:59:00,,,,,,,,,,,
2025-06-09 20:14:00,,,,,,,,,,,
2025-06-09 20:29:00,,,,,,,,,,,
2025-06-09 20:44:00,,,,,,,,,,,
2025-06-09 20:59:00,,,,,,,,,,,
2025-06-09 21:14:00,,,,,,,,,,,
2025-06-09 21:29:00,,,,,,,,,,,
2025-06-09 21:44:00,,,,,,,,,,,
2025-06-09 21:59:00,,,,,,,,,,,
2025-06-09 22:14:00,,,,,,,,,,,
2025-06-09 22:29:00,,,,,,,,,,,
2025-06-09 22:44:00,,,,,,,,,,,
2025-06-09 22:59:00,,,,,,,,,,,
2025-06-09 23:14:00,,,,,,,,,,,
2025-06-09 23:29:00,,,,,,,,,,,
2025-06-09 23:44:00,,,,,,,,,,,
2025-06-09 23:59:00,,,,,,,,,,,
2025-06-10 00:14:00,,,,,,,,,,,
2025-06-10 00:29:00,,,,,,,,,,,
2025-06-10 00:44:00,,,,,,,,,,,
2025-06-10 00:59:00,,,,,,,,,,,
2025-06-10 01:14:00,,,,,,,,,,,
2025-06-10 01:29:00,,,,,,,,,,,
2025-06-10 01:44:00,,,,,,,,,,,
2025-06-10 01:59:00,,,,,,,,,,,
2025-06-10 02:14:00,,,,,,,,,,,
2025-06-10 02:29:00,,,,,,,,,,,
2025-06-10 02:44:00,,,,,,,,,,,
2025-06-10 02:59:00,,,,,,,,,,,
2025-06-10 03:14:00,,,,,,,,,,,
2025-06-10 03:29:00,,,,,,,,,,,
2025-06-10 03:44:00,,,,,,,,,,,
2025-06-10 03:59:00,,,,,,,,,,,
2025-06-10 04:14:00,,,,,,,,,,,
2025-06-10 04:29:00,,,,,,,,,,,
2025-06-10 04:44:00,,,,,,,,,,,
2025-06-10 04:59:00,,,,,,,,,,,
2025-06-10 05:14:00,,,,,,,,,,,
2025-06-10 05:29:00,,,,,,,,,,,
2025-06-10 05:44:00,,,,,,,,,,,
2025-06-10 05:59:00,,,,,,,,,,,
2025-06-10 06:14:00,,,,,,,,,,,
2025-06-10 06:29:00,,,,,,,,,,,
2025-06-10 06:44:00,,,,,,,,,,,
2025-06-10 06:59:00,,,,,,,,,,,
2025-06-10 07:14:00,,,,,,,,,,,
2025-06-10 07:29:00,,,,,,,,,,,
2025-06-10 07:44:00,,,,,,,,,,,
2025-06-10 07:59:00,,,,,,,,,,,
2025-06-10 08:14:00,,,,,,,,,,,
2025-06-10 08:29:00,,,,,,,,,,,
2025-06-10 08:44:00,,,,,,,,,,,
2025-06-10 08:59:00,,,,,,,,,,,
2025-06-10 09:14:00,,,,,,,,,,,
2025-06-10 09:29:00,,,,,,,,,,,
2025-06-10 09:44:00,,,,,,,,,,,
2025-06-10 09:59:00,,,,,,,,,,,
2025-06-10 10:14:00,,,,,,,,,,,
2025-06-10 10:29:00,,,,,,,,,,,
2025-06-10 10:44:00,,,,,,,,,,,
2025-06-10 10:59:00,,,,,,,,,,,
2025-06-10 11:14:00,,,,,,,,,,,
2025-06-10 11:29:00,,,,,,,,,,,
2025-06-10 11:44:00,,,,,,,,,,,
2025-06-10 11:59:00,,,,,,,,,,,
2025-06-10 12:14:00,,,,,,,,,,,
2025-06-10 12:29:00,,,,,,,,,,,
2025-06-10 12:44:00,,,,,,,,,,,
2025-06-10 12:59:00,,,,,,,,,,,
2025-06-10 13:14:00,,,,,,,,,,,
2025-06-10 13:29:00,,,,,,,,,,,
2025-06-10 13:44:00,,,,,,,,,,,
2025-06-10 13:59:00,,,,,,,,,,,
2025-06-10 14:14:00,,,,,,,,,,,
2025-06-10 14:29:00,,,,,,,,,,,
2025-06-10 14:44:00,,,,,,,,,,,
2025-06-10 14:59:00,,,,,,,,,,,
2025-06-10 15:14:00,,,,,,,,,,,
2025-06-10 15:29:00,,,,,,,,,,,
2025-06-10 15:44:00,,,,,,,,,,,
2025-06-10 15:59:00,,,,,,,,,,,
2025-06-10 16:14:00,,,,,,,,,,,
2025-06-10 16:29:00,,,,,,,,,,,
2025-06-10 16:44:00,,,,,,,,,,,
2025-06-10 16:59:00,,,,,,,,,,,
2025-06-10 17:14:00,,,,,,,,,,,
2025-06-10 17:29:00,,,,,,,,,,,
2025-06-10 17:44:00,,,,,,,,,,,
2025-06-10 17:59:00,,,,,,,,,,,
2025-06-10 18:14:00,,,,,,,,,,,
2025-06-10 18:29:00,,,,,,,,,,,
2025-06-10 18:44:00,,,,,,,,,,,
2025-06-10 18:59:00,,,,,,,,,,,
2025-06-10 19:14:00,,,,,,,,,,,
2025-06-10 19:29:00,,,,,,,,,,,
2025-06-10 19:44:00,,,,,,,,,,,
2025-06-10 19:59:00,,,,,,,,,,,
2025-06-10 20:14:00,,,,,,,,,,,
2025-06-10 20:29:00,,,,,,,,,,,
2025-06-10 20:44:00,,,,,,,,,,,
2025-06-10 20:59:00,,,,,,,,,,,
2025-06-10 21:14:00,,,,,,,,,,,
2025-06-10 21:29:00,,,,,,,,,,,
2025-06-10 21:44:00,,,,,,,,,,,
2025-06-10 21:59:00,,,,,,,,,,,
2025-06-10 22:14:00,,,,,,,,,,,
2025-06-10 22:29:00,,,,,,,,,,,
2025-06-10 22:44:00,,,,,,,,,,,
2025-06-10 22:59:00,,,,,,,,,,,
2025-06-10 23:14:00,,,,,,,,,,,
2025-06-10 23:29:00,,,,,,,,,,,
2025-06-10 23:44:00,,,,,,,,,,,
2025-06-10 23:59:00,,,,,,,,,,,
2025-06-11 00:14:00,,,,,,,,,,,
2025-06-11 00:29:00,,,,,,,,,,,
2025-06-11 00:44:00,,,,,,,,,,,
2025-06-11 00:59:00,,,,,,,,,,,
2025-06-11 01:14:00,,,,,,,,,,,
2025-06-11 01:29:00,,,,,,,,,,,
2025-06-11 01:44:00,,,,,,,,,,,
2025-06-11 01:59:00,,,,,,,,,,,
2025-06-11 02:14:00,,,,,,,,,,,
2025-06-11 02:29:00,,,,,,,,,,,
2025-06-11 02:44:00,,,,,,,,,,,
2025-06-11 02:59:00,,,,,,,,,,,
2025-06-11 03:14:00,,,,,,,,,,,
2025-06-11 03:29:00,,,,,,,,,,,
2025-06-11 03:44:00,,,,,,,,,,,
2025-06-11 03:59:00,,,,,,,,,,,
2025-06-11 04:14:00,,,,,,,,,,,
2025-06-11 04:29:00,,,,,,,,,,,
2025-06-11 04:44:00,,,,,,,,,,,
2025-06-11 04:59:00,,,,,,,,,,,
2025-06-11 05:14:00,,,,,,,,,,,
2025-06-11 05:29:00,,,,,,,,,,,
2025-06-11 05:44:00,,,,,,,,,,,
2025-06-11 05:59:00,,,,,,,,,,,
2025-06-11 06:14:00,,,,,,,,,,,
2025-06-11 06:29:00,,,,,,,,,,,
2025-06-11 06:44:00,,,,,,,,,,,
2025-06-11 06:59:00,,,,,,,,,,,
2025-06-11 07:14:00,,,,,,,,,,,
2025-06-11 07:29:00,,,,,,,,,,,
2025-06-11 07:44:00,,,,,,,,,,,
2025-06-11 07:59:00,,,,,,,,,,,
2025-06-11 08:14:00,,,,,,,,,,,
2025-06-11 08:29:00,,,,,,,,,,,
2025-06-11 08:44:00,,,,,,,,,,,
2025-06-11 08:59:00,,,,,,,,,,,
2025-06-11 09:14:00,,,,,,,,,,,
2025-06-11 09:29:00,,,,,,,,,,,
2025-06-11 09:44:00,,,,,,,,,,,
2025-06-11 09:59:00,,,,,,,,,,,
2025-06-11 10:14:00,,,,,,,,,,,
2025-06-11 10:29:00,,,,,,,,,,,
2025-06-11 10:44:00,,,,,,,,,,,
2025-06-11 10:59:00,,,,,,,,,,,
2025-06-11 11:14:00,,,,,,,,,,,
2025-06-11 11:29:00,,,,,,,,,,,
2025-06-11 11:44:00,,,,,,,,,,,
2025-06-11 11:59:00,,,,,,,,,,,
2025-06-11 12:14:00,,,,,,,,,,,
2025-06-11 12:29:00,,,,,,,,,,,
2025-06-11 12:44:00,,,,,,,,,,,
2025-06-11 12:59:00,,,,,,,,,,,
2025-06-11 13:14:00,,,,,,,,,,,
2025-06-11 13:29:00,,,,,,,,,,,
2025-06-11 13:44:00,,,,,,,,,,,
2025-06-11 13:59:00,,,,,,,,,,,
2025-06-11 14:14:00,,,,,,,,,,,
2025-06-11 14:29:00,,,,,,,,,,,
2025-06-11 14:44:00,,,,,,,,,,,
2025-06-11 14:59:00,,,,,,,,,,,
2025-06-11 15:14:00,,,,,,,,,,,
2025-06-11 15:29:00,,,,,,,,,,,
2025-06-11 15:44:00,,,,,,,,,,,
2025-06-11 15:59:00,,,,,,,,,,,
2025-06-11 16:14:00,,,,,,,,,,,
2025-06-11 16:29:00,,,,,,,,,,,
2025-06-11 16:44:00,,,,,,,,,,,
2025-06-11 16:59:00,,,,,,,,,,,
2025-06-11 17:14:00,,,,,,,,,,,
2025-06-11 17:29:00,,,,,,,,,,,
2025-06-11 17:44:00,,,,,,,,,,,
2025-06-11 17:59:00,,,,,,,,,,,
2025-06-11 18:14:00,,,,,,,,,,,
2025-06-11 18:29:00,,,,,,,,,,,
2025-06-11 18:44:00,,,,,,,,,,,
2025-06-11 18:59:00,,,,,,,,,,,
2025-06-11 19:14:00,,,,,,,,,,,
2025-06-11 19:29:00,,,,,,,,,,,
2025-06-11 19:44:00,,,,,,,,,,,
2025-06-11 19:59:00,,,,,,,,,,,
2025-06-11 20:14:00,,,,,,,,,,,
2025-06-11 20:29:00,,,,,,,,,,,
2025-06-11 20:44:00,,,,,,,,,,,
2025-06-11 20:59:00,,,,,,,,,,,
2025-06-11 21:14:00,,,,,,,,,,,
2025-06-11 21:29:00,,,,,,,,,,,
2025-06-11 21:44:00,,,,,,,,,,,
2025-06-11 21:59:00,,,,,,,,,,,
2025-06-11 22:14:00,,,,,,,,,,,
2025-06-11 22:29:00,,,,,,,,,,,
2025-06-11 22:44:00,,,,,,,,,,,
2025-06-11 22:59:00,,,,,,,,,,,
2025-06-11 23:14:00,,,,,,,,,,,
2025-06-11 23:29:00,,,,,,,,,,,
2025-06-11 23:44:00,,,,,,,,,,,
2025-06-11 23:59:00,,,,,,,,,,,
2025-06-12 00:14:00,,,,,,,,,,,
2025-06-12 00:29:00,,,,,,,,,,,
2025-06-12 00:44:00,,,,,,,,,,,
2025-06-12 00:59:00,,,,,,,,,,,
2025-06-12 01:14:00,,,,,,,,,,,
2025-06-12 01:29:00,,,,,,,,,,,
2025-06-12 01:44:00,,,,,,,,,,,
2025-06-12 01:59:00,,,,,,,,,,,
2025-06-12 02:14:00,,,,,,,,,,,
2025-06-12 02:29:00,,,,,,,,,,,
2025-06-12 02:44:00,,,,,,,,,,,
2025-06-12 02:59:00,,,,,,,,,,,
2025-06-12 03:14:00,,,,,,,,,,,
2025-06-12 03:29:00,,,,,,,,,,,
2025-06-12 03:44:00,,,,,,,,,,,
2025-06-12 03:59:00,,,,,,,,,,,
2025-06-12 04:14:00,,,,,,,,,,,
2025-06-12 04:29:00,,,,,,,,,,,
2025-06-12 04:44:00,,,,,,,,,,,
2025-06-12 04:59:00,,,,,,,,,,,
2025-06-12 05:14:00,,,,,,,,,,,
2025-06-12 05:29:00,,,,,,,,,,,
2025-06-12 05:44:00,,,,,,,,,,,
2025-06-12 05:59:00,,,,,,,,,,,
2025-06-12 06:14:00,,,,,,,,,,,
2025-06-12 06:29:00,,,,,,,,,,,
2025-06-12 06:44:00,,,,,,,,,,,
2025-06-12 06:59:00,,,,,,,,,,,
2025-06-12 07:14:00,,,,,,,,,,,
2025-06-12 07:29:00,,,,,,,,,,,
2025-06-12 07:44:00,,,,,,,,,,,
2025-06-12 07:59:00,,,,,,,,,,,
2025-06-12 08:14:00,,,,,,,,,,,
2025-06-12 08:29:00,,,,,,,,,,,
2025-06-12 08:44:00,,,,,,,,,,,
2025-06-12 08:59:00,,,,,,,,,,,
2025-06-12 09:14:00,,,,,,,,,,,
2025-06-12 09:29:00,,,,,,,,,,,
2025-06-12 09:44:00,,,,,,,,,,,
2025-06-12 09:59:00,,,,,,,,,,,
2025-06-12 10:14:00,,,,,,,,,,,
2025-06-12 10:29:00,,,,,,,,,,,
2025-06-12 10:44:00,,,,,,,,,,,
2025-06-12 10:59:00,,,,,,,,,,,
2025-06-12 11:14:00,,,,,,,,,,,
2025-06-12 11:29:00,,,,,,,,,,,
2025-06-12 11:44:00,,,,,,,,,,,
2025-06-12 11:59:00,,,,,,,,,,,
2025-06-12 12:14:00,,,,,,,,,,,
2025-06-12 12:29:00,,,,,,,,,,,
2025-06-12 12:44:00,,,,,,,,,,,
2025-06-12 12:59:00,,,,,,,,,,,
2025-06-12 13:14:00,,,,,,,,,,,
2025-06-12 13:29:00,,,,,,,,,,,
2025-06-12 13:44:00,,,,,,,,,,,
2025-06-12 13:59:00,,,,,,,,,,,
2025-06-12 14:14:00,,,,,,,,,,,
2025-06-12 14:29:00,,,,,,,,,,,
2025-06-12 14:44:00,,,,,,,,,,,
2025-06-12 14:59:00,,,,,,,,,,,
2025-06-12 15:14:00,,,,,,,,,,,
2025-06-12 15:29:00,,,,,,,,,,,
2025-06-12 15:44:00,,,,,,,,,,,
2025-06-12 15:59:00,,,,,,,,,,,
2025-06-12 16:14:00,,,,,,,,,,,
2025-06-12 16:29:00,,,,,,,,,,,
2025-06-12 16:44:00,,,,,,,,,,,
2025-06-12 16:59:00,,,,,,,,,,,
2025-06-12 17:14:00,,,,,,,,,,,
2025-06-12 17:29:00,,,,,,,,,,,
2025-06-12 17:44:00,,,,,,,,,,,
2025-06-12 17:59:00,,,,,,,,,,,
2025-06-12 18:14:00,,,,,,,,,,,
2025-06-12 18:29:00,,,,,,,,,,,
2025-06-12 18:44:00,,,,,,,,,,,
2025-06-12 18:59:00,,,,,,,,,,,
2025-06-12 19:14:00,,,,,,,,,,,
2025-06-12 19:29:00,,,,,,,,,,,
2025-06-12 19:44:00,,,,,,,,,,,
2025-06-12 19:59:00,,,,,,,,,,,
2025-06-12 20:14:00,,,,,,,,,,,
2025-06-12 20:29:00,,,,,,,,,,,
2025-06-12 20:44:00,,,,,,,,,,,
2025-06-12 20:59:00,,,,,,,,,,,
2025-06-12 21:14:00,,,,,,,,,,,
2025-06-12 21:29:00,,,,,,,,,,,
2025-06-12 21:44:00,,,,,,,,,,,
2025-06-12 21:59:00,,,,,,,,,,,
2025-06-12 22:14:00,,,,,,,,,,,
2025-06-12 22:29:00,,,,,,,,,,,
2025-06-12 22:44:00,,,,,,,,,,,
2025-06-12 22:59:00,,,,,,,,,,,
2025-06-12 23:14:00,,,,,,,,,,,
2025-06-12 23:29:00,,,,,,,,,,,
2025-06-12 23:44:00,,,,,,,,,,,
2025-06-12 23:59:00,,,,,,,,,,,
2025-06-13 00:14:00,,,,,,,,,,,
2025-06-13 00:29:00,,,,,,,,,,,
2025-06-13 00:44:00,,,,,,,,,,,
2025-06-13 00:59:00,,,,,,,,,,,
2025-06-13 01:14:00,,,,,,,,,,,
2025-06-13 01:29:00,,,,,,,,,,,
2025-06-13 01:44:00,,,,,,,,,,,
2025-06-13 01:59:00,,,,,,,,,,,
2025-06-13 02:14:00,,,,,,,,,,,
2025-06-13 02:29:00,,,,,,,,,,,
2025-06-13 02:44:00,,,,,,,,,,,
2025-06-13 02:59:00,,,,,,,,,,,
2025-06-13 03:14:00,,,,,,,,,,,
2025-06-13 03:29:00,,,,,,,,,,,
2025-06-13 03:44:00,,,,,,,,,,,
2025-06-13 03:59:00,,,,,,,,,,,
2025-06-13 04:14:00,,,,,,,,,,,
2025-06-13 04:29:00,,,,,,,,,,,
2025-06-13 04:44:00,,,,,,,,,,,
2025-06-13 04:59:00,,,,,,,,,,,
2025-06-13 05:14:00,,,,,,,,,,,
2025-06-13 05:29:00,,,,,,,,,,,
2025-06-13 05:44:00,,,,,,,,,,,
2025-06-13 05:59:00,,,,,,,,,,,
2025-06-13 06:14:00,,,,,,,,,,,
2025-06-13 06:29:00,,,,,,,,,,,
2025-06-13 06:44:00,,,,,,,,,,,
2025-06-13 06:59:00,,,,,,,,,,,
2025-06-13 07:14:00,,,,,,,,,,,
2025-06-13 07:29:00,,,,,,,,,,,
2025-06-13 07:44:00,,,,,,,,,,,
2025-06-13 07:59:00,,,,,,,,,,,
2025-06-13 08:14:00,,,,,,,,,,,
2025-06-13 08:29:00,,,,,,,,,,,
2025-06-13 08:44:00,,,,,,,,,,,
2025-06-13 08:59:00,,,,,,,,,,,
2025-06-13 09:14:00,,,,,,,,,,,
2025-06-13 09:29:00,,,,,,,,,,,
2025-06-13 09:44:00,,,,,,,,,,,
2025-06-13 09:59:00,,,,,,,,,,,
2025-06-13 10:14:00,,,,,,,,,,,
2025-06-13 10:29:00,,,,,,,,,,,
2025-06-13 10:44:00,,,,,,,,,,,
2025-06-13 10:59:00,,,,,,,,,,,
2025-06-13 11:14:00,,,,,,,,,,,
2025-06-13 11:29:00,,,,,,,,,,,
2025-06-13 11:44:00,,,,,,,,,,,
2025-06-13 11:59:00,,,,,,,,,,,
2025-06-13 12:14:00,,,,,,,,,,,
2025-06-13 12:29:00,,,,,,,,,,,
2025-06-13 12:44:00,,,,,,,,,,,
2025-06-13 12:59:00,,,,,,,,,,,
2025-06-13 13:14:00,,,,,,,,,,,
2025-06-13 13:29:00,,,,,,,,,,,
2025-06-13 13:44:00,,,,,,,,,,,
2025-06-13 13:59:00,,,,,,,,,,,
2025-06-13 14:14:00,,,,,,,,,,,
2025-06-13 14:29:00,,,,,,,,,,,
2025-06-13 14:44:00,,,,,,,,,,,
2025-06-13 14:59:00,,,,,,,,,,,
2025-06-13 15:14:00,,,,,,,,,,,
2025-06-13 15:29:00,,,,,,,,,,,
2025-06-13 15:44:00,,,,,,,,,,,
2025-06-13 15:59:00,,,,,,,,,,,
2025-06-13 16:14:00,,,,,,,,,,,
2025-06-13 16:29:00,,,,,,,,,,,
2025-06-13 16:44:00,,,,,,,,,,,
2025-06-13 16:59:00,,,,,,,,,,,
2025-06-13 17:14:00,,,,,,,,,,,
2025-06-13 17:29:00,,,,,,,,,,,
2025-06-13 17:44:00,,,,,,,,,,,
2025-06-13 17:59:00,,,,,,,,,,,
2025-06-13 18:14:00,,,,,,,,,,,
2025-06-13 18:29:00,,,,,,,,,,,
2025-06-13 18:44:00,,,,,,,,,,,
2025-06-13 18:59:00,,,,,,,,,,,
2025-06-13 19:14:00,,,,,,,,,,,
2025-06-13 19:29:00,,,,,,,,,,,
2025-06-13 19:44:00,,,,,,,,,,,
2025-06-13 19:59:00,,,,,,,,,,,
2025-06-13 20:14:00,,,,,,,,,,,
2025-06-13 20:29:00,,,,,,,,,,,
2025-06-13 20:44:00,,,,,,,,,,,
2025-06-13 20:59:00,,,,,,,,,,,
2025-06-13 21:14:00,,,,,,,,,,,
2025-06-13 21:29:00,,,,,,,,,,,
2025-06-13 21:44:00,,,,,,,,,,,
2025-06-13 21:59:00,,,,,,,,,,,
2025-06-13 22:14:00,,,,,,,,,,,
2025-06-13 22:29:00,,,,,,,,,,,
2025-06-13 22:44:00,,,,,,,,,,,
2025-06-13 22:59:00,,,,,,,,,,,
2025-06-13 23:14:00,,,,,,,,,,,
2025-06-13 23:29:00,,,,,,,,,,,
2025-06-13 23:44:00,,,,,,,,,,,
2025-06-13 23:59:00,,,,,,,,,,,
2025-06-14 00:14:00,,,,,,,,,,,
2025-06-14 00:29:00,,,,,,,,,,,
2025-06-14 00:44:00,,,,,,,,,,,
2025-06-14 00:59:00,,,,,,,,,,,
2025-06-14 01:14:00,,,,,,,,,,,
2025-06-14 01:29:00,,,,,,,,,,,
2025-06-14 01:44:00,,,,,,,,,,,
2025-06-14 01:59:00,,,,,,,,,,,
2025-06-14 02:14:00,,,,,,,,,,,
2025-06-14 02:29:00,,,,,,,,,,,
2025-06-14 02:44:00,,,,,,,,,,,
2025-06-14 02:59:00,,,,,,,,,,,
2025-06-14 03:14:00,,,,,,,,,,,
2025-06-14 03:29:00,,,,,,,,,,,
2025-06-14 03:44:00,,,,,,,,,,,
2025-06-14 03:59:00,,,,,,,,,,,
2025-06-14 04:14:00,,,,,,,,,,,
2025-06-14 04:29:00,,,,,,,,,,,
2025-06-14 04:44:00,,,,,,,,,,,
2025-06-14 04:59:00,,,,,,,,,,,
2025-06-14 05:14:00,,,,,,,,,,,
2025-06-14 05:29:00,,,,,,,,,,,
2025-06-14 05:44:00,,,,,,,,,,,
2025-06-14 05:59:00,,,,,,,,,,,
2025-06-14 06:14:00,,,,,,,,,,,
2025-06-14 06:29:00,,,,,,,,,,,
2025-06-14 06:44:00,,,,,,,,,,,
2025-06-14 06:59:00,,,,,,,,,,,
2025-06-14 07:14:00,,,,,,,,,,,
2025-06-14 07:29:00,,,,,,,,,,,
2025-06-14 07:44:00,,,,,,,,,,,
2025-06-14 07:59:00,,,,,,,,,,,
2025-06-14 08:14:00,,,,,,,,,,,
2025-06-14 08:29:00,,,,,,,,,,,
2025-06-14 08:44:00,,,,,,,,,,,
2025-06-14 08:59:00,,,,,,,,,,,
2025-06-14 09:14:00,,,,,,,,,,,
2025-06-14 09:29:00,,,,,,,,,,,
2025-06-14 09:44:00,,,,,,,,,,,
2025-06-14 09:59:00,,,,,,,,,,,
2025-06-14 10:14:00,,,,,,,,,,,
2025-06-14 10:29:00,,,,,,,,,,,
2025-06-14 10:44:00,,,,,,,,,,,
2025-06-14 10:59:00,,,,,,,,,,,
2025-06-14 11:14:00,,,,,,,,,,,
2025-06-14 11:29:00,,,,,,,,,,,
2025-06-14 11:44:00,,,,,,,,,,,
2025-06-14 11:59:00,,,,,,,,,,,
2025-06-14 12:14:00,,,,,,,,,,,
2025-06-14 12:29:00,,,,,,,,,,,
2025-06-14 12:44:00,,,,,,,,,,,
2025-06-14 12:59:00,,,,,,,,,,,
2025-06-14 13:14:00,,,,,,,,,,,
2025-06-14 13:29:00,,,,,,,,,,,
2025-06-14 13:44:00,,,,,,,,,,,
2025-06-14 13:59:00,,,,,,,,,,,
2025-06-14 14:14:00,,,,,,,,,,,
2025-06-14 14:29:00,,,,,,,,,,,
2025-06-14 14:44:00,,,,,,,,,,,
2025-06-14 14:59:00,,,,,,,,,,,
2025-06-14 15:14:00,,,,,,,,,,,
2025-06-14 15:29:00,,,,,,,,,,,
2025-06-14 15:44:00,,,,,,,,,,,
2025-06-14 15:59:00,,,,,,,,,,,
2025-06-14 16:14:00,,,,,,,,,,,
2025-06-14 16:29:00,,,,,,,,,,,
2025-06-14 16:44:00,,,,,,,,,,,
2025-06-14 16:59:00,,,,,,,,,,,
2025-06-14 17:14:00,,,,,,,,,,,
2025-06-14 17:29:00,,,,,,,,,,,
2025-06-14 17:44:00,,,,,,,,,,,
2025-06-14 17:59:00,,,,,,,,,,,
2025-06-14 18:14:00,,,,,,,,,,,
2025-06-14 18:29:00,,,,,,,,,,,
2025-06-14 18:44:00,,,,,,,,,,,
2025-06-14 18:59:00,,,,,,,,,,,
2025-06-14 19:14:00,,,,,,,,,,,
2025-06-14 19:29:00,,,,,,,,,,,
2025-06-14 19:44:00,,,,,,,,,,,
2025-06-14 19:59:00,,,,,,,,,,,
2025-06-14 20:14:00,,,,,,,,,,,
2025-06-14 20:29:00,,,,,,,,,,,
2025-06-14 20:44:00,,,,,,,,,,,
2025-06-14 20:59:00,,,,,,,,,,,
2025-06-14 21:14:00,,,,,,,,,,,
2025-06-14 21:29:00,,,,,,,,,,,
2025-06-14 21:44:00,,,,,,,,,,,
2025-06-14 21:59:00,,,,,,,,,,,
2025-06-14 22:14:00,,,,,,,,,,,
2025-06-14 22:29:00,,,,,,,,,,,
2025-06-14 22:44:00,,,,,,,,,,,
2025-06-14 22:59:00,,,,,,,,,,,
2025-06-14 23:14:00,,,,,,,,,,,
2025-06-14 23:29:00,,,,,,,,,,,
2025-06-14 23:44:00,,,,,,,,,,,
2025-06-14 23:59:00,,,,,,,,,,,
2025-06-15 00:14:00,,,,,,,,,,,
2025-06-15 00:29:00,,,,,,,,,,,
2025-06-15 00:44:00,,,,,,,,,,,
2025-06-15 00:59:00,,,,,,,,,,,
2025-06-15 01:14:00,,,,,,,,,,,
2025-06-15 01:29:00,,,,,,,,,,,
2025-06-15 01:44:00,,,,,,,,,,,
2025-06-15 01:59:00,,,,,,,,,,,
2025-06-15 02:14:00,,,,,,,,,,,
2025-06-15 02:29:00,,,,,,,,,,,
2025-06-15 02:44:00,,,,,,,,,,,
2025-06-15 02:59:00,,,,,,,,,,,
2025-06-15 03:14:00,,,,,,,,,,,
2025-06-15 03:29:00,,,,,,,,,,,
2025-06-15 03:44:00,,,,,,,,,,,
2025-06-15 03:59:00,,,,,,,,,,,
2025-06-15 04:14:00,,,,,,,,,,,
2025-06-15 04:29:00,,,,,,,,,,,
2025-06-15 04:44:00,,,,,,,,,,,
2025-06-15 04:59:00,,,,,,,,,,,
2025-06-15 05:14:00,,,,,,,,,,,
2025-06-15 05:29:00,,,,,,,,,,,
2025-06-15 05:44:00,,,,,,,,,,,
2025-06-15 05:59:00,,,,,,,,,,,
2025-06-15 06:14:00,,,,,,,,,,,
2025-06-15 06:29:00,,,,,,,,,,,
2025-06-15 06:44:00,,,,,,,,,,,
2025-06-15 06:59:00,,,,,,,,,,,
2025-06-15 07:14:00,,,,,,,,,,,
2025-06-15 07:29:00,,,,,,,,,,,
2025-06-15 07:44:00,,,,,,,,,,,
2025-06-15 07:59:00,,,,,,,,,,,
2025-06-15 08:14:00,,,,,,,,,,,
2025-06-15 08:29:00,,,,,,,,,,,
2025-06-15 08:44:00,,,,,,,,,,,
2025-06-15 08:59:00,,,,,,,,,,,
2025-06-15 09:14:00,,,,,,,,,,,
2025-06-15 09:29:00,,,,,,,,,,,
2025-06-15 09:44:00,,,,,,,,,,,
2025-06-15 09:59:00,,,,,,,,,,,
2025-06-15 10:14:00,,,,,,,,,,,
2025-06-15 10:29:00,,,,,,,,,,,
2025-06-15 10:44:00,,,,,,,,,,,
2025-06-15 10:59:00,,,,,,,,,,,
2025-06-15 11:14:00,,,,,,,,,,,
2025-06-15 11:29:00,,,,,,,,,,,
2025-06-15 11:44:00,,,,,,,,,,,
2025-06-15 11:59:00,,,,,,,,,,,
2025-06-15 12:14:00,,,,,,,,,,,
2025-06-15 12:29:00,,,,,,,,,,,
2025-06-15 12:44:00,,,,,,,,,,,
2025-06-15 12:59:00,,,,,,,,,,,
2025-06-15 13:14:00,,,,,,,,,,,
2025-06-15 13:29:00,,,,,,,,,,,
2025-06-15 13:44:00,,,,,,,,,,,
2025-06-15 13:59:00,,,,,,,,,,,
2025-06-15 14:14:00,,,,,,,,,,,
2025-06-15 14:29:00,,,,,,,,,,,
2025-06-15 14:44:00,,,,,,,,,,,
2025-06-15 14:59:00,,,,,,,,,,,
2025-06-15 15:14:00,,,,,,,,,,,
2025-06-15 15:29:00,,,,,,,,,,,
2025-06-15 15:44:00,,,,,,,,,,,
2025-06-15 15:59:00,,,,,,,,,,,
2025-06-15 16:14:00,,,,,,,,,,,
2025-06-15 16:29:00,,,,,,,,,,,
2025-06-15 16:44:00,,,,,,,,,,,
2025-06-15 16:59:00,,,,,,,,,,,
2025-06-15 17:14:00,,,,,,,,,,,
2025-06-15 17:29:00,,,,,,,,,,,
2025-06-15 17:44:00,,,,,,,,,,,
2025-06-15 17:59:00,,,,,,,,,,,
2025-06-15 18:14:00,,,,,,,,,,,
2025-06-15 18:29:00,,,,,,,,,,,
2025-06-15 18:44:00,,,,,,,,,,,
2025-06-15 18:59:00,,,,,,,,,,,
2025-06-15 19:14:00,,,,,,,,,,,
2025-06-15 19:29:00,,,,,,,,,,,
2025-06-15 19:44:00,,,,,,,,,,,
2025-06-15 19:59:00,,,,,,,,,,,
2025-06-15 20:14:00,,,,,,,,,,,
2025-06-15 20:29:00,,,,,,,,,,,
2025-06-15 20:44:00,,,,,,,,,,,
2025-06-15 20:59:00,,,,,,,,,,,
2025-06-15 21:14:00,,,,,,,,,,,
2025-06-15 21:29:00,,,,,,,,,,,
2025-06-15 21:44:00,,,,,,,,,,,
2025-06-15 21:59:00,,,,,,,,,,,
2025-06-15 22:14:00,,,,,,,,,,,
2025-06-15 22:29:00,,,,,,,,,,,
2025-06-15 22:44:00,,,,,,,,,,,
2025-06-15 22:59:00,,,,,,,,,,,
2025-06-15 23:14:00,,,,,,,,,,,
2025-06-15 23:29:00,,,,,,,,,,,
2025-06-15 23:44:00,,,,,,,,,,,
2025-06-15 23:59:00,,,,,,,,,,,
2025-06-16 00:14:00,,,,,,,,,,,
2025-06-16 00:29:00,,,,,,,,,,,
2025-06-16 00:44:00,,,,,,,,,,,
2025-06-16 00:59:00,,,,,,,,,,,
2025-06-16 01:14:00,,,,,,,,,,,
2025-06-16 01:29:00,,,,,,,,,,,
2025-06-16 01:44:00,,,,,,,,,,,
2025-06-16 01:59:00,,,,,,,,,,,
2025-06-16 02:14:00,,,,,,,,,,,
2025-06-16 02:29:00,,,,,,,,,,,
2025-06-16 02:44:00,,,,,,,,,,,
2025-06-16 02:59:00,,,,,,,,,,,
2025-06-16 03:14:00,,,,,,,,,,,
2025-06-16 03:29:00,,,,,,,,,,,
2025-06-16 03:44:00,,,,,,,,,,,
2025-06-16 03:59:00,,,,,,,,,,,
2025-06-16 04:14:00,,,,,,,,,,,
2025-06-16 04:29:00,,,,,,,,,,,
2025-06-16 04:44:00,,,,,,,,,,,
2025-06-16 04:59:00,,,,,,,,,,,
2025-06-16 05:14:00,,,,,,,,,,,
2025-06-16 05:29:00,,,,,,,,,,,
2025-06-16 05:44:00,,,,,,,,,,,
2025-06-16 05:59:00,,,,,,,,,,,
2025-06-16 06:14:00,,,,,,,,,,,
2025-06-16 06:29:00,,,,,,,,,,,
2025-06-16 06:44:00,,,,,,,,,,,
2025-06-16 06:59:00,,,,,,,,,,,
2025-06-16 07:14:00,,,,,,,,,,,
2025-06-16 07:29:00,,,,,,,,,,,
2025-06-16 07:44:00,,,,,,,,,,,
2025-06-16 07:59:00,,,,,,,,,,,
2025-06-16 08:14:00,,,,,,,,,,,
2025-06-16 08:29:00,,,,,,,,,,,
2025-06-16 08:44:00,,,,,,,,,,,
2025-06-16 08:59:00,,,,,,,,,,,
2025-06-16 09:14:00,,,,,,,,,,,
2025-06-16 09:29:00,,,,,,,,,,,
2025-06-16 09:44:00,,,,,,,,,,,
2025-06-16 09:59:00,,,,,,,,,,,
2025-06-16 10:14:00,,,,,,,,,,,
2025-06-16 10:29:00,,,,,,,,,,,
2025-06-16 10:44:00,,,,,,,,,,,
2025-06-16 10:59:00,,,,,,,,,,,
2025-06-16 11:14:00,,,,,,,,,,,
2025-06-16 11:29:00,,,,,,,,,,,
2025-06-16 11:44:00,,,,,,,,,,,
2025-06-16 11:59:00,,,,,,,,,,,
2025-06-16 12:14:00,,,,,,,,,,,
2025-06-16 12:29:00,,,,,,,,,,,
2025-06-16 12:44:00,,,,,,,,,,,
2025-06-16 12:59:00,,,,,,,,,,,
2025-06-16 13:14:00,,,,,,,,,,,
2025-06-16 13:29:00,,,,,,,,,,,
2025-06-16 13:44:00,,,,,,,,,,,
2025-06-16 13:59:00,,,,,,,,,,,
2025-06-16 14:14:00,,,,,,,,,,,
2025-06-16 14:29:00,,,,,,,,,,,
2025-06-16 14:44:00,,,,,,,,,,,
2025-06-16 14:59:00,,,,,,,,,,,
2025-06-16 15:14:00,,,,,,,,,,,
2025-06-16 15:29:00,,,,,,,,,,,
2025-06-16 15:44:00,,,,,,,,,,,
2025-06-16 15:59:00,,,,,,,,,,,
2025-06-16 16:14:00,,,,,,,,,,,
2025-06-16 16:29:00,,,,,,,,,,,
2025-06-16 16:44:00,,,,,,,,,,,
2025-06-16 16:59:00,,,,,,,,,,,
2025-06-16 17:14:00,,,,,,,,,,,
2025-06-16 17:29:00,,,,,,,,,,,
2025-06-16 17:44:00,,,,,,,,,,,
2025-06-16 17:59:00,,,,,,,,,,,
2025-06-16 18:14:00,,,,,,,,,,,
2025-06-16 18:29:00,,,,,,,,,,,
2025-06-16 18:44:00,,,,,,,,,,,
2025-06-16 18:59:00,,,,,,,,,,,
2025-06-16 19:14:00,,,,,,,,,,,
2025-06-16 19:29:00,,,,,,,,,,,
2025-06-16 19:44:00,,,,,,,,,,,
2025-06-16 19:59:00,,,,,,,,,,,
2025-06-16 20:14:00,,,,,,,,,,,
2025-06-16 20:29:00,,,,,,,,,,,
2025-06-16 20:44:00,,,,,,,,,,,
2025-06-16 20:59:00,,,,,,,,,,,
2025-06-16 21:14:00,,,,,,,,,,,
2025-06-16 21:29:00,,,,,,,,,,,
2025-06-16 21:44:00,,,,,,,,,,,
2025-06-16 21:59:00,,,,,,,,,,,
2025-06-16 22:14:00,,,,,,,,,,,
2025-06-16 22:29:00,,,,,,,,,,,
2025-06-16 22:44:00,,,,,,,,,,,
2025-06-16 22:59:00,,,,,,,,,,,
2025-06-16 23:14:00,,,,,,,,,,,
2025-06-16 23:29:00,,,,,,,,,,,
2025-06-16 23:44:00,,,,,,,,,,,
2025-06-16 23:59:00,,,,,,,,,,,
2025-06-17 00:14:00,,,,,,,,,,,
2025-06-17 00:29:00,,,,,,,,,,,
2025-06-17 00:44:00,,,,,,,,,,,
2025-06-17 00:59:00,,,,,,,,,,,
2025-06-17 01:14:00,,,,,,,,,,,
2025-06-17 01:29:00,,,,,,,,,,,
2025-06-17 01:44:00,,,,,,,,,,,
2025-06-17 01:59:00,,,,,,,,,,,
2025-06-17 02:14:00,,,,,,,,,,,
2025-06-17 02:29:00,,,,,,,,,,,
2025-06-17 02:44:00,,,,,,,,,,,
2025-06-17 02:59:00,,,,,,,,,,,
2025-06-17 03:14:00,,,,,,,,,,,
2025-06-17 03:29:00,,,,,,,,,,,
2025-06-17 03:44:00,,,,,,,,,,,
2025-06-17 03:59:00,,,,,,,,,,,
2025-06-17 04:14:00,,,,,,,,,,,
2025-06-17 04:29:00,,,,,,,,,,,
2025-06-17 04:44:00,,,,,,,,,,,
2025-06-17 04:59:00,,,,,,,,,,,
2025-06-17 05:14:00,,,,,,,,,,,
2025-06-17 05:29:00,,,,,,,,,,,
2025-06-17 05:44:00,,,,,,,,,,,
2025-06-17 05:59:00,,,,,,,,,,,
2025-06-17 06:14:00,,,,,,,,,,,
2025-06-17 06:29:00,,,,,,,,,,,
2025-06-17 06:44:00,,,,,,,,,,,
2025-06-17 06:59:00,,,,,,,,,,,
2025-06-17 07:14:00,,,,,,,,,,,
2025-06-17 07:29:00,,,,,,,,,,,
2025-06-17 07:44:00,,,,,,,,,,,
2025-06-17 07:59:00,,,,,,,,,,,
2025-06-17 08:14:00,,,,,,,,,,,
2025-06-17 08:29:00,,,,,,,,,,,
2025-06-17 08:44:00,,,,,,,,,,,
2025-06-17 08:59:00,,,,,,,,,,,
2025-06-17 09:14:00,,,,,,,,,,,
2025-06-17 09:29:00,,,,,,,,,,,
2025-06-17 09:44:00,,,,,,,,,,,
2025-06-17 09:59:00,,,,,,,,,,,
2025-06-17 10:14:00,,,,,,,,,,,
2025-06-17 10:29:00,,,,,,,,,,,
2025-06-17 10:44:00,,,,,,,,,,,
2025-06-17 10:59:00,,,,,,,,,,,
2025-06-17 11:14:00,,,,,,,,,,,
2025-06-17 11:29:00,,,,,,,,,,,
2025-06-17 11:44:00,,,,,,,,,,,
2025-06-17 11:59:00,,,,,,,,,,,
2025-06-17 12:14:00,,,,,,,,,,,
2025-06-17 12:29:00,,,,,,,,,,,
2025-06-17 12:44:00,,,,,,,,,,,
2025-06-17 12:59:00,,,,,,,,,,,
2025-06-17 13:14:00,,,,,,,,,,,
2025-06-17 13:29:00,,,,,,,,,,,
2025-06-17 13:44:00,,,,,,,,,,,
2025-06-17 13:59:00,,,,,,,,,,,
2025-06-17 14:14:00,,,,,,,,,,,
2025-06-17 14:29:00,,,,,,,,,,,
2025-06-17 14:44:00,,,,,,,,,,,
2025-06-17 14:59:00,,,,,,,,,,,
2025-06-17 15:14:00,,,,,,,,,,,
2025-06-17 15:29:00,,,,,,,,,,,
2025-06-17 15:44:00,,,,,,,,,,,
2025-06-17 15:59:00,,,,,,,,,,,
2025-06-17 16:14:00,,,,,,,,,,,
2025-06-17 16:29:00,,,,,,,,,,,
2025-06-17 16:44:00,,,,,,,,,,,
2025-06-17 16:59:00,,,,,,,,,,,
2025-06-17 17:14:00,,,,,,,,,,,
2025-06-17 17:29:00,,,,,,,,,,,
2025-06-17 17:44:00,,,,,,,,,,,
2025-06-17 17:59:00,,,,,,,,,,,
2025-06-17 18:14:00,,,,,,,,,,,
2025-06-17 18:29:00,,,,,,,,,,,
2025-06-17 18:44:00,,,,,,,,,,,
2025-06-17 18:59:00,,,,,,,,,,,
2025-06-17 19:14:00,,,,,,,,,,,
2025-06-17 19:29:00,,,,,,,,,,,
2025-06-17 19:44:00,,,,,,,,,,,
2025-06-17 19:59:00,,,,,,,,,,,
2025-06-17 20:14:00,,,,,,,,,,,
2025-06-17 20:29:00,,,,,,,,,,,
2025-06-17 20:44:00,,,,,,,,,,,
2025-06-17 20:59:00,,,,,,,,,,,
2025-06-17 21:14:00,,,,,,,,,,,
2025-06-17 21:29:00,,,,,,,,,,,
2025-06-17 21:44:00,,,,,,,,,,,
2025-06-17 21:59:00,,,,,,,,,,,
2025-06-17 22:14:00,,,,,,,,,,,
2025-06-17 22:29:00,,,,,,,,,,,
2025-06-17 22:44:00,,,,,,,,,,,
2025-06-17 22:59:00,,,,,,,,,,,
2025-06-17 23:14:00,,,,,,,,,,,
2025-06-17 23:29:00,,,,,,,,,,,
2025-06-17 23:44:00,,,,,,,,,,,
2025-06-17 23:59:00,,,,,,,,,,,
2025-06-18 00:14:00,,,,,,,,,,,
2025-06-18 00:29:00,,,,,,,,,,,
2025-06-18 00:44:00,,,,,,,,,,,
2025-06-18 00:59:00,,,,,,,,,,,
2025-06-18 01:14:00,,,,,,,,,,,
2025-06-18 01:29:00,,,,,,,,,,,
2025-06-18 01:44:00,,,,,,,,,,,
2025-06-18 01:59:00,,,,,,,,,,,
2025-06-18 02:14:00,,,,,,,,,,,
2025-06-18 02:29:00,,,,,,,,,,,
2025-06-18 02:44:00,,,,,,,,,,,
2025-06-18 02:59:00,,,,,,,,,,,
2025-06-18 03:14:00,,,,,,,,,,,
2025-06-18 03:29:00,,,,,,,,,,,
2025-06-18 03:44:00,,,,,,,,,,,
2025-06-18 03:59:00,,,,,,,,,,,
2025-06-18 04:14:00,,,,,,,,,,,
2025-06-18 04:29:00,,,,,,,,,,,
2025-06-18 04:44:00,,,,,,,,,,,
2025-06-18 04:59:00,,,,,,,,,,,
2025-06-18 05:14:00,,,,,,,,,,,
2025-06-18 05:29:00,,,,,,,,,,,
2025-06-18 05:44:00,,,,,,,,,,,
2025-06-18 05:59:00,,,,,,,,,,,
2025-06-18 06:14:00,,,,,,,,,,,
2025-06-18 06:29:00,,,,,,,,,,,
2025-06-18 06:44:00,,,,,,,,,,,
2025-06-18 06:59:00,,,,,,,,,,,
2025-06-18 07:14:00,,,,,,,,,,,
2025-06-18 07:29:00,,,,,,,,,,,
2025-06-18 07:44:00,,,,,,,,,,,
2025-06-18 07:59:00,,,,,,,,,,,
2025-06-18 08:14:00,,,,,,,,,,,
2025-06-18 08:29:00,,,,,,,,,,,
2025-06-18 08:44:00,,,,,,,,,,,
2025-06-18 08:59:00,,,,,,,,,,,
2025-06-18 09:14:00,,,,,,,,,,,
2025-06-18 09:29:00,,,,,,,,,,,
2025-06-18 09:44:00,,,,,,,,,,,
2025-06-18 09:59:00,,,,,,,,,,,
2025-06-18 10:14:00,,,,,,,,,,,
2025-06-18 10:29:00,,,,,,,,,,,
2025-06-18 10:44:00,,,,,,,,,,,
2025-06-18 10:59:00,,,,,,,,,,,
2025-06-18 11:14:00,,,,,,,,,,,
2025-06-18 11:29:00,,,,,,,,,,,
2025-06-18 11:44:00,,,,,,,,,,,
2025-06-18 11:59:00,,,,,,,,,,,
2025-06-18 12:14:00,,,,,,,,,,,
2025-06-18 12:29:00,,,,,,,,,,,
2025-06-18 12:44:00,,,,,,,,,,,
2025-06-18 12:59:00,,,,,,,,,,,
2025-06-18 13:14:00,,,,,,,,,,,
2025-06-18 13:29:00,,,,,,,,,,,
2025-06-18 13:44:00,,,,,,,,,,,
2025-06-18 13:59:00,,,,,,,,,,,
2025-06-18 14:14:00,,,,,,,,,,,
2025-06-18 14:29:00,,,,,,,,,,,
2025-06-18 14:44:00,,,,,,,,,,,
2025-06-18 14:59:00,,,,,,,,,,,
2025-06-18 15:14:00,,,,,,,,,,,
2025-06-18 15:29:00,,,,,,,,,,,
2025-06-18 15:44:00,,,,,,,,,,,
2025-06-18 15:59:00,,,,,,,,,,,
2025-06-18 16:14:00,,,,,,,,,,,
2025-06-18 16:29:00,,,,,,,,,,,
2025-06-18 16:44:00,,,,,,,,,,,
2025-06-18 16:59:00,,,,,,,,,,,
2025-06-18 17:14:00,,,,,,,,,,,
2025-06-18 17:29:00,,,,,,,,,,,
2025-06-18 17:44:00,,,,,,,,,,,
2025-06-18 17:59:00,,,,,,,,,,,
2025-06-18 18:14:00,,,,,,,,,,,
2025-06-18 18:29:00,,,,,,,,,,,
2025-06-18 18:44:00,,,,,,,,,,,
2025-06-18 18:59:00,,,,,,,,,,,
2025-06-18 19:14:00,,,,,,,,,,,
2025-06-18 19:29:00,,,,,,,,,,,
2025-06-18 19:44:00,,,,,,,,,,,
2025-06-18 19:59:00,,,,,,,,,,,
2025-06-18 20:14:00,,,,,,,,,,,
2025-06-18 20:29:00,,,,,,,,,,,
2025-06-18 20:44:00,,,,,,,,,,,
2025-06-18 20:59:00,,,,,,,,,,,
2025-06-18 21:14:00,,,,,,,,,,,
2025-06-18 21:29:00,,,,,,,,,,,
2025-06-18 21:44:00,,,,,,,,,,,
2025-06-18 21:59:00,,,,,,,,,,,
2025-06-18 22:14:00,,,,,,,,,,,
2025-06-18 22:29:00,,,,,,,,,,,
2025-06-18 22:44:00,,,,,,,,,,,
2025-06-18 22:59:00,,,,,,,,,,,
2025-06-18 23:14:00,,,,,,,,,,,
2025-06-18 23:29:00,,,,,,,,,,,
2025-06-18 23:44:00,,,,,,,,,,,
2025-06-18 23:59:00,,,,,,,,,,,
2025-06-19 00:14:00,,,,,,,,,,,
2025-06-19 00:29:00,,,,,,,,,,,
2025-06-19 00:44:00,,,,,,,,,,,
2025-06-19 00:59:00,,,,,,,,,,,
2025-06-19 01:14:00,,,,,,,,,,,
2025-06-19 01:29:00,,,,,,,,,,,
2025-06-19 01:44:00,,,,,,,,,,,
2025-06-19 01:59:00,,,,,,,,,,,
2025-06-19 02:14:00,,,,,,,,,,,
2025-06-19 02:29:00,,,,,,,,,,,
2025-06-19 02:44:00,,,,,,,,,,,
2025-06-19 02:59:00,,,,,,,,,,,
2025-06-19 03:14:00,,,,,,,,,,,
2025-06-19 03:29:00,,,,,,,,,,,
2025-06-19 03:44:00,,,,,,,,,,,
2025-06-19 03:59:00,,,,,,,,,,,
2025-06-19 04:14:00,,,,,,,,,,,
2025-06-19 04:29:00,,,,,,,,,,,
2025-06-19 04:44:00,,,,,,,,,,,
2025-06-19 04:59:00,,,,,,,,,,,
2025-06-19 05:14:00,,,,,,,,,,,
2025-06-19 05:29:00,,,,,,,,,,,
2025-06-19 05:44:00,,,,,,,,,,,
2025-06-19 05:59:00,,,,,,,,,,,
2025-06-19 06:14:00,,,,,,,,,,,
2025-06-19 06:29:00,,,,,,,,,,,
2025-06-19 06:44:00,,,,,,,,,,,
2025-06-19 06:59:00,,,,,,,,,,,
2025-06-19 07:14:00,,,,,,,,,,,
2025-06-19 07:29:00,,,,,,,,,,,
2025-06-19 07:44:00,,,,,,,,,,,
2025-06-19 07:59:00,,,,,,,,,,,
2025-06-19 08:14:00,,,,,,,,,,,
2025-06-19 08:29:00,,,,,,,,,,,
2025-06-19 08:44:00,,,,,,,,,,,
2025-06-19 08:59:00,,,,,,,,,,,
2025-06-19 09:14:00,,,,,,,,,,,
2025-06-19 09:29:00,,,,,,,,,,,
2025-06-19 09:44:00,,,,,,,,,,,
2025-06-19 09:59:00,,,,,,,,,,,
2025-06-19 10:14:00,,,,,,,,,,,
2025-06-19 10:29:00,,,,,,,,,,,
2025-06-19 10:44:00,,,,,,,,,,,
2025-06-19 10:59:00,,,,,,,,,,,
2025-06-19 11:14:00,,,,,,,,,,,
2025-06-19 11:29:00,,,,,,,,,,,
2025-06-19 11:44:00,,,,,,,,,,,
2025-06-19 11:59:00,,,,,,,,,,,
2025-06-19 12:14:00,,,,,,,,,,,
2025-06-19 12:29:00,,,,,,,,,,,
2025-06-19 12:44:00,,,,,,,,,,,
2025-06-19 12:59:00,,,,,,,,,,,
2025-06-19 13:14:00,,,,,,,,,,,
2025-06-19 13:29:00,,,,,,,,,,,
2025-06-19 13:44:00,,,,,,,,,,,
2025-06-19 13:59:00,,,,,,,,,,,
2025-06-19 14:14:00,,,,,,,,,,,
2025-06-19 14:29:00,,,,,,,,,,,
2025-06-19 14:44:00,,,,,,,,,,,
2025-06-19 14:59:00,,,,,,,,,,,
2025-06-19 15:14:00,,,,,,,,,,,
2025-06-19 15:29:00,,,,,,,,,,,
2025-06-19 15:44:00,,,,,,,,,,,
2025-06-19 15:59:00,,,,,,,,,,,
2025-06-19 16:14:00,,,,,,,,,,,
2025-06-19 16:29:00,,,,,,,,,,,
2025-06-19 16:44:00,,,,,,,,,,,
2025-06-19 16:59:00,,,,,,,,,,,
2025-06-19 17:14:00,,,,,,,,,,,
2025-06-19 17:29:00,,,,,,,,,,,
2025-06-19 17:44:00,,,,,,,,,,,
2025-06-19 17:59:00,,,,,,,,,,,
2025-06-19 18:14:00,,,,,,,,,,,
2025-06-19 18:29:00,,,,,,,,,,,
2025-06-19 18:44:00,,,,,,,,,,,
2025-06-19 18:59:00,,,,,,,,,,,
2025-06-19 19:14:00,,,,,,,,,,,
2025-06-19 19:29:00,,,,,,,,,,,
2025-06-19 19:44:00,,,,,,,,,,,
2025-06-19 19:59:00,,,,,,,,,,,
2025-06-19 20:14:00,,,,,,,,,,,
2025-06-19 20:29:00,,,,,,,,,,,
2025-06-19 20:44:00,,,,,,,,,,,
2025-06-19 20:59:00,,,,,,,,,,,
2025-06-19 21:14:00,,,,,,,,,,,
2025-06-19 21:29:00,,,,,,,,,,,
2025-06-19 21:44:00,,,,,,,,,,,
2025-06-19 21:59:00,,,,,,,,,,,
2025-06-19 22:14:00,,,,,,,,,,,
2025-06-19 22:29:00,,,,,,,,,,,
2025-06-19 22:44:00,,,,,,,,,,,
2025-06-19 22:59:00,,,,,,,,,,,
2025-06-19 23:14:00,,,,,,,,,,,
2025-06-19 23:29:00,,,,,,,,,,,
2025-06-19 23:44:00,,,,,,,,,,,
2025-06-19 23:59:00,,,,,,,,,,,
2025-06-20 00:14:00,,,,,,,,,,,
2025-06-20 00:29:00,,,,,,,,,,,
2025-06-20 00:44:00,,,,,,,,,,,
2025-06-20 00:59:00,,,,,,,,,,,
2025-06-20 01:14:00,,,,,,,,,,,
2025-06-20 01:29:00,,,,,,,,,,,
2025-06-20 01:44:00,,,,,,,,,,,
2025-06-20 01:59:00,,,,,,,,,,,
2025-06-20 02:14:00,,,,,,,,,,,
2025-06-20 02:29:00,,,,,,,,,,,
2025-06-20 02:44:00,,,,,,,,,,,
2025-06-20 02:59:00,,,,,,,,,,,
2025-06-20 03:14:00,,,,,,,,,,,
2025-06-20 03:29:00,,,,,,,,,,,
2025-06-20 03:44:00,,,,,,,,,,,
2025-06-20 03:59:00,,,,,,,,,,,
2025-06-20 04:14:00,,,,,,,,,,,
2025-06-20 04:29:00,,,,,,,,,,,
2025-06-20 04:44:00,,,,,,,,,,,
2025-06-20 04:59:00,,,,,,,,,,,
2025-06-20 05:14:00,,,,,,,,,,,
2025-06-20 05:29:00,,,,,,,,,,,
2025-06-20 05:44:00,,,,,,,,,,,
2025-06-20 05:59:00,,,,,,,,,,,
2025-06-20 06:14:00,,,,,,,,,,,
2025-06-20 06:29:00,,,,,,,,,,,
2025-06-20 06:44:00,,,,,,,,,,,
2025-06-20 06:59:00,,,,,,,,,,,
2025-06-20 07:14:00,,,,,,,,,,,
2025-06-20 07:29:00,,,,,,,,,,,
2025-06-20 07:44:00,,,,,,,,,,,
2025-06-20 07:59:00,,,,,,,,,,,
2025-06-20 08:14:00,,,,,,,,,,,
2025-06-20 08:29:00,,,,,,,,,,,
2025-06-20 08:44:00,,,,,,,,,,,
2025-06-20 08:59:00,,,,,,,,,,,
2025-06-20 09:14:00,,,,,,,,,,,
2025-06-20 09:29:00,,,,,,,,,,,
2025-06-20 09:44:00,,,,,,,,,,,
2025-06-20 09:59:00,,,,,,,,,,,
2025-06-20 10:14:00,,,,,,,,,,,
2025-06-20 10:29:00,,,,,,,,,,,
2025-06-20 10:44:00,,,,,,,,,,,
2025-06-20 10:59:00,,,,,,,,,,,
2025-06-20 11:14:00,,,,,,,,,,,
2025-06-20 11:29:00,,,,,,,,,,,
2025-06-20 11:44:00,,,,,,,,,,,
2025-06-20 11:59:00,,,,,,,,,,,
2025-06-20 12:14:00,,,,,,,,,,,
2025-06-20 12:29:00,,,,,,,,,,,
2025-06-20 12:44:00,,,,,,,,,,,
2025-06-20 12:59:00,,,,,,,,,,,
2025-06-20 13:14:00,,,,,,,,,,,
2025-06-20 13:29:00,,,,,,,,,,,
2025-06-20 13:44:00,,,,,,,,,,,
2025-06-20 13:59:00,,,,,,,,,,,
2025-06-20 14:14:00,,,,,,,,,,,
2025-06-20 14:29:00,,,,,,,,,,,
2025-06-20 14:44:00,,,,,,,,,,,
2025-06-20 14:59:00,,,,,,,,,,,
2025-06-20 15:14:00,,,,,,,,,,,
2025-06-20 15:29:00,,,,,,,,,,,
2025-06-20 15:44:00,,,,,,,,,,,
2025-06-20 15:59:00,,,,,,,,,,,
2025-06-20 16:14:00,,,,,,,,,,,
2025-06-20 16:29:00,,,,,,,,,,,
2025-06-20 16:44:00,,,,,,,,,,,
2025-06-20 16:59:00,,,,,,,,,,,
2025-06-20 17:14:00,,,,,,,,,,,
2025-06-20 17:29:00,,,,,,,,,,,
2025-06-20 17:44:00,,,,,,,,,,,
2025-06-20 17:59:00,,,,,,,,,,,
2025-06-20 18:14:00,,,,,,,,,,,
2025-06-20 18:29:00,,,,,,,,,,,
2025-06-20 18:44:00,,,,,,,,,,,
2025-06-20 18:59:00,,,,,,,,,,,
2025-06-20 19:14:00,,,,,,,,,,,
2025-06-20 19:29:00,,,,,,,,,,,
2025-06-20 19:44:00,,,,,,,,,,,
2025-06-20 19:59:00,,,,,,,,,,,
2025-06-20 20:14:00,,,,,,,,,,,
2025-06-20 20:29:00,,,,,,,,,,,
2025-06-20 20:44:00,,,,,,,,,,,
2025-06-20 20:59:00,,,,,,,,,,,
2025-06-20 21:14:00,,,,,,,,,,,
2025-06-20 21:29:00,,,,,,,,,,,
2025-06-20 21:44:00,,,,,,,,,,,
2025-06-20 21:59:00,,,,,,,,,,,
2025-06-20 22:14:00,,,,,,,,,,,
2025-06-20 22:29:00,,,,,,,,,,,
2025-06-20 22:44:00,,,,,,,,,,,
2025-06-20 22:59:00,,,,,,,,,,,
2025-06-20 23:14:00,,,,,,,,,,,
2025-06-20 23:29:00,,,,,,,,,,,
2025-06-20 23:44:00,,,,,,,,,,,
2025-06-20 23:59:00,,,,,,,,,,,
2025-06-21 00:14:00,,,,,,,,,,,
2025-06-21 00:29:00,,,,,,,,,,,
2025-06-21 00:44:00,,,,,,,,,,,
2025-06-21 00:59:00,,,,,,,,,,,
2025-06-21 01:14:00,,,,,,,,,,,
2025-06-21 01:29:00,,,,,,,,,,,
2025-06-21 01:44:00,,,,,,,,,,,
2025-06-21 01:59:00,,,,,,,,,,,
2025-06-21 02:14:00,,,,,,,,,,,
2025-06-21 02:29:00,,,,,,,,,,,
2025-06-21 02:44:00,,,,,,,,,,,
2025-06-21 02:59:00,,,,,,,,,,,
2025-06-21 03:14:00,,,,,,,,,,,
2025-06-21 03:29:00,,,,,,,,,,,
2025-06-21 03:44:00,,,,,,,,,,,
2025-06-21 03:59:00,,,,,,,,,,,
2025-06-21 04:14:00,,,,,,,,,,,
2025-06-21 04:29:00,,,,,,,,,,,
2025-06-21 04:44:00,,,,,,,,,,,
2025-06-21 04:59:00,,,,,,,,,,,
2025-06-21 05:14:00,,,,,,,,,,,
2025-06-21 05:29:00,,,,,,,,,,,
2025-06-21 05:44:00,,,,,,,,,,,
2025-06-21 05:59:00,,,,,,,,,,,
2025-06-21 06:14:00,,,,,,,,,,,
2025-06-21 06:29:00,,,,,,,,,,,
2025-06-21 06:44:00,,,,,,,,,,,
2025-06-21 06:59:00,,,,,,,,,,,
2025-06-21 07:14:00,,,,,,,,,,,
2025-06-21 07:29:00,,,,,,,,,,,
2025-06-21 07:44:00,,,,,,,,,,,
2025-06-21 07:59:00,,,,,,,,,,,
2025-06-21 08:14:00,,,,,,,,,,,
2025-06-21 08:29:00,,,,,,,,,,,
2025-06-21 08:44:00,,,,,,,,,,,
2025-06-21 08:59:00,,,,,,,,,,,
2025-06-21 09:14:00,,,,,,,,,,,
2025-06-21 09:29:00,,,,,,,,,,,
2025-06-21 09:44:00,,,,,,,,,,,
2025-06-21 09:59:00,,,,,,,,,,,
2025-06-21 10:14:00,,,,,,,,,,,
2025-06-21 10:29:00,,,,,,,,,,,
2025-06-21 10:44:00,,,,,,,,,,,
2025-06-21 10:59:00,,,,,,,,,,,
2025-06-21 11:14:00,,,,,,,,,,,
2025-06-21 11:29:00,,,,,,,,,,,
2025-06-21 11:44:00,,,,,,,,,,,
2025-06-21 11:59:00,,,,,,,,,,,
2025-06-21 12:14:00,,,,,,,,,,,
2025-06-21 12:29:00,,,,,,,,,,,
2025-06-21 12:44:00,,,,,,,,,,,
2025-06-21 12:59:00,,,,,,,,,,,
2025-06-21 13:14:00,,,,,,,,,,,
2025-06-21 13:29:00,,,,,,,,,,,
2025-06-21 13:44:00,,,,,,,,,,,
2025-06-21 13:59:00,,,,,,,,,,,
2025-06-21 14:14:00,,,,,,,,,,,
2025-06-21 14:29:00,,,,,,,,,,,
2025-06-21 14:44:00,,,,,,,,,,,
2025-06-21 14:59:00,,,,,,,,,,,
2025-06-21 15:14:00,,,,,,,,,,,
2025-06-21 15:29:00,,,,,,,,,,,
2025-06-21 15:44:00,,,,,,,,,,,
2025-06-21 15:59:00,,,,,,,,,,,
2025-06-21 16:14:00,,,,,,,,,,,
2025-06-21 16:29:00,,,,,,,,,,,
2025-06-21 16:44:00,,,,,,,,,,,
2025-06-21 16:59:00,,,,,,,,,,,
2025-06-21 17:14:00,,,,,,,,,,,
2025-06-21 17:29:00,,,,,,,,,,,
2025-06-21 17:44:00,,,,,,,,,,,
2025-06-21 17:59:00,,,,,,,,,,,
2025-06-21 18:14:00,,,,,,,,,,,
2025-06-21 18:29:00,,,,,,,,,,,
2025-06-21 18:44:00,,,,,,,,,,,
2025-06-21 18:59:00,,,,,,,,,,,
2025-06-21 19:14:00,,,,,,,,,,,
2025-06-21 19:29:00,,,,,,,,,,,
2025-06-21 19:44:00,,,,,,,,,,,
2025-06-21 19:59:00,,,,,,,,,,,
2025-06-21 20:14:00,,,,,,,,,,,
2025-06-21 20:29:00,,,,,,,,,,,
2025-06-21 20:44:00,,,,,,,,,,,
2025-06-21 20:59:00,,,,,,,,,,,
2025-06-21 21:14:00,,,,,,,,,,,
2025-06-21 21:29:00,,,,,,,,,,,
2025-06-21 21:44:00,,,,,,,,,,,
2025-06-21 21:59:00,,,,,,,,,,,
2025-06-21 22:14:00,,,,,,,,,,,
2025-06-21 22:29:00,,,,,,,,,,,
2025-06-21 22:44:00,,,,,,,,,,,
2025-06-21 22:59:00,,,,,,,,,,,
2025-06-21 23:14:00,,,,,,,,,,,
2025-06-21 23:29:00,,,,,,,,,,,
2025-06-21 23:44:00,,,,,,,,,,,
2025-06-21 23:59:00,,,,,,,,,,,
2025-06-22 00:14:00,,,,,,,,,,,
2025-06-22 00:29:00,,,,,,,,,,,
2025-06-22 00:44:00,,,,,,,,,,,
2025-06-22 00:59:00,,,,,,,,,,,
2025-06-22 01:14:00,,,,,,,,,,,
2025-06-22 01:29:00,,,,,,,,,,,
2025-06-22 01:44:00,,,,,,,,,,,
2025-06-22 01:59:00,,,,,,,,,,,
2025-06-22 02:14:00,,,,,,,,,,,
2025-06-22 02:29:00,,,,,,,,,,,
2025-06-22 02:44:00,,,,,,,,,,,
2025-06-22 02:59:00,,,,,,,,,,,
2025-06-22 03:14:00,,,,,,,,,,,
2025-06-22 03:29:00,,,,,,,,,,,
2025-06-22 03:44:00,,,,,,,,,,,
2025-06-22 03:59:00,,,,,,,,,,,
2025-06-22 04:14:00,,,,,,,,,,,
2025-06-22 04:29:00,,,,,,,,,,,
2025-06-22 04:44:00,,,,,,,,,,,
2025-06-22 04:59:00,,,,,,,,,,,
2025-06-22 05:14:00,,,,,,,,,,,
2025-06-22 05:29:00,,,,,,,,,,,
2025-06-22 05:44:00,,,,,,,,,,,
2025-06-22 05:59:00,,,,,,,,,,,
2025-06-22 06:14:00,,,,,,,,,,,
2025-06-22 06:29:00,,,,,,,,,,,
2025-06-22 06:44:00,,,,,,,,,,,
2025-06-22 06:59:00,,,,,,,,,,,
2025-06-22 07:14:00,,,,,,,,,,,
2025-06-22 07:29:00,,,,,,,,,,,
2025-06-22 07:44:00,,,,,,,,,,,
2025-06-22 07:59:00,,,,,,,,,,,
2025-06-22 08:14:00,,,,,,,,,,,
2025-06-22 08:29:00,,,,,,,,,,,
2025-06-22 08:44:00,,,,,,,,,,,
2025-06-22 08:59:00,,,,,,,,,,,
2025-06-22 09:14:00,,,,,,,,,,,
2025-06-22 09:29:00,,,,,,,,,,,
2025-06-22 09:44:00,,,,,,,,,,,
2025-06-22 09:59:00,,,,,,,,,,,
2025-06-22 10:14:00,,,,,,,,,,,
2025-06-22 10:29:00,,,,,,,,,,,
2025-06-22 10:44:00,,,,,,,,,,,
2025-06-22 10:59:00,,,,,,,,,,,
2025-06-22 11:14:00,,,,,,,,,,,
2025-06-22 11:29:00,,,,,,,,,,,
2025-06-22 11:44:00,,,,,,,,,,,
2025-06-22 11:59:00,,,,,,,,,,,
2025-06-22 12:14:00,,,,,,,,,,,
2025-06-22 12:29:00,,,,,,,,,,,
2025-06-22 12:44:00,,,,,,,,,,,
2025-06-22 12:59:00,,,,,,,,,,,
2025-06-22 13:14:00,,,,,,,,,,,
2025-06-22 13:29:00,,,,,,,,,,,
2025-06-22 13:44:00,,,,,,,,,,,
2025-06-22 13:59:00,,,,,,,,,,,
2025-06-22 14:14:00,,,,,,,,,,,
2025-06-22 14:29:00,,,,,,,,,,,
2025-06-22 14:44:00,,,,,,,,,,,
2025-06-22 14:59:00,,,,,,,,,,,
2025-06-22 15:14:00,,,,,,,,,,,
2025-06-22 15:29:00,,,,,,,,,,,
2025-06-22 15:44:00,,,,,,,,,,,
2025-06-22 15:59:00,,,,,,,,,,,
2025-06-22 16:14:00,,,,,,,,,,,
2025-06-22 16:29:00,,,,,,,,,,,
2025-06-22 16:44:00,,,,,,,,,,,
2025-06-22 16:59:00,,,,,,,,,,,
2025-06-22 17:14:00,,,,,,,,,,,
2025-06-22 17:29:00,,,,,,,,,,,
2025-06-22 17:44:00,,,,,,,,,,,
2025-06-22 17:59:00,,,,,,,,,,,
2025-06-22 18:14:00,,,,,,,,,,,
2025-06-22 18:29:00,,,,,,,,,,,
2025-06-22 18:44:00,,,,,,,,,,,
2025-06-22 18:59:00,,,,,,,,,,,
2025-06-22 19:14:00,,,,,,,,,,,
2025-06-22 19:29:00,,,,,,,,,,,
2025-06-22 19:44:00,,,,,,,,,,,
2025-06-22 19:59:00,,,,,,,,,,,
2025-06-22 20:14:00,,,,,,,,,,,
2025-06-22 20:29:00,,,,,,,,,,,
2025-06-22 20:44:00,,,,,,,,,,,
2025-06-22 20:59:00,,,,,,,,,,,
2025-06-22 21:14:00,,,,,,,,,,,
2025-06-22 21:29:00,,,,,,,,,,,
2025-06-22 21:44:00,,,,,,,,,,,
2025-06-22 21:59:00,,,,,,,,,,,
2025-06-22 22:14:00,,,,,,,,,,,
2025-06-22 22:29:00,,,,,,,,,,,
2025-06-22 22:44:00,,,,,,,,,,,
2025-06-22 22:59:00,,,,,,,,,,,
2025-06-22 23:14:00,,,,,,,,,,,
2025-06-22 23:29:00,,,,,,,,,,,
2025-06-22 23:44:00,,,,,,,,,,,
2025-06-22 23:59:00,,,,,,,,,,,
2025-06-23 00:14:00,,,,,,,,,,,
2025-06-23 00:29:00,,,,,,,,,,,
2025-06-23 00:44:00,,,,,,,,,,,
2025-06-23 00:59:00,,,,,,,,,,,
2025-06-23 01:14:00,,,,,,,,,,,
2025-06-23 01:29:00,,,,,,,,,,,
2025-06-23 01:44:00,,,,,,,,,,,
2025-06-23 01:59:00,,,,,,,,,,,
2025-06-23 02:14:00,,,,,,,,,,,
2025-06-23 02:29:00,,,,,,,,,,,
2025-06-23 02:44:00,,,,,,,,,,,
2025-06-23 02:59:00,,,,,,,,,,,
2025-06-23 03:14:00,,,,,,,,,,,
2025-06-23 03:29:00,,,,,,,,,,,
2025-06-23 03:44:00,,,,,,,,,,,
2025-06-23 03:59:00,,,,,,,,,,,
2025-06-23 04:14:00,,,,,,,,,,,
2025-06-23 04:29:00,,,,,,,,,,,
2025-06-23 04:44:00,,,,,,,,,,,
2025-06-23 04:59:00,,,,,,,,,,,
2025-06-23 05:14:00,,,,,,,,,,,
2025-06-23 05:29:00,,,,,,,,,,,
2025-06-23 05:44:00,,,,,,,,,,,
2025-06-23 05:59:00,,,,,,,,,,,
2025-06-23 06:14:00,,,,,,,,,,,
2025-06-23 06:29:00,,,,,,,,,,,
2025-06-23 06:44:00,,,,,,,,,,,
2025-06-23 06:59:00,,,,,,,,,,,
2025-06-23 07:14:00,,,,,,,,,,,
2025-06-23 07:29:00,,,,,,,,,,,
2025-06-23 07:44:00,,,,,,,,,,,
2025-06-23 07:59:00,,,,,,,,,,,
2025-06-23 08:14:00,,,,,,,,,,,
2025-06-23 08:29:00,,,,,,,,,,,
2025-06-23 08:44:00,,,,,,,,,,,
2025-06-23 08:59:00,,,,,,,,,,,
2025-06-23 09:14:00,,,,,,,,,,,
2025-06-23 09:29:00,,,,,,,,,,,
2025-06-23 09:44:00,,,,,,,,,,,
2025-06-23 09:59:00,,,,,,,,,,,
2025-06-23 10:14:00,,,,,,,,,,,
2025-06-23 10:29:00,,,,,,,,,,,
2025-06-23 10:44:00,,,,,,,,,,,
2025-06-23 10:59:00,,,,,,,,,,,
2025-06-23 11:14:00,,,,,,,,,,,
2025-06-23 11:29:00,,,,,,,,,,,
2025-06-23 11:44:00,,,,,,,,,,,
2025-06-23 11:59:00,,,,,,,,,,,
2025-06-23 12:14:00,,,,,,,,,,,
2025-06-23 12:29:00,,,,,,,,,,,
2025-06-23 12:44:00,,,,,,,,,,,
2025-06-23 12:59:00,,,,,,,,,,,
2025-06-23 13:14:00,,,,,,,,,,,
2025-06-23 13:29:00,,,,,,,,,,,
2025-06-23 13:44:00,,,,,,,,,,,
2025-06-23 13:59:00,,,,,,,,,,,
2025-06-23 14:14:00,,,,,,,,,,,
2025-06-23 14:29:00,,,,,,,,,,,
2025-06-23 14:44:00,,,,,,,,,,,
2025-06-23 14:59:00,,,,,,,,,,,
2025-06-23 15:14:00,,,,,,,,,,,
2025-06-23 15:29:00,,,,,,,,,,,
2025-06-23 15:44:00,,,,,,,,,,,
2025-06-23 15:59:00,,,,,,,,,,,
2025-06-23 16:14:00,,,,,,,,,,,
2025-06-23 16:29:00,,,,,,,,,,,
2025-06-23 16:44:00,,,,,,,,,,,
2025-06-23 16:59:00,,,,,,,,,,,
2025-06-23 17:14:00,,,,,,,,,,,
2025-06-23 17:29:00,,,,,,,,,,,
2025-06-23 17:44:00,,,,,,,,,,,
2025-06-23 17:59:00,,,,,,,,,,,
2025-06-23 18:14:00,,,,,,,,,,,
2025-06-23 18:29:00,,,,,,,,,,,
2025-06-23 18:44:00,,,,,,,,,,,
2025-06-23 18:59:00,,,,,,,,,,,
2025-06-23 19:14:00,,,,,,,,,,,
2025-06-23 19:29:00,,,,,,,,,,,
2025-06-23 19:44:00,,,,,,,,,,,
2025-06-23 19:59:00,,,,,,,,,,,
2025-06-23 20:14:00,,,,,,,,,,,
2025-06-23 20:29:00,,,,,,,,,,,
2025-06-23 20:44:00,,,,,,,,,,,
2025-06-23 20:59:00,,,,,,,,,,,
2025-06-23 21:14:00,,,,,,,,,,,
2025-06-23 21:29:00,,,,,,,,,,,
2025-06-23 21:44:00,,,,,,,,,,,
2025-06-23 21:59:00,,,,,,,,,,,
2025-06-23 22:14:00,,,,,,,,,,,
2025-06-23 22:29:00,,,,,,,,,,,
2025-06-23 22:44:00,,,,,,,,,,,
2025-06-23 22:59:00,,,,,,,,,,,
2025-06-23 23:14:00,,,,,,,,,,,
2025-06-23 23:29:00,,,,,,,,,,,
2025-06-23 23:44:00,,,,,,,,,,,
2025-06-23 23:59:00,,,,,,,,,,,
2025-06-24 00:14:00,,,,,,,,,,,
2025-06-24 00:29:00,,,,,,,,,,,
2025-06-24 00:44:00,,,,,,,,,,,
2025-06-24 00:59:00,,,,,,,,,,,
2025-06-24 01:14:00,,,,,,,,,,,
2025-06-24 01:29:00,,,,,,,,,,,
2025-06-24 01:44:00,,,,,,,,,,,
2025-06-24 01:59:00,,,,,,,,,,,
2025-06-24 02:14:00,,,,,,,,,,,
2025-06-24 02:29:00,,,,,,,,,,,
2025-06-24 02:44:00,,,,,,,,,,,
2025-06-24 02:59:00,,,,,,,,,,,
2025-06-24 03:14:00,,,,,,,,,,,
2025-06-24 03:29:00,,,,,,,,,,,
2025-06-24 03:44:00,,,,,,,,,,,
2025-06-24 03:59:00,,,,,,,,,,,
2025-06-24 04:14:00,,,,,,,,,,,
2025-06-24 04:29:00,,,,,,,,,,,
2025-06-24 04:44:00,,,,,,,,,,,
2025-06-24 04:59:00,,,,,,,,,,,
2025-06-24 05:14:00,,,,,,,,,,,
2025-06-24 05:29:00,,,,,,,,,,,
2025-06-24 05:44:00,,,,,,,,,,,
2025-06-24 05:59:00,,,,,,,,,,,
2025-06-24 06:14:00,,,,,,,,,,,
2025-06-24 06:29:00,,,,,,,,,,,
2025-06-24 06:44:00,,,,,,,,,,,
2025-06-24 06:59:00,,,,,,,,,,,
2025-06-24 07:14:00,,,,,,,,,,,
2025-06-24 07:29:00,,,,,,,,,,,
2025-06-24 07:44:00,,,,,,,,,,,
2025-06-24 07:59:00,,,,,,,,,,,
2025-06-24 08:14:00,,,,,,,,,,,
2025-06-24 08:29:00,,,,,,,,,,,
2025-06-24 08:44:00,,,,,,,,,,,
2025-06-24 08:59:00,,,,,,,,,,,
2025-06-24 09:14:00,,,,,,,,,,,
2025-06-24 09:29:00,,,,,,,,,,,
2025-06-24 09:44:00,,,,,,,,,,,
2025-06-24 09:59:00,,,,,,,,,,,
2025-06-24 10:14:00,,,,,,,,,,,
2025-06-24 10:29:00,,,,,,,,,,,
2025-06-24 10:44:00,,,,,,,,,,,
2025-06-24 10:59:00,,,,,,,,,,,
2025-06-24 11:14:00,,,,,,,,,,,
2025-06-24 11:29:00,,,,,,,,,,,
2025-06-24 11:44:00,,,,,,,,,,,
2025-06-24 11:59:00,,,,,,,,,,,
2025-06-24 12:14:00,,,,,,,,,,,
2025-06-24 12:29:00,,,,,,,,,,,
2025-06-24 12:44:00,,,,,,,,,,,
2025-06-24 12:59:00,,,,,,,,,,,
2025-06-24 13:14:00,,,,,,,,,,,
2025-06-24 13:29:00,,,,,,,,,,,
2025-06-24 13:44:00,,,,,,,,,,,
2025-06-24 13:59:00,,,,,,,,,,,
2025-06-24 14:14:00,,,,,,,,,,,
2025-06-24 14:29:00,,,,,,,,,,,
2025-06-24 14:44:00,,,,,,,,,,,
2025-06-24 14:59:00,,,,,,,,,,,
2025-06-24 15:14:00,,,,,,,,,,,
2025-06-24 15:29:00,,,,,,,,,,,
2025-06-24 15:44:00,,,,,,,,,,,
2025-06-24 15:59:00,,,,,,,,,,,
2025-06-24 16:14:00,,,,,,,,,,,
2025-06-24 16:29:00,,,,,,,,,,,
2025-06-24 16:44:00,,,,,,,,,,,
2025-06-24 16:59:00,,,,,,,,,,,
2025-06-24 17:14:00,,,,,,,,,,,
2025-06-24 17:29:00,,,,,,,,,,,
2025-06-24 17:44:00,,,,,,,,,,,
2025-06-24 17:59:00,,,,,,,,,,,
2025-06-24 18:14:00,,,,,,,,,,,
2025-06-24 18:29:00,,,,,,,,,,,
2025-06-24 18:44:00,,,,,,,,,,,
2025-06-24 18:59:00,,,,,,,,,,,
2025-06-24 19:14:00,,,,,,,,,,,
2025-06-24 19:29:00,,,,,,,,,,,
2025-06-24 19:44:00,,,,,,,,,,,
2025-06-24 19:59:00,,,,,,,,,,,
2025-06-24 20:14:00,,,,,,,,,,,
2025-06-24 20:29:00,,,,,,,,,,,
2025-06-24 20:44:00,,,,,,,,,,,
2025-06-24 20:59:00,,,,,,,,,,,
2025-06-24 21:14:00,,,,,,,,,,,
2025-06-24 21:29:00,,,,,,,,,,,
2025-06-24 21:44:00,,,,,,,,,,,
2025-06-24 21:59:00,,,,,,,,,,,
2025-06-24 22:14:00,,,,,,,,,,,
2025-06-24 22:29:00,,,,,,,,,,,
2025-06-24 22:44:00,,,,,,,,,,,
2025-06-24 22:59:00,,,,,,,,,,,
2025-06-24 23:14:00,,,,,,,,,,,
2025-06-24 23:29:00,,,,,,,,,,,
2025-06-24 23:44:00,,,,,,,,,,,
2025-06-24 23:59:00,,,,,,,,,,,
2025-06-25 00:14:00,,,,,,,,,,,
2025-06-25 00:29:00,,,,,,,,,,,
2025-06-25 00:44:00,,,,,,,,,,,
2025-06-25 00:59:00,,,,,,,,,,,
2025-06-25 01:14:00,,,,,,,,,,,
2025-06-25 01:29:00,,,,,,,,,,,
2025-06-25 01:44:00,,,,,,,,,,,
2025-06-25 01:59:00,,,,,,,,,,,
2025-06-25 02:14:00,,,,,,,,,,,
2025-06-25 02:29:00,,,,,,,,,,,
2025-06-25 02:44:00,,,,,,,,,,,
2025-06-25 02:59:00,,,,,,,,,,,
2025-06-25 03:14:00,,,,,,,,,,,
2025-06-25 03:29:00,,,,,,,,,,,
2025-06-25 03:44:00,,,,,,,,,,,
2025-06-25 03:59:00,,,,,,,,,,,
2025-06-25 04:14:00,,,,,,,,,,,
2025-06-25 04:29:00,,,,,,,,,,,
2025-06-25 04:44:00,,,,,,,,,,,
2025-06-25 04:59:00,,,,,,,,,,,
2025-06-25 05:14:00,,,,,,,,,,,
2025-06-25 05:29:00,,,,,,,,,,,
2025-06-25 05:44:00,,,,,,,,,,,
2025-06-25 05:59:00,,,,,,,,,,,
2025-06-25 06:14:00,,,,,,,,,,,
2025-06-25 06:29:00,,,,,,,,,,,
2025-06-25 06:44:00,,,,,,,,,,,
2025-06-25 06:59:00,,,,,,,,,,,
2025-06-25 07:14:00,,,,,,,,,,,
2025-06-25 07:29:00,,,,,,,,,,,
2025-06-25 07:44:00,,,,,,,,,,,
2025-06-25 07:59:00,,,,,,,,,,,
2025-06-25 08:14:00,,,,,,,,,,,
2025-06-25 08:29:00,,,,,,,,,,,
2025-06-25 08:44:00,,,,,,,,,,,
2025-06-25 08:59:00,,,,,,,,,,,
2025-06-25 09:14:00,,,,,,,,,,,
2025-06-25 09:29:00,,,,,,,,,,,
2025-06-25 09:44:00,,,,,,,,,,,
2025-06-25 09:59:00,,,,,,,,,,,
2025-06-25 10:14:00,,,,,,,,,,,
2025-06-25 10:29:00,,,,,,,,,,,
2025-06-25 10:44:00,,,,,,,,,,,
2025-06-25 10:59:00,,,,,,,,,,,
2025-06-25 11:14:00,,,,,,,,,,,
2025-06-25 11:29:00,,,,,,,,,,,
2025-06-25 11:44:00,,,,,,,,,,,
2025-06-25 11:59:00,,,,,,,,,,,
2025-06-25 12:14:00,,,,,,,,,,,
2025-06-25 12:29:00,,,,,,,,,,,
2025-06-25 12:44:00,,,,,,,,,,,
2025-06-25 12:59:00,,,,,,,,,,,
2025-06-25 13:14:00,,,,,,,,,,,
2025-06-25 13:29:00,,,,,,,,,,,
2025-06-25 13:44:00,,,,,,,,,,,
2025-06-25 13:59:00,,,,,,,,,,,
2025-06-25 14:14:00,,,,,,,,,,,
2025-06-25 14:29:00,,,,,,,,,,,
2025-06-25 14:44:00,,,,,,,,,,,
2025-06-25 14:59:00,,,,,,,,,,,
2025-06-25 15:14:00,,,,,,,,,,,
2025-06-25 15:29:00,,,,,,,,,,,
2025-06-25 15:44:00,,,,,,,,,,,
2025-06-25 15:59:00,,,,,,,,,,,
2025-06-25 16:14:00,,,,,,,,,,,
2025-06-25 16:29:00,,,,,,,,,,,
2025-06-25 16:44:00,,,,,,,,,,,
2025-06-25 16:59:00,,,,,,,,,,,
2025-06-25 17:14:00,,,,,,,,,,,
2025-06-25 17:29:00,,,,,,,,,,,
2025-06-25 17:44:00,,,,,,,,,,,
2025-06-25 17:59:00,,,,,,,,,,,
2025-06-25 18:14:00,,,,,,,,,,,
2025-06-25 18:29:00,,,,,,,,,,,
2025-06-25 18:44:00,,,,,,,,,,,
2025-06-25 18:59:00,,,,,,,,,,,
2025-06-25 19:14:00,,,,,,,,,,,
2025-06-25 19:29:00,,,,,,,,,,,
2025-06-25 19:44:00,,,,,,,,,,,
2025-06-25 19:59:00,,,,,,,,,,,
2025-06-25 20:14:00,,,,,,,,,,,
2025-06-25 20:29:00,,,,,,,,,,,
2025-06-25 20:44:00,,,,,,,,,,,
2025-06-25 20:59:00,,,,,,,,,,,
2025-06-25 21:14:00,,,,,,,,,,,
2025-06-25 21:29:00,,,,,,,,,,,
2025-06-25 21:44:00,,,,,,,,,,,
2025-06-25 21:59:00,,,,,,,,,,,
2025-06-25 22:14:00,,,,,,,,,,,
2025-06-25 22:29:00,,,,,,,,,,,
2025-06-25 22:44:00,,,,,,,,,,,
2025-06-25 22:59:00,,,,,,,,,,,
2025-06-25 23:14:00,,,,,,,,,,,
2025-06-25 23:29:00,,,,,,,,,,,
2025-06-25 23:44:00,,,,,,,,,,,
2025-06-25 23:59:00,,,,,,,,,,,
2025-06-26 00:14:00,,,,,,,,,,,
2025-06-26 00:29:00,,,,,,,,,,,
2025-06-26 00:44:00,,,,,,,,,,,
2025-06-26 00:59:00,,,,,,,,,,,
2025-06-26 01:14:00,,,,,,,,,,,
2025-06-26 01:29:00,,,,,,,,,,,
2025-06-26 01:44:00,,,,,,,,,,,
2025-06-26 01:59:00,,,,,,,,,,,
2025-06-26 02:14:00,,,,,,,,,,,
2025-06-26 02:29:00,,,,,,,,,,,
2025-06-26 02:44:00,,,,,,,,,,,
2025-06-26 02:59:00,,,,,,,,,,,
2025-06-26 03:14:00,,,,,,,,,,,
2025-06-26 03:29:00,,,,,,,,,,,
2025-06-26 03:44:00,,,,,,,,,,,
2025-06-26 03:59:00,,,,,,,,,,,
2025-06-26 04:14:00,,,,,,,,,,,
2025-06-26 04:29:00,,,,,,,,,,,
2025-06-26 04:44:00,,,,,,,,,,,
2025-06-26 04:59:00,,,,,,,,,,,
2025-06-26 05:14:00,,,,,,,,,,,
2025-06-26 05:29:00,,,,,,,,,,,
2025-06-26 05:44:00,,,,,,,,,,,
2025-06-26 05:59:00,,,,,,,,,,,
2025-06-26 06:14:00,,,,,,,,,,,
2025-06-26 06:29:00,,,,,,,,,,,
2025-06-26 06:44:00,,,,,,,,,,,
2025-06-26 06:59:00,,,,,,,,,,,
2025-06-26 07:14:00,,,,,,,,,,,
2025-06-26 07:29:00,,,,,,,,,,,
2025-06-26 07:44:00,,,,,,,,,,,
2025-06-26 07:59:00,,,,,,,,,,,
2025-06-26 08:14:00,,,,,,,,,,,
2025-06-26 08:29:00,,,,,,,,,,,
2025-06-26 08:44:00,,,,,,,,,,,
2025-06-26 08:59:00,,,,,,,,,,,
2025-06-26 09:14:00,,,,,,,,,,,
2025-06-26 09:29:00,,,,,,,,,,,
2025-06-26 09:44:00,,,,,,,,,,,
2025-06-26 09:59:00,,,,,,,,,,,
2025-06-26 10:14:00,,,,,,,,,,,
2025-06-26 10:29:00,,,,,,,,,,,
2025-06-26 10:44:00,,,,,,,,,,,
2025-06-26 10:59:00,,,,,,,,,,,
2025-06-26 11:14:00,,,,,,,,,,,
2025-06-26 11:29:00,,,,,,,,,,,
2025-06-26 11:44:00,,,,,,,,,,,
2025-06-26 11:59:00,,,,,,,,,,,
2025-06-26 12:14:00,,,,,,,,,,,
2025-06-26 12:29:00,,,,,,,,,,,
2025-06-26 12:44:00,,,,,,,,,,,
2025-06-26 12:59:00,,,,,,,,,,,
2025-06-26 13:14:00,,,,,,,,,,,
2025-06-26 13:29:00,,,,,,,,,,,
2025-06-26 13:44:00,,,,,,,,,,,
2025-06-26 13:59:00,,,,,,,,,,,
2025-06-26 14:14:00,,,,,,,,,,,
2025-06-26 14:29:00,,,,,,,,,,,
2025-06-26 14:44:00,,,,,,,,,,,
2025-06-26 14:59:00,,,,,,,,,,,
2025-06-26 15:14:00,,,,,,,,,,,
2025-06-26 15:29:00,,,,,,,,,,,
2025-06-26 15:44:00,,,,,,,,,,,
2025-06-26 15:59:00,,,,,,,,,,,
2025-06-26 16:14:00,,,,,,,,,,,
2025-06-26 16:29:00,,,,,,,,,,,
2025-06-26 16:44:00,,,,,,,,,,,
2025-06-26 16:59:00,,,,,,,,,,,
2025-06-26 17:14:00,,,,,,,,,,,
2025-06-26 17:29:00,,,,,,,,,,,
2025-06-26 17:44:00,,,,,,,,,,,
2025-06-26 17:59:00,,,,,,,,,,,
2025-06-26 18:14:00,,,,,,,,,,,
2025-06-26 18:29:00,,,,,,,,,,,
2025-06-26 18:44:00,,,,,,,,,,,
2025-06-26 18:59:00,,,,,,,,,,,
2025-06-26 19:14:00,,,,,,,,,,,
2025-06-26 19:29:00,,,,,,,,,,,
2025-06-26 19:44:00,,,,,,,,,,,
2025-06-26 19:59:00,,,,,,,,,,,
2025-06-26 20:14:00,,,,,,,,,,,
2025-06-26 20:29:00,,,,,,,,,,,
2025-06-26 20:44:00,,,,,,,,,,,
2025-06-26 20:59:00,,,,,,,,,,,
2025-06-26 21:14:00,,,,,,,,,,,
2025-06-26 21:29:00,,,,,,,,,,,
2025-06-26 21:44:00,,,,,,,,,,,
2025-06-26 21:59:00,,,,,,,,,,,
2025-06-26 22:14:00,,,,,,,,,,,
2025-06-26 22:29:00,,,,,,,,,,,
2025-06-26 22:44:00,,,,,,,,,,,
2025-06-26 22:59:00,,,,,,,,,,,
2025-06-26 23:14:00,,,,,,,,,,,
2025-06-26 23:29:00,,,,,,,,,,,
2025-06-26 23:44:00,,,,,,,,,,,
2025-06-26 23:59:00,,,,,,,,,,,
2025-06-27 00:14:00,,,,,,,,,,,
2025-06-27 00:29:00,,,,,,,,,,,
2025-06-27 00:44:00,,,,,,,,,,,
2025-06-27 00:59:00,,,,,,,,,,,
2025-06-27 01:14:00,,,,,,,,,,,
2025-06-27 01:29:00,,,,,,,,,,,
2025-06-27 01:44:00,,,,,,,,,,,
2025-06-27 01:59:00,,,,,,,,,,,
2025-06-27 02:14:00,,,,,,,,,,,
2025-06-27 02:29:00,,,,,,,,,,,
2025-06-27 02:44:00,,,,,,,,,,,
2025-06-27 02:59:00,,,,,,,,,,,
2025-06-27 03:14:00,,,,,,,,,,,
2025-06-27 03:29:00,,,,,,,,,,,
2025-06-27 03:44:00,,,,,,,,,,,
2025-06-27 03:59:00,,,,,,,,,,,
2025-06-27 04:14:00,,,,,,,,,,,
2025-06-27 04:29:00,,,,,,,,,,,
2025-06-27 04:44:00,,,,,,,,,,,
2025-06-27 04:59:00,,,,,,,,,,,
2025-06-27 05:14:00,,,,,,,,,,,
2025-06-27 05:29:00,,,,,,,,,,,
2025-06-27 05:44:00,,,,,,,,,,,
2025-06-27 05:59:00,,,,,,,,,,,
2025-06-27 06:14:00,,,,,,,,,,,
2025-06-27 06:29:00,,,,,,,,,,,
2025-06-27 06:44:00,,,,,,,,,,,
2025-06-27 06:59:00,,,,,,,,,,,
2025-06-27 07:14:00,,,,,,,,,,,
2025-06-27 07:29:00,,,,,,,,,,,
2025-06-27 07:44:00,,,,,,,,,,,
2025-06-27 07:59:00,,,,,,,,,,,
2025-06-27 08:14:00,,,,,,,,,,,
2025-06-27 08:29:00,,,,,,,,,,,
2025-06-27 08:44:00,,,,,,,,,,,
2025-06-27 08:59:00,,,,,,,,,,,
2025-06-27 09:14:00,,,,,,,,,,,
2025-06-27 09:29:00,,,,,,,,,,,
2025-06-27 09:44:00,,,,,,,,,,,
2025-06-27 09:59:00,,,,,,,,,,,
2025-06-27 10:14:00,,,,,,,,,,,
2025-06-27 10:29:00,,,,,,,,,,,
2025-06-27 10:44:00,,,,,,,,,,,
2025-06-27 10:59:00,,,,,,,,,,,
2025-06-27 11:14:00,,,,,,,,,,,
2025-06-27 11:29:00,,,,,,,,,,,
2025-06-27 11:44:00,,,,,,,,,,,
2025-06-27 11:59:00,,,,,,,,,,,
2025-06-27 12:14:00,,,,,,,,,,,
2025-06-27 12:29:00,,,,,,,,,,,
2025-06-27 12:44:00,,,,,,,,,,,
2025-06-27 12:59:00,,,,,,,,,,,
2025-06-27 13:14:00,,,,,,,,,,,
2025-06-27 13:29:00,,,,,,,,,,,
2025-06-27 13:44:00,,,,,,,,,,,
2025-06-27 13:59:00,,,,,,,,,,,
2025-06-27 14:14:00,,,,,,,,,,,
2025-06-27 14:29:00,,,,,,,,,,,
2025-06-27 14:44:00,,,,,,,,,,,
2025-06-27 14:59:00,,,,,,,,,,,
2025-06-27 15:14:00,,,,,,,,,,,
2025-06-27 15:29:00,,,,,,,,,,,
2025-06-27 15:44:00,,,,,,,,,,,
2025-06-27 15:59:00,,,,,,,,,,,
2025-06-27 16:14:00,,,,,,,,,,,
2025-06-27 16:29:00,,,,,,,,,,,
2025-06-27 16:44:00,,,,,,,,,,,
2025-06-27 16:59:00,,,,,,,,,,,
2025-06-27 17:14:00,,,,,,,,,,,
2025-06-27 17:29:00,,,,,,,,,,,
2025-06-27 17:44:00,,,,,,,,,,,
2025-06-27 17:59:00,,,,,,,,,,,
2025-06-27 18:14:00,,,,,,,,,,,
2025-06-27 18:29:00,,,,,,,,,,,
2025-06-27 18:44:00,,,,,,,,,,,
2025-06-27 18:59:00,,,,,,,,,,,
2025-06-27 19:14:00,,,,,,,,,,,
2025-06-27 19:29:00,,,,,,,,,,,
2025-06-27 19:44:00,,,,,,,,,,,
2025-06-27 19:59:00,,,,,,,,,,,
2025-06-27 20:14:00,,,,,,,,,,,
2025-06-27 20:29:00,,,,,,,,,,,
2025-06-27 20:44:00,,,,,,,,,,,
2025-06-27 20:59:00,,,,,,,,,,,
2025-06-27 21:14:00,,,,,,,,,,,
2025-06-27 21:29:00,,,,,,,,,,,
2025-06-27 21:44:00,,,,,,,,,,,
2025-06-27 21:59:00,,,,,,,,,,,
2025-06-27 22:14:00,,,,,,,,,,,
2025-06-27 22:29:00,,,,,,,,,,,
2025-06-27 22:44:00,,,,,,,,,,,
2025-06-27 22:59:00,,,,,,,,,,,
2025-06-27 23:14:00,,,,,,,,,,,
2025-06-27 23:29:00,,,,,,,,,,,
2025-06-27 23:44:00,,,,,,,,,,,
2025-06-27 23:59:00,,,,,,,,,,,
2025-06-28 00:14:00,,,,,,,,,,,
2025-06-28 00:29:00,,,,,,,,,,,
2025-06-28 00:44:00,,,,,,,,,,,
2025-06-28 00:59:00,,,,,,,,,,,
2025-06-28 01:14:00,,,,,,,,,,,
2025-06-28 01:29:00,,,,,,,,,,,
2025-06-28 01:44:00,,,,,,,,,,,
2025-06-28 01:59:00,,,,,,,,,,,
2025-06-28 02:14:00,,,,,,,,,,,
2025-06-28 02:29:00,,,,,,,,,,,
2025-06-28 02:44:00,,,,,,,,,,,
2025-06-28 02:59:00,,,,,,,,,,,
2025-06-28 03:14:00,,,,,,,,,,,
2025-06-28 03:29:00,,,,,,,,,,,
2025-06-28 03:44:00,,,,,,,,,,,
2025-06-28 03:59:00,,,,,,,,,,,
2025-06-28 04:14:00,,,,,,,,,,,
2025-06-28 04:29:00,,,,,,,,,,,
2025-06-28 04:44:00,,,,,,,,,,,
2025-06-28 04:59:00,,,,,,,,,,,
2025-06-28 05:14:00,,,,,,,,,,,
2025-06-28 05:29:00,,,,,,,,,,,
2025-06-28 05:44:00,,,,,,,,,,,
2025-06-28 05:59:00,,,,,,,,,,,
2025-06-28 06:14:00,,,,,,,,,,,
2025-06-28 06:29:00,,,,,,,,,,,
2025-06-28 06:44:00,,,,,,,,,,,
2025-06-28 06:59:00,,,,,,,,,,,
2025-06-28 07:14:00,,,,,,,,,,,
2025-06-28 07:29:00,,,,,,,,,,,
2025-06-28 07:44:00,,,,,,,,,,,
2025-06-28 07:59:00,,,,,,,,,,,
2025-06-28 08:14:00,,,,,,,,,,,
2025-06-28 08:29:00,,,,,,,,,,,
2025-06-28 08:44:00,,,,,,,,,,,
2025-06-28 08:59:00,,,,,,,,,,,
2025-06-28 09:14:00,,,,,,,,,,,
2025-06-28 09:29:00,,,,,,,,,,,
2025-06-28 09:44:00,,,,,,,,,,,
2025-06-28 09:59:00,,,,,,,,,,,
2025-06-28 10:14:00,,,,,,,,,,,
2025-06-28 10:29:00,,,,,,,,,,,
2025-06-28 10:44:00,,,,,,,,,,,
2025-06-28 10:59:00,,,,,,,,,,,
2025-06-28 11:14:00,,,,,,,,,,,
2025-06-28 11:29:00,,,,,,,,,,,
2025-06-28 11:44:00,,,,,,,,,,,
2025-06-28 11:59:00,,,,,,,,,,,
2025-06-28 12:14:00,,,,,,,,,,,
2025-06-28 12:29:00,,,,,,,,,,,
2025-06-28 12:44:00,,,,,,,,,,,
2025-06-28 12:59:00,,,,,,,,,,,
2025-06-28 13:14:00,,,,,,,,,,,
2025-06-28 13:29:00,,,,,,,,,,,
2025-06-28 13:44:00,,,,,,,,,,,
2025-06-28 13:59:00,,,,,,,,,,,
2025-06-28 14:14:00,,,,,,,,,,,
2025-06-28 14:29:00,,,,,,,,,,,
2025-06-28 14:44:00,,,,,,,,,,,
2025-06-28 14:59:00,,,,,,,,,,,
2025-06-28 15:14:00,,,,,,,,,,,
2025-06-28 15:29:00,,,,,,,,,,,
2025-06-28 15:44:00,,,,,,,,,,,
2025-06-28 15:59:00,,,,,,,,,,,
2025-06-28 16:14:00,,,,,,,,,,,
2025-06-28 16:29:00,,,,,,,,,,,
2025-06-28 16:44:00,,,,,,,,,,,
2025-06-28 16:59:00,,,,,,,,,,,
2025-06-28 17:14:00,,,,,,,,,,,
2025-06-28 17:29:00,,,,,,,,,,,
2025-06-28 17:44:00,,,,,,,,,,,
2025-06-28 17:59:00,,,,,,,,,,,
2025-06-28 18:14:00,,,,,,,,,,,
2025-06-28 18:29:00,,,,,,,,,,,
2025-06-28 18:44:00,,,,,,,,,,,
2025-06-28 18:59:00,,,,,,,,,,,
2025-06-28 19:14:00,,,,,,,,,,,
2025-06-28 19:29:00,,,,,,,,,,,
2025-06-28 19:44:00,,,,,,,,,,,
2025-06-28 19:59:00,,,,,,,,,,,
2025-06-28 20:14:00,,,,,,,,,,,
2025-06-28 20:29:00,,,,,,,,,,,
2025-06-28 20:44:00,,,,,,,,,,,
2025-06-28 20:59:00,,,,,,,,,,,
2025-06-28 21:14:00,,,,,,,,,,,
2025-06-28 21:29:00,,,,,,,,,,,
2025-06-28 21:44:00,,,,,,,,,,,
2025-06-28 21:59:00,,,,,,,,,,,
2025-06-28 22:14:00,,,,,,,,,,,
2025-06-28 22:29:00,,,,,,,,,,,
2025-06-28 22:44:00,,,,,,,,,,,
2025-06-28 22:59:00,,,,,,,,,,,
2025-06-28 23:14:00,,,,,,,,,,,
2025-06-28 23:29:00,,,,,,,,,,,
2025-06-28 23:44:00,,,,,,,,,,,
2025-06-28 23:59:00,,,,,,,,,,,
2025-06-29 00:14:00,,,,,,,,,,,
2025-06-29 00:29:00,,,,,,,,,,,
2025-06-29 00:44:00,,,,,,,,,,,
2025-06-29 00:59:00,,,,,,,,,,,
2025-06-29 01:14:00,,,,,,,,,,,
2025-06-29 01:29:00,,,,,,,,,,,
2025-06-29 01:44:00,,,,,,,,,,,
2025-06-29 01:59:00,,,,,,,,,,,
2025-06-29 02:14:00,,,,,,,,,,,
2025-06-29 02:29:00,,,,,,,,,,,
2025-06-29 02:44:00,,,,,,,,,,,
2025-06-29 02:59:00,,,,,,,,,,,
2025-06-29 03:14:00,,,,,,,,,,,
2025-06-29 03:29:00,,,,,,,,,,,
2025-06-29 03:44:00,,,,,,,,,,,
2025-06-29 03:59:00,,,,,,,,,,,
2025-06-29 04:14:00,,,,,,,,,,,
2025-06-29 04:29:00,,,,,,,,,,,
2025-06-29 04:44:00,,,,,,,,,,,
2025-06-29 04:59:00,,,,,,,,,,,
2025-06-29 05:14:00,,,,,,,,,,,
2025-06-29 05:29:00,,,,,,,,,,,
2025-06-29 05:44:00,,,,,,,,,,,
2025-06-29 05:59:00,,,,,,,,,,,
2025-06-29 06:14:00,,,,,,,,,,,
2025-06-29 06:29:00,,,,,,,,,,,
2025-06-29 06:44:00,,,,,,,,,,,
2025-06-29 06:59:00,,,,,,,,,,,
2025-06-29 07:14:00,,,,,,,,,,,
2025-06-29 07:29:00,,,,,,,,,,,
2025-06-29 07:44:00,,,,,,,,,,,
2025-06-29 07:59:00,,,,,,,,,,,
2025-06-29 08:14:00,,,,,,,,,,,
2025-06-29 08:29:00,,,,,,,,,,,
2025-06-29 08:44:00,,,,,,,,,,,
2025-06-29 08:59:00,,,,,,,,,,,
2025-06-29 09:14:00,,,,,,,,,,,
2025-06-29 09:29:00,,,,,,,,,,,
2025-06-29 09:44:00,,,,,,,,,,,
2025-06-29 09:59:00,,,,,,,,,,,
2025-06-29 10:14:00,,,,,,,,,,,
2025-06-29 10:29:00,,,,,,,,,,,
2025-06-29 10:44:00,,,,,,,,,,,
2025-06-29 10:59:00,,,,,,,,,,,
2025-06-29 11:14:00,,,,,,,,,,,
2025-06-29 11:29:00,,,,,,,,,,,
2025-06-29 11:44:00,,,,,,,,,,,
2025-06-29 11:59:00,,,,,,,,,,,
2025-06-29 12:14:00,,,,,,,,,,,
2025-06-29 12:29:00,,,,,,,,,,,
2025-06-29 12:44:00,,,,,,,,,,,
2025-06-29 12:59:00,,,,,,,,,,,
2025-06-29 13:14:00,,,,,,,,,,,
2025-06-29 13:29:00,,,,,,,,,,,
2025-06-29 13:44:00,,,,,,,,,,,
2025-06-29 13:59:00,,,,,,,,,,,
2025-06-29 14:14:00,,,,,,,,,,,
2025-06-29 14:29:00,,,,,,,,,,,
2025-06-29 14:44:00,,,,,,,,,,,
2025-06-29 14:59:00,,,,,,,,,,,
2025-06-29 15:14:00,,,,,,,,,,,
2025-06-29 15:29:00,,,,,,,,,,,
2025-06-29 15:44:00,,,,,,,,,,,
2025-06-29 15:59:00,,,,,,,,,,,
2025-06-29 16:14:00,,,,,,,,,,,
2025-06-29 16:29:00,,,,,,,,,,,
2025-06-29 16:44:00,,,,,,,,,,,
2025-06-29 16:59:00,,,,,,,,,,,
2025-06-29 17:14:00,,,,,,,,,,,
2025-06-29 17:29:00,,,,,,,,,,,
2025-06-29 17:44:00,,,,,,,,,,,
2025-06-29 17:59:00,,,,,,,,,,,
2025-06-29 18:14:00,,,,,,,,,,,
2025-06-29 18:29:00,,,,,,,,,,,
2025-06-29 18:44:00,,,,,,,,,,,
2025-06-29 18:59:00,,,,,,,,,,,
2025-06-29 19:14:00,,,,,,,,,,,
2025-06-29 19:29:00,,,,,,,,,,,
2025-06-29 19:44:00,,,,,,,,,,,
2025-06-29 19:59:00,,,,,,,,,,,
2025-06-29 20:14:00,,,,,,,,,,,
2025-06-29 20:29:00,,,,,,,,,,,
2025-06-29 20:44:00,,,,,,,,,,,
2025-06-29 20:59:00,,,,,,,,,,,
2025-06-29 21:14:00,,,,,,,,,,,
2025-06-29 21:29:00,,,,,,,,,,,
2025-06-29 21:44:00,,,,,,,,,,,
2025-06-29 21:59:00,,,,,,,,,,,
2025-06-29 22:14:00,,,,,,,,,,,
2025-06-29 22:29:00,,,,,,,,,,,
2025-06-29 22:44:00,,,,,,,,,,,
2025-06-29 22:59:00,,,,,,,,,,,
2025-06-29 23:14:00,,,,,,,,,,,
2025-06-29 23:29:00,,,,,,,,,,,
2025-06-29 23:44:00,,,,,,,,,,,
2025-06-29 23:59:00,,,,,,,,,,,
2025-06-30 00:14:00,,,,,,,,,,,
2025-06-30 00:29:00,,,,,,,,,,,
2025-06-30 00:44:00,,,,,,,,,,,
2025-06-30 00:59:00,,,,,,,,,,,
2025-06-30 01:14:00,,,,,,,,,,,
2025-06-30 01:29:00,,,,,,,,,,,
2025-06-30 01:44:00,,,,,,,,,,,
2025-06-30 01:59:00,,,,,,,,,,,
2025-06-30 02:14:00,,,,,,,,,,,
2025-06-30 02:29:00,,,,,,,,,,,
2025-06-30 02:44:00,,,,,,,,,,,
2025-06-30 02:59:00,,,,,,,,,,,
2025-06-30 03:14:00,,,,,,,,,,,
2025-06-30 03:29:00,,,,,,,,,,,
2025-06-30 03:44:00,,,,,,,,,,,
2025-06-30 03:59:00,,,,,,,,,,,
2025-06-30 04:14:00,,,,,,,,,,,
2025-06-30 04:29:00,,,,,,,,,,,
2025-06-30 04:44:00,,,,,,,,,,,
2025-06-30 04:59:00,,,,,,,,,,,
2025-06-30 05:14:00,,,,,,,,,,,
2025-06-30 05:29:00,,,,,,,,,,,
2025-06-30 05:44:00,,,,,,,,,,,
2025-06-30 05:59:00,,,,,,,,,,,
2025-06-30 06:14:00,,,,,,,,,,,
2025-06-30 06:29:00,,,,,,,,,,,
2025-06-30 06:44:00,,,,,,,,,,,
2025-06-30 06:59:00,,,,,,,,,,,
2025-06-30 07:14:00,,,,,,,,,,,
2025-06-30 07:29:00,,,,,,,,,,,
2025-06-30 07:44:00,,,,,,,,,,,
2025-06-30 07:59:00,,,,,,,,,,,
2025-06-30 08:14:00,,,,,,,,,,,
2025-06-30 08:29:00,,,,,,,,,,,
2025-06-30 08:44:00,,,,,,,,,,,
2025-06-30 08:59:00,,,,,,,,,,,
2025-06-30 09:14:00,,,,,,,,,,,
2025-06-30 09:29:00,,,,,,,,,,,
2025-06-30 09:44:00,,,,,,,,,,,
2025-06-30 09:59:00,,,,,,,,,,,
2025-06-30 10:14:00,,,,,,,,,,,
2025-06-30 10:29:00,,,,,,,,,,,
2025-06-30 10:44:00,,,,,,,,,,,
2025-06-30 10:59:00,,,,,,,,,,,
2025-06-30 11:14:00,,,,,,,,,,,
2025-06-30 11:29:00,,,,,,,,,,,
2025-06-30 11:44:00,,,,,,,,,,,
2025-06-30 11:59:00,,,,,,,,,,,
2025-06-30 12:14:00,,,,,,,,,,,
2025-06-30 12:29:00,,,,,,,,,,,
2025-06-30 12:44:00,,,,,,,,,,,
2025-06-30 12:59:00,,,,,,,,,,,
2025-06-30 13:14:00,,,,,,,,,,,
2025-06-30 13:29:00,,,,,,,,,,,
2025-06-30 13:44:00,,,,,,,,,,,
2025-06-30 13:59:00,,,,,,,,,,,
2025-06-30 14:14:00,,,,,,,,,,,
2025-06-30 14:29:00,,,,,,,,,,,
2025-06-30 14:44:00,,,,,,,,,,,
2025-06-30 14:59:00,,,,,,,,,,,
2025-06-30 15:14:00,,,,,,,,,,,
2025-06-30 15:29:00,,,,,,,,,,,
2025-06-30 15:44:00,,,,,,,,,,,
2025-06-30 15:59:00,,,,,,,,,,,
2025-06-30 16:14:00,,,,,,,,,,,
2025-06-30 16:29:00,,,,,,,,,,,
2025-06-30 16:44:00,,,,,,,,,,,
2025-06-30 16:59:00,,,,,,,,,,,
2025-06-30 17:14:00,,,,,,,,,,,
2025-06-30 17:29:00,,,,,,,,,,,
2025-06-30 17:44:00,,,,,,,,,,,
2025-06-30 17:59:00,,,,,,,,,,,
2025-06-30 18:14:00,,,,,,,,,,,
2025-06-30 18:29:00,,,,,,,,,,,
2025-06-30 18:44:00,,,,,,,,,,,
2025-06-30 18:59:00,,,,,,,,,,,
2025-06-30 19:14:00,,,,,,,,,,,
2025-06-30 19:29:00,,,,,,,,,,,
2025-06-30 19:44:00,,,,,,,,,,,
2025-06-30 19:59:00,,,,,,,,,,,
2025-06-30 20:14:00,,,,,,,,,,,
2025-06-30 20:29:00,,,,,,,,,,,
2025-06-30 20:44:00,,,,,,,,,,,
2025-06-30 20:59:00,,,,,,,,,,,
2025-06-30 21:14:00,,,,,,,,,,,
2025-06-30 21:29:00,,,,,,,,,,,
2025-06-30 21:44:00,,,,,,,,,,,
2025-06-30 21:59:00,,,,,,,,,,,
2025-06-30 22:14:00,,,,,,,,,,,
2025-06-30 22:29:00,,,,,,,,,,,
2025-06-30 22:44:00,,,,,,,,,,,
2025-06-30 22:59:00,,,,,,,,,,,
2025-06-30 23:14:00,,,,,,,,,,,
2025-06-30 23:29:00,,,,,,,,,,,
2025-06-30 23:44:00,,,,,,,,,,,
2025-06-30 23:59:00,,,,,,,,,,,
2025-07-01 00:14:00,,,,,,,,,,,
2025-07-01 00:29:00,,,,,,,,,,,
2025-07-01 00:44:00,,,,,,,,,,,
2025-07-01 00:59:00,,,,,,,,,,,
2025-07-01 01:14:00,,,,,,,,,,,
2025-07-01 01:29:00,,,,,,,,,,,
2025-07-01 01:44:00,,,,,,,,,,,
2025-07-01 01:59:00,,,,,,,,,,,
2025-07-01 02:14:00,,,,,,,,,,,
2025-07-01 02:29:00,,,,,,,,,,,
2025-07-01 02:44:00,,,,,,,,,,,
2025-07-01 02:59:00,,,,,,,,,,,
2025-07-01 03:14:00,,,,,,,,,,,
2025-07-01 03:29:00,,,,,,,,,,,
2025-07-01 03:44:00,,,,,,,,,,,
2025-07-01 03:59:00,,,,,,,,,,,
2025-07-01 04:14:00,,,,,,,,,,,
2025-07-01 04:29:00,,,,,,,,,,,
2025-07-01 04:44:00,,,,,,,,,,,
2025-07-01 04:59:00,,,,,,,,,,,
2025-07-01 05:14:00,,,,,,,,,,,
2025-07-01 05:29:00,,,,,,,,,,,
2025-07-01 05:44:00,,,,,,,,,,,
2025-07-01 05:59:00,,,,,,,,,,,
2025-07-01 06:14:00,,,,,,,,,,,
2025-07-01 06:29:00,,,,,,,,,,,
2025-07-01 06:44:00,,,,,,,,,,,
2025-07-01 06:59:00,,,,,,,,,,,
2025-07-01 07:14:00,,,,,,,,,,,
2025-07-01 07:29:00,,,,,,,,,,,
2025-07-01 07:44:00,,,,,,,,,,,
2025-07-01 07:59:00,,,,,,,,,,,
2025-07-01 08:14:00,,,,,,,,,,,
2025-07-01 08:29:00,,,,,,,,,,,
2025-07-01 08:44:00,,,,,,,,,,,
2025-07-01 08:59:00,,,,,,,,,,,
2025-07-01 09:14:00,,,,,,,,,,,
2025-07-01 09:29:00,,,,,,,,,,,
2025-07-01 09:44:00,,,,,,,,,,,
2025-07-01 09:59:00,,,,,,,,,,,
2025-07-01 10:14:00,,,,,,,,,,,
2025-07-01 10:29:00,,,,,,,,,,,
2025-07-01 10:44:00,,,,,,,,,,,
2025-07-01 10:59:00,,,,,,,,,,,
2025-07-01 11:14:00,,,,,,,,,,,
2025-07-01 11:29:00,,,,,,,,,,,
2025-07-01 11:44:00,,,,,,,,,,,
2025-07-01 11:59:00,,,,,,,,,,,
2025-07-01 12:14:00,,,,,,,,,,,
2025-07-01 12:29:00,,,,,,,,,,,
2025-07-01 12:44:00,,,,,,,,,,,
2025-07-01 12:59:00,,,,,,,,,,,
2025-07-01 13:14:00,,,,,,,,,,,
2025-07-01 13:29:00,,,,,,,,,,,
2025-07-01 13:44:00,,,,,,,,,,,
2025-07-01 13:59:00,,,,,,,,,,,
2025-07-01 14:14:00,,,,,,,,,,,
2025-07-01 14:29:00,,,,,,,,,,,
2025-07-01 14:44:00,,,,,,,,,,,
2025-07-01 14:59:00,,,,,,,,,,,
2025-07-01 15:14:00,,,,,,,,,,,
2025-07-01 15:29:00,,,,,,,,,,,
2025-07-01 15:44:00,,,,,,,,,,,
2025-07-01 15:59:00,,,,,,,,,,,
2025-07-01 16:14:00,,,,,,,,,,,
2025-07-01 16:29:00,,,,,,,,,,,
2025-07-01 16:44:00,,,,,,,,,,,
2025-07-01 16:59:00,,,,,,,,,,,
2025-07-01 17:14:00,,,,,,,,,,,
2025-07-01 17:29:00,,,,,,,,,,,
2025-07-01 17:44:00,,,,,,,,,,,
2025-07-01 17:59:00,,,,,,,,,,,
2025-07-01 18:14:00,,,,,,,,,,,
2025-07-01 18:29:00,,,,,,,,,,,
2025-07-01 18:44:00,,,,,,,,,,,
2025-07-01 18:59:00,,,,,,,,,,,
2025-07-01 19:14:00,,,,,,,,,,,
2025-07-01 19:29:00,,,,,,,,,,,
2025-07-01 19:44:00,,,,,,,,,,,
2025-07-01 19:59:00,,,,,,,,,,,
2025-07-01 20:14:00,,,,,,,,,,,
2025-07-01 20:29:00,,,,,,,,,,,
2025-07-01 20:44:00,,,,,,,,,,,
2025-07-01 20:59:00,,,,,,,,,,,
2025-07-01 21:14:00,,,,,,,,,,,
2025-07-01 21:29:00,,,,,,,,,,,
2025-07-01 21:44:00,,,,,,,,,,,
2025-07-01 21:59:00,,,,,,,,,,,
2025-07-01 22:14:00,,,,,,,,,,,
2025-07-01 22:29:00,,,,,,,,,,,
2025-07-01 22:44:00,,,,,,,,,,,
2025-07-01 22:59:00,,,,,,,,,,,
2025-07-01 23:14:00,,,,,,,,,,,
2025-07-01 23:29:00,,,,,,,,,,,
2025-07-01 23:44:00,,,,,,,,,,,
2025-07-01 23:59:00,,,,,,,,,,,
2025-07-02 00:14:00,,,,,,,,,,,
2025-07-02 00:29:00,,,,,,,,,,,
2025-07-02 00:44:00,,,,,,,,,,,
2025-07-02 00:59:00,,,,,,,,,,,
2025-07-02 01:14:00,,,,,,,,,,,
2025-07-02 01:29:00,,,,,,,,,,,
2025-07-02 01:44:00,,,,,,,,,,,
2025-07-02 01:59:00,,,,,,,,,,,
2025-07-02 02:14:00,,,,,,,,,,,
2025-07-02 02:29:00,,,,,,,,,,,
2025-07-02 02:44:00,,,,,,,,,,,
2025-07-02 02:59:00,,,,,,,,,,,
2025-07-02 03:14:00,,,,,,,,,,,
2025-07-02 03:29:00,,,,,,,,,,,
2025-07-02 03:44:00,,,,,,,,,,,
2025-07-02 03:59:00,,,,,,,,,,,
2025-07-02 04:14:00,,,,,,,,,,,
2025-07-02 04:29:00,,,,,,,,,,,
2025-07-02 04:44:00,,,,,,,,,,,
2025-07-02 04:59:00,,,,,,,,,,,
2025-07-02 05:14:00,,,,,,,,,,,
2025-07-02 05:29:00,,,,,,,,,,,
2025-07-02 05:44:00,,,,,,,,,,,
2025-07-02 05:59:00,,,,,,,,,,,
2025-07-02 06:14:00,,,,,,,,,,,
2025-07-02 06:29:00,,,,,,,,,,,
2025-07-02 06:44:00,,,,,,,,,,,
2025-07-02 06:59:00,,,,,,,,,,,
2025-07-02 07:14:00,,,,,,,,,,,
2025-07-02 07:29:00,,,,,,,,,,,
2025-07-02 07:44:00,,,,,,,,,,,
2025-07-02 07:59:00,,,,,,,,,,,
2025-07-02 08:14:00,,,,,,,,,,,
2025-07-02 08:29:00,,,,,,,,,,,
2025-07-02 08:44:00,,,,,,,,,,,
2025-07-02 08:59:00,,,,,,,,,,,
2025-07-02 09:14:00,,,,,,,,,,,
2025-07-02 09:29:00,,,,,,,,,,,
2025-07-02 09:44:00,,,,,,,,,,,
2025-07-02 09:59:00,,,,,,,,,,,
2025-07-02 10:14:00,,,,,,,,,,,
2025-07-02 10:29:00,,,,,,,,,,,
2025-07-02 10:44:00,,,,,,,,,,,
2025-07-02 10:59:00,,,,,,,,,,,
2025-07-02 11:14:00,,,,,,,,,,,
2025-07-02 11:29:00,,,,,,,,,,,
2025-07-02 11:44:00,,,,,,,,,,,
2025-07-02 11:59:00,,,,,,,,,,,
2025-07-02 12:14:00,,,,,,,,,,,
2025-07-02 12:29:00,,,,,,,,,,,
2025-07-02 12:44:00,,,,,,,,,,,
2025-07-02 12:59:00,,,,,,,,,,,
2025-07-02 13:14:00,,,,,,,,,,,
2025-07-02 13:29:00,,,,,,,,,,,
2025-07-02 13:44:00,,,,,,,,,,,
2025-07-02 13:59:00,,,,,,,,,,,
2025-07-02 14:14:00,,,,,,,,,,,
2025-07-02 14:29:00,,,,,,,,,,,
2025-07-02 14:44:00,,,,,,,,,,,
2025-07-02 14:59:00,,,,,,,,,,,
2025-07-02 15:14:00,,,,,,,,,,,
2025-07-02 15:29:00,,,,,,,,,,,
2025-07-02 15:44:00,,,,,,,,,,,
2025-07-02 15:59:00,,,,,,,,,,,
2025-07-02 16:14:00,,,,,,,,,,,
2025-07-02 16:29:00,,,,,,,,,,,
2025-07-02 16:44:00,,,,,,,,,,,
2025-07-02 16:59:00,,,,,,,,,,,
2025-07-02 17:14:00,,,,,,,,,,,
2025-07-02 17:29:00,,,,,,,,,,,
2025-07-02 17:44:00,,,,,,,,,,,
2025-07-02 17:59:00,,,,,,,,,,,
2025-07-02 18:14:00,,,,,,,,,,,
2025-07-02 18:29:00,,,,,,,,,,,
2025-07-02 18:44:00,,,,,,,,,,,
2025-07-02 18:59:00,,,,,,,,,,,
2025-07-02 19:14:00,,,,,,,,,,,
2025-07-02 19:29:00,,,,,,,,,,,
2025-07-02 19:44:00,,,,,,,,,,,
2025-07-02 19:59:00,,,,,,,,,,,
2025-07-02 20:14:00,,,,,,,,,,,
2025-07-02 20:29:00,,,,,,,,,,,
2025-07-02 20:44:00,,,,,,,,,,,
2025-07-02 20:59:00,,,,,,,,,,,
2025-07-02 21:14:00,,,,,,,,,,,
2025-07-02 21:29:00,,,,,,,,,,,
2025-07-02 21:44:00,,,,,,,,,,,
2025-07-02 21:59:00,,,,,,,,,,,
2025-07-02 22:14:00,,,,,,,,,,,
2025-07-02 22:29:00,,,,,,,,,,,
2025-07-02 22:44:00,,,,,,,,,,,
2025-07-02 22:59:00,,,,,,,,,,,
2025-07-02 23:14:00,,,,,,,,,,,
2025-07-02 23:29:00,,,,,,,,,,,
2025-07-02 23:44:00,,,,,,,,,,,
2025-07-02 23:59:00,,,,,,,,,,,
2025-07-03 00:14:00,,,,,,,,,,,
2025-07-03 00:29:00,,,,,,,,,,,
2025-07-03 00:44:00,,,,,,,,,,,
2025-07-03 00:59:00,,,,,,,,,,,
2025-07-03 01:14:00,,,,,,,,,,,
2025-07-03 01:29:00,,,,,,,,,,,
2025-07-03 01:44:00,,,,,,,,,,,
2025-07-03 01:59:00,,,,,,,,,,,
2025-07-03 02:14:00,,,,,,,,,,,
2025-07-03 02:29:00,,,,,,,,,,,
2025-07-03 02:44:00,,,,,,,,,,,
2025-07-03 02:59:00,,,,,,,,,,,
2025-07-03 03:14:00,,,,,,,,,,,
2025-07-03 03:29:00,,,,,,,,,,,
2025-07-03 03:44:00,,,,,,,,,,,
2025-07-03 03:59:00,,,,,,,,,,,
2025-07-03 04:14:00,,,,,,,,,,,
2025-07-03 04:29:00,,,,,,,,,,,
2025-07-03 04:44:00,,,,,,,,,,,
2025-07-03 04:59:00,,,,,,,,,,,
2025-07-03 05:14:00,,,,,,,,,,,
2025-07-03 05:29:00,,,,,,,,,,,
2025-07-03 05:44:00,,,,,,,,,,,
2025-07-03 05:59:00,,,,,,,,,,,
2025-07-03 06:14:00,,,,,,,,,,,
2025-07-03 06:29:00,,,,,,,,,,,
2025-07-03 06:44:00,,,,,,,,,,,
2025-07-03 06:59:00,,,,,,,,,,,
2025-07-03 07:14:00,,,,,,,,,,,
2025-07-03 07:29:00,,,,,,,,,,,
2025-07-03 07:44:00,,,,,,,,,,,
2025-07-03 07:59:00,,,,,,,,,,,
2025-07-03 08:14:00,,,,,,,,,,,
2025-07-03 08:29:00,,,,,,,,,,,
2025-07-03 08:44:00,,,,,,,,,,,
2025-07-03 08:59:00,,,,,,,,,,,
2025-07-03 09:14:00,,,,,,,,,,,
2025-07-03 09:29:00,,,,,,,,,,,
2025-07-03 09:44:00,,,,,,,,,,,
2025-07-03 09:59:00,,,,,,,,,,,
2025-07-03 10:14:00,,,,,,,,,,,
2025-07-03 10:29:00,,,,,,,,,,,
2025-07-03 10:44:00,,,,,,,,,,,
2025-07-03 10:59:00,,,,,,,,,,,
2025-07-03 11:14:00,,,,,,,,,,,
2025-07-03 11:29:00,,,,,,,,,,,
2025-07-03 11:44:00,,,,,,,,,,,
2025-07-03 11:59:00,,,,,,,,,,,
2025-07-03 12:14:00,,,,,,,,,,,
2025-07-03 12:29:00,,,,,,,,,,,
2025-07-03 12:44:00,,,,,,,,,,,
2025-07-03 12:59:00,,,,,,,,,,,
2025-07-03 13:14:00,,,,,,,,,,,
2025-07-03 13:29:00,,,,,,,,,,,
2025-07-03 13:44:00,,,,,,,,,,,
2025-07-03 13:59:00,,,,,,,,,,,
2025-07-03 14:14:00,,,,,,,,,,,
2025-07-03 14:29:00,,,,,,,,,,,
2025-07-03 14:44:00,,,,,,,,,,,
2025-07-03 14:59:00,,,,,,,,,,,
2025-07-03 15:14:00,,,,,,,,,,,
2025-07-03 15:29:00,,,,,,,,,,,
2025-07-03 15:44:00,,,,,,,,,,,
2025-07-03 15:59:00,,,,,,,,,,,
2025-07-03 16:14:00,,,,,,,,,,,
2025-07-03 16:29:00,,,,,,,,,,,
2025-07-03 16:44:00,,,,,,,,,,,
2025-07-03 16:59:00,,,,,,,,,,,
2025-07-03 17:14:00,,,,,,,,,,,
2025-07-03 17:29:00,,,,,,,,,,,
2025-07-03 17:44:00,,,,,,,,,,,
2025-07-03 17:59:00,,,,,,,,,,,
2025-07-03 18:14:00,,,,,,,,,,,
2025-07-03 18:29:00,,,,,,,,,,,
2025-07-03 18:44:00,,,,,,,,,,,
2025-07-03 18:59:00,,,,,,,,,,,
2025-07-03 19:14:00,,,,,,,,,,,
2025-07-03 19:29:00,,,,,,,,,,,
2025-07-03 19:44:00,,,,,,,,,,,
2025-07-03 19:59:00,,,,,,,,,,,
2025-07-03 20:14:00,,,,,,,,,,,
2025-07-03 20:29:00,,,,,,,,,,,
2025-07-03 20:44:00,,,,,,,,,,,
2025-07-03 20:59:00,,,,,,,,,,,
2025-07-03 21:14:00,,,,,,,,,,,
2025-07-03 21:29:00,,,,,,,,,,,
2025-07-03 21:44:00,,,,,,,,,,,
2025-07-03 21:59:00,,,,,,,,,,,
2025-07-03 22:14:00,,,,,,,,,,,
2025-07-03 22:29:00,,,,,,,,,,,
2025-07-03 22:44:00,,,,,,,,,,,
2025-07-03 22:59:00,,,,,,,,,,,
2025-07-03 23:14:00,,,,,,,,,,,
2025-07-03 23:29:00,,,,,,,,,,,
2025-07-03 23:44:00,,,,,,,,,,,
2025-07-03 23:59:00,,,,,,,,,,,
2025-07-04 00:14:00,,,,,,,,,,,
2025-07-04 00:29:00,,,,,,,,,,,
2025-07-04 00:44:00,,,,,,,,,,,
2025-07-04 00:59:00,,,,,,,,,,,
2025-07-04 01:14:00,,,,,,,,,,,
2025-07-04 01:29:00,,,,,,,,,,,
2025-07-04 01:44:00,,,,,,,,,,,
2025-07-04 01:59:00,,,,,,,,,,,
2025-07-04 02:14:00,,,,,,,,,,,
2025-07-04 02:29:00,,,,,,,,,,,
2025-07-04 02:44:00,,,,,,,,,,,
2025-07-04 02:59:00,,,,,,,,,,,
2025-07-04 03:14:00,,,,,,,,,,,
2025-07-04 03:29:00,,,,,,,,,,,
2025-07-04 03:44:00,,,,,,,,,,,
2025-07-04 03:59:00,,,,,,,,,,,
2025-07-04 04:14:00,,,,,,,,,,,
2025-07-04 04:29:00,,,,,,,,,,,
2025-07-04 04:44:00,,,,,,,,,,,
2025-07-04 04:59:00,,,,,,,,,,,
2025-07-04 05:14:00,,,,,,,,,,,
2025-07-04 05:29:00,,,,,,,,,,,
2025-07-04 05:44:00,,,,,,,,,,,
2025-07-04 05:59:00,,,,,,,,,,,
2025-07-04 06:14:00,,,,,,,,,,,
2025-07-04 06:29:00,,,,,,,,,,,
2025-07-04 06:44:00,,,,,,,,,,,
2025-07-04 06:59:00,,,,,,,,,,,
2025-07-04 07:14:00,,,,,,,,,,,
2025-07-04 07:29:00,,,,,,,,,,,
2025-07-04 07:44:00,,,,,,,,,,,
2025-07-04 07:59:00,,,,,,,,,,,
2025-07-04 08:14:00,,,,,,,,,,,
2025-07-04 08:29:00,,,,,,,,,,,
2025-07-04 08:44:00,,,,,,,,,,,
2025-07-04 08:59:00,,,,,,,,,,,
2025-07-04 09:14:00,,,,,,,,,,,
2025-07-04 09:29:00,,,,,,,,,,,
2025-07-04 09:44:00,,,,,,,,,,,
2025-07-04 09:59:00,,,,,,,,,,,
2025-07-04 10:14:00,,,,,,,,,,,
2025-07-04 10:29:00,,,,,,,,,,,
2025-07-04 10:44:00,,,,,,,,,,,
2025-07-04 10:59:00,,,,,,,,,,,
2025-07-04 11:14:00,,,,,,,,,,,
2025-07-04 11:29:00,,,,,,,,,,,
2025-07-04 11:44:00,,,,,,,,,,,
2025-07-04 11:59:00,,,,,,,,,,,
2025-07-04 12:14:00,,,,,,,,,,,
2025-07-04 12:29:00,,,,,,,,,,,
2025-07-04 12:44:00,,,,,,,,,,,
2025-07-04 12:59:00,,,,,,,,,,,
2025-07-04 13:14:00,,,,,,,,,,,
2025-07-04 13:29:00,,,,,,,,,,,
2025-07-04 13:44:00,,,,,,,,,,,
2025-07-04 13:59:00,,,,,,,,,,,
2025-07-04 14:14:00,,,,,,,,,,,
2025-07-04 14:29:00,,,,,,,,,,,
2025-07-04 14:44:00,,,,,,,,,,,
2025-07-04 14:59:00,,,,,,,,,,,
2025-07-04 15:14:00,,,,,,,,,,,
2025-07-04 15:29:00,,,,,,,,,,,
2025-07-04 15:44:00,,,,,,,,,,,
2025-07-04 15:59:00,,,,,,,,,,,
2025-07-04 16:14:00,,,,,,,,,,,
2025-07-04 16:29:00,,,,,,,,,,,
2025-07-04 16:44:00,,,,,,,,,,,
2025-07-04 16:59:00,,,,,,,,,,,
2025-07-04 17:14:00,,,,,,,,,,,
2025-07-04 17:29:00,,,,,,,,,,,
2025-07-04 17:44:00,,,,,,,,,,,
2025-07-04 17:59:00,,,,,,,,,,,
2025-07-04 18:14:00,,,,,,,,,,,
2025-07-04 18:29:00,,,,,,,,,,,
2025-07-04 18:44:00,,,,,,,,,,,
2025-07-04 18:59:00,,,,,,,,,,,
2025-07-04 19:14:00,,,,,,,,,,,
2025-07-04 19:29:00,,,,,,,,,,,
2025-07-04 19:44:00,,,,,,,,,,,
2025-07-04 19:59:00,,,,,,,,,,,
2025-07-04 20:14:00,,,,,,,,,,,
2025-07-04 20:29:00,,,,,,,,,,,
2025-07-04 20:44:00,,,,,,,,,,,
2025-07-04 20:59:00,,,,,,,,,,,
2025-07-04 21:14:00,,,,,,,,,,,
2025-07-04 21:29:00,,,,,,,,,,,
2025-07-04 21:44:00,,,,,,,,,,,
2025-07-04 21:59:00,,,,,,,,,,,
2025-07-04 22:14:00,,,,,,,,,,,
2025-07-04 22:29:00,,,,,,,,,,,
2025-07-04 22:44:00,,,,,,,,,,,
2025-07-04 22:59:00,,,,,,,,,,,
2025-07-04 23:14:00,,,,,,,,,,,
2025-07-04 23:29:00,,,,,,,,,,,
2025-07-04 23:44:00,,,,,,,,,,,
2025-07-04 23:59:00,,,,,,,,,,,
2025-07-05 00:14:00,,,,,,,,,,,
2025-07-05 00:29:00,,,,,,,,,,,
2025-07-05 00:44:00,,,,,,,,,,,
2025-07-05 00:59:00,,,,,,,,,,,
2025-07-05 01:14:00,,,,,,,,,,,
2025-07-05 01:29:00,,,,,,,,,,,
2025-07-05 01:44:00,,,,,,,,,,,
2025-07-05 01:59:00,,,,,,,,,,,
2025-07-05 02:14:00,,,,,,,,,,,
2025-07-05 02:29:00,,,,,,,,,,,
2025-07-05 02:44:00,,,,,,,,,,,
2025-07-05 02:59:00,,,,,,,,,,,
2025-07-05 03:14:00,,,,,,,,,,,
2025-07-05 03:29:00,,,,,,,,,,,
2025-07-05 03:44:00,,,,,,,,,,,
2025-07-05 03:59:00,,,,,,,,,,,
2025-07-05 04:14:00,,,,,,,,,,,
2025-07-05 04:29:00,,,,,,,,,,,
2025-07-05 04:44:00,,,,,,,,,,,
2025-07-05 04:59:00,,,,,,,,,,,
2025-07-05 05:14:00,,,,,,,,,,,
2025-07-05 05:29:00,,,,,,,,,,,
2025-07-05 05:44:00,,,,,,,,,,,
2025-07-05 05:59:00,,,,,,,,,,,
2025-07-05 06:14:00,,,,,,,,,,,
2025-07-05 06:29:00,,,,,,,,,,,
2025-07-05 06:44:00,,,,,,,,,,,
2025-07-05 06:59:00,,,,,,,,,,,
2025-07-05 07:14:00,,,,,,,,,,,
2025-07-05 07:29:00,,,,,,,,,,,
2025-07-05 07:44:00,,,,,,,,,,,
2025-07-05 07:59:00,,,,,,,,,,,
2025-07-05 08:14:00,,,,,,,,,,,
2025-07-05 08:29:00,,,,,,,,,,,
2025-07-05 08:44:00,,,,,,,,,,,
2025-07-05 08:59:00,,,,,,,,,,,
2025-07-05 09:14:00,,,,,,,,,,,
2025-07-05 09:29:00,,,,,,,,,,,
2025-07-05 09:44:00,,,,,,,,,,,
2025-07-05 09:59:00,,,,,,,,,,,
2025-07-05 10:14:00,,,,,,,,,,,
2025-07-05 10:29:00,,,,,,,,,,,
2025-07-05 10:44:00,,,,,,,,,,,
2025-07-05 10:59:00,,,,,,,,,,,
2025-07-05 11:14:00,,,,,,,,,,,
2025-07-05 11:29:00,,,,,,,,,,,
2025-07-05 11:44:00,,,,,,,,,,,
2025-07-05 11:59:00,,,,,,,,,,,
2025-07-05 12:14:00,,,,,,,,,,,
2025-07-05 12:29:00,,,,,,,,,,,
2025-07-05 12:44:00,,,,,,,,,,,
2025-07-05 12:59:00,,,,,,,,,,,
2025-07-05 13:14:00,,,,,,,,,,,
2025-07-05 13:29:00,,,,,,,,,,,
2025-07-05 13:44:00,,,,,,,,,,,
2025-07-05 13:59:00,,,,,,,,,,,
2025-07-05 14:14:00,,,,,,,,,,,
2025-07-05 14:29:00,,,,,,,,,,,
2025-07-05 14:44:00,,,,,,,,,,,
2025-07-05 14:59:00,,,,,,,,,,,
2025-07-05 15:14:00,,,,,,,,,,,
2025-07-05 15:29:00,,,,,,,,,,,
2025-07-05 15:44:00,,,,,,,,,,,
2025-07-05 15:59:00,,,,,,,,,,,
2025-07-05 16:14:00,,,,,,,,,,,
2025-07-05 16:29:00,,,,,,,,,,,
2025-07-05 16:44:00,,,,,,,,,,,
2025-07-05 16:59:00,,,,,,,,,,,
2025-07-05 17:14:00,,,,,,,,,,,
2025-07-05 17:29:00,,,,,,,,,,,
2025-07-05 17:44:00,,,,,,,,,,,
2025-07-05 17:59:00,,,,,,,,,,,
2025-07-05 18:14:00,,,,,,,,,,,
2025-07-05 18:29:00,,,,,,,,,,,
2025-07-05 18:44:00,,,,,,,,,,,
2025-07-05 18:59:00,,,,,,,,,,,
2025-07-05 19:14:00,,,,,,,,,,,
2025-07-05 19:29:00,,,,,,,,,,,
2025-07-05 19:44:00,,,,,,,,,,,
2025-07-05 19:59:00,,,,,,,,,,,
2025-07-05 20:14:00,,,,,,,,,,,
2025-07-05 20:29:00,,,,,,,,,,,
2025-07-05 20:44:00,,,,,,,,,,,
2025-07-05 20:59:00,,,,,,,,,,,
2025-07-05 21:14:00,,,,,,,,,,,
2025-07-05 21:29:00,,,,,,,,,,,
2025-07-05 21:44:00,,,,,,,,,,,
2025-07-05 21:59:00,,,,,,,,,,,
2025-07-05 22:14:00,,,,,,,,,,,
2025-07-05 22:29:00,,,,,,,,,,,
2025-07-05 22:44:00,,,,,,,,,,,
2025-07-05 22:59:00,,,,,,,,,,,
2025-07-05 23:14:00,,,,,,,,,,,
2025-07-05 23:29:00,,,,,,,,,,,
2025-07-05 23:44:00,,,,,,,,,,,
2025-07-05 23:59:00,,,,,,,,,,,
2025-07-06 00:14:00,,,,,,,,,,,
2025-07-06 00:29:00,,,,,,,,,,,
2025-07-06 00:44:00,,,,,,,,,,,
2025-07-06 00:59:00,,,,,,,,,,,
2025-07-06 01:14:00,,,,,,,,,,,
2025-07-06 01:29:00,,,,,,,,,,,
2025-07-06 01:44:00,,,,,,,,,,,
2025-07-06 01:59:00,,,,,,,,,,,
2025-07-06 02:14:00,,,,,,,,,,,
2025-07-06 02:29:00,,,,,,,,,,,
2025-07-06 02:44:00,,,,,,,,,,,
2025-07-06 02:59:00,,,,,,,,,,,
2025-07-06 03:14:00,,,,,,,,,,,
2025-07-06 03:29:00,,,,,,,,,,,
2025-07-06 03:44:00,,,,,,,,,,,
2025-07-06 03:59:00,,,,,,,,,,,
2025-07-06 04:14:00,,,,,,,,,,,
2025-07-06 04:29:00,,,,,,,,,,,
2025-07-06 04:44:00,,,,,,,,,,,
2025-07-06 04:59:00,,,,,,,,,,,
2025-07-06 05:14:00,,,,,,,,,,,
2025-07-06 05:29:00,,,,,,,,,,,
2025-07-06 05:44:00,,,,,,,,,,,
2025-07-06 05:59:00,,,,,,,,,,,
2025-07-06 06:14:00,,,,,,,,,,,
2025-07-06 06:29:00,,,,,,,,,,,
2025-07-06 06:44:00,,,,,,,,,,,
2025-07-06 06:59:00,,,,,,,,,,,
2025-07-06 07:14:00,,,,,,,,,,,
2025-07-06 07:29:00,,,,,,,,,,,
2025-07-06 07:44:00,,,,,,,,,,,
2025-07-06 07:59:00,,,,,,,,,,,
2025-07-06 08:14:00,,,,,,,,,,,
2025-07-06 08:29:00,,,,,,,,,,,
2025-07-06 08:44:00,,,,,,,,,,,
2025-07-06 08:59:00,,,,,,,,,,,
2025-07-06 09:14:00,,,,,,,,,,,
2025-07-06 09:29:00,,,,,,,,,,,
2025-07-06 09:44:00,,,,,,,,,,,
2025-07-06 09:59:00,,,,,,,,,,,
2025-07-06 10:14:00,,,,,,,,,,,
2025-07-06 10:29:00,,,,,,,,,,,
2025-07-06 10:44:00,,,,,,,,,,,
2025-07-06 10:59:00,,,,,,,,,,,
2025-07-06 11:14:00,,,,,,,,,,,
2025-07-06 11:29:00,,,,,,,,,,,
2025-07-06 11:44:00,,,,,,,,,,,
2025-07-06 11:59:00,,,,,,,,,,,
2025-07-06 12:14:00,,,,,,,,,,,
2025-07-06 12:29:00,,,,,,,,,,,
2025-07-06 12:44:00,,,,,,,,,,,
2025-07-06 12:59:00,,,,,,,,,,,
2025-07-06 13:14:00,,,,,,,,,,,
2025-07-06 13:29:00,,,,,,,,,,,
2025-07-06 13:44:00,,,,,,,,,,,
2025-07-06 13:59:00,,,,,,,,,,,
2025-07-06 14:14:00,,,,,,,,,,,
2025-07-06 14:29:00,,,,,,,,,,,
2025-07-06 14:44:00,,,,,,,,,,,
2025-07-06 14:59:00,,,,,,,,,,,
2025-07-06 15:14:00,,,,,,,,,,,
2025-07-06 15:29:00,,,,,,,,,,,
2025-07-06 15:44:00,,,,,,,,,,,
2025-07-06 15:59:00,,,,,,,,,,,
2025-07-06 16:14:00,,,,,,,,,,,
2025-07-06 16:29:00,,,,,,,,,,,
2025-07-06 16:44:00,,,,,,,,,,,
2025-07-06 16:59:00,,,,,,,,,,,
2025-07-06 17:14:00,,,,,,,,,,,
2025-07-06 17:29:00,,,,,,,,,,,
2025-07-06 17:44:00,,,,,,,,,,,
2025-07-06 17:59:00,,,,,,,,,,,
2025-07-06 18:14:00,,,,,,,,,,,
2025-07-06 18:29:00,,,,,,,,,,,
2025-07-06 18:44:00,,,,,,,,,,,
2025-07-06 18:59:00,,,,,,,,,,,
2025-07-06 19:14:00,,,,,,,,,,,
2025-07-06 19:29:00,,,,,,,,,,,
2025-07-06 19:44:00,,,,,,,,,,,
2025-07-06 19:59:00,,,,,,,,,,,
2025-07-06 20:14:00,,,,,,,,,,,
2025-07-06 20:29:00,,,,,,,,,,,
2025-07-06 20:44:00,,,,,,,,,,,
2025-07-06 20:59:00,,,,,,,,,,,
2025-07-06 21:14:00,,,,,,,,,,,
2025-07-06 21:29:00,,,,,,,,,,,
2025-07-06 21:44:00,,,,,,,,,,,
2025-07-06 21:59:00,,,,,,,,,,,
2025-07-06 22:14:00,,,,,,,,,,,
2025-07-06 22:29:00,,,,,,,,,,,
2025-07-06 22:44:00,,,,,,,,,,,
2025-07-06 22:59:00,,,,,,,,,,,
2025-07-06 23:14:00,,,,,,,,,,,
2025-07-06 23:29:00,,,,,,,,,,,
2025-07-06 23:44:00,,,,,,,,,,,
2025-07-06 23:59:00,,,,,,,,,,,
2025-07-07 00:14:00,,,,,,,,,,,
2025-07-07 00:29:00,,,,,,,,,,,
2025-07-07 00:44:00,,,,,,,,,,,
2025-07-07 00:59:00,,,,,,,,,,,
2025-07-07 01:14:00,,,,,,,,,,,
2025-07-07 01:29:00,,,,,,,,,,,
2025-07-07 01:44:00,,,,,,,,,,,
2025-07-07 01:59:00,,,,,,,,,,,
2025-07-07 02:14:00,,,,,,,,,,,
2025-07-07 02:29:00,,,,,,,,,,,
2025-07-07 02:44:00,,,,,,,,,,,
2025-07-07 02:59:00,,,,,,,,,,,
2025-07-07 03:14:00,,,,,,,,,,,
2025-07-07 03:29:00,,,,,,,,,,,
2025-07-07 03:44:00,,,,,,,,,,,
2025-07-07 03:59:00,,,,,,,,,,,
2025-07-07 04:14:00,,,,,,,,,,,
2025-07-07 04:29:00,,,,,,,,,,,
2025-07-07 04:44:00,,,,,,,,,,,
2025-07-07 04:59:00,,,,,,,,,,,
2025-07-07 05:14:00,,,,,,,,,,,
2025-07-07 05:29:00,,,,,,,,,,,
2025-07-07 05:44:00,,,,,,,,,,,
2025-07-07 05:59:00,,,,,,,,,,,
2025-07-07 06:14:00,,,,,,,,,,,
2025-07-07 06:29:00,,,,,,,,,,,
2025-07-07 06:44:00,,,,,,,,,,,
2025-07-07 06:59:00,,,,,,,,,,,
2025-07-07 07:14:00,,,,,,,,,,,
2025-07-07 07:29:00,,,,,,,,,,,
2025-07-07 07:44:00,,,,,,,,,,,
2025-07-07 07:59:00,,,,,,,,,,,
2025-07-07 08:14:00,,,,,,,,,,,
2025-07-07 08:29:00,,,,,,,,,,,
2025-07-07 08:44:00,,,,,,,,,,,
2025-07-07 08:59:00,,,,,,,,,,,
2025-07-07 09:14:00,,,,,,,,,,,
2025-07-07 09:29:00,,,,,,,,,,,
2025-07-07 09:44:00,,,,,,,,,,,
2025-07-07 09:59:00,,,,,,,,,,,
2025-07-07 10:14:00,,,,,,,,,,,
2025-07-07 10:29:00,,,,,,,,,,,
2025-07-07 10:44:00,,,,,,,,,,,
2025-07-07 10:59:00,,,,,,,,,,,
2025-07-07 11:14:00,,,,,,,,,,,
2025-07-07 11:29:00,,,,,,,,,,,
2025-07-07 11:44:00,,,,,,,,,,,
2025-07-07 11:59:00,,,,,,,,,,,
2025-07-07 12:14:00,,,,,,,,,,,
2025-07-07 12:29:00,,,,,,,,,,,
2025-07-07 12:44:00,,,,,,,,,,,
2025-07-07 12:59:00,,,,,,,,,,,
2025-07-07 13:14:00,,,,,,,,,,,
2025-07-07 13:29:00,,,,,,,,,,,
2025-07-07 13:44:00,,,,,,,,,,,
2025-07-07 13:59:00,,,,,,,,,,,
2025-07-07 14:14:00,,,,,,,,,,,
2025-07-07 14:29:00,,,,,,,,,,,
2025-07-07 14:44:00,,,,,,,,,,,
2025-07-07 14:59:00,,,,,,,,,,,
2025-07-07 15:14:00,,,,,,,,,,,
2025-07-07 15:29:00,,,,,,,,,,,
2025-07-07 15:44:00,,,,,,,,,,,
2025-07-07 15:59:00,,,,,,,,,,,
2025-07-07 16:14:00,,,,,,,,,,,
2025-07-07 16:29:00,,,,,,,,,,,
2025-07-07 16:44:00,,,,,,,,,,,
2025-07-07 16:59:00,,,,,,,,,,,
2025-07-07 17:14:00,,,,,,,,,,,
2025-07-07 17:29:00,,,,,,,,,,,
2025-07-07 17:44:00,,,,,,,,,,,
2025-07-07 17:59:00,,,,,,,,,,,
2025-07-07 18:14:00,,,,,,,,,,,
2025-07-07 18:29:00,,,,,,,,,,,
2025-07-07 18:44:00,,,,,,,,,,,
2025-07-07 18:59:00,,,,,,,,,,,
2025-07-07 19:14:00,,,,,,,,,,,
2025-07-07 19:29:00,,,,,,,,,,,
2025-07-07 19:44:00,,,,,,,,,,,
2025-07-07 19:59:00,,,,,,,,,,,
2025-07-07 20:14:00,,,,,,,,,,,
2025-07-07 20:29:00,,,,,,,,,,,
2025-07-07 20:44:00,,,,,,,,,,,
2025-07-07 20:59:00,,,,,,,,,,,
2025-07-07 21:14:00,,,,,,,,,,,
2025-07-07 21:29:00,,,,,,,,,,,
2025-07-07 21:44:00,,,,,,,,,,,
2025-07-07 21:59:00,,,,,,,,,,,
2025-07-07 22:14:00,,,,,,,,,,,
2025-07-07 22:29:00,,,,,,,,,,,
2025-07-07 22:44:00,,,,,,,,,,,
2025-07-07 22:59:00,,,,,,,,,,,
2025-07-07 23:14:00,,,,,,,,,,,
2025-07-07 23:29:00,,,,,,,,,,,
2025-07-07 23:44:00,,,,,,,,,,,
2025-07-07 23:59:00,,,,,,,,,,,
2025-07-08 00:14:00,,,,,,,,,,,
2025-07-08 00:29:00,,,,,,,,,,,
2025-07-08 00:44:00,,,,,,,,,,,
2025-07-08 00:59:00,,,,,,,,,,,
2025-07-08 01:14:00,,,,,,,,,,,
2025-07-08 01:29:00,,,,,,,,,,,
2025-07-08 01:44:00,,,,,,,,,,,
2025-07-08 01:59:00,,,,,,,,,,,
2025-07-08 02:14:00,,,,,,,,,,,
2025-07-08 02:29:00,,,,,,,,,,,
2025-07-08 02:44:00,,,,,,,,,,,
2025-07-08 02:59:00,,,,,,,,,,,
2025-07-08 03:14:00,,,,,,,,,,,
2025-07-08 03:29:00,,,,,,,,,,,
2025-07-08 03:44:00,,,,,,,,,,,
2025-07-08 03:59:00,,,,,,,,,,,
2025-07-08 04:14:00,,,,,,,,,,,
2025-07-08 04:29:00,,,,,,,,,,,
2025-07-08 04:44:00,,,,,,,,,,,
2025-07-08 04:59:00,,,,,,,,,,,
2025-07-08 05:14:00,,,,,,,,,,,
2025-07-08 05:29:00,,,,,,,,,,,
2025-07-08 05:44:00,,,,,,,,,,,
2025-07-08 05:59:00,,,,,,,,,,,
2025-07-08 06:14:00,,,,,,,,,,,
2025-07-08 06:29:00,,,,,,,,,,,
2025-07-08 06:44:00,,,,,,,,,,,
2025-07-08 06:59:00,,,,,,,,,,,
2025-07-08 07:14:00,,,,,,,,,,,
2025-07-08 07:29:00,,,,,,,,,,,
2025-07-08 07:44:00,,,,,,,,,,,
2025-07-08 07:59:00,,,,,,,,,,,
2025-07-08 08:14:00,,,,,,,,,,,
2025-07-08 08:29:00,,,,,,,,,,,
2025-07-08 08:44:00,,,,,,,,,,,
2025-07-08 08:59:00,,,,,,,,,,,
2025-07-08 09:14:00,,,,,,,,,,,
2025-07-08 09:29:00,,,,,,,,,,,
2025-07-08 09:44:00,,,,,,,,,,,
2025-07-08 09:59:00,,,,,,,,,,,
2025-07-08 10:14:00,,,,,,,,,,,
2025-07-08 10:29:00,,,,,,,,,,,
2025-07-08 10:44:00,,,,,,,,,,,
2025-07-08 10:59:00,,,,,,,,,,,
2025-07-08 11:14:00,,,,,,,,,,,
2025-07-08 11:29:00,,,,,,,,,,,
2025-07-08 11:44:00,,,,,,,,,,,
2025-07-08 11:59:00,,,,,,,,,,,
2025-07-08 12:14:00,,,,,,,,,,,
2025-07-08 12:29:00,,,,,,,,,,,
2025-07-08 12:44:00,,,,,,,,,,,
2025-07-08 12:59:00,,,,,,,,,,,
2025-07-08 13:14:00,,,,,,,,,,,
2025-07-08 13:29:00,,,,,,,,,,,
2025-07-08 13:44:00,,,,,,,,,,,
2025-07-08 13:59:00,,,,,,,,,,,
2025-07-08 14:14:00,,,,,,,,,,,
2025-07-08 14:29:00,,,,,,,,,,,
2025-07-08 14:44:00,,,,,,,,,,,
2025-07-08 14:59:00,,,,,,,,,,,
2025-07-08 15:14:00,,,,,,,,,,,
2025-07-08 15:29:00,,,,,,,,,,,
2025-07-08 15:44:00,,,,,,,,,,,
2025-07-08 15:59:00,,,,,,,,,,,
2025-07-08 16:14:00,,,,,,,,,,,
2025-07-08 16:29:00,,,,,,,,,,,
2025-07-08 16:44:00,,,,,,,,,,,
2025-07-08 16:59:00,,,,,,,,,,,
2025-07-08 17:14:00,,,,,,,,,,,
2025-07-08 17:29:00,,,,,,,,,,,
2025-07-08 17:44:00,,,,,,,,,,,
2025-07-08 17:59:00,,,,,,,,,,,
2025-07-08 18:14:00,,,,,,,,,,,
2025-07-08 18:29:00,,,,,,,,,,,
2025-07-08 18:44:00,,,,,,,,,,,
2025-07-08 18:59:00,,,,,,,,,,,
2025-07-08 19:14:00,,,,,,,,,,,
2025-07-08 19:29:00,,,,,,,,,,,
2025-07-08 19:44:00,,,,,,,,,,,
2025-07-08 19:59:00,,,,,,,,,,,
2025-07-08 20:14:00,,,,,,,,,,,
2025-07-08 20:29:00,,,,,,,,,,,
2025-07-08 20:44:00,,,,,,,,,,,
2025-07-08 20:59:00,,,,,,,,,,,
2025-07-08 21:14:00,,,,,,,,,,,
2025-07-08 21:29:00,,,,,,,,,,,
2025-07-08 21:44:00,,,,,,,,,,,
2025-07-08 21:59:00,,,,,,,,,,,
2025-07-08 22:14:00,,,,,,,,,,,
2025-07-08 22:29:00,,,,,,,,,,,
2025-07-08 22:44:00,,,,,,,,,,,
2025-07-08 22:59:00,,,,,,,,,,,
2025-07-08 23:14:00,,,,,,,,,,,
2025-07-08 23:29:00,,,,,,,,,,,
2025-07-08 23:44:00,,,,,,,,,,,
2025-07-08 23:59:00,,,,,,,,,,,
2025-07-09 00:14:00,,,,,,,,,,,
2025-07-09 00:29:00,,,,,,,,,,,
2025-07-09 00:44:00,,,,,,,,,,,
2025-07-09 00:59:00,,,,,,,,,,,
2025-07-09 01:14:00,,,,,,,,,,,
2025-07-09 01:29:00,,,,,,,,,,,
2025-07-09 01:44:00,,,,,,,,,,,
2025-07-09 01:59:00,,,,,,,,,,,
2025-07-09 02:14:00,,,,,,,,,,,
2025-07-09 02:29:00,,,,,,,,,,,
2025-07-09 02:44:00,,,,,,,,,,,
2025-07-09 02:59:00,,,,,,,,,,,
2025-07-09 03:14:00,,,,,,,,,,,
2025-07-09 03:29:00,,,,,,,,,,,
2025-07-09 03:44:00,,,,,,,,,,,
2025-07-09 03:59:00,,,,,,,,,,,
2025-07-09 04:14:00,,,,,,,,,,,
2025-07-09 04:29:00,,,,,,,,,,,
2025-07-09 04:44:00,,,,,,,,,,,
2025-07-09 04:59:00,,,,,,,,,,,
2025-07-09 05:14:00,,,,,,,,,,,
2025-07-09 05:29:00,,,,,,,,,,,
2025-07-09 05:44:00,,,,,,,,,,,
2025-07-09 05:59:00,,,,,,,,,,,
2025-07-09 06:14:00,,,,,,,,,,,
2025-07-09 06:29:00,,,,,,,,,,,
2025-07-09 06:44:00,,,,,,,,,,,
2025-07-09 06:59:00,,,,,,,,,,,
2025-07-09 07:14:00,,,,,,,,,,,
2025-07-09 07:29:00,,,,,,,,,,,
2025-07-09 07:44:00,,,,,,,,,,,
2025-07-09 07:59:00,,,,,,,,,,,
2025-07-09 08:14:00,,,,,,,,,,,
2025-07-09 08:29:00,,,,,,,,,,,
2025-07-09 08:44:00,,,,,,,,,,,
2025-07-09 08:59:00,,,,,,,,,,,
2025-07-09 09:14:00,,,,,,,,,,,
2025-07-09 09:29:00,,,,,,,,,,,
2025-07-09 09:44:00,,,,,,,,,,,
2025-07-09 09:59:00,,,,,,,,,,,
2025-07-09 10:14:00,,,,,,,,,,,
2025-07-09 10:29:00,,,,,,,,,,,
2025-07-09 10:44:00,,,,,,,,,,,
2025-07-09 10:59:00,,,,,,,,,,,
2025-07-09 11:14:00,,,,,,,,,,,
2025-07-09 11:29:00,,,,,,,,,,,
2025-07-09 11:44:00,,,,,,,,,,,
2025-07-09 11:59:00,,,,,,,,,,,
2025-07-09 12:14:00,,,,,,,,,,,
2025-07-09 12:29:00,,,,,,,,,,,
2025-07-09 12:44:00,,,,,,,,,,,
2025-07-09 12:59:00,,,,,,,,,,,
2025-07-09 13:14:00,,,,,,,,,,,
2025-07-09 13:29:00,,,,,,,,,,,
2025-07-09 13:44:00,,,,,,,,,,,
2025-07-09 13:59:00,,,,,,,,,,,
2025-07-09 14:14:00,,,,,,,,,,,
2025-07-09 14:29:00,,,,,,,,,,,
2025-07-09 14:44:00,,,,,,,,,,,
2025-07-09 14:59:00,,,,,,,,,,,
2025-07-09 15:14:00,,,,,,,,,,,
2025-07-09 15:29:00,,,,,,,,,,,
2025-07-09 15:44:00,,,,,,,,,,,
2025-07-09 15:59:00,,,,,,,,,,,
2025-07-09 16:14:00,,,,,,,,,,,
2025-07-09 16:29:00,,,,,,,,,,,
2025-07-09 16:44:00,,,,,,,,,,,
2025-07-09 16:59:00,,,,,,,,,,,
2025-07-09 17:14:00,,,,,,,,,,,
2025-07-09 17:29:00,,,,,,,,,,,
2025-07-09 17:44:00,,,,,,,,,,,
2025-07-09 17:59:00,,,,,,,,,,,
2025-07-09 18:14:00,,,,,,,,,,,
2025-07-09 18:29:00,,,,,,,,,,,
2025-07-09 18:44:00,,,,,,,,,,,
2025-07-09 18:59:00,,,,,,,,,,,
2025-07-09 19:14:00,,,,,,,,,,,
2025-07-09 19:29:00,,,,,,,,,,,
2025-07-09 19:44:00,,,,,,,,,,,
2025-07-09 19:59:00,,,,,,,,,,,
2025-07-09 20:14:00,,,,,,,,,,,
2025-07-09 20:29:00,,,,,,,,,,,
2025-07-09 20:44:00,,,,,,,,,,,
2025-07-09 20:59:00,,,,,,,,,,,
2025-07-09 21:14:00,,,,,,,,,,,
2025-07-09 21:29:00,,,,,,,,,,,
2025-07-09 21:44:00,,,,,,,,,,,
2025-07-09 21:59:00,,,,,,,,,,,
2025-07-09 22:14:00,,,,,,,,,,,
2025-07-09 22:29:00,,,,,,,,,,,
2025-07-09 22:44:00,,,,,,,,,,,
2025-07-09 22:59:00,,,,,,,,,,,
2025-07-09 23:14:00,,,,,,,,,,,
2025-07-09 23:29:00,,,,,,,,,,,
2025-07-09 23:44:00,,,,,,,,,,,
2025-07-09 23:59:00,,,,,,,,,,,
2025-07-10 00:14:00,,,,,,,,,,,
2025-07-10 00:29:00,,,,,,,,,,,
2025-07-10 00:44:00,,,,,,,,,,,
2025-07-10 00:59:00,,,,,,,,,,,
2025-07-10 01:14:00,,,,,,,,,,,
2025-07-10 01:29:00,,,,,,,,,,,
2025-07-10 01:44:00,,,,,,,,,,,
2025-07-10 01:59:00,,,,,,,,,,,
2025-07-10 02:14:00,,,,,,,,,,,
2025-07-10 02:29:00,,,,,,,,,,,
2025-07-10 02:44:00,,,,,,,,,,,
2025-07-10 02:59:00,,,,,,,,,,,
2025-07-10 03:14:00,,,,,,,,,,,
2025-07-10 03:29:00,,,,,,,,,,,
2025-07-10 03:44:00,,,,,,,,,,,
2025-07-10 03:59:00,,,,,,,,,,,
2025-07-10 04:14:00,,,,,,,,,,,
2025-07-10 04:29:00,,,,,,,,,,,
2025-07-10 04:44:00,,,,,,,,,,,
2025-07-10 04:59:00,,,,,,,,,,,
2025-07-10 05:14:00,,,,,,,,,,,
2025-07-10 05:29:00,,,,,,,,,,,
2025-07-10 05:44:00,,,,,,,,,,,
2025-07-10 05:59:00,,,,,,,,,,,
2025-07-10 06:14:00,,,,,,,,,,,
2025-07-10 06:29:00,,,,,,,,,,,
2025-07-10 06:44:00,,,,,,,,,,,
2025-07-10 06:59:00,,,,,,,,,,,
2025-07-10 07:14:00,,,,,,,,,,,
2025-07-10 07:29:00,,,,,,,,,,,
2025-07-10 07:44:00,,,,,,,,,,,
2025-07-10 07:59:00,,,,,,,,,,,
2025-07-10 08:14:00,,,,,,,,,,,
2025-07-10 08:29:00,,,,,,,,,,,
2025-07-10 08:44:00,,,,,,,,,,,
2025-07-10 08:59:00,,,,,,,,,,,
2025-07-10 09:14:00,,,,,,,,,,,
2025-07-10 09:29:00,,,,,,,,,,,
2025-07-10 09:44:00,,,,,,,,,,,
2025-07-10 09:59:00,,,,,,,,,,,
2025-07-10 10:14:00,,,,,,,,,,,
2025-07-10 10:29:00,,,,,,,,,,,
2025-07-10 10:44:00,,,,,,,,,,,
2025-07-10 10:59:00,,,,,,,,,,,
2025-07-10 11:14:00,,,,,,,,,,,
2025-07-10 11:29:00,,,,,,,,,,,
2025-07-10 11:44:00,,,,,,,,,,,
2025-07-10 11:59:00,,,,,,,,,,,
2025-07-10 12:14:00,,,,,,,,,,,
2025-07-10 12:29:00,,,,,,,,,,,
2025-07-10 12:44:00,,,,,,,,,,,
2025-07-10 12:59:00,,,,,,,,,,,
2025-07-10 13:14:00,,,,,,,,,,,
2025-07-10 13:29:00,,,,,,,,,,,
2025-07-10 13:44:00,,,,,,,,,,,
2025-07-10 13:59:00,,,,,,,,,,,
2025-07-10 14:14:00,,,,,,,,,,,
2025-07-10 14:29:00,,,,,,,,,,,
2025-07-10 14:44:00,,,,,,,,,,,
2025-07-10 14:59:00,,,,,,,,,,,
2025-07-10 15:14:00,,,,,,,,,,,
2025-07-10 15:29:00,,,,,,,,,,,
2025-07-10 15:44:00,,,,,,,,,,,
2025-07-10 15:59:00,,,,,,,,,,,
2025-07-10 16:14:00,,,,,,,,,,,
2025-07-10 16:29:00,,,,,,,,,,,
2025-07-10 16:44:00,,,,,,,,,,,
2025-07-10 16:59:00,,,,,,,,,,,
2025-07-10 17:14:00,,,,,,,,,,,
2025-07-10 17:29:00,,,,,,,,,,,
2025-07-10 17:44:00,,,,,,,,,,,
2025-07-10 17:59:00,,,,,,,,,,,
2025-07-10 18:14:00,,,,,,,,,,,
2025-07-10 18:29:00,,,,,,,,,,,
2025-07-10 18:44:00,,,,,,,,,,,
2025-07-10 18:59:00,,,,,,,,,,,
2025-07-10 19:14:00,,,,,,,,,,,
2025-07-10 19:29:00,,,,,,,,,,,
2025-07-10 19:44:00,,,,,,,,,,,
2025-07-10 19:59:00,,,,,,,,,,,
2025-07-10 20:14:00,,,,,,,,,,,
2025-07-10 20:29:00,,,,,,,,,,,
2025-07-10 20:44:00,,,,,,,,,,,
2025-07-10 20:59:00,,,,,,,,,,,
2025-07-10 21:14:00,,,,,,,,,,,
2025-07-10 21:29:00,,,,,,,,,,,
2025-07-10 21:44:00,,,,,,,,,,,
2025-07-10 21:59:00,,,,,,,,,,,
2025-07-10 22:14:00,,,,,,,,,,,
2025-07-10 22:29:00,,,,,,,,,,,
2025-07-10 22:44:00,,,,,,,,,,,
2025-07-10 22:59:00,,,,,,,,,,,
2025-07-10 23:14:00,,,,,,,,,,,
2025-07-10 23:29:00,,,,,,,,,,,
2025-07-10 23:44:00,,,,,,,,,,,
2025-07-10 23:59:00,,,,,,,,,,,
2025-07-11 00:14:00,,,,,,,,,,,
2025-07-11 00:29:00,,,,,,,,,,,
2025-07-11 00:44:00,,,,,,,,,,,
2025-07-11 00:59:00,,,,,,,,,,,
2025-07-11 01:14:00,,,,,,,,,,,
2025-07-11 01:29:00,,,,,,,,,,,
2025-07-11 01:44:00,,,,,,,,,,,
2025-07-11 01:59:00,,,,,,,,,,,
2025-07-11 02:14:00,,,,,,,,,,,
2025-07-11 02:29:00,,,,,,,,,,,
2025-07-11 02:44:00,,,,,,,,,,,
2025-07-11 02:59:00,,,,,,,,,,,
2025-07-11 03:14:00,,,,,,,,,,,
2025-07-11 03:29:00,,,,,,,,,,,
2025-07-11 03:44:00,,,,,,,,,,,
2025-07-11 03:59:00,,,,,,,,,,,
2025-07-11 04:14:00,,,,,,,,,,,
2025-07-11 04:29:00,,,,,,,,,,,
2025-07-11 04:44:00,,,,,,,,,,,
2025-07-11 04:59:00,,,,,,,,,,,
2025-07-11 05:14:00,,,,,,,,,,,
2025-07-11 05:29:00,,,,,,,,,,,
2025-07-11 05:44:00,,,,,,,,,,,
2025-07-11 05:59:00,,,,,,,,,,,
2025-07-11 06:14:00,,,,,,,,,,,
2025-07-11 06:29:00,,,,,,,,,,,
2025-07-11 06:44:00,,,,,,,,,,,
2025-07-11 06:59:00,,,,,,,,,,,
2025-07-11 07:14:00,,,,,,,,,,,
2025-07-11 07:29:00,,,,,,,,,,,
2025-07-11 07:44:00,,,,,,,,,,,
2025-07-11 07:59:00,,,,,,,,,,,
2025-07-11 08:14:00,,,,,,,,,,,
2025-07-11 08:29:00,,,,,,,,,,,
2025-07-11 08:44:00,,,,,,,,,,,
2025-07-11 08:59:00,,,,,,,,,,,
2025-07-11 09:14:00,,,,,,,,,,,
2025-07-11 09:29:00,,,,,,,,,,,
2025-07-11 09:44:00,,,,,,,,,,,
2025-07-11 09:59:00,,,,,,,,,,,
2025-07-11 10:14:00,,,,,,,,,,,
2025-07-11 10:29:00,,,,,,,,,,,
2025-07-11 10:44:00,,,,,,,,,,,
2025-07-11 10:59:00,,,,,,,,,,,
2025-07-11 11:14:00,,,,,,,,,,,
2025-07-11 11:29:00,,,,,,,,,,,
2025-07-11 11:44:00,,,,,,,,,,,
2025-07-11 11:59:00,,,,,,,,,,,
2025-07-11 12:14:00,,,,,,,,,,,
2025-07-11 12:29:00,,,,,,,,,,,
2025-07-11 12:44:00,,,,,,,,,,,
2025-07-11 12:59:00,,,,,,,,,,,
2025-07-11 13:14:00,,,,,,,,,,,
2025-07-11 13:29:00,,,,,,,,,,,
2025-07-11 13:44:00,,,,,,,,,,,
2025-07-11 13:59:00,,,,,,,,,,,
2025-07-11 14:14:00,,,,,,,,,,,
2025-07-11 14:29:00,,,,,,,,,,,
2025-07-11 14:44:00,,,,,,,,,,,
2025-07-11 14:59:00,,,,,,,,,,,
2025-07-11 15:14:00,,,,,,,,,,,
2025-07-11 15:29:00,,,,,,,,,,,
2025-07-11 15:44:00,,,,,,,,,,,
2025-07-11 15:59:00,,,,,,,,,,,
2025-07-11 16:14:00,,,,,,,,,,,
2025-07-11 16:29:00,,,,,,,,,,,
2025-07-11 16:44:00,,,,,,,,,,,
2025-07-11 16:59:00,,,,,,,,,,,
2025-07-11 17:14:00,,,,,,,,,,,
2025-07-11 17:29:00,,,,,,,,,,,
2025-07-11 17:44:00,,,,,,,,,,,
2025-07-11 17:59:00,,,,,,,,,,,
2025-07-11 18:14:00,,,,,,,,,,,
2025-07-11 18:29:00,,,,,,,,,,,
2025-07-11 18:44:00,,,,,,,,,,,
2025-07-11 18:59:00,,,,,,,,,,,
2025-07-11 19:14:00,,,,,,,,,,,
2025-07-11 19:29:00,,,,,,,,,,,
2025-07-11 19:44:00,,,,,,,,,,,
2025-07-11 19:59:00,,,,,,,,,,,
2025-07-11 20:14:00,,,,,,,,,,,
2025-07-11 20:29:00,,,,,,,,,,,
2025-07-11 20:44:00,,,,,,,,,,,
2025-07-11 20:59:00,,,,,,,,,,,
2025-07-11 21:14:00,,,,,,,,,,,
2025-07-11 21:29:00,,,,,,,,,,,
2025-07-11 21:44:00,,,,,,,,,,,
2025-07-11 21:59:00,,,,,,,,,,,
2025-07-11 22:14:00,,,,,,,,,,,
2025-07-11 22:29:00,,,,,,,,,,,
2025-07-11 22:44:00,,,,,,,,,,,
2025-07-11 22:59:00,,,,,,,,,,,
2025-07-11 23:14:00,,,,,,,,,,,
2025-07-11 23:29:00,,,,,,,,,,,
2025-07-11 23:44:00,,,,,,,,,,,
2025-07-11 23:59:00,,,,,,,,,,,
2025-07-12 00:14:00,,,,,,,,,,,
2025-07-12 00:29:00,,,,,,,,,,,
2025-07-12 00:44:00,,,,,,,,,,,
2025-07-12 00:59:00,,,,,,,,,,,
2025-07-12 01:14:00,,,,,,,,,,,
2025-07-12 01:29:00,,,,,,,,,,,
2025-07-12 01:44:00,,,,,,,,,,,
2025-07-12 01:59:00,,,,,,,,,,,
2025-07-12 02:14:00,,,,,,,,,,,
2025-07-12 02:29:00,,,,,,,,,,,
2025-07-12 02:44:00,,,,,,,,,,,
2025-07-12 02:59:00,,,,,,,,,,,
2025-07-12 03:14:00,,,,,,,,,,,
2025-07-12 03:29:00,,,,,,,,,,,
2025-07-12 03:44:00,,,,,,,,,,,
2025-07-12 03:59:00,,,,,,,,,,,
2025-07-12 04:14:00,,,,,,,,,,,
2025-07-12 04:29:00,,,,,,,,,,,
2025-07-12 04:44:00,,,,,,,,,,,
2025-07-12 04:59:00,,,,,,,,,,,
2025-07-12 05:14:00,,,,,,,,,,,
2025-07-12 05:29:00,,,,,,,,,,,
2025-07-12 05:44:00,,,,,,,,,,,
2025-07-12 05:59:00,,,,,,,,,,,
2025-07-12 06:14:00,,,,,,,,,,,
2025-07-12 06:29:00,,,,,,,,,,,
2025-07-12 06:44:00,,,,,,,,,,,
2025-07-12 06:59:00,,,,,,,,,,,
2025-07-12 07:14:00,,,,,,,,,,,
2025-07-12 07:29:00,,,,,,,,,,,
2025-07-12 07:44:00,,,,,,,,,,,
2025-07-12 07:59:00,,,,,,,,,,,
2025-07-12 08:14:00,,,,,,,,,,,
2025-07-12 08:29:00,,,,,,,,,,,
2025-07-12 08:44:00,,,,,,,,,,,
2025-07-12 08:59:00,,,,,,,,,,,
2025-07-12 09:14:00,,,,,,,,,,,
2025-07-12 09:29:00,,,,,,,,,,,
2025-07-12 09:44:00,,,,,,,,,,,
2025-07-12 09:59:00,,,,,,,,,,,
2025-07-12 10:14:00,,,,,,,,,,,
2025-07-12 10:29:00,,,,,,,,,,,
2025-07-12 10:44:00,,,,,,,,,,,
2025-07-12 10:59:00,,,,,,,,,,,
2025-07-12 11:14:00,,,,,,,,,,,
2025-07-12 11:29:00,,,,,,,,,,,
2025-07-12 11:44:00,,,,,,,,,,,
2025-07-12 11:59:00,,,,,,,,,,,
2025-07-12 12:14:00,,,,,,,,,,,
2025-07-12 12:29:00,,,,,,,,,,,
2025-07-12 12:44:00,,,,,,,,,,,
2025-07-12 12:59:00,,,,,,,,,,,
2025-07-12 13:14:00,,,,,,,,,,,
2025-07-12 13:29:00,,,,,,,,,,,
2025-07-12 13:44:00,,,,,,,,,,,
2025-07-12 13:59:00,,,,,,,,,,,
2025-07-12 14:14:00,,,,,,,,,,,
2025-07-12 14:29:00,,,,,,,,,,,
2025-07-12 14:44:00,,,,,,,,,,,
2025-07-12 14:59:00,,,,,,,,,,,
2025-07-12 15:14:00,,,,,,,,,,,
2025-07-12 15:29:00,,,,,,,,,,,
2025-07-12 15:44:00,,,,,,,,,,,
2025-07-12 15:59:00,,,,,,,,,,,
2025-07-12 16:14:00,,,,,,,,,,,
2025-07-12 16:29:00,,,,,,,,,,,
2025-07-12 16:44:00,,,,,,,,,,,
2025-07-12 16:59:00,,,,,,,,,,,
2025-07-12 17:14:00,,,,,,,,,,,
2025-07-12 17:29:00,,,,,,,,,,,
2025-07-12 17:44:00,,,,,,,,,,,
2025-07-12 17:59:00,,,,,,,,,,,
2025-07-12 18:14:00,,,,,,,,,,,
2025-07-12 18:29:00,,,,,,,,,,,
2025-07-12 18:44:00,,,,,,,,,,,
2025-07-12 18:59:00,,,,,,,,,,,
2025-07-12 19:14:00,,,,,,,,,,,
2025-07-12 19:29:00,,,,,,,,,,,
2025-07-12 19:44:00,,,,,,,,,,,
2025-07-12 19:59:00,,,,,,,,,,,
2025-07-12 20:14:00,,,,,,,,,,,
2025-07-12 20:29:00,,,,,,,,,,,
2025-07-12 20:44:00,,,,,,,,,,,
2025-07-12 20:59:00,,,,,,,,,,,
2025-07-12 21:14:00,,,,,,,,,,,
2025-07-12 21:29:00,,,,,,,,,,,
2025-07-12 21:44:00,,,,,,,,,,,
2025-07-12 21:59:00,,,,,,,,,,,
2025-07-12 22:14:00,,,,,,,,,,,
2025-07-12 22:29:00,,,,,,,,,,,
2025-07-12 22:44:00,,,,,,,,,,,
2025-07-12 22:59:00,,,,,,,,,,,
2025-07-12 23:14:00,,,,,,,,,,,
2025-07-12 23:29:00,,,,,,,,,,,
2025-07-12 23:44:00,,,,,,,,,,,
2025-07-12 23:59:00,,,,,,,,,,,
2025-07-13 00:14:00,,,,,,,,,,,
2025-07-13 00:29:00,,,,,,,,,,,
2025-07-13 00:44:00,,,,,,,,,,,
2025-07-13 00:59:00,,,,,,,,,,,
2025-07-13 01:14:00,,,,,,,,,,,
2025-07-13 01:29:00,,,,,,,,,,,
2025-07-13 01:44:00,,,,,,,,,,,
2025-07-13 01:59:00,,,,,,,,,,,
2025-07-13 02:14:00,,,,,,,,,,,
2025-07-13 02:29:00,,,,,,,,,,,
2025-07-13 02:44:00,,,,,,,,,,,
2025-07-13 02:59:00,,,,,,,,,,,
2025-07-13 03:14:00,,,,,,,,,,,
2025-07-13 03:29:00,,,,,,,,,,,
2025-07-13 03:44:00,,,,,,,,,,,
2025-07-13 03:59:00,,,,,,,,,,,
2025-07-13 04:14:00,,,,,,,,,,,
2025-07-13 04:29:00,,,,,,,,,,,
2025-07-13 04:44:00,,,,,,,,,,,
2025-07-13 04:59:00,,,,,,,,,,,
2025-07-13 05:14:00,,,,,,,,,,,
2025-07-13 05:29:00,,,,,,,,,,,
2025-07-13 05:44:00,,,,,,,,,,,
2025-07-13 05:59:00,,,,,,,,,,,
2025-07-13 06:14:00,,,,,,,,,,,
2025-07-13 06:29:00,,,,,,,,,,,
2025-07-13 06:44:00,,,,,,,,,,,
2025-07-13 06:59:00,,,,,,,,,,,
2025-07-13 07:14:00,,,,,,,,,,,
2025-07-13 07:29:00,,,,,,,,,,,
2025-07-13 07:44:00,,,,,,,,,,,
2025-07-13 07:59:00,,,,,,,,,,,
2025-07-13 08:14:00,,,,,,,,,,,
2025-07-13 08:29:00,,,,,,,,,,,
2025-07-13 08:44:00,,,,,,,,,,,
2025-07-13 08:59:00,,,,,,,,,,,
2025-07-13 09:14:00,,,,,,,,,,,
2025-07-13 09:29:00,,,,,,,,,,,
2025-07-13 09:44:00,,,,,,,,,,,
2025-07-13 09:59:00,,,,,,,,,,,
2025-07-13 10:14:00,,,,,,,,,,,
2025-07-13 10:29:00,,,,,,,,,,,
2025-07-13 10:44:00,,,,,,,,,,,
2025-07-13 10:59:00,,,,,,,,,,,
2025-07-13 11:14:00,,,,,,,,,,,
2025-07-13 11:29:00,,,,,,,,,,,
2025-07-13 11:44:00,,,,,,,,,,,
2025-07-13 11:59:00,,,,,,,,,,,
2025-07-13 12:14:00,,,,,,,,,,,
2025-07-13 12:29:00,,,,,,,,,,,
2025-07-13 12:44:00,,,,,,,,,,,
2025-07-13 12:59:00,,,,,,,,,,,
2025-07-13 13:14:00,,,,,,,,,,,
2025-07-13 13:29:00,,,,,,,,,,,
2025-07-13 13:44:00,,,,,,,,,,,
2025-07-13 13:59:00,,,,,,,,,,,
2025-07-13 14:14:00,,,,,,,,,,,
2025-07-13 14:29:00,,,,,,,,,,,
2025-07-13 14:44:00,,,,,,,,,,,
2025-07-13 14:59:00,,,,,,,,,,,
2025-07-13 15:14:00,,,,,,,,,,,
2025-07-13 15:29:00,,,,,,,,,,,
2025-07-13 15:44:00,,,,,,,,,,,
2025-07-13 15:59:00,,,,,,,,,,,
2025-07-13 16:14:00,,,,,,,,,,,
2025-07-13 16:29:00,,,,,,,,,,,
2025-07-13 16:44:00,,,,,,,,,,,
2025-07-13 16:59:00,,,,,,,,,,,
2025-07-13 17:14:00,,,,,,,,,,,
2025-07-13 17:29:00,,,,,,,,,,,
2025-07-13 17:44:00,,,,,,,,,,,
2025-07-13 17:59:00,,,,,,,,,,,
2025-07-13 18:14:00,,,,,,,,,,,
2025-07-13 18:29:00,,,,,,,,,,,
2025-07-13 18:44:00,,,,,,,,,,,
2025-07-13 18:59:00,,,,,,,,,,,
2025-07-13 19:14:00,,,,,,,,,,,
2025-07-13 19:29:00,,,,,,,,,,,
2025-07-13 19:44:00,,,,,,,,,,,
2025-07-13 19:59:00,,,,,,,,,,,
2025-07-13 20:14:00,,,,,,,,,,,
2025-07-13 20:29:00,,,,,,,,,,,
2025-07-13 20:44:00,,,,,,,,,,,
2025-07-13 20:59:00,,,,,,,,,,,
2025-07-13 21:14:00,,,,,,,,,,,
2025-07-13 21:29:00,,,,,,,,,,,
2025-07-13 21:44:00,,,,,,,,,,,
2025-07-13 21:59:00,,,,,,,,,,,
2025-07-13 22:14:00,,,,,,,,,,,
2025-07-13 22:29:00,,,,,,,,,,,
2025-07-13 22:44:00,,,,,,,,,,,
2025-07-13 22:59:00,,,,,,,,,,,
2025-07-13 23:14:00,,,,,,,,,,,
2025-07-13 23:29:00,,,,,,,,,,,
2025-07-13 23:44:00,,,,,,,,,,,
2025-07-13 23:59:00,,,,,,,,,,,
2025-07-14 00:14:00,,,,,,,,,,,
2025-07-14 00:29:00,,,,,,,,,,,
2025-07-14 00:44:00,,,,,,,,,,,
2025-07-14 00:59:00,,,,,,,,,,,
2025-07-14 01:14:00,,,,,,,,,,,
2025-07-14 01:29:00,,,,,,,,,,,
2025-07-14 01:44:00,,,,,,,,,,,
2025-07-14 01:59:00,,,,,,,,,,,
2025-07-14 02:14:00,,,,,,,,,,,
2025-07-14 02:29:00,,,,,,,,,,,
2025-07-14 02:44:00,,,,,,,,,,,
2025-07-14 02:59:00,,,,,,,,,,,
2025-07-14 03:14:00,,,,,,,,,,,
2025-07-14 03:29:00,,,,,,,,,,,
2025-07-14 03:44:00,,,,,,,,,,,
2025-07-14 03:59:00,,,,,,,,,,,
2025-07-14 04:14:00,,,,,,,,,,,
2025-07-14 04:29:00,,,,,,,,,,,
2025-07-14 04:44:00,,,,,,,,,,,
2025-07-14 04:59:00,,,,,,,,,,,
2025-07-14 05:14:00,,,,,,,,,,,
2025-07-14 05:29:00,,,,,,,,,,,
2025-07-14 05:44:00,,,,,,,,,,,
2025-07-14 05:59:00,,,,,,,,,,,
2025-07-14 06:14:00,,,,,,,,,,,
2025-07-14 06:29:00,,,,,,,,,,,
2025-07-14 06:44:00,,,,,,,,,,,
2025-07-14 06:59:00,,,,,,,,,,,
2025-07-14 07:14:00,,,,,,,,,,,
2025-07-14 07:29:00,,,,,,,,,,,
2025-07-14 07:44:00,,,,,,,,,,,
2025-07-14 07:59:00,,,,,,,,,,,
2025-07-14 08:14:00,,,,,,,,,,,
2025-07-14 08:29:00,,,,,,,,,,,
2025-07-14 08:44:00,,,,,,,,,,,
2025-07-14 08:59:00,,,,,,,,,,,
2025-07-14 09:14:00,,,,,,,,,,,
2025-07-14 09:29:00,,,,,,,,,,,
2025-07-14 09:44:00,,,,,,,,,,,
2025-07-14 09:59:00,,,,,,,,,,,
2025-07-14 10:14:00,,,,,,,,,,,
2025-07-14 10:29:00,,,,,,,,,,,
2025-07-14 10:44:00,,,,,,,,,,,
2025-07-14 10:59:00,,,,,,,,,,,
2025-07-14 11:14:00,,,,,,,,,,,
2025-07-14 11:29:00,,,,,,,,,,,
2025-07-14 11:44:00,,,,,,,,,,,
2025-07-14 11:59:00,,,,,,,,,,,
2025-07-14 12:14:00,,,,,,,,,,,
2025-07-14 12:29:00,,,,,,,,,,,
2025-07-14 12:44:00,,,,,,,,,,,
2025-07-14 12:59:00,,,,,,,,,,,
2025-07-14 13:14:00,,,,,,,,,,,
2025-07-14 13:29:00,,,,,,,,,,,
2025-07-14 13:44:00,,,,,,,,,,,
2025-07-14 13:59:00,,,,,,,,,,,
2025-07-14 14:14:00,,,,,,,,,,,
2025-07-14 14:29:00,,,,,,,,,,,
2025-07-14 14:44:00,,,,,,,,,,,
2025-07-14 14:59:00,,,,,,,,,,,
2025-07-14 15:14:00,,,,,,,,,,,
2025-07-14 15:29:00,,,,,,,,,,,
2025-07-14 15:44:00,,,,,,,,,,,
2025-07-14 15:59:00,,,,,,,,,,,
2025-07-14 16:14:00,,,,,,,,,,,
2025-07-14 16:29:00,,,,,,,,,,,
2025-07-14 16:44:00,,,,,,,,,,,
2025-07-14 16:59:00,,,,,,,,,,,
2025-07-14 17:14:00,,,,,,,,,,,
2025-07-14 17:29:00,,,,,,,,,,,
2025-07-14 17:44:00,,,,,,,,,,,
2025-07-14 17:59:00,,,,,,,,,,,
2025-07-14 18:14:00,,,,,,,,,,,
2025-07-14 18:29:00,,,,,,,,,,,
2025-07-14 18:44:00,,,,,,,,,,,
2025-07-14 18:59:00,,,,,,,,,,,
2025-07-14 19:14:00,,,,,,,,,,,
2025-07-14 19:29:00,,,,,,,,,,,
2025-07-14 19:44:00,,,,,,,,,,,
2025-07-14 19:59:00,,,,,,,,,,,
2025-07-14 20:14:00,,,,,,,,,,,
2025-07-14 20:29:00,,,,,,,,,,,
2025-07-14 20:44:00,,,,,,,,,,,
2025-07-14 20:59:00,,,,,,,,,,,
2025-07-14 21:14:00,,,,,,,,,,,
2025-07-14 21:29:00,,,,,,,,,,,
2025-07-14 21:44:00,,,,,,,,,,,
2025-07-14 21:59:00,,,,,,,,,,,
2025-07-14 22:14:00,,,,,,,,,,,
2025-07-14 22:29:00,,,,,,,,,,,
2025-07-14 22:44:00,,,,,,,,,,,
2025-07-14 22:59:00,,,,,,,,,,,
2025-07-14 23:14:00,,,,,,,,,,,
2025-07-14 23:29:00,,,,,,,,,,,
2025-07-14 23:44:00,,,,,,,,,,,
2025-07-14 23:59:00,,,,,,,,,,,
2025-07-15 00:14:00,,,,,,,,,,,
2025-07-15 00:29:00,,,,,,,,,,,
2025-07-15 00:44:00,,,,,,,,,,,
2025-07-15 00:59:00,,,,,,,,,,,
2025-07-15 01:14:00,,,,,,,,,,,
2025-07-15 01:29:00,,,,,,,,,,,
2025-07-15 01:44:00,,,,,,,,,,,
2025-07-15 01:59:00,,,,,,,,,,,
2025-07-15 02:14:00,,,,,,,,,,,
2025-07-15 02:29:00,,,,,,,,,,,
2025-07-15 02:44:00,,,,,,,,,,,
2025-07-15 02:59:00,,,,,,,,,,,
2025-07-15 03:14:00,,,,,,,,,,,
2025-07-15 03:29:00,,,,,,,,,,,
2025-07-15 03:44:00,,,,,,,,,,,
2025-07-15 03:59:00,,,,,,,,,,,
2025-07-15 04:14:00,,,,,,,,,,,
2025-07-15 04:29:00,,,,,,,,,,,
2025-07-15 04:44:00,,,,,,,,,,,
2025-07-15 04:59:00,,,,,,,,,,,
2025-07-15 05:14:00,,,,,,,,,,,
2025-07-15 05:29:00,,,,,,,,,,,
2025-07-15 05:44:00,,,,,,,,,,,
2025-07-15 05:59:00,,,,,,,,,,,
2025-07-15 06:14:00,,,,,,,,,,,
2025-07-15 06:29:00,,,,,,,,,,,
2025-07-15 06:44:00,,,,,,,,,,,
2025-07-15 06:59:00,,,,,,,,,,,
2025-07-15 07:14:00,,,,,,,,,,,
2025-07-15 07:29:00,,,,,,,,,,,
2025-07-15 07:44:00,,,,,,,,,,,
2025-07-15 07:59:00,,,,,,,,,,,
2025-07-15 08:14:00,,,,,,,,,,,
2025-07-15 08:29:00,,,,,,,,,,,
2025-07-15 08:44:00,,,,,,,,,,,
2025-07-15 08:59:00,,,,,,,,,,,
2025-07-15 09:14:00,,,,,,,,,,,
2025-07-15 09:29:00,,,,,,,,,,,
2025-07-15 09:44:00,,,,,,,,,,,
2025-07-15 09:59:00,,,,,,,,,,,
2025-07-15 10:14:00,,,,,,,,,,,
2025-07-15 10:29:00,,,,,,,,,,,
2025-07-15 10:44:00,,,,,,,,,,,
2025-07-15 10:59:00,,,,,,,,,,,
2025-07-15 11:14:00,,,,,,,,,,,
2025-07-15 11:29:00,,,,,,,,,,,
2025-07-15 11:44:00,,,,,,,,,,,
2025-07-15 11:59:00,,,,,,,,,,,
2025-07-15 12:14:00,,,,,,,,,,,
2025-07-15 12:29:00,,,,,,,,,,,
2025-07-15 12:44:00,,,,,,,,,,,
2025-07-15 12:59:00,,,,,,,,,,,
2025-07-15 13:14:00,,,,,,,,,,,
2025-07-15 13:29:00,,,,,,,,,,,
2025-07-15 13:44:00,,,,,,,,,,,
2025-07-15 13:59:00,,,,,,,,,,,
2025-07-15 14:14:00,,,,,,,,,,,
2025-07-15 14:29:00,,,,,,,,,,,
2025-07-15 14:44:00,,,,,,,,,,,
2025-07-15 14:59:00,,,,,,,,,,,
2025-07-15 15:14:00,,,,,,,,,,,
2025-07-15 15:29:00,,,,,,,,,,,
2025-07-15 15:44:00,,,,,,,,,,,
2025-07-15 15:59:00,,,,,,,,,,,
2025-07-15 16:14:00,,,,,,,,,,,
2025-07-15 16:29:00,,,,,,,,,,,
2025-07-15 16:44:00,,,,,,,,,,,
2025-07-15 16:59:00,,,,,,,,,,,
2025-07-15 17:14:00,,,,,,,,,,,
2025-07-15 17:29:00,,,,,,,,,,,
2025-07-15 17:44:00,,,,,,,,,,,
2025-07-15 17:59:00,,,,,,,,,,,
2025-07-15 18:14:00,,,,,,,,,,,
2025-07-15 18:29:00,,,,,,,,,,,
2025-07-15 18:44:00,,,,,,,,,,,
2025-07-15 18:59:00,,,,,,,,,,,
2025-07-15 19:14:00,,,,,,,,,,,
2025-07-15 19:29:00,,,,,,,,,,,
2025-07-15 19:44:00,,,,,,,,,,,
2025-07-15 19:59:00,,,,,,,,,,,
2025-07-15 20:14:00,,,,,,,,,,,
2025-07-15 20:29:00,,,,,,,,,,,
2025-07-15 20:44:00,,,,,,,,,,,
2025-07-15 20:59:00,,,,,,,,,,,
2025-07-15 21:14:00,,,,,,,,,,,
2025-07-15 21:29:00,,,,,,,,,,,
2025-07-15 21:44:00,,,,,,,,,,,
2025-07-15 21:59:00,,,,,,,,,,,
2025-07-15 22:14:00,,,,,,,,,,,
2025-07-15 22:29:00,,,,,,,,,,,
2025-07-15 22:44:00,,,,,,,,,,,
2025-07-15 22:59:00,,,,,,,,,,,
2025-07-15 23:14:00,,,,,,,,,,,
2025-07-15 23:29:00,,,,,,,,,,,
2025-07-15 23:44:00,,,,,,,,,,,
2025-07-15 23:59:00,,,,,,,,,,,
2025-07-16 00:14:00,,,,,,,,,,,
2025-07-16 00:29:00,,,,,,,,,,,
2025-07-16 00:44:00,,,,,,,,,,,
2025-07-16 00:59:00,,,,,,,,,,,
2025-07-16 01:14:00,,,,,,,,,,,
2025-07-16 01:29:00,,,,,,,,,,,
2025-07-16 01:44:00,,,,,,,,,,,
2025-07-16 01:59:00,,,,,,,,,,,
2025-07-16 02:14:00,,,,,,,,,,,
2025-07-16 02:29:00,,,,,,,,,,,
2025-07-16 02:44:00,,,,,,,,,,,
2025-07-16 02:59:00,,,,,,,,,,,
2025-07-16 03:14:00,,,,,,,,,,,
2025-07-16 03:29:00,,,,,,,,,,,
2025-07-16 03:44:00,,,,,,,,,,,
2025-07-16 03:59:00,,,,,,,,,,,
2025-07-16 04:14:00,,,,,,,,,,,
2025-07-16 04:29:00,,,,,,,,,,,
2025-07-16 04:44:00,,,,,,,,,,,
2025-07-16 04:59:00,,,,,,,,,,,
2025-07-16 05:14:00,,,,,,,,,,,
2025-07-16 05:29:00,,,,,,,,,,,
2025-07-16 05:44:00,,,,,,,,,,,
2025-07-16 05:59:00,,,,,,,,,,,
2025-07-16 06:14:00,,,,,,,,,,,
2025-07-16 06:29:00,,,,,,,,,,,
2025-07-16 06:44:00,,,,,,,,,,,
2025-07-16 06:59:00,,,,,,,,,,,
2025-07-16 07:14:00,,,,,,,,,,,
2025-07-16 07:29:00,,,,,,,,,,,
2025-07-16 07:44:00,,,,,,,,,,,
2025-07-16 07:59:00,,,,,,,,,,,
2025-07-16 08:14:00,,,,,,,,,,,
2025-07-16 08:29:00,,,,,,,,,,,
2025-07-16 08:44:00,,,,,,,,,,,
2025-07-16 08:59:00,,,,,,,,,,,
2025-07-16 09:14:00,,,,,,,,,,,
2025-07-16 09:29:00,,,,,,,,,,,
2025-07-16 09:44:00,,,,,,,,,,,
2025-07-16 09:59:00,,,,,,,,,,,
2025-07-16 10:14:00,,,,,,,,,,,
2025-07-16 10:29:00,,,,,,,,,,,
2025-07-16 10:44:00,,,,,,,,,,,
2025-07-16 10:59:00,,,,,,,,,,,
2025-07-16 11:14:00,,,,,,,,,,,
2025-07-16 11:29:00,,,,,,,,,,,
2025-07-16 11:44:00,,,,,,,,,,,
2025-07-16 11:59:00,,,,,,,,,,,
2025-07-16 12:14:00,,,,,,,,,,,
2025-07-16 12:29:00,,,,,,,,,,,
2025-07-16 12:44:00,,,,,,,,,,,
2025-07-16 12:59:00,,,,,,,,,,,
2025-07-16 13:14:00,,,,,,,,,,,
2025-07-16 13:29:00,,,,,,,,,,,
2025-07-16 13:44:00,,,,,,,,,,,
2025-07-16 13:59:00,,,,,,,,,,,
2025-07-16 14:14:00,,,,,,,,,,,
2025-07-16 14:29:00,,,,,,,,,,,
2025-07-16 14:44:00,,,,,,,,,,,
2025-07-16 14:59:00,,,,,,,,,,,
2025-07-16 15:14:00,,,,,,,,,,,
2025-07-16 15:29:00,,,,,,,,,,,
2025-07-16 15:44:00,,,,,,,,,,,
2025-07-16 15:59:00,,,,,,,,,,,
2025-07-16 16:14:00,,,,,,,,,,,
2025-07-16 16:29:00,,,,,,,,,,,
2025-07-16 16:44:00,,,,,,,,,,,
2025-07-16 16:59:00,,,,,,,,,,,
2025-07-16 17:14:00,,,,,,,,,,,
2025-07-16 17:29:00,,,,,,,,,,,
2025-07-16 17:44:00,,,,,,,,,,,
2025-07-16 17:59:00,,,,,,,,,,,
2025-07-16 18:14:00,,,,,,,,,,,
2025-07-16 18:29:00,,,,,,,,,,,
2025-07-16 18:44:00,,,,,,,,,,,
2025-07-16 18:59:00,,,,,,,,,,,
2025-07-16 19:14:00,,,,,,,,,,,
2025-07-16 19:29:00,,,,,,,,,,,
2025-07-16 19:44:00,,,,,,,,,,,
2025-07-16 19:59:00,,,,,,,,,,,
2025-07-16 20:14:00,,,,,,,,,,,
2025-07-16 20:29:00,,,,,,,,,,,
2025-07-16 20:44:00,,,,,,,,,,,
2025-07-16 20:59:00,,,,,,,,,,,
2025-07-16 21:14:00,,,,,,,,,,,
2025-07-16 21:29:00,,,,,,,,,,,
2025-07-16 21:44:00,,,,,,,,,,,
2025-07-16 21:59:00,,,,,,,,,,,
2025-07-16 22:14:00,,,,,,,,,,,
2025-07-16 22:29:00,,,,,,,,,,,
2025-07-16 22:44:00,,,,,,,,,,,
2025-07-16 22:59:00,,,,,,,,,,,
2025-07-16 23:14:00,,,,,,,,,,,
2025-07-16 23:29:00,,,,,,,,,,,
2025-07-16 23:44:00,,,,,,,,,,,
2025-07-16 23:59:00,,,,,,,,,,,
2025-07-17 00:14:00,,,,,,,,,,,
2025-07-17 00:29:00,,,,,,,,,,,
2025-07-17 00:44:00,,,,,,,,,,,
2025-07-17 00:59:00,,,,,,,,,,,
2025-07-17 01:14:00,,,,,,,,,,,
2025-07-17 01:29:00,,,,,,,,,,,
2025-07-17 01:44:00,,,,,,,,,,,
2025-07-17 01:59:00,,,,,,,,,,,
2025-07-17 02:14:00,,,,,,,,,,,
2025-07-17 02:29:00,,,,,,,,,,,
2025-07-17 02:44:00,,,,,,,,,,,
2025-07-17 02:59:00,,,,,,,,,,,
2025-07-17 03:14:00,,,,,,,,,,,
2025-07-17 03:29:00,,,,,,,,,,,
2025-07-17 03:44:00,,,,,,,,,,,
2025-07-17 03:59:00,,,,,,,,,,,
2025-07-17 04:14:00,,,,,,,,,,,
2025-07-17 04:29:00,,,,,,,,,,,
2025-07-17 04:44:00,,,,,,,,,,,
2025-07-17 04:59:00,,,,,,,,,,,
2025-07-17 05:14:00,,,,,,,,,,,
2025-07-17 05:29:00,,,,,,,,,,,
2025-07-17 05:44:00,,,,,,,,,,,
2025-07-17 05:59:00,,,,,,,,,,,
2025-07-17 06:14:00,,,,,,,,,,,
2025-07-17 06:29:00,,,,,,,,,,,
2025-07-17 06:44:00,,,,,,,,,,,
2025-07-17 06:59:00,,,,,,,,,,,
2025-07-17 07:14:00,,,,,,,,,,,
2025-07-17 07:29:00,,,,,,,,,,,
2025-07-17 07:44:00,,,,,,,,,,,
2025-07-17 07:59:00,,,,,,,,,,,
2025-07-17 08:14:00,,,,,,,,,,,
2025-07-17 08:29:00,,,,,,,,,,,
2025-07-17 08:44:00,,,,,,,,,,,
2025-07-17 08:59:00,,,,,,,,,,,
2025-07-17 09:14:00,,,,,,,,,,,
2025-07-17 09:29:00,,,,,,,,,,,
2025-07-17 09:44:00,,,,,,,,,,,
2025-07-17 09:59:00,,,,,,,,,,,
2025-07-17 10:14:00,,,,,,,,,,,
2025-07-17 10:29:00,,,,,,,,,,,
2025-07-17 10:44:00,,,,,,,,,,,
2025-07-17 10:59:00,,,,,,,,,,,
2025-07-17 11:14:00,,,,,,,,,,,
2025-07-17 11:29:00,,,,,,,,,,,
2025-07-17 11:44:00,,,,,,,,,,,
2025-07-17 11:59:00,,,,,,,,,,,
2025-07-17 12:14:00,,,,,,,,,,,
2025-07-17 12:29:00,,,,,,,,,,,
2025-07-17 12:44:00,,,,,,,,,,,
2025-07-17 12:59:00,,,,,,,,,,,
2025-07-17 13:14:00,,,,,,,,,,,
2025-07-17 13:29:00,,,,,,,,,,,
2025-07-17 13:44:00,,,,,,,,,,,
2025-07-17 13:59:00,,,,,,,,,,,
2025-07-17 14:14:00,,,,,,,,,,,
2025-07-17 14:29:00,,,,,,,,,,,
2025-07-17 14:44:00,,,,,,,,,,,
2025-07-17 14:59:00,,,,,,,,,,,
2025-07-17 15:14:00,,,,,,,,,,,
2025-07-17 15:29:00,,,,,,,,,,,
2025-07-17 15:44:00,,,,,,,,,,,
2025-07-17 15:59:00,,,,,,,,,,,
2025-07-17 16:14:00,,,,,,,,,,,
2025-07-17 16:29:00,,,,,,,,,,,
2025-07-17 16:44:00,,,,,,,,,,,
2025-07-17 16:59:00,,,,,,,,,,,
2025-07-17 17:14:00,,,,,,,,,,,
2025-07-17 17:29:00,,,,,,,,,,,
2025-07-17 17:44:00,,,,,,,,,,,
2025-07-17 17:59:00,,,,,,,,,,,
2025-07-17 18:14:00,,,,,,,,,,,
2025-07-17 18:29:00,,,,,,,,,,,
2025-07-17 18:44:00,,,,,,,,,,,
2025-07-17 18:59:00,,,,,,,,,,,
2025-07-17 19:14:00,,,,,,,,,,,
2025-07-17 19:29:00,,,,,,,,,,,
2025-07-17 19:44:00,,,,,,,,,,,
2025-07-17 19:59:00,,,,,,,,,,,
2025-07-17 20:14:00,,,,,,,,,,,
2025-07-17 20:29:00,,,,,,,,,,,
2025-07-17 20:44:00,,,,,,,,,,,
2025-07-17 20:59:00,,,,,,,,,,,
2025-07-17 21:14:00,,,,,,,,,,,
2025-07-17 21:29:00,,,,,,,,,,,
2025-07-17 21:44:00,,,,,,,,,,,
2025-07-17 21:59:00,,,,,,,,,,,
2025-07-17 22:14:00,,,,,,,,,,,
2025-07-17 22:29:00,,,,,,,,,,,
2025-07-17 22:44:00,,,,,,,,,,,
2025-07-17 22:59:00,,,,,,,,,,,
2025-07-17 23:14:00,,,,,,,,,,,
2025-07-17 23:29:00,,,,,,,,,,,
2025-07-17 23:44:00,,,,,,,,,,,
2025-07-17 23:59:00,,,,,,,,,,,
2025-07-18 00:14:00,,,,,,,,,,,
2025-07-18 00:29:00,,,,,,,,,,,
2025-07-18 00:44:00,,,,,,,,,,,
2025-07-18 00:59:00,,,,,,,,,,,
2025-07-18 01:14:00,,,,,,,,,,,
2025-07-18 01:29:00,,,,,,,,,,,
2025-07-18 01:44:00,,,,,,,,,,,
2025-07-18 01:59:00,,,,,,,,,,,
2025-07-18 02:14:00,,,,,,,,,,,
2025-07-18 02:29:00,,,,,,,,,,,
2025-07-18 02:44:00,,,,,,,,,,,
2025-07-18 02:59:00,,,,,,,,,,,
2025-07-18 03:14:00,,,,,,,,,,,
2025-07-18 03:29:00,,,,,,,,,,,
2025-07-18 03:44:00,,,,,,,,,,,
2025-07-18 03:59:00,,,,,,,,,,,
2025-07-18 04:14:00,,,,,,,,,,,
2025-07-18 04:29:00,,,,,,,,,,,
2025-07-18 04:44:00,,,,,,,,,,,
2025-07-18 04:59:00,,,,,,,,,,,
2025-07-18 05:14:00,,,,,,,,,,,
2025-07-18 05:29:00,,,,,,,,,,,
2025-07-18 05:44:00,,,,,,,,,,,
2025-07-18 05:59:00,,,,,,,,,,,
2025-07-18 06:14:00,,,,,,,,,,,
2025-07-18 06:29:00,,,,,,,,,,,
2025-07-18 06:44:00,,,,,,,,,,,
2025-07-18 06:59:00,,,,,,,,,,,
2025-07-18 07:14:00,,,,,,,,,,,
2025-07-18 07:29:00,,,,,,,,,,,
2025-07-18 07:44:00,,,,,,,,,,,
2025-07-18 07:59:00,,,,,,,,,,,
2025-07-18 08:14:00,,,,,,,,,,,
2025-07-18 08:29:00,,,,,,,,,,,
2025-07-18 08:44:00,,,,,,,,,,,
2025-07-18 08:59:00,,,,,,,,,,,
2025-07-18 09:14:00,,,,,,,,,,,
2025-07-18 09:29:00,,,,,,,,,,,
2025-07-18 09:44:00,,,,,,,,,,,
2025-07-18 09:59:00,,,,,,,,,,,
2025-07-18 10:14:00,,,,,,,,,,,
2025-07-18 10:29:00,,,,,,,,,,,
2025-07-18 10:44:00,,,,,,,,,,,
2025-07-18 10:59:00,,,,,,,,,,,
2025-07-18 11:14:00,,,,,,,,,,,
2025-07-18 11:29:00,,,,,,,,,,,
2025-07-18 11:44:00,,,,,,,,,,,
2025-07-18 11:59:00,,,,,,,,,,,
2025-07-18 12:14:00,,,,,,,,,,,
2025-07-18 12:29:00,,,,,,,,,,,
2025-07-18 12:44:00,,,,,,,,,,,
2025-07-18 12:59:00,,,,,,,,,,,
2025-07-18 13:14:00,,,,,,,,,,,
2025-07-18 13:29:00,,,,,,,,,,,
2025-07-18 13:44:00,,,,,,,,,,,
2025-07-18 13:59:00,,,,,,,,,,,
2025-07-18 14:14:00,,,,,,,,,,,
2025-07-18 14:29:00,,,,,,,,,,,
2025-07-18 14:44:00,,,,,,,,,,,
2025-07-18 14:59:00,,,,,,,,,,,
2025-07-18 15:14:00,,,,,,,,,,,
2025-07-18 15:29:00,,,,,,,,,,,
2025-07-18 15:44:00,,,,,,,,,,,
2025-07-18 15:59:00,,,,,,,,,,,
2025-07-18 16:14:00,,,,,,,,,,,
2025-07-18 16:29:00,,,,,,,,,,,
2025-07-18 16:44:00,,,,,,,,,,,
2025-07-18 16:59:00,,,,,,,,,,,
2025-07-18 17:14:00,,,,,,,,,,,
2025-07-18 17:29:00,,,,,,,,,,,
2025-07-18 17:44:00,,,,,,,,,,,
2025-07-18 17:59:00,,,,,,,,,,,
2025-07-18 18:14:00,,,,,,,,,,,
2025-07-18 18:29:00,,,,,,,,,,,
2025-07-18 18:44:00,,,,,,,,,,,
2025-07-18 18:59:00,,,,,,,,,,,
2025-07-18 19:14:00,,,,,,,,,,,
2025-07-18 19:29:00,,,,,,,,,,,
2025-07-18 19:44:00,,,,,,,,,,,
2025-07-18 19:59:00,,,,,,,,,,,
2025-07-18 20:14:00,,,,,,,,,,,
2025-07-18 20:29:00,,,,,,,,,,,
2025-07-18 20:44:00,,,,,,,,,,,
2025-07-18 20:59:00,,,,,,,,,,,
2025-07-18 21:14:00,,,,,,,,,,,
2025-07-18 21:29:00,,,,,,,,,,,
2025-07-18 21:44:00,,,,,,,,,,,
2025-07-18 21:59:00,,,,,,,,,,,
2025-07-18 22:14:00,,,,,,,,,,,
2025-07-18 22:29:00,,,,,,,,,,,
2025-07-18 22:44:00,,,,,,,,,,,
2025-07-18 22:59:00,,,,,,,,,,,
2025-07-18 23:14:00,,,,,,,,,,,
2025-07-18 23:29:00,,,,,,,,,,,
2025-07-18 23:44:00,,,,,,,,,,,
2025-07-18 23:59:00,,,,,,,,,,,
2025-07-19 00:14:00,,,,,,,,,,,
2025-07-19 00:29:00,,,,,,,,,,,
2025-07-19 00:44:00,,,,,,,,,,,
2025-07-19 00:59:00,,,,,,,,,,,
2025-07-19 01:14:00,,,,,,,,,,,
2025-07-19 01:29:00,,,,,,,,,,,
2025-07-19 01:44:00,,,,,,,,,,,
2025-07-19 01:59:00,,,,,,,,,,,
2025-07-19 02:14:00,,,,,,,,,,,
2025-07-19 02:29:00,,,,,,,,,,,
2025-07-19 02:44:00,,,,,,,,,,,
2025-07-19 02:59:00,,,,,,,,,,,
2025-07-19 03:14:00,,,,,,,,,,,
2025-07-19 03:29:00,,,,,,,,,,,
2025-07-19 03:44:00,,,,,,,,,,,
2025-07-19 03:59:00,,,,,,,,,,,
2025-07-19 04:14:00,,,,,,,,,,,
2025-07-19 04:29:00,,,,,,,,,,,
2025-07-19 04:44:00,,,,,,,,,,,
2025-07-19 04:59:00,,,,,,,,,,,
2025-07-19 05:14:00,,,,,,,,,,,
2025-07-19 05:29:00,,,,,,,,,,,
2025-07-19 05:44:00,,,,,,,,,,,
2025-07-19 05:59:00,,,,,,,,,,,
2025-07-19 06:14:00,,,,,,,,,,,
2025-07-19 06:29:00,,,,,,,,,,,
2025-07-19 06:44:00,,,,,,,,,,,
2025-07-19 06:59:00,,,,,,,,,,,
2025-07-19 07:14:00,,,,,,,,,,,
2025-07-19 07:29:00,,,,,,,,,,,
2025-07-19 07:44:00,,,,,,,,,,,
2025-07-19 07:59:00,,,,,,,,,,,
2025-07-19 08:14:00,,,,,,,,,,,
2025-07-19 08:29:00,,,,,,,,,,,
2025-07-19 08:44:00,,,,,,,,,,,
2025-07-19 08:59:00,,,,,,,,,,,
2025-07-19 09:14:00,,,,,,,,,,,
2025-07-19 09:29:00,,,,,,,,,,,
2025-07-19 09:44:00,,,,,,,,,,,
2025-07-19 09:59:00,,,,,,,,,,,
2025-07-19 10:14:00,,,,,,,,,,,
2025-07-19 10:29:00,,,,,,,,,,,
2025-07-19 10:44:00,,,,,,,,,,,
2025-07-19 10:59:00,,,,,,,,,,,
2025-07-19 11:14:00,,,,,,,,,,,
2025-07-19 11:29:00,,,,,,,,,,,
2025-07-19 11:44:00,,,,,,,,,,,
2025-07-19 11:59:00,,,,,,,,,,,
2025-07-19 12:14:00,,,,,,,,,,,
2025-07-19 12:29:00,,,,,,,,,,,
2025-07-19 12:44:00,,,,,,,,,,,
2025-07-19 12:59:00,,,,,,,,,,,
2025-07-19 13:14:00,,,,,,,,,,,
2025-07-19 13:29:00,,,,,,,,,,,
2025-07-19 13:44:00,,,,,,,,,,,
2025-07-19 13:59:00,,,,,,,,,,,
2025-07-19 14:14:00,,,,,,,,,,,
2025-07-19 14:29:00,,,,,,,,,,,
2025-07-19 14:44:00,,,,,,,,,,,
2025-07-19 14:59:00,,,,,,,,,,,
2025-07-19 15:14:00,,,,,,,,,,,
2025-07-19 15:29:00,,,,,,,,,,,
2025-07-19 15:44:00,,,,,,,,,,,
2025-07-19 15:59:00,,,,,,,,,,,
2025-07-19 16:14:00,,,,,,,,,,,
2025-07-19 16:29:00,,,,,,,,,,,
2025-07-19 16:44:00,,,,,,,,,,,
2025-07-19 16:59:00,,,,,,,,,,,
2025-07-19 17:14:00,,,,,,,,,,,
2025-07-19 17:29:00,,,,,,,,,,,
2025-07-19 17:44:00,,,,,,,,,,,
2025-07-19 17:59:00,,,,,,,,,,,
2025-07-19 18:14:00,,,,,,,,,,,
2025-07-19 18:29:00,,,,,,,,,,,
2025-07-19 18:44:00,,,,,,,,,,,
2025-07-19 18:59:00,,,,,,,,,,,
2025-07-19 19:14:00,,,,,,,,,,,
2025-07-19 19:29:00,,,,,,,,,,,
2025-07-19 19:44:00,,,,,,,,,,,
2025-07-19 19:59:00,,,,,,,,,,,
2025-07-19 20:14:00,,,,,,,,,,,
2025-07-19 20:29:00,,,,,,,,,,,
2025-07-19 20:44:00,,,,,,,,,,,
2025-07-19 20:59:00,,,,,,,,,,,
2025-07-19 21:14:00,,,,,,,,,,,
2025-07-19 21:29:00,,,,,,,,,,,
2025-07-19 21:44:00,,,,,,,,,,,
2025-07-19 21:59:00,,,,,,,,,,,
2025-07-19 22:14:00,,,,,,,,,,,
2025-07-19 22:29:00,,,,,,,,,,,
2025-07-19 22:44:00,,,,,,,,,,,
2025-07-19 22:59:00,,,,,,,,,,,
2025-07-19 23:14:00,,,,,,,,,,,
2025-07-19 23:29:00,,,,,,,,,,,
2025-07-19 23:44:00,,,,,,,,,,,
2025-07-19 23:59:00,,,,,,,,,,,
2025-07-20 00:14:00,,,,,,,,,,,
2025-07-20 00:29:00,,,,,,,,,,,
2025-07-20 00:44:00,,,,,,,,,,,
2025-07-20 00:59:00,,,,,,,,,,,
2025-07-20 01:14:00,,,,,,,,,,,
2025-07-20 01:29:00,,,,,,,,,,,
2025-07-20 01:44:00,,,,,,,,,,,
2025-07-20 01:59:00,,,,,,,,,,,
2025-07-20 02:14:00,,,,,,,,,,,
2025-07-20 02:29:00,,,,,,,,,,,
2025-07-20 02:44:00,,,,,,,,,,,
2025-07-20 02:59:00,,,,,,,,,,,
2025-07-20 03:14:00,,,,,,,,,,,
2025-07-20 03:29:00,,,,,,,,,,,
2025-07-20 03:44:00,,,,,,,,,,,
2025-07-20 03:59:00,,,,,,,,,,,
2025-07-20 04:14:00,,,,,,,,,,,
2025-07-20 04:29:00,,,,,,,,,,,
2025-07-20 04:44:00,,,,,,,,,,,
2025-07-20 04:59:00,,,,,,,,,,,
2025-07-20 05:14:00,,,,,,,,,,,
2025-07-20 05:29:00,,,,,,,,,,,
2025-07-20 05:44:00,,,,,,,,,,,
2025-07-20 05:59:00,,,,,,,,,,,
2025-07-20 06:14:00,,,,,,,,,,,
2025-07-20 06:29:00,,,,,,,,,,,
2025-07-20 06:44:00,,,,,,,,,,,
2025-07-20 06:59:00,,,,,,,,,,,
2025-07-20 07:14:00,,,,,,,,,,,
2025-07-20 07:29:00,,,,,,,,,,,
2025-07-20 07:44:00,,,,,,,,,,,
2025-07-20 07:59:00,,,,,,,,,,,
2025-07-20 08:14:00,,,,,,,,,,,
2025-07-20 08:29:00,,,,,,,,,,,
2025-07-20 08:44:00,,,,,,,,,,,
2025-07-20 08:59:00,,,,,,,,,,,
2025-07-20 09:14:00,,,,,,,,,,,
2025-07-20 09:29:00,,,,,,,,,,,
2025-07-20 09:44:00,,,,,,,,,,,
2025-07-20 09:59:00,,,,,,,,,,,
2025-07-20 10:14:00,,,,,,,,,,,
2025-07-20 10:29:00,,,,,,,,,,,
2025-07-20 10:44:00,,,,,,,,,,,
2025-07-20 10:59:00,,,,,,,,,,,
2025-07-20 11:14:00,,,,,,,,,,,
2025-07-20 11:29:00,,,,,,,,,,,
2025-07-20 11:44:00,,,,,,,,,,,
2025-07-20 11:59:00,,,,,,,,,,,
2025-07-20 12:14:00,,,,,,,,,,,
2025-07-20 12:29:00,,,,,,,,,,,
2025-07-20 12:44:00,,,,,,,,,,,
2025-07-20 12:59:00,,,,,,,,,,,
2025-07-20 13:14:00,,,,,,,,,,,
2025-07-20 13:29:00,,,,,,,,,,,
2025-07-20 13:44:00,,,,,,,,,,,
2025-07-20 13:59:00,,,,,,,,,,,
2025-07-20 14:14:00,,,,,,,,,,,
2025-07-20 14:29:00,,,,,,,,,,,
2025-07-20 14:44:00,,,,,,,,,,,
2025-07-20 14:59:00,,,,,,,,,,,
2025-07-20 15:14:00,,,,,,,,,,,
2025-07-20 15:29:00,,,,,,,,,,,
2025-07-20 15:44:00,,,,,,,,,,,
2025-07-20 15:59:00,,,,,,,,,,,
2025-07-20 16:14:00,,,,,,,,,,,
2025-07-20 16:29:00,,,,,,,,,,,
2025-07-20 16:44:00,,,,,,,,,,,
2025-07-20 16:59:00,,,,,,,,,,,
2025-07-20 17:14:00,,,,,,,,,,,
2025-07-20 17:29:00,,,,,,,,,,,
2025-07-20 17:44:00,,,,,,,,,,,
2025-07-20 17:59:00,,,,,,,,,,,
2025-07-20 18:14:00,,,,,,,,,,,
2025-07-20 18:29:00,,,,,,,,,,,
2025-07-20 18:44:00,,,,,,,,,,,
2025-07-20 18:59:00,,,,,,,,,,,
2025-07-20 19:14:00,,,,,,,,,,,
2025-07-20 19:29:00,,,,,,,,,,,
2025-07-20 19:44:00,,,,,,,,,,,
2025-07-20 19:59:00,,,,,,,,,,,
2025-07-20 20:14:00,,,,,,,,,,,
2025-07-20 20:29:00,,,,,,,,,,,
2025-07-20 20:44:00,,,,,,,,,,,
2025-07-20 20:59:00,,,,,,,,,,,
2025-07-20 21:14:00,,,,,,,,,,,
2025-07-20 21:29:00,,,,,,,,,,,
2025-07-20 21:44:00,,,,,,,,,,,
2025-07-20 21:59:00,,,,,,,,,,,
2025-07-20 22:14:00,,,,,,,,,,,
2025-07-20 22:29:00,,,,,,,,,,,
2025-07-20 22:44:00,,,,,,,,,,,
2025-07-20 22:59:00,,,,,,,,,,,
2025-07-20 23:14:00,,,,,,,,,,,
2025-07-20 23:29:00,,,,,,,,,,,
2025-07-20 23:44:00,,,,,,,,,,,
2025-07-20 23:59:00,,,,,,,,,,,
2025-07-21 00:14:00,,,,,,,,,,,
2025-07-21 00:29:00,,,,,,,,,,,
2025-07-21 00:44:00,,,,,,,,,,,
2025-07-21 00:59:00,,,,,,,,,,,
2025-07-21 01:14:00,,,,,,,,,,,
2025-07-21 01:29:00,,,,,,,,,,,
2025-07-21 01:44:00,,,,,,,,,,,
2025-07-21 01:59:00,,,,,,,,,,,
2025-07-21 02:14:00,,,,,,,,,,,
2025-07-21 02:29:00,,,,,,,,,,,
2025-07-21 02:44:00,,,,,,,,,,,
2025-07-21 02:59:00,,,,,,,,,,,
2025-07-21 03:14:00,,,,,,,,,,,
2025-07-21 03:29:00,,,,,,,,,,,
2025-07-21 03:44:00,,,,,,,,,,,
2025-07-21 03:59:00,,,,,,,,,,,
2025-07-21 04:14:00,,,,,,,,,,,
2025-07-21 04:29:00,,,,,,,,,,,
2025-07-21 04:44:00,,,,,,,,,,,
2025-07-21 04:59:00,,,,,,,,,,,
2025-07-21 05:14:00,,,,,,,,,,,
2025-07-21 05:29:00,,,,,,,,,,,
2025-07-21 05:44:00,,,,,,,,,,,
2025-07-21 05:59:00,,,,,,,,,,,
2025-07-21 06:14:00,,,,,,,,,,,
2025-07-21 06:29:00,,,,,,,,,,,
2025-07-21 06:44:00,,,,,,,,,,,
2025-07-21 06:59:00,,,,,,,,,,,
2025-07-21 07:14:00,,,,,,,,,,,
2025-07-21 07:29:00,,,,,,,,,,,
2025-07-21 07:44:00,,,,,,,,,,,
2025-07-21 07:59:00,,,,,,,,,,,
2025-07-21 08:14:00,,,,,,,,,,,
2025-07-21 08:29:00,,,,,,,,,,,
2025-07-21 08:44:00,,,,,,,,,,,
2025-07-21 08:59:00,,,,,,,,,,,
2025-07-21 09:14:00,,,,,,,,,,,
2025-07-21 09:29:00,,,,,,,,,,,
2025-07-21 09:44:00,,,,,,,,,,,
2025-07-21 09:59:00,,,,,,,,,,,
2025-07-21 10:14:00,,,,,,,,,,,
2025-07-21 10:29:00,,,,,,,,,,,
2025-07-21 10:44:00,,,,,,,,,,,
2025-07-21 10:59:00,,,,,,,,,,,
2025-07-21 11:14:00,,,,,,,,,,,
2025-07-21 11:29:00,,,,,,,,,,,
2025-07-21 11:44:00,,,,,,,,,,,
2025-07-21 11:59:00,,,,,,,,,,,
2025-07-21 12:14:00,,,,,,,,,,,
2025-07-21 12:29:00,,,,,,,,,,,
2025-07-21 12:44:00,,,,,,,,,,,
2025-07-21 12:59:00,,,,,,,,,,,
2025-07-21 13:14:00,,,,,,,,,,,
2025-07-21 13:29:00,,,,,,,,,,,
2025-07-21 13:44:00,,,,,,,,,,,
2025-07-21 13:59:00,,,,,,,,,,,
2025-07-21 14:14:00,,,,,,,,,,,
2025-07-21 14:29:00,,,,,,,,,,,
2025-07-21 14:44:00,,,,,,,,,,,
2025-07-21 14:59:00,,,,,,,,,,,
2025-07-21 15:14:00,,,,,,,,,,,
2025-07-21 15:29:00,,,,,,,,,,,
2025-07-21 15:44:00,,,,,,,,,,,
2025-07-21 15:59:00,,,,,,,,,,,
2025-07-21 16:14:00,,,,,,,,,,,
2025-07-21 16:29:00,,,,,,,,,,,
2025-07-21 16:44:00,,,,,,,,,,,
2025-07-21 16:59:00,,,,,,,,,,,
2025-07-21 17:14:00,,,,,,,,,,,
2025-07-21 17:29:00,,,,,,,,,,,
2025-07-21 17:44:00,,,,,,,,,,,
2025-07-21 17:59:00,,,,,,,,,,,
2025-07-21 18:14:00,,,,,,,,,,,
2025-07-21 18:29:00,,,,,,,,,,,
2025-07-21 18:44:00,,,,,,,,,,,
2025-07-21 18:59:00,,,,,,,,,,,
2025-07-21 19:14:00,,,,,,,,,,,
2025-07-21 19:29:00,,,,,,,,,,,
2025-07-21 19:44:00,,,,,,,,,,,
2025-07-21 19:59:00,,,,,,,,,,,
2025-07-21 20:14:00,,,,,,,,,,,
2025-07-21 20:29:00,,,,,,,,,,,
2025-07-21 20:44:00,,,,,,,,,,,
2025-07-21 20:59:00,,,,,,,,,,,
2025-07-21 21:14:00,,,,,,,,,,,
2025-07-21 21:29:00,,,,,,,,,,,
2025-07-21 21:44:00,,,,,,,,,,,
2025-07-21 21:59:00,,,,,,,,,,,
2025-07-21 22:14:00,,,,,,,,,,,
2025-07-21 22:29:00,,,,,,,,,,,
2025-07-21 22:44:00,,,,,,,,,,,
2025-07-21 22:59:00,,,,,,,,,,,
2025-07-21 23:14:00,,,,,,,,,,,
2025-07-21 23:29:00,,,,,,,,,,,
2025-07-21 23:44:00,,,,,,,,,,,
2025-07-21 23:59:00,,,,,,,,,,,
2025-07-22 00:14:00,,,,,,,,,,,
2025-07-22 00:29:00,,,,,,,,,,,
2025-07-22 00:44:00,,,,,,,,,,,
2025-07-22 00:59:00,,,,,,,,,,,
2025-07-22 01:14:00,,,,,,,,,,,
2025-07-22 01:29:00,,,,,,,,,,,
2025-07-22 01:44:00,,,,,,,,,,,
2025-07-22 01:59:00,,,,,,,,,,,
2025-07-22 02:14:00,,,,,,,,,,,
2025-07-22 02:29:00,,,,,,,,,,,
2025-07-22 02:44:00,,,,,,,,,,,
2025-07-22 02:59:00,,,,,,,,,,,
2025-07-22 03:14:00,,,,,,,,,,,
2025-07-22 03:29:00,,,,,,,,,,,
2025-07-22 03:44:00,,,,,,,,,,,
2025-07-22 03:59:00,,,,,,,,,,,
2025-07-22 04:14:00,,,,,,,,,,,
2025-07-22 04:29:00,,,,,,,,,,,
2025-07-22 04:44:00,,,,,,,,,,,
2025-07-22 04:59:00,,,,,,,,,,,
2025-07-22 05:14:00,,,,,,,,,,,
2025-07-22 05:29:00,,,,,,,,,,,
2025-07-22 05:44:00,,,,,,,,,,,
2025-07-22 05:59:00,,,,,,,,,,,
2025-07-22 06:14:00,,,,,,,,,,,
2025-07-22 06:29:00,,,,,,,,,,,
2025-07-22 06:44:00,,,,,,,,,,,
2025-07-22 06:59:00,,,,,,,,,,,
2025-07-22 07:14:00,,,,,,,,,,,
2025-07-22 07:29:00,,,,,,,,,,,
2025-07-22 07:44:00,,,,,,,,,,,
2025-07-22 07:59:00,,,,,,,,,,,
2025-07-22 08:14:00,,,,,,,,,,,
2025-07-22 08:29:00,,,,,,,,,,,
2025-07-22 08:44:00,,,,,,,,,,,
2025-07-22 08:59:00,,,,,,,,,,,
2025-07-22 09:14:00,,,,,,,,,,,
2025-07-22 09:29:00,,,,,,,,,,,
2025-07-22 09:44:00,,,,,,,,,,,
2025-07-22 09:59:00,,,,,,,,,,,
2025-07-22 10:14:00,,,,,,,,,,,
2025-07-22 10:29:00,,,,,,,,,,,
2025-07-22 10:44:00,,,,,,,,,,,
2025-07-22 10:59:00,,,,,,,,,,,
2025-07-22 11:14:00,,,,,,,,,,,
2025-07-22 11:29:00,,,,,,,,,,,
2025-07-22 11:44:00,,,,,,,,,,,
2025-07-22 11:59:00,,,,,,,,,,,
2025-07-22 12:14:00,,,,,,,,,,,
2025-07-22 12:29:00,,,,,,,,,,,
2025-07-22 12:44:00,,,,,,,,,,,
2025-07-22 12:59:00,,,,,,,,,,,
2025-07-22 13:14:00,,,,,,,,,,,
2025-07-22 13:29:00,,,,,,,,,,,
2025-07-22 13:44:00,,,,,,,,,,,
2025-07-22 13:59:00,,,,,,,,,,,
2025-07-22 14:14:00,,,,,,,,,,,
2025-07-22 14:29:00,,,,,,,,,,,
2025-07-22 14:44:00,,,,,,,,,,,
2025-07-22 14:59:00,,,,,,,,,,,
2025-07-22 15:14:00,,,,,,,,,,,
2025-07-22 15:29:00,,,,,,,,,,,
2025-07-22 15:44:00,,,,,,,,,,,
2025-07-22 15:59:00,,,,,,,,,,,
2025-07-22 16:14:00,,,,,,,,,,,
2025-07-22 16:29:00,,,,,,,,,,,
2025-07-22 16:44:00,,,,,,,,,,,
2025-07-22 16:59:00,,,,,,,,,,,
2025-07-22 17:14:00,,,,,,,,,,,
2025-07-22 17:29:00,,,,,,,,,,,
2025-07-22 17:44:00,,,,,,,,,,,
2025-07-22 17:59:00,,,,,,,,,,,
2025-07-22 18:14:00,,,,,,,,,,,
2025-07-22 18:29:00,,,,,,,,,,,
2025-07-22 18:44:00,,,,,,,,,,,
2025-07-22 18:59:00,,,,,,,,,,,
2025-07-22 19:14:00,,,,,,,,,,,
2025-07-22 19:29:00,,,,,,,,,,,
2025-07-22 19:44:00,,,,,,,,,,,
2025-07-22 19:59:00,,,,,,,,,,,
2025-07-22 20:14:00,,,,,,,,,,,
2025-07-22 20:29:00,,,,,,,,,,,
2025-07-22 20:44:00,,,,,,,,,,,
2025-07-22 20:59:00,,,,,,,,,,,
2025-07-22 21:14:00,,,,,,,,,,,
2025-07-22 21:29:00,,,,,,,,,,,
2025-07-22 21:44:00,,,,,,,,,,,
2025-07-22 21:59:00,,,,,,,,,,,
2025-07-22 22:14:00,,,,,,,,,,,
2025-07-22 22:29:00,,,,,,,,,,,
2025-07-22 22:44:00,,,,,,,,,,,
2025-07-22 22:59:00,,,,,,,,,,,
2025-07-22 23:14:00,,,,,,,,,,,
2025-07-22 23:29:00,,,,,,,,,,,
2025-07-22 23:44:00,,,,,,,,,,,
2025-07-22 23:59:00,,,,,,,,,,,
2025-07-23 00:14:00,,,,,,,,,,,
2025-07-23 00:29:00,,,,,,,,,,,
2025-07-23 00:44:00,,,,,,,,,,,
2025-07-23 00:59:00,,,,,,,,,,,
2025-07-23 01:14:00,,,,,,,,,,,
2025-07-23 01:29:00,,,,,,,,,,,
2025-07-23 01:44:00,,,,,,,,,,,
2025-07-23 01:59:00,,,,,,,,,,,
2025-07-23 02:14:00,,,,,,,,,,,
2025-07-23 02:29:00,,,,,,,,,,,
2025-07-23 02:44:00,,,,,,,,,,,
2025-07-23 02:59:00,,,,,,,,,,,
2025-07-23 03:14:00,,,,,,,,,,,
2025-07-23 03:29:00,,,,,,,,,,,
2025-07-23 03:44:00,,,,,,,,,,,
2025-07-23 03:59:00,,,,,,,,,,,
2025-07-23 04:14:00,,,,,,,,,,,
2025-07-23 04:29:00,,,,,,,,,,,
2025-07-23 04:44:00,,,,,,,,,,,
2025-07-23 04:59:00,,,,,,,,,,,
2025-07-23 05:14:00,,,,,,,,,,,
2025-07-23 05:29:00,,,,,,,,,,,
2025-07-23 05:44:00,,,,,,,,,,,
2025-07-23 05:59:00,,,,,,,,,,,
2025-07-23 06:14:00,,,,,,,,,,,
2025-07-23 06:29:00,,,,,,,,,,,
2025-07-23 06:44:00,,,,,,,,,,,
2025-07-23 06:59:00,,,,,,,,,,,
2025-07-23 07:14:00,,,,,,,,,,,
2025-07-23 07:29:00,,,,,,,,,,,
2025-07-23 07:44:00,,,,,,,,,,,
2025-07-23 07:59:00,,,,,,,,,,,
2025-07-23 08:14:00,,,,,,,,,,,
2025-07-23 08:29:00,,,,,,,,,,,
2025-07-23 08:44:00,,,,,,,,,,,
2025-07-23 08:59:00,,,,,,,,,,,
2025-07-23 09:14:00,,,,,,,,,,,
2025-07-23 09:29:00,,,,,,,,,,,
2025-07-23 09:44:00,,,,,,,,,,,
2025-07-23 09:59:00,,,,,,,,,,,
2025-07-23 10:14:00,,,,,,,,,,,
2025-07-23 10:29:00,,,,,,,,,,,
2025-07-23 10:44:00,,,,,,,,,,,
2025-07-23 10:59:00,,,,,,,,,,,
2025-07-23 11:14:00,,,,,,,,,,,
2025-07-23 11:29:00,,,,,,,,,,,
2025-07-23 11:44:00,,,,,,,,,,,
2025-07-23 11:59:00,,,,,,,,,,,
2025-07-23 12:14:00,,,,,,,,,,,
2025-07-23 12:29:00,,,,,,,,,,,
2025-07-23 12:44:00,,,,,,,,,,,
2025-07-23 12:59:00,,,,,,,,,,,
2025-07-23 13:14:00,,,,,,,,,,,
2025-07-23 13:29:00,,,,,,,,,,,
2025-07-23 13:44:00,,,,,,,,,,,
2025-07-23 13:59:00,,,,,,,,,,,
2025-07-23 14:14:00,,,,,,,,,,,
2025-07-23 14:29:00,,,,,,,,,,,
2025-07-23 14:44:00,,,,,,,,,,,
2025-07-23 14:59:00,,,,,,,,,,,
2025-07-23 15:14:00,,,,,,,,,,,
2025-07-23 15:29:00,,,,,,,,,,,
2025-07-23 15:44:00,,,,,,,,,,,
2025-07-23 15:59:00,,,,,,,,,,,
2025-07-23 16:14:00,,,,,,,,,,,
2025-07-23 16:29:00,,,,,,,,,,,
2025-07-23 16:44:00,,,,,,,,,,,
2025-07-23 16:59:00,,,,,,,,,,,
2025-07-23 17:14:00,,,,,,,,,,,
2025-07-23 17:29:00,,,,,,,,,,,
2025-07-23 17:44:00,,,,,,,,,,,
2025-07-23 17:59:00,,,,,,,,,,,
2025-07-23 18:14:00,,,,,,,,,,,
2025-07-23 18:29:00,,,,,,,,,,,
2025-07-23 18:44:00,,,,,,,,,,,
2025-07-23 18:59:00,,,,,,,,,,,
2025-07-23 19:14:00,,,,,,,,,,,
2025-07-23 19:29:00,,,,,,,,,,,
2025-07-23 19:44:00,,,,,,,,,,,
2025-07-23 19:59:00,,,,,,,,,,,
2025-07-23 20:14:00,,,,,,,,,,,
2025-07-23 20:29:00,,,,,,,,,,,
2025-07-23 20:44:00,,,,,,,,,,,
2025-07-23 20:59:00,,,,,,,,,,,
2025-07-23 21:14:00,,,,,,,,,,,
2025-07-23 21:29:00,,,,,,,,,,,
2025-07-23 21:44:00,,,,,,,,,,,
2025-07-23 21:59:00,,,,,,,,,,,
2025-07-23 22:14:00,,,,,,,,,,,
2025-07-23 22:29:00,,,,,,,,,,,
2025-07-23 22:44:00,,,,,,,,,,,
2025-07-23 22:59:00,,,,,,,,,,,
2025-07-23 23:14:00,,,,,,,,,,,
2025-07-23 23:29:00,,,,,,,,,,,
2025-07-23 23:44:00,,,,,,,,,,,
2025-07-23 23:59:00,,,,,,,,,,,
2025-07-24 00:14:00,,,,,,,,,,,
2025-07-24 00:29:00,,,,,,,,,,,
2025-07-24 00:44:00,,,,,,,,,,,
2025-07-24 00:59:00,,,,,,,,,,,
2025-07-24 01:14:00,,,,,,,,,,,
2025-07-24 01:29:00,,,,,,,,,,,
2025-07-24 01:44:00,,,,,,,,,,,
2025-07-24 01:59:00,,,,,,,,,,,
2025-07-24 02:14:00,,,,,,,,,,,
2025-07-24 02:29:00,,,,,,,,,,,
2025-07-24 02:44:00,,,,,,,,,,,
2025-07-24 02:59:00,,,,,,,,,,,
2025-07-24 03:14:00,,,,,,,,,,,
2025-07-24 03:29:00,,,,,,,,,,,
2025-07-24 03:44:00,,,,,,,,,,,
2025-07-24 03:59:00,,,,,,,,,,,
2025-07-24 04:14:00,,,,,,,,,,,
2025-07-24 04:29:00,,,,,,,,,,,
2025-07-24 04:44:00,,,,,,,,,,,
2025-07-24 04:59:00,,,,,,,,,,,
2025-07-24 05:14:00,,,,,,,,,,,
2025-07-24 05:29:00,,,,,,,,,,,
2025-07-24 05:44:00,,,,,,,,,,,
2025-07-24 05:59:00,,,,,,,,,,,
2025-07-24 06:14:00,,,,,,,,,,,
2025-07-24 06:29:00,,,,,,,,,,,
2025-07-24 06:44:00,,,,,,,,,,,
2025-07-24 06:59:00,,,,,,,,,,,
2025-07-24 07:14:00,,,,,,,,,,,
2025-07-24 07:29:00,,,,,,,,,,,
2025-07-24 07:44:00,,,,,,,,,,,
2025-07-24 07:59:00,,,,,,,,,,,
2025-07-24 08:14:00,,,,,,,,,,,
2025-07-24 08:29:00,,,,,,,,,,,
2025-07-24 08:44:00,,,,,,,,,,,
2025-07-24 08:59:00,,,,,,,,,,,
2025-07-24 09:14:00,,,,,,,,,,,
2025-07-24 09:29:00,,,,,,,,,,,
2025-07-24 09:44:00,,,,,,,,,,,
2025-07-24 09:59:00,,,,,,,,,,,
2025-07-24 10:14:00,,,,,,,,,,,
2025-07-24 10:29:00,,,,,,,,,,,
2025-07-24 10:44:00,,,,,,,,,,,
2025-07-24 10:59:00,,,,,,,,,,,
2025-07-24 11:14:00,,,,,,,,,,,
2025-07-24 11:29:00,,,,,,,,,,,
2025-07-24 11:44:00,,,,,,,,,,,
2025-07-24 11:59:00,,,,,,,,,,,
2025-07-24 12:14:00,,,,,,,,,,,
2025-07-24 12:29:00,,,,,,,,,,,
2025-07-24 12:44:00,,,,,,,,,,,
2025-07-24 12:59:00,,,,,,,,,,,
2025-07-24 13:14:00,,,,,,,,,,,
2025-07-24 13:29:00,,,,,,,,,,,
2025-07-24 13:44:00,,,,,,,,,,,
2025-07-24 13:59:00,,,,,,,,,,,
2025-07-24 14:14:00,,,,,,,,,,,
2025-07-24 14:29:00,,,,,,,,,,,
2025-07-24 14:44:00,,,,,,,,,,,
2025-07-24 14:59:00,,,,,,,,,,,
2025-07-24 15:14:00,,,,,,,,,,,
2025-07-24 15:29:00,,,,,,,,,,,
2025-07-24 15:44:00,,,,,,,,,,,
2025-07-24 15:59:00,,,,,,,,,,,
2025-07-24 16:14:00,,,,,,,,,,,
2025-07-24 16:29:00,,,,,,,,,,,
2025-07-24 16:44:00,,,,,,,,,,,
2025-07-24 16:59:00,,,,,,,,,,,
2025-07-24 17:14:00,,,,,,,,,,,
2025-07-24 17:29:00,,,,,,,,,,,
2025-07-24 17:44:00,,,,,,,,,,,
2025-07-24 17:59:00,,,,,,,,,,,
2025-07-24 18:14:00,,,,,,,,,,,
2025-07-24 18:29:00,,,,,,,,,,,
2025-07-24 18:44:00,,,,,,,,,,,
2025-07-24 18:59:00,,,,,,,,,,,
2025-07-24 19:14:00,,,,,,,,,,,
2025-07-24 19:29:00,,,,,,,,,,,
2025-07-24 19:44:00,,,,,,,,,,,
2025-07-24 19:59:00,,,,,,,,,,,
2025-07-24 20:14:00,,,,,,,,,,,
2025-07-24 20:29:00,,,,,,,,,,,
2025-07-24 20:44:00,,,,,,,,,,,
2025-07-24 20:59:00,,,,,,,,,,,
2025-07-24 21:14:00,,,,,,,,,,,
2025-07-24 21:29:00,,,,,,,,,,,
2025-07-24 21:44:00,,,,,,,,,,,
2025-07-24 21:59:00,,,,,,,,,,,
2025-07-24 22:14:00,,,,,,,,,,,
2025-07-24 22:29:00,,,,,,,,,,,
2025-07-24 22:44:00,,,,,,,,,,,
2025-07-24 22:59:00,,,,,,,,,,,
2025-07-24 23:14:00,,,,,,,,,,,
2025-07-24 23:29:00,,,,,,,,,,,
2025-07-24 23:44:00,,,,,,,,,,,
2025-07-24 23:59:00,,,,,,,,,,,
2025-07-25 00:14:00,,,,,,,,,,,
2025-07-25 00:29:00,,,,,,,,,,,
2025-07-25 00:44:00,,,,,,,,,,,
2025-07-25 00:59:00,,,,,,,,,,,
2025-07-25 01:14:00,,,,,,,,,,,
2025-07-25 01:29:00,,,,,,,,,,,
2025-07-25 01:44:00,,,,,,,,,,,
2025-07-25 01:59:00,,,,,,,,,,,
2025-07-25 02:14:00,,,,,,,,,,,
2025-07-25 02:29:00,,,,,,,,,,,
2025-07-25 02:44:00,,,,,,,,,,,
2025-07-25 02:59:00,,,,,,,,,,,
2025-07-25 03:14:00,,,,,,,,,,,
2025-07-25 03:29:00,,,,,,,,,,,
2025-07-25 03:44:00,,,,,,,,,,,
2025-07-25 03:59:00,,,,,,,,,,,
2025-07-25 04:14:00,,,,,,,,,,,
2025-07-25 04:29:00,,,,,,,,,,,
2025-07-25 04:44:00,,,,,,,,,,,
2025-07-25 04:59:00,,,,,,,,,,,
2025-07-25 05:14:00,,,,,,,,,,,
2025-07-25 05:29:00,,,,,,,,,,,
2025-07-25 05:44:00,,,,,,,,,,,
2025-07-25 05:59:00,,,,,,,,,,,
2025-07-25 06:14:00,,,,,,,,,,,
2025-07-25 06:29:00,,,,,,,,,,,
2025-07-25 06:44:00,,,,,,,,,,,
2025-07-25 06:59:00,,,,,,,,,,,
2025-07-25 07:14:00,,,,,,,,,,,
2025-07-25 07:29:00,,,,,,,,,,,
2025-07-25 07:44:00,,,,,,,,,,,
2025-07-25 07:59:00,,,,,,,,,,,
2025-07-25 08:14:00,,,,,,,,,,,
2025-07-25 08:29:00,,,,,,,,,,,
2025-07-25 08:44:00,,,,,,,,,,,
2025-07-25 08:59:00,,,,,,,,,,,
2025-07-25 09:14:00,,,,,,,,,,,
2025-07-25 09:29:00,,,,,,,,,,,
2025-07-25 09:44:00,,,,,,,,,,,
2025-07-25 09:59:00,,,,,,,,,,,
2025-07-25 10:14:00,,,,,,,,,,,
2025-07-25 10:29:00,,,,,,,,,,,
2025-07-25 10:44:00,,,,,,,,,,,
2025-07-25 10:59:00,,,,,,,,,,,
2025-07-25 11:14:00,,,,,,,,,,,
2025-07-25 11:29:00,,,,,,,,,,,
2025-07-25 11:44:00,,,,,,,,,,,
2025-07-25 11:59:00,,,,,,,,,,,
2025-07-25 12:14:00,,,,,,,,,,,
2025-07-25 12:29:00,,,,,,,,,,,
2025-07-25 12:44:00,,,,,,,,,,,
2025-07-25 12:59:00,,,,,,,,,,,
2025-07-25 13:14:00,,,,,,,,,,,
2025-07-25 13:29:00,,,,,,,,,,,
2025-07-25 13:44:00,,,,,,,,,,,
2025-07-25 13:59:00,,,,,,,,,,,
2025-07-25 14:14:00,,,,,,,,,,,
2025-07-25 14:29:00,,,,,,,,,,,
2025-07-25 14:44:00,,,,,,,,,,,
2025-07-25 14:59:00,,,,,,,,,,,
2025-07-25 15:14:00,,,,,,,,,,,
2025-07-25 15:29:00,,,,,,,,,,,
2025-07-25 15:44:00,,,,,,,,,,,
2025-07-25 15:59:00,,,,,,,,,,,
2025-07-25 16:14:00,,,,,,,,,,,
2025-07-25 16:29:00,,,,,,,,,,,
2025-07-25 16:44:00,,,,,,,,,,,
2025-07-25 16:59:00,,,,,,,,,,,
2025-07-25 17:14:00,,,,,,,,,,,
2025-07-25 17:29:00,,,,,,,,,,,
2025-07-25 17:44:00,,,,,,,,,,,
2025-07-25 17:59:00,,,,,,,,,,,
2025-07-25 18:14:00,,,,,,,,,,,
2025-07-25 18:29:00,,,,,,,,,,,
2025-07-25 18:44:00,,,,,,,,,,,
2025-07-25 18:59:00,,,,,,,,,,,
2025-07-25 19:14:00,,,,,,,,,,,
2025-07-25 19:29:00,,,,,,,,,,,
2025-07-25 19:44:00,,,,,,,,,,,
2025-07-25 19:59:00,,,,,,,,,,,
2025-07-25 20:14:00,,,,,,,,,,,
2025-07-25 20:29:00,,,,,,,,,,,
2025-07-25 20:44:00,,,,,,,,,,,
2025-07-25 20:59:00,,,,,,,,,,,
2025-07-25 21:14:00,,,,,,,,,,,
2025-07-25 21:29:00,,,,,,,,,,,
2025-07-25 21:44:00,,,,,,,,,,,
2025-07-25 21:59:00,,,,,,,,,,,
2025-07-25 22:14:00,,,,,,,,,,,
2025-07-25 22:29:00,,,,,,,,,,,
2025-07-25 22:44:00,,,,,,,,,,,
2025-07-25 22:59:00,,,,,,,,,,,
2025-07-25 23:14:00,,,,,,,,,,,
2025-07-25 23:29:00,,,,,,,,,,,
2025-07-25 23:44:00,,,,,,,,,,,
2025-07-25 23:59:00,,,,,,,,,,,
2025-07-26 00:14:00,,,,,,,,,,,
2025-07-26 00:29:00,,,,,,,,,,,
2025-07-26 00:44:00,,,,,,,,,,,
2025-07-26 00:59:00,,,,,,,,,,,
2025-07-26 01:14:00,,,,,,,,,,,
2025-07-26 01:29:00,,,,,,,,,,,
2025-07-26 01:44:00,,,,,,,,,,,
2025-07-26 01:59:00,,,,,,,,,,,
2025-07-26 02:14:00,,,,,,,,,,,
2025-07-26 02:29:00,,,,,,,,,,,
2025-07-26 02:44:00,,,,,,,,,,,
2025-07-26 02:59:00,,,,,,,,,,,
2025-07-26 03:14:00,,,,,,,,,,,
2025-07-26 03:29:00,,,,,,,,,,,
2025-07-26 03:44:00,,,,,,,,,,,
2025-07-26 03:59:00,,,,,,,,,,,
2025-07-26 04:14:00,,,,,,,,,,,
2025-07-26 04:29:00,,,,,,,,,,,
2025-07-26 04:44:00,,,,,,,,,,,
2025-07-26 04:59:00,,,,,,,,,,,
2025-07-26 05:14:00,,,,,,,,,,,
2025-07-26 05:29:00,,,,,,,,,,,
2025-07-26 05:44:00,,,,,,,,,,,
2025-07-26 05:59:00,,,,,,,,,,,
2025-07-26 06:14:00,,,,,,,,,,,
2025-07-26 06:29:00,,,,,,,,,,,
2025-07-26 06:44:00,,,,,,,,,,,
2025-07-26 06:59:00,,,,,,,,,,,
2025-07-26 07:14:00,,,,,,,,,,,
2025-07-26 07:29:00,,,,,,,,,,,
2025-07-26 07:44:00,,,,,,,,,,,
2025-07-26 07:59:00,,,,,,,,,,,
2025-07-26 08:14:00,,,,,,,,,,,
2025-07-26 08:29:00,,,,,,,,,,,
2025-07-26 08:44:00,,,,,,,,,,,
2025-07-26 08:59:00,,,,,,,,,,,
2025-07-26 09:14:00,,,,,,,,,,,
2025-07-26 09:29:00,,,,,,,,,,,
2025-07-26 09:44:00,,,,,,,,,,,
2025-07-26 09:59:00,,,,,,,,,,,
2025-07-26 10:14:00,,,,,,,,,,,
2025-07-26 10:29:00,,,,,,,,,,,
2025-07-26 10:44:00,,,,,,,,,,,
2025-07-26 10:59:00,,,,,,,,,,,
2025-07-26 11:14:00,,,,,,,,,,,
2025-07-26 11:29:00,,,,,,,,,,,
2025-07-26 11:44:00,,,,,,,,,,,
2025-07-26 11:59:00,,,,,,,,,,,
2025-07-26 12:14:00,,,,,,,,,,,
2025-07-26 12:29:00,,,,,,,,,,,
2025-07-26 12:44:00,,,,,,,,,,,
2025-07-26 12:59:00,,,,,,,,,,,
2025-07-26 13:14:00,,,,,,,,,,,
2025-07-26 13:29:00,,,,,,,,,,,
2025-07-26 13:44:00,,,,,,,,,,,
2025-07-26 13:59:00,,,,,,,,,,,
2025-07-26 14:14:00,,,,,,,,,,,
2025-07-26 14:29:00,,,,,,,,,,,
2025-07-26 14:44:00,,,,,,,,,,,
2025-07-26 14:59:00,,,,,,,,,,,
2025-07-26 15:14:00,,,,,,,,,,,
2025-07-26 15:29:00,,,,,,,,,,,
2025-07-26 15:44:00,,,,,,,,,,,
2025-07-26 15:59:00,,,,,,,,,,,
2025-07-26 16:14:00,,,,,,,,,,,
2025-07-26 16:29:00,,,,,,,,,,,
2025-07-26 16:44:00,,,,,,,,,,,
2025-07-26 16:59:00,,,,,,,,,,,
2025-07-26 17:14:00,,,,,,,,,,,
2025-07-26 17:29:00,,,,,,,,,,,
2025-07-26 17:44:00,,,,,,,,,,,
2025-07-26 17:59:00,,,,,,,,,,,
2025-07-26 18:14:00,,,,,,,,,,,
2025-07-26 18:29:00,,,,,,,,,,,
2025-07-26 18:44:00,,,,,,,,,,,
2025-07-26 18:59:00,,,,,,,,,,,
2025-07-26 19:14:00,,,,,,,,,,,
2025-07-26 19:29:00,,,,,,,,,,,
2025-07-26 19:44:00,,,,,,,,,,,
2025-07-26 19:59:00,,,,,,,,,,,
2025-07-26 20:14:00,,,,,,,,,,,
2025-07-26 20:29:00,,,,,,,,,,,
2025-07-26 20:44:00,,,,,,,,,,,
2025-07-26 20:59:00,,,,,,,,,,,
2025-07-26 21:14:00,,,,,,,,,,,
2025-07-26 21:29:00,,,,,,,,,,,
2025-07-26 21:44:00,,,,,,,,,,,
2025-07-26 21:59:00,,,,,,,,,,,
2025-07-26 22:14:00,,,,,,,,,,,
2025-07-26 22:29:00,,,,,,,,,,,
2025-07-26 22:44:00,,,,,,,,,,,
2025-07-26 22:59:00,,,,,,,,,,,
2025-07-26 23:14:00,,,,,,,,,,,
2025-07-26 23:29:00,,,,,,,,,,,
2025-07-26 23:44:00,,,,,,,,,,,
2025-07-26 23:59:00,,,,,,,,,,,
2025-07-27 00:14:00,,,,,,,,,,,
2025-07-27 00:29:00,,,,,,,,,,,
2025-07-27 00:44:00,,,,,,,,,,,
2025-07-27 00:59:00,,,,,,,,,,,
2025-07-27 01:14:00,,,,,,,,,,,
2025-07-27 01:29:00,,,,,,,,,,,
2025-07-27 01:44:00,,,,,,,,,,,
2025-07-27 01:59:00,,,,,,,,,,,
2025-07-27 02:14:00,,,,,,,,,,,
2025-07-27 02:29:00,,,,,,,,,,,
2025-07-27 02:44:00,,,,,,,,,,,
2025-07-27 02:59:00,,,,,,,,,,,
2025-07-27 03:14:00,,,,,,,,,,,
2025-07-27 03:29:00,,,,,,,,,,,
2025-07-27 03:44:00,,,,,,,,,,,
2025-07-27 03:59:00,,,,,,,,,,,
2025-07-27 04:14:00,,,,,,,,,,,
2025-07-27 04:29:00,,,,,,,,,,,
2025-07-27 04:44:00,,,,,,,,,,,
2025-07-27 04:59:00,,,,,,,,,,,
2025-07-27 05:14:00,,,,,,,,,,,
2025-07-27 05:29:00,,,,,,,,,,,
2025-07-27 05:44:00,,,,,,,,,,,
2025-07-27 05:59:00,,,,,,,,,,,
2025-07-27 06:14:00,,,,,,,,,,,
2025-07-27 06:29:00,,,,,,,,,,,
2025-07-27 06:44:00,,,,,,,,,,,
2025-07-27 06:59:00,,,,,,,,,,,
2025-07-27 07:14:00,,,,,,,,,,,
2025-07-27 07:29:00,,,,,,,,,,,
2025-07-27 07:44:00,,,,,,,,,,,
2025-07-27 07:59:00,,,,,,,,,,,
2025-07-27 08:14:00,,,,,,,,,,,
2025-07-27 08:29:00,,,,,,,,,,,
2025-07-27 08:44:00,,,,,,,,,,,
2025-07-27 08:59:00,,,,,,,,,,,
2025-07-27 09:14:00,,,,,,,,,,,
2025-07-27 09:29:00,,,,,,,,,,,
2025-07-27 09:44:00,,,,,,,,,,,
2025-07-27 09:59:00,,,,,,,,,,,
2025-07-27 10:14:00,,,,,,,,,,,
2025-07-27 10:29:00,,,,,,,,,,,
2025-07-27 10:44:00,,,,,,,,,,,
2025-07-27 10:59:00,,,,,,,,,,,
2025-07-27 11:14:00,,,,,,,,,,,
2025-07-27 11:29:00,,,,,,,,,,,
2025-07-27 11:44:00,,,,,,,,,,,
2025-07-27 11:59:00,,,,,,,,,,,
2025-07-27 12:14:00,,,,,,,,,,,
2025-07-27 12:29:00,,,,,,,,,,,
2025-07-27 12:44:00,,,,,,,,,,,
2025-07-27 12:59:00,,,,,,,,,,,
2025-07-27 13:14:00,,,,,,,,,,,
2025-07-27 13:29:00,,,,,,,,,,,
2025-07-27 13:44:00,,,,,,,,,,,
2025-07-27 13:59:00,,,,,,,,,,,
2025-07-27 14:14:00,,,,,,,,,,,
2025-07-27 14:29:00,,,,,,,,,,,
2025-07-27 14:44:00,,,,,,,,,,,
2025-07-27 14:59:00,,,,,,,,,,,
2025-07-27 15:14:00,,,,,,,,,,,
2025-07-27 15:29:00,,,,,,,,,,,
2025-07-27 15:44:00,,,,,,,,,,,
2025-07-27 15:59:00,,,,,,,,,,,
2025-07-27 16:14:00,,,,,,,,,,,
2025-07-27 16:29:00,,,,,,,,,,,
2025-07-27 16:44:00,,,,,,,,,,,
2025-07-27 16:59:00,,,,,,,,,,,
2025-07-27 17:14:00,,,,,,,,,,,
2025-07-27 17:29:00,,,,,,,,,,,
2025-07-27 17:44:00,,,,,,,,,,,
2025-07-27 17:59:00,,,,,,,,,,,
2025-07-27 18:14:00,,,,,,,,,,,
2025-07-27 18:29:00,,,,,,,,,,,
2025-07-27 18:44:00,,,,,,,,,,,
2025-07-27 18:59:00,,,,,,,,,,,
2025-07-27 19:14:00,,,,,,,,,,,
2025-07-27 19:29:00,,,,,,,,,,,
2025-07-27 19:44:00,,,,,,,,,,,
2025-07-27 19:59:00,,,,,,,,,,,
2025-07-27 20:14:00,,,,,,,,,,,
2025-07-27 20:29:00,,,,,,,,,,,
2025-07-27 20:44:00,,,,,,,,,,,
2025-07-27 20:59:00,,,,,,,,,,,
2025-07-27 21:14:00,,,,,,,,,,,
2025-07-27 21:29:00,,,,,,,,,,,
2025-07-27 21:44:00,,,,,,,,,,,
2025-07-27 21:59:00,,,,,,,,,,,
2025-07-27 22:14:00,,,,,,,,,,,
2025-07-27 22:29:00,,,,,,,,,,,
2025-07-27 22:44:00,,,,,,,,,,,
2025-07-27 22:59:00,,,,,,,,,,,
2025-07-27 23:14:00,,,,,,,,,,,
2025-07-27 23:29:00,,,,,,,,,,,
2025-07-27 23:44:00,,,,,,,,,,,
2025-07-27 23:59:00,,,,,,,,,,,
2025-07-28 00:14:00,,,,,,,,,,,
2025-07-28 00:29:00,,,,,,,,,,,
2025-07-28 00:44:00,,,,,,,,,,,
2025-07-28 00:59:00,,,,,,,,,,,
2025-07-28 01:14:00,,,,,,,,,,,
2025-07-28 01:29:00,,,,,,,,,,,
2025-07-28 01:44:00,,,,,,,,,,,
2025-07-28 01:59:00,,,,,,,,,,,
2025-07-28 02:14:00,,,,,,,,,,,
2025-07-28 02:29:00,,,,,,,,,,,
2025-07-28 02:44:00,,,,,,,,,,,
2025-07-28 02:59:00,,,,,,,,,,,
2025-07-28 03:14:00,,,,,,,,,,,
2025-07-28 03:29:00,,,,,,,,,,,
2025-07-28 03:44:00,,,,,,,,,,,
2025-07-28 03:59:00,,,,,,,,,,,
2025-07-28 04:14:00,,,,,,,,,,,
2025-07-28 04:29:00,,,,,,,,,,,
2025-07-28 04:44:00,,,,,,,,,,,
2025-07-28 04:59:00,,,,,,,,,,,
2025-07-28 05:14:00,,,,,,,,,,,
2025-07-28 05:29:00,,,,,,,,,,,
2025-07-28 05:44:00,,,,,,,,,,,
2025-07-28 05:59:00,,,,,,,,,,,
2025-07-28 06:14:00,,,,,,,,,,,
2025-07-28 06:29:00,,,,,,,,,,,
2025-07-28 06:44:00,,,,,,,,,,,
2025-07-28 06:59:00,,,,,,,,,,,
2025-07-28 07:14:00,,,,,,,,,,,
2025-07-28 07:29:00,,,,,,,,,,,
2025-07-28 07:44:00,,,,,,,,,,,
2025-07-28 07:59:00,,,,,,,,,,,
2025-07-28 08:14:00,,,,,,,,,,,
2025-07-28 08:29:00,,,,,,,,,,,
2025-07-28 08:44:00,,,,,,,,,,,
2025-07-28 08:59:00,,,,,,,,,,,
2025-07-28 09:14:00,,,,,,,,,,,
2025-07-28 09:29:00,,,,,,,,,,,
2025-07-28 09:44:00,,,,,,,,,,,
2025-07-28 09:59:00,,,,,,,,,,,
2025-07-28 10:14:00,,,,,,,,,,,
2025-07-28 10:29:00,,,,,,,,,,,
2025-07-28 10:44:00,,,,,,,,,,,
2025-07-28 10:59:00,,,,,,,,,,,
2025-07-28 11:14:00,,,,,,,,,,,
2025-07-28 11:29:00,,,,,,,,,,,
2025-07-28 11:44:00,,,,,,,,,,,
2025-07-28 11:59:00,,,,,,,,,,,
2025-07-28 12:14:00,,,,,,,,,,,
2025-07-28 12:29:00,,,,,,,,,,,
2025-07-28 12:44:00,,,,,,,,,,,
2025-07-28 12:59:00,,,,,,,,,,,
2025-07-28 13:14:00,,,,,,,,,,,
2025-07-28 13:29:00,,,,,,,,,,,
2025-07-28 13:44:00,,,,,,,,,,,
2025-07-28 13:59:00,,,,,,,,,,,
2025-07-28 14:14:00,,,,,,,,,,,
2025-07-28 14:29:00,,,,,,,,,,,
2025-07-28 14:44:00,,,,,,,,,,,
2025-07-28 14:59:00,,,,,,,,,,,
2025-07-28 15:14:00,,,,,,,,,,,
2025-07-28 15:29:00,,,,,,,,,,,
2025-07-28 15:44:00,,,,,,,,,,,
2025-07-28 15:59:00,,,,,,,,,,,
2025-07-28 16:14:00,,,,,,,,,,,
2025-07-28 16:29:00,,,,,,,,,,,
2025-07-28 16:44:00,,,,,,,,,,,
2025-07-28 16:59:00,,,,,,,,,,,
2025-07-28 17:14:00,,,,,,,,,,,
2025-07-28 17:29:00,,,,,,,,,,,
2025-07-28 17:44:00,,,,,,,,,,,
2025-07-28 17:59:00,,,,,,,,,,,
2025-07-28 18:14:00,,,,,,,,,,,
2025-07-28 18:29:00,,,,,,,,,,,
2025-07-28 18:44:00,,,,,,,,,,,
2025-07-28 18:59:00,,,,,,,,,,,
2025-07-28 19:14:00,,,,,,,,,,,
2025-07-28 19:29:00,,,,,,,,,,,
2025-07-28 19:44:00,,,,,,,,,,,
2025-07-28 19:59:00,,,,,,,,,,,
2025-07-28 20:14:00,,,,,,,,,,,
2025-07-28 20:29:00,,,,,,,,,,,
2025-07-28 20:44:00,,,,,,,,,,,
2025-07-28 20:59:00,,,,,,,,,,,
2025-07-28 21:14:00,,,,,,,,,,,
2025-07-28 21:29:00,,,,,,,,,,,
2025-07-28 21:44:00,,,,,,,,,,,
2025-07-28 21:59:00,,,,,,,,,,,
2025-07-28 22:14:00,,,,,,,,,,,
2025-07-28 22:29:00,,,,,,,,,,,
2025-07-28 22:44:00,,,,,,,,,,,
2025-07-28 22:59:00,,,,,,,,,,,
2025-07-28 23:14:00,,,,,,,,,,,
2025-07-28 23:29:00,,,,,,,,,,,
2025-07-28 23:44:00,,,,,,,,,,,
2025-07-28 23:59:00,,,,,,,,,,,
2025-07-29 00:14:00,,,,,,,,,,,
2025-07-29 00:29:00,,,,,,,,,,,
2025-07-29 00:44:00,,,,,,,,,,,
2025-07-29 00:59:00,,,,,,,,,,,
2025-07-29 01:14:00,,,,,,,,,,,
2025-07-29 01:29:00,,,,,,,,,,,
2025-07-29 01:44:00,,,,,,,,,,,
2025-07-29 01:59:00,,,,,,,,,,,
2025-07-29 02:14:00,,,,,,,,,,,
2025-07-29 02:29:00,,,,,,,,,,,
2025-07-29 02:44:00,,,,,,,,,,,
2025-07-29 02:59:00,,,,,,,,,,,
2025-07-29 03:14:00,,,,,,,,,,,
2025-07-29 03:29:00,,,,,,,,,,,
2025-07-29 03:44:00,,,,,,,,,,,
2025-07-29 03:59:00,,,,,,,,,,,
2025-07-29 04:14:00,,,,,,,,,,,
2025-07-29 04:29:00,,,,,,,,,,,
2025-07-29 04:44:00,,,,,,,,,,,
2025-07-29 04:59:00,,,,,,,,,,,
2025-07-29 05:14:00,,,,,,,,,,,
2025-07-29 05:29:00,,,,,,,,,,,
2025-07-29 05:44:00,,,,,,,,,,,
2025-07-29 05:59:00,,,,,,,,,,,
2025-07-29 06:14:00,,,,,,,,,,,
2025-07-29 06:29:00,,,,,,,,,,,
2025-07-29 06:44:00,,,,,,,,,,,
2025-07-29 06:59:00,,,,,,,,,,,
2025-07-29 07:14:00,,,,,,,,,,,
2025-07-29 07:29:00,,,,,,,,,,,
2025-07-29 07:44:00,,,,,,,,,,,
2025-07-29 07:59:00,,,,,,,,,,,
2025-07-29 08:14:00,,,,,,,,,,,
2025-07-29 08:29:00,,,,,,,,,,,
2025-07-29 08:44:00,,,,,,,,,,,
2025-07-29 08:59:00,,,,,,,,,,,
2025-07-29 09:14:00,,,,,,,,,,,
2025-07-29 09:29:00,,,,,,,,,,,
2025-07-29 09:44:00,,,,,,,,,,,
2025-07-29 09:59:00,,,,,,,,,,,
2025-07-29 10:14:00,,,,,,,,,,,
2025-07-29 10:29:00,,,,,,,,,,,
2025-07-29 10:44:00,,,,,,,,,,,
2025-07-29 10:59:00,,,,,,,,,,,
2025-07-29 11:14:00,,,,,,,,,,,
2025-07-29 11:29:00,,,,,,,,,,,
2025-07-29 11:44:00,,,,,,,,,,,
2025-07-29 11:59:00,,,,,,,,,,,
2025-07-29 12:14:00,,,,,,,,,,,
2025-07-29 12:29:00,,,,,,,,,,,
2025-07-29 12:44:00,,,,,,,,,,,
2025-07-29 12:59:00,,,,,,,,,,,
2025-07-29 13:14:00,,,,,,,,,,,
2025-07-29 13:29:00,,,,,,,,,,,
2025-07-29 13:44:00,,,,,,,,,,,
2025-07-29 13:59:00,,,,,,,,,,,
2025-07-29 14:14:00,,,,,,,,,,,
2025-07-29 14:29:00,,,,,,,,,,,
2025-07-29 14:44:00,,,,,,,,,,,
2025-07-29 14:59:00,,,,,,,,,,,
2025-07-29 15:14:00,,,,,,,,,,,
2025-07-29 15:29:00,,,,,,,,,,,
2025-07-29 15:44:00,,,,,,,,,,,
2025-07-29 15:59:00,,,,,,,,,,,
2025-07-29 16:14:00,,,,,,,,,,,
2025-07-29 16:29:00,,,,,,,,,,,
2025-07-29 16:44:00,,,,,,,,,,,
2025-07-29 16:59:00,,,,,,,,,,,
2025-07-29 17:14:00,,,,,,,,,,,
2025-07-29 17:29:00,,,,,,,,,,,
2025-07-29 17:44:00,,,,,,,,,,,
2025-07-29 17:59:00,,,,,,,,,,,
2025-07-29 18:14:00,,,,,,,,,,,
2025-07-29 18:29:00,,,,,,,,,,,
2025-07-29 18:44:00,,,,,,,,,,,
2025-07-29 18:59:00,,,,,,,,,,,
2025-07-29 19:14:00,,,,,,,,,,,
2025-07-29 19:29:00,,,,,,,,,,,
2025-07-29 19:44:00,,,,,,,,,,,
2025-07-29 19:59:00,,,,,,,,,,,
2025-07-29 20:14:00,,,,,,,,,,,
2025-07-29 20:29:00,,,,,,,,,,,
2025-07-29 20:44:00,,,,,,,,,,,
2025-07-29 20:59:00,,,,,,,,,,,
2025-07-29 21:14:00,,,,,,,,,,,
2025-07-29 21:29:00,,,,,,,,,,,
2025-07-29 21:44:00,,,,,,,,,,,
2025-07-29 21:59:00,,,,,,,,,,,
2025-07-29 22:14:00,,,,,,,,,,,
2025-07-29 22:29:00,,,,,,,,,,,
2025-07-29 22:44:00,,,,,,,,,,,
2025-07-29 22:59:00,,,,,,,,,,,
2025-07-29 23:14:00,,,,,,,,,,,
2025-07-29 23:29:00,,,,,,,,,,,
2025-07-29 23:44:00,,,,,,,,,,,
2025-07-29 23:59:00,,,,,,,,,,,
2025-07-30 00:14:00,,,,,,,,,,,
2025-07-30 00:29:00,,,,,,,,,,,
2025-07-30 00:44:00,,,,,,,,,,,
2025-07-30 00:59:00,,,,,,,,,,,
2025-07-30 01:14:00,,,,,,,,,,,
2025-07-30 01:29:00,,,,,,,,,,,
2025-07-30 01:44:00,,,,,,,,,,,
2025-07-30 01:59:00,,,,,,,,,,,
2025-07-30 02:14:00,,,,,,,,,,,
2025-07-30 02:29:00,,,,,,,,,,,
2025-07-30 02:44:00,,,,,,,,,,,
2025-07-30 02:59:00,,,,,,,,,,,
2025-07-30 03:14:00,,,,,,,,,,,
2025-07-30 03:29:00,,,,,,,,,,,
2025-07-30 03:44:00,,,,,,,,,,,
2025-07-30 03:59:00,,,,,,,,,,,
2025-07-30 04:14:00,,,,,,,,,,,
2025-07-30 04:29:00,,,,,,,,,,,
2025-07-30 04:44:00,,,,,,,,,,,
2025-07-30 04:59:00,,,,,,,,,,,
2025-07-30 05:14:00,,,,,,,,,,,
2025-07-30 05:29:00,,,,,,,,,,,
2025-07-30 05:44:00,,,,,,,,,,,
2025-07-30 05:59:00,,,,,,,,,,,
2025-07-30 06:14:00,,,,,,,,,,,
2025-07-30 06:29:00,,,,,,,,,,,
2025-07-30 06:44:00,,,,,,,,,,,
2025-07-30 06:59:00,,,,,,,,,,,
2025-07-30 07:14:00,,,,,,,,,,,
2025-07-30 07:29:00,,,,,,,,,,,
2025-07-30 07:44:00,,,,,,,,,,,
2025-07-30 07:59:00,,,,,,,,,,,
2025-07-30 08:14:00,,,,,,,,,,,
2025-07-30 08:29:00,,,,,,,,,,,
2025-07-30 08:44:00,,,,,,,,,,,
2025-07-30 08:59:00,,,,,,,,,,,
2025-07-30 09:14:00,,,,,,,,,,,
2025-07-30 09:29:00,,,,,,,,,,,
2025-07-30 09:44:00,,,,,,,,,,,
2025-07-30 09:59:00,,,,,,,,,,,
2025-07-30 10:14:00,,,,,,,,,,,
2025-07-30 10:29:00,,,,,,,,,,,
2025-07-30 10:44:00,,,,,,,,,,,
2025-07-30 10:59:00,,,,,,,,,,,
2025-07-30 11:14:00,,,,,,,,,,,
2025-07-30 11:29:00,,,,,,,,,,,
2025-07-30 11:44:00,,,,,,,,,,,
2025-07-30 11:59:00,,,,,,,,,,,
2025-07-30 12:14:00,,,,,,,,,,,
2025-07-30 12:29:00,,,,,,,,,,,
2025-07-30 12:44:00,,,,,,,,,,,
2025-07-30 12:59:00,,,,,,,,,,,
2025-07-30 13:14:00,,,,,,,,,,,
2025-07-30 13:29:00,,,,,,,,,,,
2025-07-30 13:44:00,,,,,,,,,,,
2025-07-30 13:59:00,,,,,,,,,,,
2025-07-30 14:14:00,,,,,,,,,,,
2025-07-30 14:29:00,,,,,,,,,,,
2025-07-30 14:44:00,,,,,,,,,,,
2025-07-30 14:59:00,,,,,,,,,,,
2025-07-30 15:14:00,,,,,,,,,,,
2025-07-30 15:29:00,,,,,,,,,,,
2025-07-30 15:44:00,,,,,,,,,,,
2025-07-30 15:59:00,,,,,,,,,,,
2025-07-30 16:14:00,,,,,,,,,,,
2025-07-30 16:29:00,,,,,,,,,,,
2025-07-30 16:44:00,,,,,,,,,,,
2025-07-30 16:59:00,,,,,,,,,,,
2025-07-30 17:14:00,,,,,,,,,,,
2025-07-30 17:29:00,,,,,,,,,,,
2025-07-30 17:44:00,,,,,,,,,,,
2025-07-30 17:59:00,,,,,,,,,,,
2025-07-30 18:14:00,,,,,,,,,,,
2025-07-30 18:29:00,,,,,,,,,,,
2025-07-30 18:44:00,,,,,,,,,,,
2025-07-30 18:59:00,,,,,,,,,,,
2025-07-30 19:14:00,,,,,,,,,,,
2025-07-30 19:29:00,,,,,,,,,,,
2025-07-30 19:44:00,,,,,,,,,,,
2025-07-30 19:59:00,,,,,,,,,,,
2025-07-30 20:14:00,,,,,,,,,,,
2025-07-30 20:29:00,,,,,,,,,,,
2025-07-30 20:44:00,,,,,,,,,,,
2025-07-30 20:59:00,,,,,,,,,,,
2025-07-30 21:14:00,,,,,,,,,,,
2025-07-30 21:29:00,,,,,,,,,,,
2025-07-30 21:44:00,,,,,,,,,,,
2025-07-30 21:59:00,,,,,,,,,,,
2025-07-30 22:14:00,,,,,,,,,,,
2025-07-30 22:29:00,,,,,,,,,,,
2025-07-30 22:44:00,,,,,,,,,,,
2025-07-30 22:59:00,,,,,,,,,,,
2025-07-30 23:14:00,,,,,,,,,,,
2025-07-30 23:29:00,,,,,,,,,,,
2025-07-30 23:44:00,,,,,,,,,,,
2025-07-30 23:59:00,,,,,,,,,,,
2025-07-31 00:14:00,,,,,,,,,,,
2025-07-31 00:29:00,,,,,,,,,,,
2025-07-31 00:44:00,,,,,,,,,,,
2025-07-31 00:59:00,,,,,,,,,,,
2025-07-31 01:14:00,,,,,,,,,,,
2025-07-31 01:29:00,,,,,,,,,,,
2025-07-31 01:44:00,,,,,,,,,,,
2025-07-31 01:59:00,,,,,,,,,,,
2025-07-31 02:14:00,,,,,,,,,,,
2025-07-31 02:29:00,,,,,,,,,,,
2025-07-31 02:44:00,,,,,,,,,,,
2025-07-31 02:59:00,,,,,,,,,,,
2025-07-31 03:14:00,,,,,,,,,,,
2025-07-31 03:29:00,,,,,,,,,,,
2025-07-31 03:44:00,,,,,,,,,,,
2025-07-31 03:59:00,,,,,,,,,,,
2025-07-31 04:14:00,,,,,,,,,,,
2025-07-31 04:29:00,,,,,,,,,,,
2025-07-31 04:44:00,,,,,,,,,,,
2025-07-31 04:59:00,,,,,,,,,,,
2025-07-31 05:14:00,,,,,,,,,,,
2025-07-31 05:29:00,,,,,,,,,,,
2025-07-31 05:44:00,,,,,,,,,,,
2025-07-31 05:59:00,,,,,,,,,,,
2025-07-31 06:14:00,,,,,,,,,,,
2025-07-31 06:29:00,,,,,,,,,,,
2025-07-31 06:44:00,,,,,,,,,,,
2025-07-31 06:59:00,,,,,,,,,,,
2025-07-31 07:14:00,,,,,,,,,,,
2025-07-31 07:29:00,,,,,,,,,,,
2025-07-31 07:44:00,,,,,,,,,,,
2025-07-31 07:59:00,,,,,,,,,,,
2025-07-31 08:14:00,,,,,,,,,,,
2025-07-31 08:29:00,,,,,,,,,,,
2025-07-31 08:44:00,,,,,,,,,,,
2025-07-31 08:59:00,,,,,,,,,,,
2025-07-31 09:14:00,,,,,,,,,,,
2025-07-31 09:29:00,,,,,,,,,,,
2025-07-31 09:44:00,,,,,,,,,,,
2025-07-31 09:59:00,,,,,,,,,,,
2025-07-31 10:14:00,,,,,,,,,,,
2025-07-31 10:29:00,,,,,,,,,,,
2025-07-31 10:44:00,,,,,,,,,,,
2025-07-31 10:59:00,,,,,,,,,,,
2025-07-31 11:14:00,,,,,,,,,,,
2025-07-31 11:29:00,,,,,,,,,,,
2025-07-31 11:44:00,,,,,,,,,,,
2025-07-31 11:59:00,,,,,,,,,,,
2025-07-31 12:14:00,,,,,,,,,,,
2025-07-31 12:29:00,,,,,,,,,,,
2025-07-31 12:44:00,,,,,,,,,,,
2025-07-31 12:59:00,,,,,,,,,,,
2025-07-31 13:14:00,,,,,,,,,,,
2025-07-31 13:29:00,,,,,,,,,,,
2025-07-31 13:44:00,,,,,,,,,,,
2025-07-31 13:59:00,,,,,,,,,,,
2025-07-31 14:14:00,,,,,,,,,,,
2025-07-31 14:29:00,,,,,,,,,,,
2025-07-31 14:44:00,,,,,,,,,,,
2025-07-31 14:59:00,,,,,,,,,,,
2025-07-31 15:14:00,,,,,,,,,,,
2025-07-31 15:29:00,,,,,,,,,,,
2025-07-31 15:44:00,,,,,,,,,,,
2025-07-31 15:59:00,,,,,,,,,,,
2025-07-31 16:14:00,,,,,,,,,,,
2025-07-31 16:29:00,,,,,,,,,,,
2025-07-31 16:44:00,,,,,,,,,,,
2025-07-31 16:59:00,,,,,,,,,,,
2025-07-31 17:14:00,,,,,,,,,,,
2025-07-31 17:29:00,,,,,,,,,,,
2025-07-31 17:44:00,,,,,,,,,,,
2025-07-31 17:59:00,,,,,,,,,,,
2025-07-31 18:14:00,,,,,,,,,,,
2025-07-31 18:29:00,,,,,,,,,,,
2025-07-31 18:44:00,,,,,,,,,,,
2025-07-31 18:59:00,,,,,,,,,,,
2025-07-31 19:14:00,,,,,,,,,,,
2025-07-31 19:29:00,,,,,,,,,,,
2025-07-31 19:44:00,,,,,,,,,,,
2025-07-31 19:59:00,,,,,,,,,,,
2025-07-31 20:14:00,,,,,,,,,,,
2025-07-31 20:29:00,,,,,,,,,,,
2025-07-31 20:44:00,,,,,,,,,,,
2025-07-31 20:59:00,,,,,,,,,,,
2025-07-31 21:14:00,,,,,,,,,,,
2025-07-31 21:29:00,,,,,,,,,,,
2025-07-31 21:44:00,,,,,,,,,,,
2025-07-31 21:59:00,,,,,,,,,,,
2025-07-31 22:14:00,,,,,,,,,,,
2025-07-31 22:29:00,,,,,,,,,,,
2025-07-31 22:44:00,,,,,,,,,,,
2025-07-31 22:59:00,,,,,,,,,,,
2025-07-31 23:14:00,,,,,,,,,,,
2025-07-31 23:29:00,,,,,,,,,,,
2025-07-31 23:44:00,,,,,,,,,,,
2025-07-31 23:59:00,,,,,,,,,,,
2025-08-01 00:14:00,,,,,,,,,,,
2025-08-01 00:29:00,,,,,,,,,,,
2025-08-01 00:44:00,,,,,,,,,,,
2025-08-01 00:59:00,,,,,,,,,,,
2025-08-01 01:14:00,,,,,,,,,,,
2025-08-01 01:29:00,,,,,,,,,,,
2025-08-01 01:44:00,,,,,,,,,,,
2025-08-01 01:59:00,,,,,,,,,,,
2025-08-01 02:14:00,,,,,,,,,,,
2025-08-01 02:29:00,,,,,,,,,,,
2025-08-01 02:44:00,,,,,,,,,,,
2025-08-01 02:59:00,,,,,,,,,,,
2025-08-01 03:14:00,,,,,,,,,,,
2025-08-01 03:29:00,,,,,,,,,,,
2025-08-01 03:44:00,,,,,,,,,,,
2025-08-01 03:59:00,,,,,,,,,,,
2025-08-01 04:14:00,,,,,,,,,,,
2025-08-01 04:29:00,,,,,,,,,,,
2025-08-01 04:44:00,,,,,,,,,,,
2025-08-01 04:59:00,,,,,,,,,,,
2025-08-01 05:14:00,,,,,,,,,,,
2025-08-01 05:29:00,,,,,,,,,,,
2025-08-01 05:44:00,,,,,,,,,,,
2025-08-01 05:59:00,,,,,,,,,,,
2025-08-01 06:14:00,,,,,,,,,,,
2025-08-01 06:29:00,,,,,,,,,,,
2025-08-01 06:44:00,,,,,,,,,,,
2025-08-01 06:59:00,,,,,,,,,,,
2025-08-01 07:14:00,,,,,,,,,,,
2025-08-01 07:29:00,,,,,,,,,,,
2025-08-01 07:44:00,,,,,,,,,,,
2025-08-01 07:59:00,,,,,,,,,,,
2025-08-01 08:14:00,,,,,,,,,,,
2025-08-01 08:29:00,,,,,,,,,,,
2025-08-01 08:44:00,,,,,,,,,,,
2025-08-01 08:59:00,,,,,,,,,,,
2025-08-01 09:14:00,,,,,,,,,,,
2025-08-01 09:29:00,,,,,,,,,,,
2025-08-01 09:44:00,,,,,,,,,,,
2025-08-01 09:59:00,,,,,,,,,,,
2025-08-01 10:14:00,,,,,,,,,,,
2025-08-01 10:29:00,,,,,,,,,,,
2025-08-01 10:44:00,,,,,,,,,,,
2025-08-01 10:59:00,,,,,,,,,,,
2025-08-01 11:14:00,,,,,,,,,,,
2025-08-01 11:29:00,,,,,,,,,,,
2025-08-01 11:44:00,,,,,,,,,,,
2025-08-01 11:59:00,,,,,,,,,,,
2025-08-01 12:14:00,,,,,,,,,,,
2025-08-01 12:29:00,,,,,,,,,,,
2025-08-01 12:44:00,,,,,,,,,,,
2025-08-01 12:59:00,,,,,,,,,,,
2025-08-01 13:14:00,,,,,,,,,,,
2025-08-01 13:29:00,,,,,,,,,,,
2025-08-01 13:44:00,,,,,,,,,,,
2025-08-01 13:59:00,,,,,,,,,,,
2025-08-01 14:14:00,,,,,,,,,,,
2025-08-01 14:29:00,,,,,,,,,,,
2025-08-01 14:44:00,,,,,,,,,,,
2025-08-01 14:59:00,,,,,,,,,,,
2025-08-01 15:14:00,,,,,,,,,,,
2025-08-01 15:29:00,,,,,,,,,,,
2025-08-01 15:44:00,,,,,,,,,,,
2025-08-01 15:59:00,,,,,,,,,,,
2025-08-01 16:14:00,,,,,,,,,,,
2025-08-01 16:29:00,,,,,,,,,,,
2025-08-01 16:44:00,,,,,,,,,,,
2025-08-01 16:59:00,,,,,,,,,,,
2025-08-01 17:14:00,,,,,,,,,,,
2025-08-01 17:29:00,,,,,,,,,,,
2025-08-01 17:44:00,,,,,,,,,,,
2025-08-01 17:59:00,,,,,,,,,,,
2025-08-01 18:14:00,,,,,,,,,,,
2025-08-01 18:29:00,,,,,,,,,,,
2025-08-01 18:44:00,,,,,,,,,,,
2025-08-01 18:59:00,,,,,,,,,,,
2025-08-01 19:14:00,,,,,,,,,,,
2025-08-01 19:29:00,,,,,,,,,,,
2025-08-01 19:44:00,,,,,,,,,,,
2025-08-01 19:59:00,,,,,,,,,,,
2025-08-01 20:14:00,,,,,,,,,,,
2025-08-01 20:29:00,,,,,,,,,,,
2025-08-01 20:44:00,,,,,,,,,,,
2025-08-01 20:59:00,,,,,,,,,,,
2025-08-01 21:14:00,,,,,,,,,,,
2025-08-01 21:29:00,,,,,,,,,,,
2025-08-01 21:44:00,,,,,,,,,,,
2025-08-01 21:59:00,,,,,,,,,,,
2025-08-01 22:14:00,,,,,,,,,,,
2025-08-01 22:29:00,,,,,,,,,,,
2025-08-01 22:44:00,,,,,,,,,,,
2025-08-01 22:59:00,,,,,,,,,,,
2025-08-01 23:14:00,,,,,,,,,,,
2025-08-01 23:29:00,,,,,,,,,,,
2025-08-01 23:44:00,,,,,,,,,,,
2025-08-01 23:59:00,,,,,,,,,,,
2025-08-02 00:14:00,,,,,,,,,,,
2025-08-02 00:29:00,,,,,,,,,,,
2025-08-02 00:44:00,,,,,,,,,,,
2025-08-02 00:59:00,,,,,,,,,,,
2025-08-02 01:14:00,,,,,,,,,,,
2025-08-02 01:29:00,,,,,,,,,,,
2025-08-02 01:44:00,,,,,,,,,,,
2025-08-02 01:59:00,,,,,,,,,,,
2025-08-02 02:14:00,,,,,,,,,,,
2025-08-02 02:29:00,,,,,,,,,,,
2025-08-02 02:44:00,,,,,,,,,,,
2025-08-02 02:59:00,,,,,,,,,,,
2025-08-02 03:14:00,,,,,,,,,,,
2025-08-02 03:29:00,,,,,,,,,,,
2025-08-02 03:44:00,,,,,,,,,,,
2025-08-02 03:59:00,,,,,,,,,,,
2025-08-02 04:14:00,,,,,,,,,,,
2025-08-02 04:29:00,,,,,,,,,,,
2025-08-02 04:44:00,,,,,,,,,,,
2025-08-02 04:59:00,,,,,,,,,,,
2025-08-02 05:14:00,,,,,,,,,,,
2025-08-02 05:29:00,,,,,,,,,,,
2025-08-02 05:44:00,,,,,,,,,,,
2025-08-02 05:59:00,,,,,,,,,,,
2025-08-02 06:14:00,,,,,,,,,,,
2025-08-02 06:29:00,,,,,,,,,,,
2025-08-02 06:44:00,,,,,,,,,,,
2025-08-02 06:59:00,,,,,,,,,,,
2025-08-02 07:14:00,,,,,,,,,,,
2025-08-02 07:29:00,,,,,,,,,,,
2025-08-02 07:44:00,,,,,,,,,,,
2025-08-02 07:59:00,,,,,,,,,,,
2025-08-02 08:14:00,,,,,,,,,,,
2025-08-02 08:29:00,,,,,,,,,,,
2025-08-02 08:44:00,,,,,,,,,,,
2025-08-02 08:59:00,,,,,,,,,,,
2025-08-02 09:14:00,,,,,,,,,,,
2025-08-02 09:29:00,,,,,,,,,,,
2025-08-02 09:44:00,,,,,,,,,,,
2025-08-02 09:59:00,,,,,,,,,,,
2025-08-02 10:14:00,,,,,,,,,,,
2025-08-02 10:29:00,,,,,,,,,,,
2025-08-02 10:44:00,,,,,,,,,,,
2025-08-02 10:59:00,,,,,,,,,,,
2025-08-02 11:14:00,,,,,,,,,,,
2025-08-02 11:29:00,,,,,,,,,,,
2025-08-02 11:44:00,,,,,,,,,,,
2025-08-02 11:59:00,,,,,,,,,,,
2025-08-02 12:14:00,,,,,,,,,,,
2025-08-02 12:29:00,,,,,,,,,,,
2025-08-02 12:44:00,,,,,,,,,,,
2025-08-02 12:59:00,,,,,,,,,,,
2025-08-02 13:14:00,,,,,,,,,,,
2025-08-02 13:29:00,,,,,,,,,,,
2025-08-02 13:44:00,,,,,,,,,,,
2025-08-02 13:59:00,,,,,,,,,,,
2025-08-02 14:14:00,,,,,,,,,,,
2025-08-02 14:29:00,,,,,,,,,,,
2025-08-02 14:44:00,,,,,,,,,,,
2025-08-02 14:59:00,,,,,,,,,,,
2025-08-02 15:14:00,,,,,,,,,,,
2025-08-02 15:29:00,,,,,,,,,,,
2025-08-02 15:44:00,,,,,,,,,,,
2025-08-02 15:59:00,,,,,,,,,,,
2025-08-02 16:14:00,,,,,,,,,,,
2025-08-02 16:29:00,,,,,,,,,,,
2025-08-02 16:44:00,,,,,,,,,,,
2025-08-02 16:59:00,,,,,,,,,,,
2025-08-02 17:14:00,,,,,,,,,,,
2025-08-02 17:29:00,,,,,,,,,,,
2025-08-02 17:44:00,,,,,,,,,,,
2025-08-02 17:59:00,,,,,,,,,,,
2025-08-02 18:14:00,,,,,,,,,,,
2025-08-02 18:29:00,,,,,,,,,,,
2025-08-02 18:44:00,,,,,,,,,,,
2025-08-02 18:59:00,,,,,,,,,,,
2025-08-02 19:14:00,,,,,,,,,,,
2025-08-02 19:29:00,,,,,,,,,,,
2025-08-02 19:44:00,,,,,,,,,,,
2025-08-02 19:59:00,,,,,,,,,,,
2025-08-02 20:14:00,,,,,,,,,,,
2025-08-02 20:29:00,,,,,,,,,,,
2025-08-02 20:44:00,,,,,,,,,,,
2025-08-02 20:59:00,,,,,,,,,,,
2025-08-02 21:14:00,,,,,,,,,,,
2025-08-02 21:29:00,,,,,,,,,,,
2025-08-02 21:44:00,,,,,,,,,,,
2025-08-02 21:59:00,,,,,,,,,,,
2025-08-02 22:14:00,,,,,,,,,,,
2025-08-02 22:29:00,,,,,,,,,,,
2025-08-02 22:44:00,,,,,,,,,,,
2025-08-02 22:59:00,,,,,,,,,,,
2025-08-02 23:14:00,,,,,,,,,,,
2025-08-02 23:29:00,,,,,,,,,,,
2025-08-02 23:44:00,,,,,,,,,,,
2025-08-02 23:59:00,,,,,,,,,,,
2025-08-03 00:14:00,,,,,,,,,,,
2025-08-03 00:29:00,,,,,,,,,,,
2025-08-03 00:44:00,,,,,,,,,,,
2025-08-03 00:59:00,,,,,,,,,,,
2025-08-03 01:14:00,,,,,,,,,,,
2025-08-03 01:29:00,,,,,,,,,,,
2025-08-03 01:44:00,,,,,,,,,,,
2025-08-03 01:59:00,,,,,,,,,,,
2025-08-03 02:14:00,,,,,,,,,,,
2025-08-03 02:29:00,,,,,,,,,,,
2025-08-03 02:44:00,,,,,,,,,,,
2025-08-03 02:59:00,,,,,,,,,,,
2025-08-03 03:14:00,,,,,,,,,,,
2025-08-03 03:29:00,,,,,,,,,,,
2025-08-03 03:44:00,,,,,,,,,,,
2025-08-03 03:59:00,,,,,,,,,,,
2025-08-03 04:14:00,,,,,,,,,,,
2025-08-03 04:29:00,,,,,,,,,,,
2025-08-03 04:44:00,,,,,,,,,,,
2025-08-03 04:59:00,,,,,,,,,,,
2025-08-03 05:14:00,,,,,,,,,,,
2025-08-03 05:29:00,,,,,,,,,,,
2025-08-03 05:44:00,,,,,,,,,,,
2025-08-03 05:59:00,,,,,,,,,,,
2025-08-03 06:14:00,,,,,,,,,,,
2025-08-03 06:29:00,,,,,,,,,,,
2025-08-03 06:44:00,,,,,,,,,,,
2025-08-03 06:59:00,,,,,,,,,,,
2025-08-03 07:14:00,,,,,,,,,,,
2025-08-03 07:29:00,,,,,,,,,,,
2025-08-03 07:44:00,,,,,,,,,,,
2025-08-03 07:59:00,,,,,,,,,,,
2025-08-03 08:14:00,,,,,,,,,,,
2025-08-03 08:29:00,,,,,,,,,,,
2025-08-03 08:44:00,,,,,,,,,,,
2025-08-03 08:59:00,,,,,,,,,,,
2025-08-03 09:14:00,,,,,,,,,,,
2025-08-03 09:29:00,,,,,,,,,,,
2025-08-03 09:44:00,,,,,,,,,,,
2025-08-03 09:59:00,,,,,,,,,,,
2025-08-03 10:14:00,,,,,,,,,,,
2025-08-03 10:29:00,,,,,,,,,,,
2025-08-03 10:44:00,,,,,,,,,,,
2025-08-03 10:59:00,,,,,,,,,,,
2025-08-03 11:14:00,,,,,,,,,,,
2025-08-03 11:29:00,,,,,,,,,,,
2025-08-03 11:44:00,,,,,,,,,,,
2025-08-03 11:59:00,,,,,,,,,,,
2025-08-03 12:14:00,,,,,,,,,,,
2025-08-03 12:29:00,,,,,,,,,,,
2025-08-03 12:44:00,,,,,,,,,,,
2025-08-03 12:59:00,,,,,,,,,,,
2025-08-03 13:14:00,,,,,,,,,,,
2025-08-03 13:29:00,,,,,,,,,,,
2025-08-03 13:44:00,,,,,,,,,,,
2025-08-03 13:59:00,,,,,,,,,,,
2025-08-03 14:14:00,,,,,,,,,,,
2025-08-03 14:29:00,,,,,,,,,,,
2025-08-03 14:44:00,,,,,,,,,,,
2025-08-03 14:59:00,,,,,,,,,,,
2025-08-03 15:14:00,,,,,,,,,,,
2025-08-03 15:29:00,,,,,,,,,,,
2025-08-03 15:44:00,,,,,,,,,,,
2025-08-03 15:59:00,,,,,,,,,,,
2025-08-03 16:14:00,,,,,,,,,,,
2025-08-03 16:29:00,,,,,,,,,,,
2025-08-03 16:44:00,,,,,,,,,,,
2025-08-03 16:59:00,,,,,,,,,,,
2025-08-03 17:14:00,,,,,,,,,,,
2025-08-03 17:29:00,,,,,,,,,,,
2025-08-03 17:44:00,,,,,,,,,,,
2025-08-03 17:59:00,,,,,,,,,,,
2025-08-03 18:14:00,,,,,,,,,,,
2025-08-03 18:29:00,,,,,,,,,,,
2025-08-03 18:44:00,,,,,,,,,,,
2025-08-03 18:59:00,,,,,,,,,,,
2025-08-03 19:14:00,,,,,,,,,,,
2025-08-03 19:29:00,,,,,,,,,,,
2025-08-03 19:44:00,,,,,,,,,,,
2025-08-03 19:59:00,,,,,,,,,,,
2025-08-03 20:14:00,,,,,,,,,,,
2025-08-03 20:29:00,,,,,,,,,,,
2025-08-03 20:44:00,,,,,,,,,,,
2025-08-03 20:59:00,,,,,,,,,,,
2025-08-03 21:14:00,,,,,,,,,,,
2025-08-03 21:29:00,,,,,,,,,,,
2025-08-03 21:44:00,,,,,,,,,,,
2025-08-03 21:59:00,,,,,,,,,,,
2025-08-03 22:14:00,,,,,,,,,,,
2025-08-03 22:29:00,,,,,,,,,,,
2025-08-03 22:44:00,,,,,,,,,,,
2025-08-03 22:59:00,,,,,,,,,,,
2025-08-03 23:14:00,,,,,,,,,,,
2025-08-03 23:29:00,,,,,,,,,,,
2025-08-03 23:44:00,,,,,,,,,,,
2025-08-03 23:59:00,,,,,,,,,,,
2025-08-04 00:14:00,,,,,,,,,,,
2025-08-04 00:29:00,,,,,,,,,,,
2025-08-04 00:44:00,,,,,,,,,,,
2025-08-04 00:59:00,,,,,,,,,,,
2025-08-04 01:14:00,,,,,,,,,,,
2025-08-04 01:29:00,,,,,,,,,,,
2025-08-04 01:44:00,,,,,,,,,,,
2025-08-04 01:59:00,,,,,,,,,,,
2025-08-04 02:14:00,,,,,,,,,,,
2025-08-04 02:29:00,,,,,,,,,,,
2025-08-04 02:44:00,,,,,,,,,,,
2025-08-04 02:59:00,,,,,,,,,,,
2025-08-04 03:14:00,,,,,,,,,,,
2025-08-04 03:29:00,,,,,,,,,,,
2025-08-04 03:44:00,,,,,,,,,,,
2025-08-04 03:59:00,,,,,,,,,,,
2025-08-04 04:14:00,,,,,,,,,,,
2025-08-04 04:29:00,,,,,,,,,,,
2025-08-04 04:44:00,,,,,,,,,,,
2025-08-04 04:59:00,,,,,,,,,,,
2025-08-04 05:14:00,,,,,,,,,,,
2025-08-04 05:29:00,,,,,,,,,,,
2025-08-04 05:44:00,,,,,,,,,,,
2025-08-04 05:59:00,,,,,,,,,,,
2025-08-04 06:14:00,,,,,,,,,,,
2025-08-04 06:29:00,,,,,,,,,,,
2025-08-04 06:44:00,,,,,,,,,,,
2025-08-04 06:59:00,,,,,,,,,,,
2025-08-04 07:14:00,,,,,,,,,,,
2025-08-04 07:29:00,,,,,,,,,,,
2025-08-04 07:44:00,,,,,,,,,,,
2025-08-04 07:59:00,,,,,,,,,,,
2025-08-04 08:14:00,,,,,,,,,,,
2025-08-04 08:29:00,,,,,,,,,,,
2025-08-04 08:44:00,,,,,,,,,,,
2025-08-04 08:59:00,,,,,,,,,,,
2025-08-04 09:14:00,,,,,,,,,,,
2025-08-04 09:29:00,,,,,,,,,,,
2025-08-04 09:44:00,,,,,,,,,,,
2025-08-04 09:59:00,,,,,,,,,,,
2025-08-04 10:14:00,,,,,,,,,,,
2025-08-04 10:29:00,,,,,,,,,,,
2025-08-04 10:44:00,,,,,,,,,,,
2025-08-04 10:59:00,,,,,,,,,,,
2025-08-04 11:14:00,,,,,,,,,,,
2025-08-04 11:29:00,,,,,,,,,,,
2025-08-04 11:44:00,,,,,,,,,,,
2025-08-04 11:59:00,,,,,,,,,,,
2025-08-04 12:14:00,,,,,,,,,,,
2025-08-04 12:29:00,,,,,,,,,,,
2025-08-04 12:44:00,,,,,,,,,,,
2025-08-04 12:59:00,,,,,,,,,,,
2025-08-04 13:14:00,,,,,,,,,,,
2025-08-04 13:29:00,,,,,,,,,,,
2025-08-04 13:44:00,,,,,,,,,,,
2025-08-04 13:59:00,,,,,,,,,,,
2025-08-04 14:14:00,,,,,,,,,,,
2025-08-04 14:29:00,,,,,,,,,,,
2025-08-04 14:44:00,,,,,,,,,,,
2025-08-04 14:59:00,,,,,,,,,,,
2025-08-04 15:14:00,,,,,,,,,,,
2025-08-04 15:29:00,,,,,,,,,,,
2025-08-04 15:44:00,,,,,,,,,,,
2025-08-04 15:59:00,,,,,,,,,,,
2025-08-04 16:14:00,,,,,,,,,,,
2025-08-04 16:29:00,,,,,,,,,,,
2025-08-04 16:44:00,,,,,,,,,,,
2025-08-04 16:59:00,,,,,,,,,,,
2025-08-04 17:14:00,,,,,,,,,,,
2025-08-04 17:29:00,,,,,,,,,,,
2025-08-04 17:44:00,,,,,,,,,,,
2025-08-04 17:59:00,,,,,,,,,,,
2025-08-04 18:14:00,,,,,,,,,,,
2025-08-04 18:29:00,,,,,,,,,,,
2025-08-04 18:44:00,,,,,,,,,,,
2025-08-04 18:59:00,,,,,,,,,,,
2025-08-04 19:14:00,,,,,,,,,,,
2025-08-04 19:29:00,,,,,,,,,,,
2025-08-04 19:44:00,,,,,,,,,,,
2025-08-04 19:59:00,,,,,,,,,,,
2025-08-04 20:14:00,,,,,,,,,,,
2025-08-04 20:29:00,,,,,,,,,,,
2025-08-04 20:44:00,,,,,,,,,,,
2025-08-04 20:59:00,,,,,,,,,,,
2025-08-04 21:14:00,,,,,,,,,,,
2025-08-04 21:29:00,,,,,,,,,,,
2025-08-04 21:44:00,,,,,,,,,,,
2025-08-04 21:59:00,,,,,,,,,,,
2025-08-04 22:14:00,,,,,,,,,,,
2025-08-04 22:29:00,,,,,,,,,,,
2025-08-04 22:44:00,,,,,,,,,,,
2025-08-04 22:59:00,,,,,,,,,,,
2025-08-04 23:14:00,,,,,,,,,,,
2025-08-04 23:29:00,,,,,,,,,,,
2025-08-04 23:44:00,,,,,,,,,,,
2025-08-04 23:59:00,,,,,,,,,,,
2025-08-05 00:14:00,,,,,,,,,,,
2025-08-05 00:29:00,,,,,,,,,,,
2025-08-05 00:44:00,,,,,,,,,,,
2025-08-05 00:59:00,,,,,,,,,,,
2025-08-05 01:14:00,,,,,,,,,,,
2025-08-05 01:29:00,,,,,,,,,,,
2025-08-05 01:44:00,,,,,,,,,,,
2025-08-05 01:59:00,,,,,,,,,,,
2025-08-05 02:14:00,,,,,,,,,,,
2025-08-05 02:29:00,,,,,,,,,,,
2025-08-05 02:44:00,,,,,,,,,,,
2025-08-05 02:59:00,,,,,,,,,,,
2025-08-05 03:14:00,,,,,,,,,,,
2025-08-05 03:29:00,,,,,,,,,,,
2025-08-05 03:44:00,,,,,,,,,,,
2025-08-05 03:59:00,,,,,,,,,,,
2025-08-05 04:14:00,,,,,,,,,,,
2025-08-05 04:29:00,,,,,,,,,,,
2025-08-05 04:44:00,,,,,,,,,,,
2025-08-05 04:59:00,,,,,,,,,,,
2025-08-05 05:14:00,,,,,,,,,,,
2025-08-05 05:29:00,,,,,,,,,,,
2025-08-05 05:44:00,,,,,,,,,,,
2025-08-05 05:59:00,,,,,,,,,,,
2025-08-05 06:14:00,,,,,,,,,,,
2025-08-05 06:29:00,,,,,,,,,,,
2025-08-05 06:44:00,,,,,,,,,,,
2025-08-05 06:59:00,,,,,,,,,,,
2025-08-05 07:14:00,,,,,,,,,,,
2025-08-05 07:29:00,,,,,,,,,,,
2025-08-05 07:44:00,,,,,,,,,,,
2025-08-05 07:59:00,,,,,,,,,,,
2025-08-05 08:14:00,,,,,,,,,,,
2025-08-05 08:29:00,,,,,,,,,,,
2025-08-05 08:44:00,,,,,,,,,,,
2025-08-05 08:59:00,,,,,,,,,,,
2025-08-05 09:14:00,,,,,,,,,,,
2025-08-05 09:29:00,,,,,,,,,,,
2025-08-05 09:44:00,,,,,,,,,,,
2025-08-05 09:59:00,,,,,,,,,,,
2025-08-05 10:14:00,,,,,,,,,,,
2025-08-05 10:29:00,,,,,,,,,,,
2025-08-05 10:44:00,,,,,,,,,,,
2025-08-05 10:59:00,,,,,,,,,,,
2025-08-05 11:14:00,,,,,,,,,,,
2025-08-05 11:29:00,,,,,,,,,,,
2025-08-05 11:44:00,,,,,,,,,,,
2025-08-05 11:59:00,,,,,,,,,,,
2025-08-05 12:14:00,,,,,,,,,,,
2025-08-05 12:29:00,,,,,,,,,,,
2025-08-05 12:44:00,,,,,,,,,,,
2025-08-05 12:59:00,,,,,,,,,,,
2025-08-05 13:14:00,,,,,,,,,,,
2025-08-05 13:29:00,,,,,,,,,,,
2025-08-05 13:44:00,,,,,,,,,,,
2025-08-05 13:59:00,,,,,,,,,,,
2025-08-05 14:14:00,,,,,,,,,,,
2025-08-05 14:29:00,,,,,,,,,,,
2025-08-05 14:44:00,,,,,,,,,,,
2025-08-05 14:59:00,,,,,,,,,,,
2025-08-05 15:14:00,,,,,,,,,,,
2025-08-05 15:29:00,,,,,,,,,,,
2025-08-05 15:44:00,,,,,,,,,,,
2025-08-05 15:59:00,,,,,,,,,,,
2025-08-05 16:14:00,,,,,,,,,,,
2025-08-05 16:29:00,,,,,,,,,,,
2025-08-05 16:44:00,,,,,,,,,,,
2025-08-05 16:59:00,,,,,,,,,,,
2025-08-05 17:14:00,,,,,,,,,,,
2025-08-05 17:29:00,,,,,,,,,,,
2025-08-05 17:44:00,,,,,,,,,,,
2025-08-05 17:59:00,,,,,,,,,,,
2025-08-05 18:14:00,,,,,,,,,,,
2025-08-05 18:29:00,,,,,,,,,,,
2025-08-05 18:44:00,,,,,,,,,,,
2025-08-05 18:59:00,,,,,,,,,,,
2025-08-05 19:14:00,,,,,,,,,,,
2025-08-05 19:29:00,,,,,,,,,,,
2025-08-05 19:44:00,,,,,,,,,,,
2025-08-05 19:59:00,,,,,,,,,,,
2025-08-05 20:14:00,,,,,,,,,,,
2025-08-05 20:29:00,,,,,,,,,,,
2025-08-05 20:44:00,,,,,,,,,,,
2025-08-05 20:59:00,,,,,,,,,,,
2025-08-05 21:14:00,,,,,,,,,,,
2025-08-05 21:29:00,,,,,,,,,,,
2025-08-05 21:44:00,,,,,,,,,,,
2025-08-05 21:59:00,,,,,,,,,,,
2025-08-05 22:14:00,,,,,,,,,,,
2025-08-05 22:29:00,,,,,,,,,,,
2025-08-05 22:44:00,,,,,,,,,,,
2025-08-05 22:59:00,,,,,,,,,,,
2025-08-05 23:14:00,,,,,,,,,,,
2025-08-05 23:29:00,,,,,,,,,,,
2025-08-05 23:44:00,,,,,,,,,,,
2025-08-05 23:59:00,,,,,,,,,,,
2025-08-06 00:14:00,,,,,,,,,,,
2025-08-06 00:29:00,,,,,,,,,,,
2025-08-06 00:44:00,,,,,,,,,,,
2025-08-06 00:59:00,,,,,,,,,,,
2025-08-06 01:14:00,,,,,,,,,,,
2025-08-06 01:29:00,,,,,,,,,,,
2025-08-06 01:44:00,,,,,,,,,,,
2025-08-06 01:59:00,,,,,,,,,,,
2025-08-06 02:14:00,,,,,,,,,,,
2025-08-06 02:29:00,,,,,,,,,,,
2025-08-06 02:44:00,,,,,,,,,,,
2025-08-06 02:59:00,,,,,,,,,,,
2025-08-06 03:14:00,,,,,,,,,,,
2025-08-06 03:29:00,,,,,,,,,,,
2025-08-06 03:44:00,,,,,,,,,,,
2025-08-06 03:59:00,,,,,,,,,,,
2025-08-06 04:14:00,,,,,,,,,,,
2025-08-06 04:29:00,,,,,,,,,,,
2025-08-06 04:44:00,,,,,,,,,,,
2025-08-06 04:59:00,,,,,,,,,,,
2025-08-06 05:14:00,,,,,,,,,,,
2025-08-06 05:29:00,,,,,,,,,,,
2025-08-06 05:44:00,,,,,,,,,,,
2025-08-06 05:59:00,,,,,,,,,,,
2025-08-06 06:14:00,,,,,,,,,,,
2025-08-06 06:29:00,,,,,,,,,,,
2025-08-06 06:44:00,,,,,,,,,,,
2025-08-06 06:59:00,,,,,,,,,,,
2025-08-06 07:14:00,,,,,,,,,,,
2025-08-06 07:29:00,,,,,,,,,,,
2025-08-06 07:44:00,,,,,,,,,,,
2025-08-06 07:59:00,,,,,,,,,,,
2025-08-06 08:14:00,,,,,,,,,,,
2025-08-06 08:29:00,,,,,,,,,,,
2025-08-06 08:44:00,,,,,,,,,,,
2025-08-06 08:59:00,,,,,,,,,,,
2025-08-06 09:14:00,,,,,,,,,,,
2025-08-06 09:29:00,,,,,,,,,,,
2025-08-06 09:44:00,,,,,,,,,,,
2025-08-06 09:59:00,,,,,,,,,,,
2025-08-06 10:14:00,,,,,,,,,,,
2025-08-06 10:29:00,,,,,,,,,,,
2025-08-06 10:44:00,,,,,,,,,,,
2025-08-06 10:59:00,,,,,,,,,,,
2025-08-06 11:14:00,,,,,,,,,,,
2025-08-06 11:29:00,,,,,,,,,,,
2025-08-06 11:44:00,,,,,,,,,,,
2025-08-06 11:59:00,,,,,,,,,,,
2025-08-06 12:14:00,,,,,,,,,,,
2025-08-06 12:29:00,,,,,,,,,,,
2025-08-06 12:44:00,,,,,,,,,,,
2025-08-06 12:59:00,,,,,,,,,,,
2025-08-06 13:14:00,,,,,,,,,,,
2025-08-06 13:29:00,,,,,,,,,,,
2025-08-06 13:44:00,,,,,,,,,,,
2025-08-06 13:59:00,,,,,,,,,,,
2025-08-06 14:14:00,,,,,,,,,,,
2025-08-06 14:29:00,,,,,,,,,,,
2025-08-06 14:44:00,,,,,,,,,,,
2025-08-06 14:59:00,,,,,,,,,,,
2025-08-06 15:14:00,,,,,,,,,,,
2025-08-06 15:29:00,,,,,,,,,,,
2025-08-06 15:44:00,,,,,,,,,,,
2025-08-06 15:59:00,,,,,,,,,,,
2025-08-06 16:14:00,,,,,,,,,,,
2025-08-06 16:29:00,,,,,,,,,,,
2025-08-06 16:44:00,,,,,,,,,,,
2025-08-06 16:59:00,,,,,,,,,,,
2025-08-06 17:14:00,,,,,,,,,,,
2025-08-06 17:29:00,,,,,,,,,,,
2025-08-06 17:44:00,,,,,,,,,,,
2025-08-06 17:59:00,,,,,,,,,,,
2025-08-06 18:14:00,,,,,,,,,,,
2025-08-06 18:29:00,,,,,,,,,,,
2025-08-06 18:44:00,,,,,,,,,,,
2025-08-06 18:59:00,,,,,,,,,,,
2025-08-06 19:14:00,,,,,,,,,,,
2025-08-06 19:29:00,,,,,,,,,,,
2025-08-06 19:44:00,,,,,,,,,,,
2025-08-06 19:59:00,,,,,,,,,,,
2025-08-06 20:14:00,,,,,,,,,,,
2025-08-06 20:29:00,,,,,,,,,,,
2025-08-06 20:44:00,,,,,,,,,,,
2025-08-06 20:59:00,,,,,,,,,,,
2025-08-06 21:14:00,,,,,,,,,,,
2025-08-06 21:29:00,,,,,,,,,,,
2025-08-06 21:44:00,,,,,,,,,,,
2025-08-06 21:59:00,,,,,,,,,,,
2025-08-06 22:14:00,,,,,,,,,,,
2025-08-06 22:29:00,,,,,,,,,,,
2025-08-06 22:44:00,,,,,,,,,,,
2025-08-06 22:59:00,,,,,,,,,,,
2025-08-06 23:14:00,,,,,,,,,,,
2025-08-06 23:29:00,,,,,,,,,,,
2025-08-06 23:44:00,,,,,,,,,,,
2025-08-06 23:59:00,,,,,,,,,,,
2025-08-07 00:14:00,,,,,,,,,,,
2025-08-07 00:29:00,,,,,,,,,,,
2025-08-07 00:44:00,,,,,,,,,,,
2025-08-07 00:59:00,,,,,,,,,,,
2025-08-07 01:14:00,,,,,,,,,,,
2025-08-07 01:29:00,,,,,,,,,,,
2025-08-07 01:44:00,,,,,,,,,,,
2025-08-07 01:59:00,,,,,,,,,,,
2025-08-07 02:14:00,,,,,,,,,,,
2025-08-07 02:29:00,,,,,,,,,,,
2025-08-07 02:44:00,,,,,,,,,,,
2025-08-07 02:59:00,,,,,,,,,,,
2025-08-07 03:14:00,,,,,,,,,,,
2025-08-07 03:29:00,,,,,,,,,,,
2025-08-07 03:44:00,,,,,,,,,,,
2025-08-07 03:59:00,,,,,,,,,,,
2025-08-07 04:14:00,,,,,,,,,,,
2025-08-07 04:29:00,,,,,,,,,,,
2025-08-07 04:44:00,,,,,,,,,,,
2025-08-07 04:59:00,,,,,,,,,,,
2025-08-07 05:14:00,,,,,,,,,,,
2025-08-07 05:29:00,,,,,,,,,,,
2025-08-07 05:44:00,,,,,,,,,,,
2025-08-07 05:59:00,,,,,,,,,,,
2025-08-07 06:14:00,,,,,,,,,,,
2025-08-07 06:29:00,,,,,,,,,,,
2025-08-07 06:44:00,,,,,,,,,,,
2025-08-07 06:59:00,,,,,,,,,,,
2025-08-07 07:14:00,,,,,,,,,,,
2025-08-07 07:29:00,,,,,,,,,,,
2025-08-07 07:44:00,,,,,,,,,,,
2025-08-07 07:59:00,,,,,,,,,,,
2025-08-07 08:14:00,,,,,,,,,,,
2025-08-07 08:29:00,,,,,,,,,,,
2025-08-07 08:44:00,,,,,,,,,,,
2025-08-07 08:59:00,,,,,,,,,,,
2025-08-07 09:14:00,,,,,,,,,,,
2025-08-07 09:29:00,,,,,,,,,,,
2025-08-07 09:44:00,,,,,,,,,,,
2025-08-07 09:59:00,,,,,,,,,,,
2025-08-07 10:14:00,,,,,,,,,,,
2025-08-07 10:29:00,,,,,,,,,,,
2025-08-07 10:44:00,,,,,,,,,,,
2025-08-07 10:59:00,,,,,,,,,,,
2025-08-07 11:14:00,,,,,,,,,,,
2025-08-07 11:29:00,,,,,,,,,,,
2025-08-07 11:44:00,,,,,,,,,,,
2025-08-07 11:59:00,,,,,,,,,,,
2025-08-07 12:14:00,,,,,,,,,,,
2025-08-07 12:29:00,,,,,,,,,,,
2025-08-07 12:44:00,,,,,,,,,,,
2025-08-07 12:59:00,,,,,,,,,,,
2025-08-07 13:14:00,,,,,,,,,,,
2025-08-07 13:29:00,,,,,,,,,,,
2025-08-07 13:44:00,,,,,,,,,,,
2025-08-07 13:59:00,,,,,,,,,,,
2025-08-07 14:14:00,,,,,,,,,,,
2025-08-07 14:29:00,,,,,,,,,,,
2025-08-07 14:44:00,,,,,,,,,,,
2025-08-07 14:59:00,,,,,,,,,,,
2025-08-07 15:14:00,,,,,,,,,,,
2025-08-07 15:29:00,,,,,,,,,,,
2025-08-07 15:44:00,,,,,,,,,,,
2025-08-07 15:59:00,,,,,,,,,,,
2025-08-07 16:14:00,,,,,,,,,,,
2025-08-07 16:29:00,,,,,,,,,,,
2025-08-07 16:44:00,,,,,,,,,,,
2025-08-07 16:59:00,,,,,,,,,,,
2025-08-07 17:14:00,,,,,,,,,,,
2025-08-07 17:29:00,,,,,,,,,,,
2025-08-07 17:44:00,,,,,,,,,,,
2025-08-07 17:59:00,,,,,,,,,,,
2025-08-07 18:14:00,,,,,,,,,,,
2025-08-07 18:29:00,,,,,,,,,,,
2025-08-07 18:44:00,,,,,,,,,,,
2025-08-07 18:59:00,,,,,,,,,,,
2025-08-07 19:14:00,,,,,,,,,,,
2025-08-07 19:29:00,,,,,,,,,,,
2025-08-07 19:44:00,,,,,,,,,,,
2025-08-07 19:59:00,,,,,,,,,,,
2025-08-07 20:14:00,,,,,,,,,,,
2025-08-07 20:29:00,,,,,,,,,,,
2025-08-07 20:44:00,,,,,,,,,,,
2025-08-07 20:59:00,,,,,,,,,,,
2025-08-07 21:14:00,,,,,,,,,,,
2025-08-07 21:29:00,,,,,,,,,,,
2025-08-07 21:44:00,,,,,,,,,,,
2025-08-07 21:59:00,,,,,,,,,,,
2025-08-07 22:14:00,,,,,,,,,,,
2025-08-07 22:29:00,,,,,,,,,,,
2025-08-07 22:44:00,,,,,,,,,,,
2025-08-07 22:59:00,,,,,,,,,,,
2025-08-07 23:14:00,,,,,,,,,,,
2025-08-07 23:29:00,,,,,,,,,,,
2025-08-07 23:44:00,,,,,,,,,,,
2025-08-07 23:59:00,,,,,,,,,,,
2025-08-08 00:14:00,,,,,,,,,,,
2025-08-08 00:29:00,,,,,,,,,,,
2025-08-08 00:44:00,,,,,,,,,,,
2025-08-08 00:59:00,,,,,,,,,,,
2025-08-08 01:14:00,,,,,,,,,,,
2025-08-08 01:29:00,,,,,,,,,,,
2025-08-08 01:44:00,,,,,,,,,,,
2025-08-08 01:59:00,,,,,,,,,,,
2025-08-08 02:14:00,,,,,,,,,,,
2025-08-08 02:29:00,,,,,,,,,,,
2025-08-08 02:44:00,,,,,,,,,,,
2025-08-08 02:59:00,,,,,,,,,,,
2025-08-08 03:14:00,,,,,,,,,,,
2025-08-08 03:29:00,,,,,,,,,,,
2025-08-08 03:44:00,,,,,,,,,,,
2025-08-08 03:59:00,,,,,,,,,,,
2025-08-08 04:14:00,,,,,,,,,,,
2025-08-08 04:29:00,,,,,,,,,,,
2025-08-08 04:44:00,,,,,,,,,,,
2025-08-08 04:59:00,,,,,,,,,,,
2025-08-08 05:14:00,,,,,,,,,,,
2025-08-08 05:29:00,,,,,,,,,,,
2025-08-08 05:44:00,,,,,,,,,,,
2025-08-08 05:59:00,,,,,,,,,,,
2025-08-08 06:14:00,,,,,,,,,,,
2025-08-08 06:29:00,,,,,,,,,,,
2025-08-08 06:44:00,,,,,,,,,,,
2025-08-08 06:59:00,,,,,,,,,,,
2025-08-08 07:14:00,,,,,,,,,,,
2025-08-08 07:29:00,,,,,,,,,,,
2025-08-08 07:44:00,,,,,,,,,,,
2025-08-08 07:59:00,,,,,,,,,,,
2025-08-08 08:14:00,,,,,,,,,,,
2025-08-08 08:29:00,,,,,,,,,,,
2025-08-08 08:44:00,,,,,,,,,,,
2025-08-08 08:59:00,,,,,,,,,,,
2025-08-08 09:14:00,,,,,,,,,,,
2025-08-08 09:29:00,,,,,,,,,,,
2025-08-08 09:44:00,,,,,,,,,,,
2025-08-08 09:59:00,,,,,,,,,,,
2025-08-08 10:14:00,,,,,,,,,,,
2025-08-08 10:29:00,,,,,,,,,,,
2025-08-08 10:44:00,,,,,,,,,,,
2025-08-08 10:59:00,,,,,,,,,,,
2025-08-08 11:14:00,,,,,,,,,,,
2025-08-08 11:29:00,,,,,,,,,,,
2025-08-08 11:44:00,,,,,,,,,,,
2025-08-08 11:59:00,,,,,,,,,,,
2025-08-08 12:14:00,,,,,,,,,,,
2025-08-08 12:29:00,,,,,,,,,,,
2025-08-08 12:44:00,,,,,,,,,,,
2025-08-08 12:59:00,,,,,,,,,,,
2025-08-08 13:14:00,,,,,,,,,,,
2025-08-08 13:29:00,,,,,,,,,,,
2025-08-08 13:44:00,,,,,,,,,,,
2025-08-08 13:59:00,,,,,,,,,,,
2025-08-08 14:14:00,,,,,,,,,,,
2025-08-08 14:29:00,,,,,,,,,,,
2025-08-08 14:44:00,,,,,,,,,,,
2025-08-08 14:59:00,,,,,,,,,,,
2025-08-08 15:14:00,,,,,,,,,,,
2025-08-08 15:29:00,,,,,,,,,,,
2025-08-08 15:44:00,,,,,,,,,,,
2025-08-08 15:59:00,,,,,,,,,,,
2025-08-08 16:14:00,,,,,,,,,,,
2025-08-08 16:29:00,,,,,,,,,,,
2025-08-08 16:44:00,,,,,,,,,,,
2025-08-08 16:59:00,,,,,,,,,,,
2025-08-08 17:14:00,,,,,,,,,,,
2025-08-08 17:29:00,,,,,,,,,,,
2025-08-08 17:44:00,,,,,,,,,,,
2025-08-08 17:59:00,,,,,,,,,,,
2025-08-08 18:14:00,,,,,,,,,,,
2025-08-08 18:29:00,,,,,,,,,,,
2025-08-08 18:44:00,,,,,,,,,,,
2025-08-08 18:59:00,,,,,,,,,,,
2025-08-08 19:14:00,,,,,,,,,,,
2025-08-08 19:29:00,,,,,,,,,,,
2025-08-08 19:44:00,,,,,,,,,,,
2025-08-08 19:59:00,,,,,,,,,,,
2025-08-08 20:14:00,,,,,,,,,,,
2025-08-08 20:29:00,,,,,,,,,,,
2025-08-08 20:44:00,,,,,,,,,,,
2025-08-08 20:59:00,,,,,,,,,,,
2025-08-08 21:14:00,,,,,,,,,,,
2025-08-08 21:29:00,,,,,,,,,,,
2025-08-08 21:44:00,,,,,,,,,,,
2025-08-08 21:59:00,,,,,,,,,,,
2025-08-08 22:14:00,,,,,,,,,,,
2025-08-08 22:29:00,,,,,,,,,,,
2025-08-08 22:44:00,,,,,,,,,,,
2025-08-08 22:59:00,,,,,,,,,,,
2025-08-08 23:14:00,,,,,,,,,,,
2025-08-08 23:29:00,,,,,,,,,,,
2025-08-08 23:44:00,,,,,,,,,,,
2025-08-08 23:59:00,,,,,,,,,,,
2025-08-09 00:14:00,,,,,,,,,,,
2025-08-09 00:29:00,,,,,,,,,,,
2025-08-09 00:44:00,,,,,,,,,,,
2025-08-09 00:59:00,,,,,,,,,,,
2025-08-09 01:14:00,,,,,,,,,,,
2025-08-09 01:29:00,,,,,,,,,,,
2025-08-09 01:44:00,,,,,,,,,,,
2025-08-09 01:59:00,,,,,,,,,,,
2025-08-09 02:14:00,,,,,,,,,,,
2025-08-09 02:29:00,,,,,,,,,,,
2025-08-09 02:44:00,,,,,,,,,,,
2025-08-09 02:59:00,,,,,,,,,,,
2025-08-09 03:14:00,,,,,,,,,,,
2025-08-09 03:29:00,,,,,,,,,,,
2025-08-09 03:44:00,,,,,,,,,,,
2025-08-09 03:59:00,,,,,,,,,,,
2025-08-09 04:14:00,,,,,,,,,,,
2025-08-09 04:29:00,,,,,,,,,,,
2025-08-09 04:44:00,,,,,,,,,,,
2025-08-09 04:59:00,,,,,,,,,,,
2025-08-09 05:14:00,,,,,,,,,,,
2025-08-09 05:29:00,,,,,,,,,,,
2025-08-09 05:44:00,,,,,,,,,,,
2025-08-09 05:59:00,,,,,,,,,,,
2025-08-09 06:14:00,,,,,,,,,,,
2025-08-09 06:29:00,,,,,,,,,,,
2025-08-09 06:44:00,,,,,,,,,,,
2025-08-09 06:59:00,,,,,,,,,,,
2025-08-09 07:14:00,,,,,,,,,,,
2025-08-09 07:29:00,,,,,,,,,,,
2025-08-09 07:44:00,,,,,,,,,,,
2025-08-09 07:59:00,,,,,,,,,,,
2025-08-09 08:14:00,,,,,,,,,,,
2025-08-09 08:29:00,,,,,,,,,,,
2025-08-09 08:44:00,,,,,,,,,,,
2025-08-09 08:59:00,,,,,,,,,,,
2025-08-09 09:14:00,,,,,,,,,,,
2025-08-09 09:29:00,,,,,,,,,,,
2025-08-09 09:44:00,,,,,,,,,,,
2025-08-09 09:59:00,,,,,,,,,,,
2025-08-09 10:14:00,,,,,,,,,,,
2025-08-09 10:29:00,,,,,,,,,,,
2025-08-09 10:44:00,,,,,,,,,,,
2025-08-09 10:59:00,,,,,,,,,,,
2025-08-09 11:14:00,,,,,,,,,,,
2025-08-09 11:29:00,,,,,,,,,,,
2025-08-09 11:44:00,,,,,,,,,,,
2025-08-09 11:59:00,,,,,,,,,,,
2025-08-09 12:14:00,,,,,,,,,,,
2025-08-09 12:29:00,,,,,,,,,,,
2025-08-09 12:44:00,,,,,,,,,,,
2025-08-09 12:59:00,,,,,,,,,,,
2025-08-09 13:14:00,,,,,,,,,,,
2025-08-09 13:29:00,,,,,,,,,,,
2025-08-09 13:44:00,,,,,,,,,,,
2025-08-09 13:59:00,,,,,,,,,,,
2025-08-09 14:14:00,,,,,,,,,,,
2025-08-09 14:29:00,,,,,,,,,,,
2025-08-09 14:44:00,,,,,,,,,,,
2025-08-09 14:59:00,,,,,,,,,,,
2025-08-09 15:14:00,,,,,,,,,,,
2025-08-09 15:29:00,,,,,,,,,,,
2025-08-09 15:44:00,,,,,,,,,,,
2025-08-09 15:59:00,,,,,,,,,,,
2025-08-09 16:14:00,,,,,,,,,,,
2025-08-09 16:29:00,,,,,,,,,,,
2025-08-09 16:44:00,,,,,,,,,,,
2025-08-09 16:59:00,,,,,,,,,,,
2025-08-09 17:14:00,,,,,,,,,,,
2025-08-09 17:29:00,,,,,,,,,,,
2025-08-09 17:44:00,,,,,,,,,,,
2025-08-09 17:59:00,,,,,,,,,,,
2025-08-09 18:14:00,,,,,,,,,,,
2025-08-09 18:29:00,,,,,,,,,,,
2025-08-09 18:44:00,,,,,,,,,,,
2025-08-09 18:59:00,,,,,,,,,,,
2025-08-09 19:14:00,,,,,,,,,,,
2025-08-09 19:29:00,,,,,,,,,,,
2025-08-09 19:44:00,,,,,,,,,,,
2025-08-09 19:59:00,,,,,,,,,,,
2025-08-09 20:14:00,,,,,,,,,,,
2025-08-09 20:29:00,,,,,,,,,,,
2025-08-09 20:44:00,,,,,,,,,,,
2025-08-09 20:59:00,,,,,,,,,,,
2025-08-09 21:14:00,,,,,,,,,,,
2025-08-09 21:29:00,,,,,,,,,,,
2025-08-09 21:44:00,,,,,,,,,,,
2025-08-09 21:59:00,,,,,,,,,,,
2025-08-09 22:14:00,,,,,,,,,,,
2025-08-09 22:29:00,,,,,,,,,,,
2025-08-09 22:44:00,,,,,,,,,,,
2025-08-09 22:59:00,,,,,,,,,,,
2025-08-09 23:14:00,,,,,,,,,,,
2025-08-09 23:29:00,,,,,,,,,,,
2025-08-09 23:44:00,,,,,,,,,,,
2025-08-09 23:59:00,,,,,,,,,,,
2025-08-10 00:14:00,,,,,,,,,,,
2025-08-10 00:29:00,,,,,,,,,,,
2025-08-10 00:44:00,,,,,,,,,,,
2025-08-10 00:59:00,,,,,,,,,,,
2025-08-10 01:14:00,,,,,,,,,,,
2025-08-10 01:29:00,,,,,,,,,,,
2025-08-10 01:44:00,,,,,,,,,,,
2025-08-10 01:59:00,,,,,,,,,,,
2025-08-10 02:14:00,,,,,,,,,,,
2025-08-10 02:29:00,,,,,,,,,,,
2025-08-10 02:44:00,,,,,,,,,,,
2025-08-10 02:59:00,,,,,,,,,,,
2025-08-10 03:14:00,,,,,,,,,,,
2025-08-10 03:29:00,,,,,,,,,,,
2025-08-10 03:44:00,,,,,,,,,,,
2025-08-10 03:59:00,,,,,,,,,,,
2025-08-10 04:14:00,,,,,,,,,,,
2025-08-10 04:29:00,,,,,,,,,,,
2025-08-10 04:44:00,,,,,,,,,,,
2025-08-10 04:59:00,,,,,,,,,,,
2025-08-10 05:14:00,,,,,,,,,,,
2025-08-10 05:29:00,,,,,,,,,,,
2025-08-10 05:44:00,,,,,,,,,,,
2025-08-10 05:59:00,,,,,,,,,,,
2025-08-10 06:14:00,,,,,,,,,,,
2025-08-10 06:29:00,,,,,,,,,,,
2025-08-10 06:44:00,,,,,,,,,,,
2025-08-10 06:59:00,,,,,,,,,,,
2025-08-10 07:14:00,,,,,,,,,,,
2025-08-10 07:29:00,,,,,,,,,,,
2025-08-10 07:44:00,,,,,,,,,,,
2025-08-10 07:59:00,,,,,,,,,,,
2025-08-10 08:14:00,,,,,,,,,,,
2025-08-10 08:29:00,,,,,,,,,,,
2025-08-10 08:44:00,,,,,,,,,,,
2025-08-10 08:59:00,,,,,,,,,,,
2025-08-10 09:14:00,,,,,,,,,,,
2025-08-10 09:29:00,,,,,,,,,,,
2025-08-10 09:44:00,,,,,,,,,,,
2025-08-10 09:59:00,,,,,,,,,,,
2025-08-10 10:14:00,,,,,,,,,,,
2025-08-10 10:29:00,,,,,,,,,,,
2025-08-10 10:44:00,,,,,,,,,,,
2025-08-10 10:59:00,,,,,,,,,,,
2025-08-10 11:14:00,,,,,,,,,,,
2025-08-10 11:29:00,,,,,,,,,,,
2025-08-10 11:44:00,,,,,,,,,,,
2025-08-10 11:59:00,,,,,,,,,,,
2025-08-10 12:14:00,,,,,,,,,,,
2025-08-10 12:29:00,,,,,,,,,,,
2025-08-10 12:44:00,,,,,,,,,,,
2025-08-10 12:59:00,,,,,,,,,,,
2025-08-10 13:14:00,,,,,,,,,,,
2025-08-10 13:29:00,,,,,,,,,,,
2025-08-10 13:44:00,,,,,,,,,,,
2025-08-10 13:59:00,,,,,,,,,,,
2025-08-10 14:14:00,,,,,,,,,,,
2025-08-10 14:29:00,,,,,,,,,,,
2025-08-10 14:44:00,,,,,,,,,,,
2025-08-10 14:59:00,,,,,,,,,,,
2025-08-10 15:14:00,,,,,,,,,,,
2025-08-10 15:29:00,,,,,,,,,,,
2025-08-10 15:44:00,,,,,,,,,,,
2025-08-10 15:59:00,,,,,,,,,,,
2025-08-10 16:14:00,,,,,,,,,,,
2025-08-10 16:29:00,,,,,,,,,,,
2025-08-10 16:44:00,,,,,,,,,,,
2025-08-10 16:59:00,,,,,,,,,,,
2025-08-10 17:14:00,,,,,,,,,,,
2025-08-10 17:29:00,,,,,,,,,,,
2025-08-10 17:44:00,,,,,,,,,,,
2025-08-10 17:59:00,,,,,,,,,,,
2025-08-10 18:14:00,,,,,,,,,,,
2025-08-10 18:29:00,,,,,,,,,,,
2025-08-10 18:44:00,,,,,,,,,,,
2025-08-10 18:59:00,,,,,,,,,,,
2025-08-10 19:14:00,,,,,,,,,,,
2025-08-10 19:29:00,,,,,,,,,,,
2025-08-10 19:44:00,,,,,,,,,,,
2025-08-10 19:59:00,,,,,,,,,,,
2025-08-10 20:14:00,,,,,,,,,,,
2025-08-10 20:29:00,,,,,,,,,,,
2025-08-10 20:44:00,,,,,,,,,,,
2025-08-10 20:59:00,,,,,,,,,,,
2025-08-10 21:14:00,,,,,,,,,,,
2025-08-10 21:29:00,,,,,,,,,,,
2025-08-10 21:44:00,,,,,,,,,,,
2025-08-10 21:59:00,,,,,,,,,,,
2025-08-10 22:14:00,,,,,,,,,,,
2025-08-10 22:29:00,,,,,,,,,,,
2025-08-10 22:44:00,,,,,,,,,,,
2025-08-10 22:59:00,,,,,,,,,,,
2025-08-10 23:14:00,,,,,,,,,,,
2025-08-10 23:29:00,,,,,,,,,,,
2025-08-10 23:44:00,,,,,,,,,,,
2025-08-10 23:59:00,,,,,,,,,,,
2025-08-11 00:14:00,,,,,,,,,,,
2025-08-11 00:29:00,,,,,,,,,,,
2025-08-11 00:44:00,,,,,,,,,,,
2025-08-11 00:59:00,,,,,,,,,,,
2025-08-11 01:14:00,,,,,,,,,,,
2025-08-11 01:29:00,,,,,,,,,,,
2025-08-11 01:44:00,,,,,,,,,,,
2025-08-11 01:59:00,,,,,,,,,,,
2025-08-11 02:14:00,,,,,,,,,,,
2025-08-11 02:29:00,,,,,,,,,,,
2025-08-11 02:44:00,,,,,,,,,,,
2025-08-11 02:59:00,,,,,,,,,,,
2025-08-11 03:14:00,,,,,,,,,,,
2025-08-11 03:29:00,,,,,,,,,,,
2025-08-11 03:44:00,,,,,,,,,,,
2025-08-11 03:59:00,,,,,,,,,,,
2025-08-11 04:14:00,,,,,,,,,,,
2025-08-11 04:29:00,,,,,,,,,,,
2025-08-11 04:44:00,,,,,,,,,,,
2025-08-11 04:59:00,,,,,,,,,,,
2025-08-11 05:14:00,,,,,,,,,,,
2025-08-11 05:29:00,,,,,,,,,,,
2025-08-11 05:44:00,,,,,,,,,,,
2025-08-11 05:59:00,,,,,,,,,,,
2025-08-11 06:14:00,,,,,,,,,,,
2025-08-11 06:29:00,,,,,,,,,,,
2025-08-11 06:44:00,,,,,,,,,,,
2025-08-11 06:59:00,,,,,,,,,,,
2025-08-11 07:14:00,,,,,,,,,,,
2025-08-11 07:29:00,,,,,,,,,,,
2025-08-11 07:44:00,,,,,,,,,,,
2025-08-11 07:59:00,,,,,,,,,,,
2025-08-11 08:14:00,,,,,,,,,,,
2025-08-11 08:29:00,,,,,,,,,,,
2025-08-11 08:44:00,,,,,,,,,,,
2025-08-11 08:59:00,,,,,,,,,,,
2025-08-11 09:14:00,,,,,,,,,,,
2025-08-11 09:29:00,,,,,,,,,,,
2025-08-11 09:44:00,,,,,,,,,,,
2025-08-11 09:59:00,,,,,,,,,,,
2025-08-11 10:14:00,,,,,,,,,,,
2025-08-11 10:29:00,,,,,,,,,,,
2025-08-11 10:44:00,,,,,,,,,,,
2025-08-11 10:59:00,,,,,,,,,,,
2025-08-11 11:14:00,,,,,,,,,,,
2025-08-11 11:29:00,,,,,,,,,,,
2025-08-11 11:44:00,,,,,,,,,,,
2025-08-11 11:59:00,,,,,,,,,,,
2025-08-11 12:14:00,,,,,,,,,,,
2025-08-11 12:29:00,,,,,,,,,,,
2025-08-11 12:44:00,,,,,,,,,,,
2025-08-11 12:59:00,,,,,,,,,,,
2025-08-11 13:14:00,,,,,,,,,,,
2025-08-11 13:29:00,,,,,,,,,,,
2025-08-11 13:44:00,,,,,,,,,,,
2025-08-11 13:59:00,,,,,,,,,,,
2025-08-11 14:14:00,,,,,,,,,,,
2025-08-11 14:29:00,,,,,,,,,,,
2025-08-11 14:44:00,,,,,,,,,,,
2025-08-11 14:59:00,,,,,,,,,,,
2025-08-11 15:14:00,,,,,,,,,,,
2025-08-11 15:29:00,,,,,,,,,,,
2025-08-11 15:44:00,,,,,,,,,,,
2025-08-11 15:59:00,,,,,,,,,,,
2025-08-11 16:14:00,,,,,,,,,,,
2025-08-11 16:29:00,,,,,,,,,,,
2025-08-11 16:44:00,,,,,,,,,,,
2025-08-11 16:59:00,,,,,,,,,,,
2025-08-11 17:14:00,,,,,,,,,,,
2025-08-11 17:29:00,,,,,,,,,,,
2025-08-11 17:44:00,,,,,,,,,,,
2025-08-11 17:59:00,,,,,,,,,,,
2025-08-11 18:14:00,,,,,,,,,,,
2025-08-11 18:29:00,,,,,,,,,,,
2025-08-11 18:44:00,,,,,,,,,,,
2025-08-11 18:59:00,,,,,,,,,,,
2025-08-11 19:14:00,,,,,,,,,,,
2025-08-11 19:29:00,,,,,,,,,,,
2025-08-11 19:44:00,,,,,,,,,,,
2025-08-11 19:59:00,,,,,,,,,,,
2025-08-11 20:14:00,,,,,,,,,,,
2025-08-11 20:29:00,,,,,,,,,,,
2025-08-11 20:44:00,,,,,,,,,,,
2025-08-11 20:59:00,,,,,,,,,,,
2025-08-11 21:14:00,,,,,,,,,,,
2025-08-11 21:29:00,,,,,,,,,,,
2025-08-11 21:44:00,,,,,,,,,,,
2025-08-11 21:59:00,,,,,,,,,,,
2025-08-11 22:14:00,,,,,,,,,,,
2025-08-11 22:29:00,,,,,,,,,,,
2025-08-11 22:44:00,,,,,,,,,,,
2025-08-11 22:59:00,,,,,,,,,,,
2025-08-11 23:14:00,,,,,,,,,,,
2025-08-11 23:29:00,,,,,,,,,,,
2025-08-11 23:44:00,,,,,,,,,,,
2025-08-11 23:59:00,,,,,,,,,,,
2025-08-12 00:14:00,,,,,,,,,,,
2025-08-12 00:29:00,,,,,,,,,,,
2025-08-12 00:44:00,,,,,,,,,,,
2025-08-12 00:59:00,,,,,,,,,,,
2025-08-12 01:14:00,,,,,,,,,,,
2025-08-12 01:29:00,,,,,,,,,,,
2025-08-12 01:44:00,,,,,,,,,,,
2025-08-12 01:59:00,,,,,,,,,,,
2025-08-12 02:14:00,,,,,,,,,,,
2025-08-12 02:29:00,,,,,,,,,,,
2025-08-12 02:44:00,,,,,,,,,,,
2025-08-12 02:59:00,,,,,,,,,,,
2025-08-12 03:14:00,,,,,,,,,,,
2025-08-12 03:29:00,,,,,,,,,,,
2025-08-12 03:44:00,,,,,,,,,,,
2025-08-12 03:59:00,,,,,,,,,,,
2025-08-12 04:14:00,,,,,,,,,,,
2025-08-12 04:29:00,,,,,,,,,,,
2025-08-12 04:44:00,,,,,,,,,,,
2025-08-12 04:59:00,,,,,,,,,,,
2025-08-12 05:14:00,,,,,,,,,,,
2025-08-12 05:29:00,,,,,,,,,,,
2025-08-12 05:44:00,,,,,,,,,,,
2025-08-12 05:59:00,,,,,,,,,,,
2025-08-12 06:14:00,,,,,,,,,,,
2025-08-12 06:29:00,,,,,,,,,,,
2025-08-12 06:44:00,,,,,,,,,,,
2025-08-12 06:59:00,,,,,,,,,,,
2025-08-12 07:14:00,,,,,,,,,,,
2025-08-12 07:29:00,,,,,,,,,,,
2025-08-12 07:44:00,,,,,,,,,,,
2025-08-12 07:59:00,,,,,,,,,,,
2025-08-12 08:14:00,,,,,,,,,,,
2025-08-12 08:29:00,,,,,,,,,,,
2025-08-12 08:44:00,,,,,,,,,,,
2025-08-12 08:59:00,,,,,,,,,,,
2025-08-12 09:14:00,,,,,,,,,,,
2025-08-12 09:29:00,,,,,,,,,,,
2025-08-12 09:44:00,,,,,,,,,,,
2025-08-12 09:59:00,,,,,,,,,,,
2025-08-12 10:14:00,,,,,,,,,,,
2025-08-12 10:29:00,,,,,,,,,,,
2025-08-12 10:44:00,,,,,,,,,,,
2025-08-12 10:59:00,,,,,,,,,,,
2025-08-12 11:14:00,,,,,,,,,,,
2025-08-12 11:29:00,,,,,,,,,,,
2025-08-12 11:44:00,,,,,,,,,,,
2025-08-12 11:59:00,,,,,,,,,,,
2025-08-12 12:14:00,,,,,,,,,,,
2025-08-12 12:29:00,,,,,,,,,,,
2025-08-12 12:44:00,,,,,,,,,,,
2025-08-12 12:59:00,,,,,,,,,,,
2025-08-12 13:14:00,,,,,,,,,,,
2025-08-12 13:29:00,,,,,,,,,,,
2025-08-12 13:44:00,,,,,,,,,,,
2025-08-12 13:59:00,,,,,,,,,,,
2025-08-12 14:14:00,,,,,,,,,,,
2025-08-12 14:29:00,,,,,,,,,,,
2025-08-12 14:44:00,,,,,,,,,,,
2025-08-12 14:59:00,,,,,,,,,,,
2025-08-12 15:14:00,,,,,,,,,,,
2025-08-12 15:29:00,,,,,,,,,,,
2025-08-12 15:44:00,,,,,,,,,,,
2025-08-12 15:59:00,,,,,,,,,,,
2025-08-12 16:14:00,,,,,,,,,,,
2025-08-12 16:29:00,,,,,,,,,,,
2025-08-12 16:44:00,,,,,,,,,,,
2025-08-12 16:59:00,,,,,,,,,,,
2025-08-12 17:14:00,,,,,,,,,,,
2025-08-12 17:29:00,,,,,,,,,,,
2025-08-12 17:44:00,,,,,,,,,,,
2025-08-12 17:59:00,,,,,,,,,,,
2025-08-12 18:14:00,,,,,,,,,,,
2025-08-12 18:29:00,,,,,,,,,,,
2025-08-12 18:44:00,,,,,,,,,,,
2025-08-12 18:59:00,,,,,,,,,,,
2025-08-12 19:14:00,,,,,,,,,,,
2025-08-12 19:29:00,,,,,,,,,,,
2025-08-12 19:44:00,,,,,,,,,,,
2025-08-12 19:59:00,,,,,,,,,,,
2025-08-12 20:14:00,,,,,,,,,,,
2025-08-12 20:29:00,,,,,,,,,,,
2025-08-12 20:44:00,,,,,,,,,,,
2025-08-12 20:59:00,,,,,,,,,,,
2025-08-12 21:14:00,,,,,,,,,,,
2025-08-12 21:29:00,,,,,,,,,,,
2025-08-12 21:44:00,,,,,,,,,,,
2025-08-12 21:59:00,,,,,,,,,,,
2025-08-12 22:14:00,,,,,,,,,,,
2025-08-12 22:29:00,,,,,,,,,,,
2025-08-12 22:44:00,,,,,,,,,,,
2025-08-12 22:59:00,,,,,,,,,,,
2025-08-12 23:14:00,,,,,,,,,,,
2025-08-12 23:29:00,,,,,,,,,,,
2025-08-12 23:44:00,,,,,,,,,,,
2025-08-12 23:59:00,,,,,,,,,,,
2025-08-13 00:14:00,,,,,,,,,,,
2025-08-13 00:29:00,,,,,,,,,,,
2025-08-13 00:44:00,,,,,,,,,,,
2025-08-13 00:59:00,,,,,,,,,,,
2025-08-13 01:14:00,,,,,,,,,,,
2025-08-13 01:29:00,,,,,,,,,,,
2025-08-13 01:44:00,,,,,,,,,,,
2025-08-13 01:59:00,,,,,,,,,,,
2025-08-13 02:14:00,,,,,,,,,,,
2025-08-13 02:29:00,,,,,,,,,,,
2025-08-13 02:44:00,,,,,,,,,,,
2025-08-13 02:59:00,,,,,,,,,,,
2025-08-13 03:14:00,,,,,,,,,,,
2025-08-13 03:29:00,,,,,,,,,,,
2025-08-13 03:44:00,,,,,,,,,,,
2025-08-13 03:59:00,,,,,,,,,,,
2025-08-13 04:14:00,,,,,,,,,,,
2025-08-13 04:29:00,,,,,,,,,,,
2025-08-13 04:44:00,,,,,,,,,,,
2025-08-13 04:59:00,,,,,,,,,,,
2025-08-13 05:14:00,,,,,,,,,,,
2025-08-13 05:29:00,,,,,,,,,,,
2025-08-13 05:44:00,,,,,,,,,,,
2025-08-13 05:59:00,,,,,,,,,,,
2025-08-13 06:14:00,,,,,,,,,,,
2025-08-13 06:29:00,,,,,,,,,,,
2025-08-13 06:44:00,,,,,,,,,,,
2025-08-13 06:59:00,,,,,,,,,,,
2025-08-13 07:14:00,,,,,,,,,,,
2025-08-13 07:29:00,,,,,,,,,,,
2025-08-13 07:44:00,,,,,,,,,,,
2025-08-13 07:59:00,,,,,,,,,,,
2025-08-13 08:14:00,,,,,,,,,,,
2025-08-13 08:29:00,,,,,,,,,,,
2025-08-13 08:44:00,,,,,,,,,,,
2025-08-13 08:59:00,,,,,,,,,,,
2025-08-13 09:14:00,,,,,,,,,,,
2025-08-13 09:29:00,,,,,,,,,,,
2025-08-13 09:44:00,,,,,,,,,,,
2025-08-13 09:59:00,,,,,,,,,,,
2025-08-13 10:14:00,,,,,,,,,,,
2025-08-13 10:29:00,,,,,,,,,,,
2025-08-13 10:44:00,,,,,,,,,,,
2025-08-13 10:59:00,,,,,,,,,,,
2025-08-13 11:14:00,,,,,,,,,,,
2025-08-13 11:29:00,,,,,,,,,,,
2025-08-13 11:44:00,,,,,,,,,,,
2025-08-13 11:59:00,,,,,,,,,,,
2025-08-13 12:14:00,,,,,,,,,,,
2025-08-13 12:29:00,,,,,,,,,,,
2025-08-13 12:44:00,,,,,,,,,,,
2025-08-13 12:59:00,,,,,,,,,,,
2025-08-13 13:14:00,,,,,,,,,,,
2025-08-13 13:29:00,,,,,,,,,,,
2025-08-13 13:44:00,,,,,,,,,,,
2025-08-13 13:59:00,,,,,,,,,,,
2025-08-13 14:14:00,,,,,,,,,,,
2025-08-13 14:29:00,,,,,,,,,,,
2025-08-13 14:44:00,,,,,,,,,,,
2025-08-13 14:59:00,,,,,,,,,,,
2025-08-13 15:14:00,,,,,,,,,,,
2025-08-13 15:29:00,,,,,,,,,,,
2025-08-13 15:44:00,,,,,,,,,,,
2025-08-13 15:59:00,,,,,,,,,,,
2025-08-13 16:14:00,,,,,,,,,,,
2025-08-13 16:29:00,,,,,,,,,,,
2025-08-13 16:44:00,,,,,,,,,,,
2025-08-13 16:59:00,,,,,,,,,,,
2025-08-13 17:14:00,,,,,,,,,,,
2025-08-13 17:29:00,,,,,,,,,,,
2025-08-13 17:44:00,,,,,,,,,,,
2025-08-13 17:59:00,,,,,,,,,,,
2025-08-13 18:14:00,,,,,,,,,,,
2025-08-13 18:29:00,,,,,,,,,,,
2025-08-13 18:44:00,,,,,,,,,,,
2025-08-13 18:59:00,,,,,,,,,,,
2025-08-13 19:14:00,,,,,,,,,,,
2025-08-13 19:29:00,,,,,,,,,,,
2025-08-13 19:44:00,,,,,,,,,,,
2025-08-13 19:59:00,,,,,,,,,,,
2025-08-13 20:14:00,,,,,,,,,,,
2025-08-13 20:29:00,,,,,,,,,,,
2025-08-13 20:44:00,,,,,,,,,,,
2025-08-13 20:59:00,,,,,,,,,,,
2025-08-13 21:14:00,,,,,,,,,,,
2025-08-13 21:29:00,,,,,,,,,,,
2025-08-13 21:44:00,,,,,,,,,,,
2025-08-13 21:59:00,,,,,,,,,,,
2025-08-13 22:14:00,,,,,,,,,,,
2025-08-13 22:29:00,,,,,,,,,,,
2025-08-13 22:44:00,,,,,,,,,,,
2025-08-13 22:59:00,,,,,,,,,,,
2025-08-13 23:14:00,,,,,,,,,,,
2025-08-13 23:29:00,,,,,,,,,,,
2025-08-13 23:44:00,,,,,,,,,,,
2025-08-13 23:59:00,,,,,,,,,,,
2025-08-14 00:14:00,,,,,,,,,,,
2025-08-14 00:29:00,,,,,,,,,,,
2025-08-14 00:44:00,,,,,,,,,,,
2025-08-14 00:59:00,,,,,,,,,,,
2025-08-14 01:14:00,,,,,,,,,,,
2025-08-14 01:29:00,,,,,,,,,,,
2025-08-14 01:44:00,,,,,,,,,,,
2025-08-14 01:59:00,,,,,,,,,,,
2025-08-14 02:14:00,,,,,,,,,,,
2025-08-14 02:29:00,,,,,,,,,,,
2025-08-14 02:44:00,,,,,,,,,,,
2025-08-14 02:59:00,,,,,,,,,,,
2025-08-14 03:14:00,,,,,,,,,,,
2025-08-14 03:29:00,,,,,,,,,,,
2025-08-14 03:44:00,,,,,,,,,,,
2025-08-14 03:59:00,,,,,,,,,,,
2025-08-14 04:14:00,,,,,,,,,,,
2025-08-14 04:29:00,,,,,,,,,,,
2025-08-14 04:44:00,,,,,,,,,,,
2025-08-14 04:59:00,,,,,,,,,,,
2025-08-14 05:14:00,,,,,,,,,,,
2025-08-14 05:29:00,,,,,,,,,,,
2025-08-14 05:44:00,,,,,,,,,,,
2025-08-14 05:59:00,,,,,,,,,,,
2025-08-14 06:14:00,,,,,,,,,,,
2025-08-14 06:29:00,,,,,,,,,,,
2025-08-14 06:44:00,,,,,,,,,,,
2025-08-14 06:59:00,,,,,,,,,,,
2025-08-14 07:14:00,,,,,,,,,,,
2025-08-14 07:29:00,,,,,,,,,,,
2025-08-14 07:44:00,,,,,,,,,,,
2025-08-14 07:59:00,,,,,,,,,,,
2025-08-14 08:14:00,,,,,,,,,,,
2025-08-14 08:29:00,,,,,,,,,,,
2025-08-14 08:44:00,,,,,,,,,,,
2025-08-14 08:59:00,,,,,,,,,,,
2025-08-14 09:14:00,,,,,,,,,,,
2025-08-14 09:29:00,,,,,,,,,,,
2025-08-14 09:44:00,,,,,,,,,,,
2025-08-14 09:59:00,,,,,,,,,,,
2025-08-14 10:14:00,,,,,,,,,,,
2025-08-14 10:29:00,,,,,,,,,,,
2025-08-14 10:44:00,,,,,,,,,,,
2025-08-14 10:59:00,,,,,,,,,,,
2025-08-14 11:14:00,,,,,,,,,,,
2025-08-14 11:29:00,,,,,,,,,,,
2025-08-14 11:44:00,,,,,,,,,,,
2025-08-14 11:59:00,,,,,,,,,,,
2025-08-14 12:14:00,,,,,,,,,,,
2025-08-14 12:29:00,,,,,,,,,,,
2025-08-14 12:44:00,,,,,,,,,,,
2025-08-14 12:59:00,,,,,,,,,,,
2025-08-14 13:14:00,,,,,,,,,,,
2025-08-14 13:29:00,,,,,,,,,,,
2025-08-14 13:44:00,,,,,,,,,,,
2025-08-14 13:59:00,,,,,,,,,,,
2025-08-14 14:14:00,,,,,,,,,,,
2025-08-14 14:29:00,,,,,,,,,,,
2025-08-14 14:44:00,,,,,,,,,,,
2025-08-14 14:59:00,,,,,,,,,,,
2025-08-14 15:14:00,,,,,,,,,,,
2025-08-14 15:29:00,,,,,,,,,,,
2025-08-14 15:44:00,,,,,,,,,,,
2025-08-14 15:59:00,,,,,,,,,,,
2025-08-14 16:14:00,,,,,,,,,,,
2025-08-14 16:29:00,,,,,,,,,,,
2025-08-14 16:44:00,,,,,,,,,,,
2025-08-14 16:59:00,,,,,,,,,,,
2025-08-14 17:14:00,,,,,,,,,,,
2025-08-14 17:29:00,,,,,,,,,,,
2025-08-14 17:44:00,,,,,,,,,,,
2025-08-14 17:59:00,,,,,,,,,,,
2025-08-14 18:14:00,,,,,,,,,,,
2025-08-14 18:29:00,,,,,,,,,,,
2025-08-14 18:44:00,,,,,,,,,,,
2025-08-14 18:59:00,,,,,,,,,,,
2025-08-14 19:14:00,,,,,,,,,,,
2025-08-14 19:29:00,,,,,,,,,,,
2025-08-14 19:44:00,,,,,,,,,,,
2025-08-14 19:59:00,,,,,,,,,,,
2025-08-14 20:14:00,,,,,,,,,,,
2025-08-14 20:29:00,,,,,,,,,,,
2025-08-14 20:44:00,,,,,,,,,,,
2025-08-14 20:59:00,,,,,,,,,,,
2025-08-14 21:14:00,,,,,,,,,,,
2025-08-14 21:29:00,,,,,,,,,,,
2025-08-14 21:44:00,,,,,,,,,,,
2025-08-14 21:59:00,,,,,,,,,,,
2025-08-14 22:14:00,,,,,,,,,,,
2025-08-14 22:29:00,,,,,,,,,,,
2025-08-14 22:44:00,,,,,,,,,,,
2025-08-14 22:59:00,,,,,,,,,,,
2025-08-14 23:14:00,,,,,,,,,,,
2025-08-14 23:29:00,,,,,,,,,,,
2025-08-14 23:44:00,,,,,,,,,,,
2025-08-14 23:59:00,,,,,,,,,,,
2025-08-15 00:14:00,,,,,,,,,,,
2025-08-15 00:29:00,,,,,,,,,,,
2025-08-15 00:44:00,,,,,,,,,,,
2025-08-15 00:59:00,,,,,,,,,,,
2025-08-15 01:14:00,,,,,,,,,,,
2025-08-15 01:29:00,,,,,,,,,,,
2025-08-15 01:44:00,,,,,,,,,,,
2025-08-15 01:59:00,,,,,,,,,,,
2025-08-15 02:14:00,,,,,,,,,,,
2025-08-15 02:29:00,,,,,,,,,,,
2025-08-15 02:44:00,,,,,,,,,,,
2025-08-15 02:59:00,,,,,,,,,,,
2025-08-15 03:14:00,,,,,,,,,,,
2025-08-15 03:29:00,,,,,,,,,,,
2025-08-15 03:44:00,,,,,,,,,,,
2025-08-15 03:59:00,,,,,,,,,,,
2025-08-15 04:14:00,,,,,,,,,,,
2025-08-15 04:29:00,,,,,,,,,,,
2025-08-15 04:44:00,,,,,,,,,,,
2025-08-15 04:59:00,,,,,,,,,,,
2025-08-15 05:14:00,,,,,,,,,,,
2025-08-15 05:29:00,,,,,,,,,,,
2025-08-15 05:44:00,,,,,,,,,,,
2025-08-15 05:59:00,,,,,,,,,,,
2025-08-15 06:14:00,,,,,,,,,,,
2025-08-15 06:29:00,,,,,,,,,,,
2025-08-15 06:44:00,,,,,,,,,,,
2025-08-15 06:59:00,,,,,,,,,,,
2025-08-15 07:14:00,,,,,,,,,,,
2025-08-15 07:29:00,,,,,,,,,,,
2025-08-15 07:44:00,,,,,,,,,,,
2025-08-15 07:59:00,,,,,,,,,,,
2025-08-15 08:14:00,,,,,,,,,,,
2025-08-15 08:29:00,,,,,,,,,,,
2025-08-15 08:44:00,,,,,,,,,,,
2025-08-15 08:59:00,,,,,,,,,,,
2025-08-15 09:14:00,,,,,,,,,,,
2025-08-15 09:29:00,,,,,,,,,,,
2025-08-15 09:44:00,,,,,,,,,,,
2025-08-15 09:59:00,,,,,,,,,,,
2025-08-15 10:14:00,,,,,,,,,,,
2025-08-15 10:29:00,,,,,,,,,,,
2025-08-15 10:44:00,,,,,,,,,,,
2025-08-15 10:59:00,,,,,,,,,,,
2025-08-15 11:14:00,,,,,,,,,,,
2025-08-15 11:29:00,,,,,,,,,,,
2025-08-15 11:44:00,,,,,,,,,,,
2025-08-15 11:59:00,,,,,,,,,,,
2025-08-15 12:14:00,,,,,,,,,,,
2025-08-15 12:29:00,,,,,,,,,,,
2025-08-15 12:44:00,,,,,,,,,,,
2025-08-15 12:59:00,,,,,,,,,,,
2025-08-15 13:14:00,,,,,,,,,,,
2025-08-15 13:29:00,,,,,,,,,,,
2025-08-15 13:44:00,,,,,,,,,,,
2025-08-15 13:59:00,,,,,,,,,,,
2025-08-15 14:14:00,,,,,,,,,,,
2025-08-15 14:29:00,,,,,,,,,,,
2025-08-15 14:44:00,,,,,,,,,,,
2025-08-15 14:59:00,,,,,,,,,,,
2025-08-15 15:14:00,,,,,,,,,,,
2025-08-15 15:29:00,,,,,,,,,,,
2025-08-15 15:44:00,,,,,,,,,,,
2025-08-15 15:59:00,,,,,,,,,,,
2025-08-15 16:14:00,,,,,,,,,,,
2025-08-15 16:29:00,,,,,,,,,,,
2025-08-15 16:44:00,,,,,,,,,,,
2025-08-15 16:59:00,,,,,,,,,,,
2025-08-15 17:14:00,,,,,,,,,,,
2025-08-15 17:29:00,,,,,,,,,,,
2025-08-15 17:44:00,,,,,,,,,,,
2025-08-15 17:59:00,,,,,,,,,,,
2025-08-15 18:14:00,,,,,,,,,,,
2025-08-15 18:29:00,,,,,,,,,,,
2025-08-15 18:44:00,,,,,,,,,,,
2025-08-15 18:59:00,,,,,,,,,,,
2025-08-15 19:14:00,,,,,,,,,,,
2025-08-15 19:29:00,,,,,,,,,,,
2025-08-15 19:44:00,,,,,,,,,,,
2025-08-15 19:59:00,,,,,,,,,,,
2025-08-15 20:14:00,,,,,,,,,,,
2025-08-15 20:29:00,,,,,,,,,,,
2025-08-15 20:44:00,,,,,,,,,,,
2025-08-15 20:59:00,,,,,,,,,,,
2025-08-15 21:14:00,,,,,,,,,,,
2025-08-15 21:29:00,,,,,,,,,,,
2025-08-15 21:44:00,,,,,,,,,,,
2025-08-15 21:59:00,,,,,,,,,,,
2025-08-15 22:14:00,,,,,,,,,,,
2025-08-15 22:29:00,,,,,,,,,,,
2025-08-15 22:44:00,,,,,,,,,,,
2025-08-15 22:59:00,,,,,,,,,,,
2025-08-15 23:14:00,,,,,,,,,,,
2025-08-15 23:29:00,,,,,,,,,,,
2025-08-15 23:44:00,,,,,,,,,,,
2025-08-15 23:59:00,,,,,,,,,,,
2025-08-16 00:14:00,,,,,,,,,,,
2025-08-16 00:29:00,,,,,,,,,,,
2025-08-16 00:44:00,,,,,,,,,,,
2025-08-16 00:59:00,,,,,,,,,,,
2025-08-16 01:14:00,,,,,,,,,,,
2025-08-16 01:29:00,,,,,,,,,,,
2025-08-16 01:44:00,,,,,,,,,,,
2025-08-16 01:59:00,,,,,,,,,,,
2025-08-16 02:14:00,,,,,,,,,,,
2025-08-16 02:29:00,,,,,,,,,,,
2025-08-16 02:44:00,,,,,,,,,,,
2025-08-16 02:59:00,,,,,,,,,,,
2025-08-16 03:14:00,,,,,,,,,,,
2025-08-16 03:29:00,,,,,,,,,,,
2025-08-16 03:44:00,,,,,,,,,,,
2025-08-16 03:59:00,,,,,,,,,,,
2025-08-16 04:14:00,,,,,,,,,,,
2025-08-16 04:29:00,,,,,,,,,,,
2025-08-16 04:44:00,,,,,,,,,,,
2025-08-16 04:59:00,,,,,,,,,,,
2025-08-16 05:14:00,,,,,,,,,,,
2025-08-16 05:29:00,,,,,,,,,,,
2025-08-16 05:44:00,,,,,,,,,,,
2025-08-16 05:59:00,,,,,,,,,,,
2025-08-16 06:14:00,,,,,,,,,,,
2025-08-16 06:29:00,,,,,,,,,,,
2025-08-16 06:44:00,,,,,,,,,,,
2025-08-16 06:59:00,,,,,,,,,,,
2025-08-16 07:14:00,,,,,,,,,,,
2025-08-16 07:29:00,,,,,,,,,,,
2025-08-16 07:44:00,,,,,,,,,,,
2025-08-16 07:59:00,,,,,,,,,,,
2025-08-16 08:14:00,,,,,,,,,,,
2025-08-16 08:29:00,,,,,,,,,,,
2025-08-16 08:44:00,,,,,,,,,,,
2025-08-16 08:59:00,,,,,,,,,,,
2025-08-16 09:14:00,,,,,,,,,,,
2025-08-16 09:29:00,,,,,,,,,,,
2025-08-16 09:44:00,,,,,,,,,,,
2025-08-16 09:59:00,,,,,,,,,,,
2025-08-16 10:14:00,,,,,,,,,,,
2025-08-16 10:29:00,,,,,,,,,,,
2025-08-16 10:44:00,,,,,,,,,,,
2025-08-16 10:59:00,,,,,,,,,,,
2025-08-16 11:14:00,,,,,,,,,,,
2025-08-16 11:29:00,,,,,,,,,,,
2025-08-16 11:44:00,,,,,,,,,,,
2025-08-16 11:59:00,,,,,,,,,,,
2025-08-16 12:14:00,,,,,,,,,,,
2025-08-16 12:29:00,,,,,,,,,,,
2025-08-16 12:44:00,,,,,,,,,,,
2025-08-16 12:59:00,,,,,,,,,,,
2025-08-16 13:14:00,,,,,,,,,,,
2025-08-16 13:29:00,,,,,,,,,,,
2025-08-16 13:44:00,,,,,,,,,,,
2025-08-16 13:59:00,,,,,,,,,,,
2025-08-16 14:14:00,,,,,,,,,,,
2025-08-16 14:29:00,,,,,,,,,,,
2025-08-16 14:44:00,,,,,,,,,,,
2025-08-16 14:59:00,,,,,,,,,,,
2025-08-16 15:14:00,,,,,,,,,,,
2025-08-16 15:29:00,,,,,,,,,,,
2025-08-16 15:44:00,,,,,,,,,,,
2025-08-16 15:59:00,,,,,,,,,,,
2025-08-16 16:14:00,,,,,,,,,,,
2025-08-16 16:29:00,,,,,,,,,,,
2025-08-16 16:44:00,,,,,,,,,,,
2025-08-16 16:59:00,,,,,,,,,,,
2025-08-16 17:14:00,,,,,,,,,,,
2025-08-16 17:29:00,,,,,,,,,,,
2025-08-16 17:44:00,,,,,,,,,,,
2025-08-16 17:59:00,,,,,,,,,,,
2025-08-16 18:14:00,,,,,,,,,,,
2025-08-16 18:29:00,,,,,,,,,,,
2025-08-16 18:44:00,,,,,,,,,,,
2025-08-16 18:59:00,,,,,,,,,,,
2025-08-16 19:14:00,,,,,,,,,,,
2025-08-16 19:29:00,,,,,,,,,,,
2025-08-16 19:44:00,,,,,,,,,,,
2025-08-16 19:59:00,,,,,,,,,,,
2025-08-16 20:14:00,,,,,,,,,,,
2025-08-16 20:29:00,,,,,,,,,,,
2025-08-16 20:44:00,,,,,,,,,,,
2025-08-16 20:59:00,,,,,,,,,,,
2025-08-16 21:14:00,,,,,,,,,,,
2025-08-16 21:29:00,,,,,,,,,,,
2025-08-16 21:44:00,,,,,,,,,,,
2025-08-16 21:59:00,,,,,,,,,,,
2025-08-16 22:14:00,,,,,,,,,,,
2025-08-16 22:29:00,,,,,,,,,,,
2025-08-16 22:44:00,,,,,,,,,,,
2025-08-16 22:59:00,,,,,,,,,,,
2025-08-16 23:14:00,,,,,,,,,,,
2025-08-16 23:29:00,,,,,,,,,,,
2025-08-16 23:44:00,,,,,,,,,,,
2025-08-16 23:59:00,,,,,,,,,,,
2025-08-17 00:14:00,,,,,,,,,,,
2025-08-17 00:29:00,,,,,,,,,,,
2025-08-17 00:44:00,,,,,,,,,,,
2025-08-17 00:59:00,,,,,,,,,,,
2025-08-17 01:14:00,,,,,,,,,,,
2025-08-17 01:29:00,,,,,,,,,,,
2025-08-17 01:44:00,,,,,,,,,,,
2025-08-17 01:59:00,,,,,,,,,,,
2025-08-17 02:14:00,,,,,,,,,,,
2025-08-17 02:29:00,,,,,,,,,,,
2025-08-17 02:44:00,,,,,,,,,,,
2025-08-17 02:59:00,,,,,,,,,,,
2025-08-17 03:14:00,,,,,,,,,,,
2025-08-17 03:29:00,,,,,,,,,,,
2025-08-17 03:44:00,,,,,,,,,,,
2025-08-17 03:59:00,,,,,,,,,,,
2025-08-17 04:14:00,,,,,,,,,,,
2025-08-17 04:29:00,,,,,,,,,,,
2025-08-17 04:44:00,,,,,,,,,,,
2025-08-17 04:59:00,,,,,,,,,,,
2025-08-17 05:14:00,,,,,,,,,,,
2025-08-17 05:29:00,,,,,,,,,,,
2025-08-17 05:44:00,,,,,,,,,,,
2025-08-17 05:59:00,,,,,,,,,,,
2025-08-17 06:14:00,,,,,,,,,,,
2025-08-17 06:29:00,,,,,,,,,,,
2025-08-17 06:44:00,,,,,,,,,,,
2025-08-17 06:59:00,,,,,,,,,,,
2025-08-17 07:14:00,,,,,,,,,,,
2025-08-17 07:29:00,,,,,,,,,,,
2025-08-17 07:44:00,,,,,,,,,,,
2025-08-17 07:59:00,,,,,,,,,,,
2025-08-17 08:14:00,,,,,,,,,,,
2025-08-17 08:29:00,,,,,,,,,,,
2025-08-17 08:44:00,,,,,,,,,,,
2025-08-17 08:59:00,,,,,,,,,,,
2025-08-17 09:14:00,,,,,,,,,,,
2025-08-17 09:29:00,,,,,,,,,,,
2025-08-17 09:44:00,,,,,,,,,,,
2025-08-17 09:59:00,,,,,,,,,,,
2025-08-17 10:14:00,,,,,,,,,,,
2025-08-17 10:29:00,,,,,,,,,,,
2025-08-17 10:44:00,,,,,,,,,,,
2025-08-17 10:59:00,,,,,,,,,,,
2025-08-17 11:14:00,,,,,,,,,,,
2025-08-17 11:29:00,,,,,,,,,,,
2025-08-17 11:44:00,,,,,,,,,,,
2025-08-17 11:59:00,,,,,,,,,,,
2025-08-17 12:14:00,,,,,,,,,,,
2025-08-17 12:29:00,,,,,,,,,,,
2025-08-17 12:44:00,,,,,,,,,,,
2025-08-17 12:59:00,,,,,,,,,,,
2025-08-17 13:14:00,,,,,,,,,,,
2025-08-17 13:29:00,,,,,,,,,,,
2025-08-17 13:44:00,,,,,,,,,,,
2025-08-17 13:59:00,,,,,,,,,,,
2025-08-17 14:14:00,,,,,,,,,,,
2025-08-17 14:29:00,,,,,,,,,,,
2025-08-17 14:44:00,,,,,,,,,,,
2025-08-17 14:59:00,,,,,,,,,,,
2025-08-17 15:14:00,,,,,,,,,,,
2025-08-17 15:29:00,,,,,,,,,,,
2025-08-17 15:44:00,,,,,,,,,,,
2025-08-17 15:59:00,,,,,,,,,,,
2025-08-17 16:14:00,,,,,,,,,,,
2025-08-17 16:29:00,,,,,,,,,,,
2025-08-17 16:44:00,,,,,,,,,,,
2025-08-17 16:59:00,,,,,,,,,,,
2025-08-17 17:14:00,,,,,,,,,,,
2025-08-17 17:29:00,,,,,,,,,,,
2025-08-17 17:44:00,,,,,,,,,,,
2025-08-17 17:59:00,,,,,,,,,,,
2025-08-17 18:14:00,,,,,,,,,,,
2025-08-17 18:29:00,,,,,,,,,,,
2025-08-17 18:44:00,,,,,,,,,,,
2025-08-17 18:59:00,,,,,,,,,,,
2025-08-17 19:14:00,,,,,,,,,,,
2025-08-17 19:29:00,,,,,,,,,,,
2025-08-17 19:44:00,,,,,,,,,,,
2025-08-17 19:59:00,,,,,,,,,,,
2025-08-17 20:14:00,,,,,,,,,,,
2025-08-17 20:29:00,,,,,,,,,,,
2025-08-17 20:44:00,,,,,,,,,,,
2025-08-17 20:59:00,,,,,,,,,,,
2025-08-17 21:14:00,,,,,,,,,,,
2025-08-17 21:29:00,,,,,,,,,,,
2025-08-17 21:44:00,,,,,,,,,,,
2025-08-17 21:59:00,,,,,,,,,,,
2025-08-17 22:14:00,,,,,,,,,,,
2025-08-17 22:29:00,,,,,,,,,,,
2025-08-17 22:44:00,,,,,,,,,,,
2025-08-17 22:59:00,,,,,,,,,,,
2025-08-17 23:14:00,,,,,,,,,,,
2025-08-17 23:29:00,,,,,,,,,,,
2025-08-17 23:44:00,,,,,,,,,,,
2025-08-17 23:59:00,,,,,,,,,,,
2025-08-18 00:14:00,,,,,,,,,,,
2025-08-18 00:29:00,,,,,,,,,,,
2025-08-18 00:44:00,,,,,,,,,,,
2025-08-18 00:59:00,,,,,,,,,,,
2025-08-18 01:14:00,,,,,,,,,,,
2025-08-18 01:29:00,,,,,,,,,,,
2025-08-18 01:44:00,,,,,,,,,,,
2025-08-18 01:59:00,,,,,,,,,,,
2025-08-18 02:14:00,,,,,,,,,,,
2025-08-18 02:29:00,,,,,,,,,,,
2025-08-18 02:44:00,,,,,,,,,,,
2025-08-18 02:59:00,,,,,,,,,,,
2025-08-18 03:14:00,,,,,,,,,,,
2025-08-18 03:29:00,,,,,,,,,,,
2025-08-18 03:44:00,,,,,,,,,,,
2025-08-18 03:59:00,,,,,,,,,,,
2025-08-18 04:14:00,,,,,,,,,,,
2025-08-18 04:29:00,,,,,,,,,,,
2025-08-18 04:44:00,,,,,,,,,,,
2025-08-18 04:59:00,,,,,,,,,,,
2025-08-18 05:14:00,,,,,,,,,,,
2025-08-18 05:29:00,,,,,,,,,,,
2025-08-18 05:44:00,,,,,,,,,,,
2025-08-18 05:59:00,,,,,,,,,,,
2025-08-18 06:14:00,,,,,,,,,,,
2025-08-18 06:29:00,,,,,,,,,,,
2025-08-18 06:44:00,,,,,,,,,,,
2025-08-18 06:59:00,,,,,,,,,,,
2025-08-18 07:14:00,,,,,,,,,,,
2025-08-18 07:29:00,,,,,,,,,,,
2025-08-18 07:44:00,,,,,,,,,,,
2025-08-18 07:59:00,,,,,,,,,,,
2025-08-18 08:14:00,,,,,,,,,,,
2025-08-18 08:29:00,,,,,,,,,,,
2025-08-18 08:44:00,,,,,,,,,,,
2025-08-18 08:59:00,,,,,,,,,,,
2025-08-18 09:14:00,,,,,,,,,,,
2025-08-18 09:29:00,,,,,,,,,,,
2025-08-18 09:44:00,,,,,,,,,,,
2025-08-18 09:59:00,,,,,,,,,,,
2025-08-18 10:14:00,,,,,,,,,,,
2025-08-18 10:29:00,,,,,,,,,,,
2025-08-18 10:44:00,,,,,,,,,,,
2025-08-18 10:59:00,,,,,,,,,,,
2025-08-18 11:14:00,,,,,,,,,,,
2025-08-18 11:29:00,,,,,,,,,,,
2025-08-18 11:44:00,,,,,,,,,,,
2025-08-18 11:59:00,,,,,,,,,,,
2025-08-18 12:14:00,,,,,,,,,,,
2025-08-18 12:29:00,,,,,,,,,,,
2025-08-18 12:44:00,,,,,,,,,,,
2025-08-18 12:59:00,,,,,,,,,,,
2025-08-18 13:14:00,,,,,,,,,,,
2025-08-18 13:29:00,,,,,,,,,,,
2025-08-18 13:44:00,,,,,,,,,,,
2025-08-18 13:59:00,,,,,,,,,,,
2025-08-18 14:14:00,,,,,,,,,,,
2025-08-18 14:29:00,,,,,,,,,,,
2025-08-18 14:44:00,,,,,,,,,,,
2025-08-18 14:59:00,,,,,,,,,,,
2025-08-18 15:14:00,,,,,,,,,,,
2025-08-18 15:29:00,,,,,,,,,,,
2025-08-18 15:44:00,,,,,,,,,,,
2025-08-18 15:59:00,,,,,,,,,,,
2025-08-18 16:14:00,,,,,,,,,,,
2025-08-18 16:29:00,,,,,,,,,,,
2025-08-18 16:44:00,,,,,,,,,,,
2025-08-18 16:59:00,,,,,,,,,,,
2025-08-18 17:14:00,,,,,,,,,,,
2025-08-18 17:29:00,,,,,,,,,,,
2025-08-18 17:44:00,,,,,,,,,,,
2025-08-18 17:59:00,,,,,,,,,,,
2025-08-18 18:14:00,,,,,,,,,,,
2025-08-18 18:29:00,,,,,,,,,,,
2025-08-18 18:44:00,,,,,,,,,,,
2025-08-18 18:59:00,,,,,,,,,,,
2025-08-18 19:14:00,,,,,,,,,,,
2025-08-18 19:29:00,,,,,,,,,,,
2025-08-18 19:44:00,,,,,,,,,,,
2025-08-18 19:59:00,,,,,,,,,,,
2025-08-18 20:14:00,,,,,,,,,,,
2025-08-18 20:29:00,,,,,,,,,,,
2025-08-18 20:44:00,,,,,,,,,,,
2025-08-18 20:59:00,,,,,,,,,,,
2025-08-18 21:14:00,,,,,,,,,,,
2025-08-18 21:29:00,,,,,,,,,,,
2025-08-18 21:44:00,,,,,,,,,,,
2025-08-18 21:59:00,,,,,,,,,,,
2025-08-18 22:14:00,,,,,,,,,,,
2025-08-18 22:29:00,,,,,,,,,,,
2025-08-18 22:44:00,,,,,,,,,,,
2025-08-18 22:59:00,,,,,,,,,,,
2025-08-18 23:14:00,,,,,,,,,,,
2025-08-18 23:29:00,,,,,,,,,,,
2025-08-18 23:44:00,,,,,,,,,,,
2025-08-18 23:59:00,,,,,,,,,,,
2025-08-19 00:14:00,,,,,,,,,,,
2025-08-19 00:29:00,,,,,,,,,,,
2025-08-19 00:44:00,,,,,,,,,,,
2025-08-19 00:59:00,,,,,,,,,,,
2025-08-19 01:14:00,,,,,,,,,,,
2025-08-19 01:29:00,,,,,,,,,,,
2025-08-19 01:44:00,,,,,,,,,,,
2025-08-19 01:59:00,,,,,,,,,,,
2025-08-19 02:14:00,,,,,,,,,,,
2025-08-19 02:29:00,,,,,,,,,,,
2025-08-19 02:44:00,,,,,,,,,,,
2025-08-19 02:59:00,,,,,,,,,,,
2025-08-19 03:14:00,,,,,,,,,,,
2025-08-19 03:29:00,,,,,,,,,,,
2025-08-19 03:44:00,,,,,,,,,,,
2025-08-19 03:59:00,,,,,,,,,,,
2025-08-19 04:14:00,,,,,,,,,,,
2025-08-19 04:29:00,,,,,,,,,,,
2025-08-19 04:44:00,,,,,,,,,,,
2025-08-19 04:59:00,,,,,,,,,,,
2025-08-19 05:14:00,,,,,,,,,,,
2025-08-19 05:29:00,,,,,,,,,,,
2025-08-19 05:44:00,,,,,,,,,,,
2025-08-19 05:59:00,,,,,,,,,,,
2025-08-19 06:14:00,,,,,,,,,,,
2025-08-19 06:29:00,,,,,,,,,,,
2025-08-19 06:44:00,,,,,,,,,,,
2025-08-19 06:59:00,,,,,,,,,,,
2025-08-19 07:14:00,,,,,,,,,,,
2025-08-19 07:29:00,,,,,,,,,,,
2025-08-19 07:44:00,,,,,,,,,,,
2025-08-19 07:59:00,,,,,,,,,,,
2025-08-19 08:14:00,,,,,,,,,,,
2025-08-19 08:29:00,,,,,,,,,,,
2025-08-19 08:44:00,,,,,,,,,,,
2025-08-19 08:59:00,,,,,,,,,,,
2025-08-19 09:14:00,,,,,,,,,,,
2025-08-19 09:29:00,,,,,,,,,,,
2025-08-19 09:44:00,,,,,,,,,,,
2025-08-19 09:59:00,,,,,,,,,,,
2025-08-19 10:14:00,,,,,,,,,,,
2025-08-19 10:29:00,,,,,,,,,,,
2025-08-19 10:44:00,,,,,,,,,,,
2025-08-19 10:59:00,,,,,,,,,,,
2025-08-19 11:14:00,,,,,,,,,,,
2025-08-19 11:29:00,,,,,,,,,,,
2025-08-19 11:44:00,,,,,,,,,,,
2025-08-19 11:59:00,,,,,,,,,,,
2025-08-19 12:14:00,,,,,,,,,,,
2025-08-19 12:29:00,,,,,,,,,,,
2025-08-19 12:44:00,,,,,,,,,,,
2025-08-19 12:59:00,,,,,,,,,,,
2025-08-19 13:14:00,,,,,,,,,,,
2025-08-19 13:29:00,,,,,,,,,,,
2025-08-19 13:44:00,,,,,,,,,,,
2025-08-19 13:59:00,,,,,,,,,,,
2025-08-19 14:14:00,,,,,,,,,,,
2025-08-19 14:29:00,,,,,,,,,,,
2025-08-19 14:44:00,,,,,,,,,,,
2025-08-19 14:59:00,,,,,,,,,,,
2025-08-19 15:14:00,,,,,,,,,,,
2025-08-19 15:29:00,,,,,,,,,,,
2025-08-19 15:44:00,,,,,,,,,,,
2025-08-19 15:59:00,,,,,,,,,,,
2025-08-19 16:14:00,,,,,,,,,,,
2025-08-19 16:29:00,,,,,,,,,,,
2025-08-19 16:44:00,,,,,,,,,,,
2025-08-19 16:59:00,,,,,,,,,,,
2025-08-19 17:14:00,,,,,,,,,,,
2025-08-19 17:29:00,,,,,,,,,,,
2025-08-19 17:44:00,,,,,,,,,,,
2025-08-19 17:59:00,,,,,,,,,,,
2025-08-19 18:14:00,,,,,,,,,,,
2025-08-19 18:29:00,,,,,,,,,,,
2025-08-19 18:44:00,,,,,,,,,,,
2025-08-19 18:59:00,,,,,,,,,,,
2025-08-19 19:14:00,,,,,,,,,,,
2025-08-19 19:29:00,,,,,,,,,,,
2025-08-19 19:44:00,,,,,,,,,,,
2025-08-19 19:59:00,,,,,,,,,,,
2025-08-19 20:14:00,,,,,,,,,,,
2025-08-19 20:29:00,,,,,,,,,,,
2025-08-19 20:44:00,,,,,,,,,,,
2025-08-19 20:59:00,,,,,,,,,,,
2025-08-19 21:14:00,,,,,,,,,,,
2025-08-19 21:29:00,,,,,,,,,,,
2025-08-19 21:44:00,,,,,,,,,,,
2025-08-19 21:59:00,,,,,,,,,,,
2025-08-19 22:14:00,,,,,,,,,,,
2025-08-19 22:29:00,,,,,,,,,,,
2025-08-19 22:44:00,,,,,,,,,,,
2025-08-19 22:59:00,,,,,,,,,,,
2025-08-19 23:14:00,,,,,,,,,,,
2025-08-19 23:29:00,,,,,,,,,,,
2025-08-19 23:44:00,,,,,,,,,,,
2025-08-19 23:59:00,,,,,,,,,,,
2025-08-20 00:14:00,,,,,,,,,,,
2025-08-20 00:29:00,,,,,,,,,,,
2025-08-20 00:44:00,,,,,,,,,,,
2025-08-20 00:59:00,,,,,,,,,,,
2025-08-20 01:14:00,,,,,,,,,,,
2025-08-20 01:29:00,,,,,,,,,,,
2025-08-20 01:44:00,,,,,,,,,,,
2025-08-20 01:59:00,,,,,,,,,,,
2025-08-20 02:14:00,,,,,,,,,,,
2025-08-20 02:29:00,,,,,,,,,,,
2025-08-20 02:44:00,,,,,,,,,,,
2025-08-20 02:59:00,,,,,,,,,,,
2025-08-20 03:14:00,,,,,,,,,,,
2025-08-20 03:29:00,,,,,,,,,,,
2025-08-20 03:44:00,,,,,,,,,,,
2025-08-20 03:59:00,,,,,,,,,,,
2025-08-20 04:14:00,,,,,,,,,,,
2025-08-20 04:29:00,,,,,,,,,,,
2025-08-20 04:44:00,,,,,,,,,,,
2025-08-20 04:59:00,,,,,,,,,,,
2025-08-20 05:14:00,,,,,,,,,,,
2025-08-20 05:29:00,,,,,,,,,,,
2025-08-20 05:44:00,,,,,,,,,,,
2025-08-20 05:59:00,,,,,,,,,,,
2025-08-20 06:14:00,,,,,,,,,,,
2025-08-20 06:29:00,,,,,,,,,,,
2025-08-20 06:44:00,,,,,,,,,,,
2025-08-20 06:59:00,,,,,,,,,,,
2025-08-20 07:14:00,,,,,,,,,,,
2025-08-20 07:29:00,,,,,,,,,,,
2025-08-20 07:44:00,,,,,,,,,,,
2025-08-20 07:59:00,,,,,,,,,,,
2025-08-20 08:14:00,,,,,,,,,,,
2025-08-20 08:29:00,,,,,,,,,,,
2025-08-20 08:44:00,,,,,,,,,,,
2025-08-20 08:59:00,,,,,,,,,,,
2025-08-20 09:14:00,,,,,,,,,,,
2025-08-20 09:29:00,,,,,,,,,,,
2025-08-20 09:44:00,,,,,,,,,,,
2025-08-20 09:59:00,,,,,,,,,,,
2025-08-20 10:14:00,,,,,,,,,,,
2025-08-20 10:29:00,,,,,,,,,,,
2025-08-20 10:44:00,,,,,,,,,,,
2025-08-20 10:59:00,,,,,,,,,,,
2025-08-20 11:14:00,,,,,,,,,,,
2025-08-20 11:29:00,,,,,,,,,,,
2025-08-20 11:44:00,,,,,,,,,,,
2025-08-20 11:59:00,,,,,,,,,,,
2025-08-20 12:14:00,,,,,,,,,,,
2025-08-20 12:29:00,,,,,,,,,,,
2025-08-20 12:44:00,,,,,,,,,,,
2025-08-20 12:59:00,,,,,,,,,,,
2025-08-20 13:14:00,,,,,,,,,,,
2025-08-20 13:29:00,,,,,,,,,,,
2025-08-20 13:44:00,,,,,,,,,,,
2025-08-20 13:59:00,,,,,,,,,,,
2025-08-20 14:14:00,,,,,,,,,,,
2025-08-20 14:29:00,,,,,,,,,,,
2025-08-20 14:44:00,,,,,,,,,,,
2025-08-20 14:59:00,,,,,,,,,,,
2025-08-20 15:14:00,,,,,,,,,,,
2025-08-20 15:29:00,,,,,,,,,,,
2025-08-20 15:44:00,,,,,,,,,,,
2025-08-20 15:59:00,,,,,,,,,,,
2025-08-20 16:14:00,,,,,,,,,,,
2025-08-20 16:29:00,,,,,,,,,,,
2025-08-20 16:44:00,,,,,,,,,,,
2025-08-20 16:59:00,,,,,,,,,,,
2025-08-20 17:14:00,,,,,,,,,,,
2025-08-20 17:29:00,,,,,,,,,,,
2025-08-20 17:44:00,,,,,,,,,,,
2025-08-20 17:59:00,,,,,,,,,,,
2025-08-20 18:14:00,,,,,,,,,,,
2025-08-20 18:29:00,,,,,,,,,,,
2025-08-20 18:44:00,,,,,,,,,,,
2025-08-20 18:59:00,,,,,,,,,,,
2025-08-20 19:14:00,,,,,,,,,,,
2025-08-20 19:29:00,,,,,,,,,,,
2025-08-20 19:44:00,,,,,,,,,,,
2025-08-20 19:59:00,,,,,,,,,,,
2025-08-20 20:14:00,,,,,,,,,,,
2025-08-20 20:29:00,,,,,,,,,,,
2025-08-20 20:44:00,,,,,,,,,,,
2025-08-20 20:59:00,,,,,,,,,,,
2025-08-20 21:14:00,,,,,,,,,,,
2025-08-20 21:29:00,,,,,,,,,,,
2025-08-20 21:44:00,,,,,,,,,,,
2025-08-20 21:59:00,,,,,,,,,,,
2025-08-20 22:14:00,,,,,,,,,,,
2025-08-20 22:29:00,,,,,,,,,,,
2025-08-20 22:44:00,,,,,,,,,,,
2025-08-20 22:59:00,,,,,,,,,,,
2025-08-20 23:14:00,,,,,,,,,,,
2025-08-20 23:29:00,,,,,,,,,,,
2025-08-20 23:44:00,,,,,,,,,,,
2025-08-20 23:59:00,,,,,,,,,,,
2025-08-21 00:14:00,,,,,,,,,,,
2025-08-21 00:29:00,,,,,,,,,,,
2025-08-21 00:44:00,,,,,,,,,,,
2025-08-21 00:59:00,,,,,,,,,,,
2025-08-21 01:14:00,,,,,,,,,,,
2025-08-21 01:29:00,,,,,,,,,,,
2025-08-21 01:44:00,,,,,,,,,,,
2025-08-21 01:59:00,,,,,,,,,,,
2025-08-21 02:14:00,,,,,,,,,,,
2025-08-21 02:29:00,,,,,,,,,,,
2025-08-21 02:44:00,,,,,,,,,,,
2025-08-21 02:59:00,,,,,,,,,,,
2025-08-21 03:14:00,,,,,,,,,,,
2025-08-21 03:29:00,,,,,,,,,,,
2025-08-21 03:44:00,,,,,,,,,,,
2025-08-21 03:59:00,,,,,,,,,,,
2025-08-21 04:14:00,,,,,,,,,,,
2025-08-21 04:29:00,,,,,,,,,,,
2025-08-21 04:44:00,,,,,,,,,,,
2025-08-21 04:59:00,,,,,,,,,,,
2025-08-21 05:14:00,,,,,,,,,,,
2025-08-21 05:29:00,,,,,,,,,,,
2025-08-21 05:44:00,,,,,,,,,,,
2025-08-21 05:59:00,,,,,,,,,,,
2025-08-21 06:14:00,,,,,,,,,,,
2025-08-21 06:29:00,,,,,,,,,,,
2025-08-21 06:44:00,,,,,,,,,,,
2025-08-21 06:59:00,,,,,,,,,,,
2025-08-21 07:14:00,,,,,,,,,,,
2025-08-21 07:29:00,,,,,,,,,,,
2025-08-21 07:44:00,,,,,,,,,,,
2025-08-21 07:59:00,,,,,,,,,,,
2025-08-21 08:14:00,,,,,,,,,,,
2025-08-21 08:29:00,,,,,,,,,,,
2025-08-21 08:44:00,,,,,,,,,,,
2025-08-21 08:59:00,,,,,,,,,,,
2025-08-21 09:14:00,,,,,,,,,,,
2025-08-21 09:29:00,,,,,,,,,,,
2025-08-21 09:44:00,,,,,,,,,,,
2025-08-21 09:59:00,,,,,,,,,,,
2025-08-21 10:14:00,,,,,,,,,,,
2025-08-21 10:29:00,,,,,,,,,,,
2025-08-21 10:44:00,,,,,,,,,,,
2025-08-21 10:59:00,,,,,,,,,,,
2025-08-21 11:14:00,,,,,,,,,,,
2025-08-21 11:29:00,,,,,,,,,,,
2025-08-21 11:44:00,,,,,,,,,,,
2025-08-21 11:59:00,,,,,,,,,,,
2025-08-21 12:14:00,,,,,,,,,,,
2025-08-21 12:29:00,,,,,,,,,,,
2025-08-21 12:44:00,,,,,,,,,,,
2025-08-21 12:59:00,,,,,,,,,,,
2025-08-21 13:14:00,,,,,,,,,,,
2025-08-21 13:29:00,,,,,,,,,,,
2025-08-21 13:44:00,,,,,,,,,,,
2025-08-21 13:59:00,,,,,,,,,,,
2025-08-21 14:14:00,,,,,,,,,,,
2025-08-21 14:29:00,,,,,,,,,,,
2025-08-21 14:44:00,,,,,,,,,,,
2025-08-21 14:59:00,,,,,,,,,,,
2025-08-21 15:14:00,,,,,,,,,,,
2025-08-21 15:29:00,,,,,,,,,,,
2025-08-21 15:44:00,,,,,,,,,,,
2025-08-21 15:59:00,,,,,,,,,,,
2025-08-21 16:14:00,,,,,,,,,,,
2025-08-21 16:29:00,,,,,,,,,,,
2025-08-21 16:44:00,,,,,,,,,,,
2025-08-21 16:59:00,,,,,,,,,,,
2025-08-21 17:14:00,,,,,,,,,,,
2025-08-21 17:29:00,,,,,,,,,,,
2025-08-21 17:44:00,,,,,,,,,,,
2025-08-21 17:59:00,,,,,,,,,,,
2025-08-21 18:14:00,,,,,,,,,,,
2025-08-21 18:29:00,,,,,,,,,,,
2025-08-21 18:44:00,,,,,,,,,,,
2025-08-21 18:59:00,,,,,,,,,,,
2025-08-21 19:14:00,,,,,,,,,,,
2025-08-21 19:29:00,,,,,,,,,,,
2025-08-21 19:44:00,,,,,,,,,,,
2025-08-21 19:59:00,,,,,,,,,,,
2025-08-21 20:14:00,,,,,,,,,,,
2025-08-21 20:29:00,,,,,,,,,,,
2025-08-21 20:44:00,,,,,,,,,,,
2025-08-21 20:59:00,,,,,,,,,,,
2025-08-21 21:14:00,,,,,,,,,,,
2025-08-21 21:29:00,,,,,,,,,,,
2025-08-21 21:44:00,,,,,,,,,,,
2025-08-21 21:59:00,,,,,,,,,,,
2025-08-21 22:14:00,,,,,,,,,,,
2025-08-21 22:29:00,,,,,,,,,,,
2025-08-21 22:44:00,,,,,,,,,,,
2025-08-21 22:59:00,,,,,,,,,,,
2025-08-21 23:14:00,,,,,,,,,,,
2025-08-21 23:29:00,,,,,,,,,,,
2025-08-21 23:44:00,,,,,,,,,,,
2025-08-21 23:59:00,,,,,,,,,,,
2025-08-22 00:14:00,,,,,,,,,,,
2025-08-22 00:29:00,,,,,,,,,,,
2025-08-22 00:44:00,,,,,,,,,,,
2025-08-22 00:59:00,,,,,,,,,,,
2025-08-22 01:14:00,,,,,,,,,,,
2025-08-22 01:29:00,,,,,,,,,,,
2025-08-22 01:44:00,,,,,,,,,,,
2025-08-22 01:59:00,,,,,,,,,,,
2025-08-22 02:14:00,,,,,,,,,,,
2025-08-22 02:29:00,,,,,,,,,,,
2025-08-22 02:44:00,,,,,,,,,,,
2025-08-22 02:59:00,,,,,,,,,,,
2025-08-22 03:14:00,,,,,,,,,,,
2025-08-22 03:29:00,,,,,,,,,,,
2025-08-22 03:44:00,,,,,,,,,,,
2025-08-22 03:59:00,,,,,,,,,,,
2025-08-22 04:14:00,,,,,,,,,,,
2025-08-22 04:29:00,,,,,,,,,,,
2025-08-22 04:44:00,,,,,,,,,,,
2025-08-22 04:59:00,,,,,,,,,,,
2025-08-22 05:14:00,,,,,,,,,,,
2025-08-22 05:29:00,,,,,,,,,,,
2025-08-22 05:44:00,,,,,,,,,,,
2025-08-22 05:59:00,,,,,,,,,,,
2025-08-22 06:14:00,,,,,,,,,,,
2025-08-22 06:29:00,,,,,,,,,,,
2025-08-22 06:44:00,,,,,,,,,,,
2025-08-22 06:59:00,,,,,,,,,,,
2025-08-22 07:14:00,,,,,,,,,,,
2025-08-22 07:29:00,,,,,,,,,,,
2025-08-22 07:44:00,,,,,,,,,,,
2025-08-22 07:59:00,,,,,,,,,,,
2025-08-22 08:14:00,,,,,,,,,,,
2025-08-22 08:29:00,,,,,,,,,,,
2025-08-22 08:44:00,,,,,,,,,,,
2025-08-22 08:59:00,,,,,,,,,,,
2025-08-22 09:14:00,,,,,,,,,,,
2025-08-22 09:29:00,,,,,,,,,,,
2025-08-22 09:44:00,,,,,,,,,,,
2025-08-22 09:59:00,,,,,,,,,,,
2025-08-22 10:14:00,,,,,,,,,,,
2025-08-22 10:29:00,,,,,,,,,,,
2025-08-22 10:44:00,,,,,,,,,,,
2025-08-22 10:59:00,,,,,,,,,,,
2025-08-22 11:14:00,,,,,,,,,,,
2025-08-22 11:29:00,,,,,,,,,,,
2025-08-22 11:44:00,,,,,,,,,,,
2025-08-22 11:59:00,,,,,,,,,,,
2025-08-22 12:14:00,,,,,,,,,,,
2025-08-22 12:29:00,,,,,,,,,,,
2025-08-22 12:44:00,,,,,,,,,,,
2025-08-22 12:59:00,,,,,,,,,,,
2025-08-22 13:14:00,,,,,,,,,,,
2025-08-22 13:29:00,,,,,,,,,,,
2025-08-22 13:44:00,,,,,,,,,,,
2025-08-22 13:59:00,,,,,,,,,,,
2025-08-22 14:14:00,,,,,,,,,,,
2025-08-22 14:29:00,,,,,,,,,,,
2025-08-22 14:44:00,,,,,,,,,,,
2025-08-22 14:59:00,,,,,,,,,,,
2025-08-22 15:14:00,,,,,,,,,,,
2025-08-22 15:29:00,,,,,,,,,,,
2025-08-22 15:44:00,,,,,,,,,,,
2025-08-22 15:59:00,,,,,,,,,,,
2025-08-22 16:14:00,,,,,,,,,,,
2025-08-22 16:29:00,,,,,,,,,,,
2025-08-22 16:44:00,,,,,,,,,,,
2025-08-22 16:59:00,,,,,,,,,,,
2025-08-22 17:14:00,,,,,,,,,,,
2025-08-22 17:29:00,,,,,,,,,,,
2025-08-22 17:44:00,,,,,,,,,,,
2025-08-22 17:59:00,,,,,,,,,,,
2025-08-22 18:14:00,,,,,,,,,,,
2025-08-22 18:29:00,,,,,,,,,,,
2025-08-22 18:44:00,,,,,,,,,,,
2025-08-22 18:59:00,,,,,,,,,,,
2025-08-22 19:14:00,,,,,,,,,,,
2025-08-22 19:29:00,,,,,,,,,,,
2025-08-22 19:44:00,,,,,,,,,,,
2025-08-22 19:59:00,,,,,,,,,,,
2025-08-22 20:14:00,,,,,,,,,,,
2025-08-22 20:29:00,,,,,,,,,,,
2025-08-22 20:44:00,,,,,,,,,,,
2025-08-22 20:59:00,,,,,,,,,,,
2025-08-22 21:14:00,,,,,,,,,,,
2025-08-22 21:29:00,,,,,,,,,,,
2025-08-22 21:44:00,,,,,,,,,,,
2025-08-22 21:59:00,,,,,,,,,,,
2025-08-22 22:14:00,,,,,,,,,,,
2025-08-22 22:29:00,,,,,,,,,,,
2025-08-22 22:44:00,,,,,,,,,,,
2025-08-22 22:59:00,,,,,,,,,,,
2025-08-22 23:14:00,,,,,,,,,,,
2025-08-22 23:29:00,,,,,,,,,,,
2025-08-22 23:44:00,,,,,,,,,,,
2025-08-22 23:59:00,,,,,,,,,,,
2025-08-23 00:14:00,,,,,,,,,,,
2025-08-23 00:29:00,,,,,,,,,,,
2025-08-23 00:44:00,,,,,,,,,,,
2025-08-23 00:59:00,,,,,,,,,,,
2025-08-23 01:14:00,,,,,,,,,,,
2025-08-23 01:29:00,,,,,,,,,,,
2025-08-23 01:44:00,,,,,,,,,,,
2025-08-23 01:59:00,,,,,,,,,,,
2025-08-23 02:14:00,,,,,,,,,,,
2025-08-23 02:29:00,,,,,,,,,,,
2025-08-23 02:44:00,,,,,,,,,,,
2025-08-23 02:59:00,,,,,,,,,,,
2025-08-23 03:14:00,,,,,,,,,,,
2025-08-23 03:29:00,,,,,,,,,,,
2025-08-23 03:44:00,,,,,,,,,,,
2025-08-23 03:59:00,,,,,,,,,,,
2025-08-23 04:14:00,,,,,,,,,,,
2025-08-23 04:29:00,,,,,,,,,,,
2025-08-23 04:44:00,,,,,,,,,,,
2025-08-23 04:59:00,,,,,,,,,,,
2025-08-23 05:14:00,,,,,,,,,,,
2025-08-23 05:29:00,,,,,,,,,,,
2025-08-23 05:44:00,,,,,,,,,,,
2025-08-23 05:59:00,,,,,,,,,,,
2025-08-23 06:14:00,,,,,,,,,,,
2025-08-23 06:29:00,,,,,,,,,,,
2025-08-23 06:44:00,,,,,,,,,,,
2025-08-23 06:59:00,,,,,,,,,,,
2025-08-23 07:14:00,,,,,,,,,,,
2025-08-23 07:29:00,,,,,,,,,,,
2025-08-23 07:44:00,,,,,,,,,,,
2025-08-23 07:59:00,,,,,,,,,,,
2025-08-23 08:14:00,,,,,,,,,,,
2025-08-23 08:29:00,,,,,,,,,,,
2025-08-23 08:44:00,,,,,,,,,,,
2025-08-23 08:59:00,,,,,,,,,,,
2025-08-23 09:14:00,,,,,,,,,,,
2025-08-23 09:29:00,,,,,,,,,,,
2025-08-23 09:44:00,,,,,,,,,,,
2025-08-23 09:59:00,,,,,,,,,,,
2025-08-23 10:14:00,,,,,,,,,,,
2025-08-23 10:29:00,,,,,,,,,,,
2025-08-23 10:44:00,,,,,,,,,,,
2025-08-23 10:59:00,,,,,,,,,,,
2025-08-23 11:14:00,,,,,,,,,,,
2025-08-23 11:29:00,,,,,,,,,,,
2025-08-23 11:44:00,,,,,,,,,,,
2025-08-23 11:59:00,,,,,,,,,,,
2025-08-23 12:14:00,,,,,,,,,,,
2025-08-23 12:29:00,,,,,,,,,,,
2025-08-23 12:44:00,,,,,,,,,,,
2025-08-23 12:59:00,,,,,,,,,,,
2025-08-23 13:14:00,,,,,,,,,,,
2025-08-23 13:29:00,,,,,,,,,,,
2025-08-23 13:44:00,,,,,,,,,,,
2025-08-23 13:59:00,,,,,,,,,,,
2025-08-23 14:14:00,,,,,,,,,,,
2025-08-23 14:29:00,,,,,,,,,,,
2025-08-23 14:44:00,,,,,,,,,,,
2025-08-23 14:59:00,,,,,,,,,,,
2025-08-23 15:14:00,,,,,,,,,,,
2025-08-23 15:29:00,,,,,,,,,,,
2025-08-23 15:44:00,,,,,,,,,,,
2025-08-23 15:59:00,,,,,,,,,,,
2025-08-23 16:14:00,,,,,,,,,,,
2025-08-23 16:29:00,,,,,,,,,,,
2025-08-23 16:44:00,,,,,,,,,,,
2025-08-23 16:59:00,,,,,,,,,,,
2025-08-23 17:14:00,,,,,,,,,,,
2025-08-23 17:29:00,,,,,,,,,,,
2025-08-23 17:44:00,,,,,,,,,,,
2025-08-23 17:59:00,,,,,,,,,,,
2025-08-23 18:14:00,,,,,,,,,,,
2025-08-23 18:29:00,,,,,,,,,,,
2025-08-23 18:44:00,,,,,,,,,,,
2025-08-23 18:59:00,,,,,,,,,,,
2025-08-23 19:14:00,,,,,,,,,,,
2025-08-23 19:29:00,,,,,,,,,,,
2025-08-23 19:44:00,,,,,,,,,,,
2025-08-23 19:59:00,,,,,,,,,,,
2025-08-23 20:14:00,,,,,,,,,,,
2025-08-23 20:29:00,,,,,,,,,,,
2025-08-23 20:44:00,,,,,,,,,,,
2025-08-23 20:59:00,,,,,,,,,,,
2025-08-23 21:14:00,,,,,,,,,,,
2025-08-23 21:29:00,,,,,,,,,,,
2025-08-23 21:44:00,,,,,,,,,,,
2025-08-23 21:59:00,,,,,,,,,,,
2025-08-23 22:14:00,,,,,,,,,,,
2025-08-23 22:29:00,,,,,,,,,,,
2025-08-23 22:44:00,,,,,,,,,,,
2025-08-23 22:59:00,,,,,,,,,,,
2025-08-23 23:14:00,,,,,,,,,,,
2025-08-23 23:29:00,,,,,,,,,,,
2025-08-23 23:44:00,,,,,,,,,,,
2025-08-23 23:59:00,,,,,,,,,,,
2025-08-24 00:14:00,,,,,,,,,,,
2025-08-24 00:29:00,,,,,,,,,,,
2025-08-24 00:44:00,,,,,,,,,,,
2025-08-24 00:59:00,,,,,,,,,,,
2025-08-24 01:14:00,,,,,,,,,,,
2025-08-24 01:29:00,,,,,,,,,,,
2025-08-24 01:44:00,,,,,,,,,,,
2025-08-24 01:59:00,,,,,,,,,,,
2025-08-24 02:14:00,,,,,,,,,,,
2025-08-24 02:29:00,,,,,,,,,,,
2025-08-24 02:44:00,,,,,,,,,,,
2025-08-24 02:59:00,,,,,,,,,,,
2025-08-24 03:14:00,,,,,,,,,,,
2025-08-24 03:29:00,,,,,,,,,,,
2025-08-24 03:44:00,,,,,,,,,,,
2025-08-24 03:59:00,,,,,,,,,,,
2025-08-24 04:14:00,,,,,,,,,,,
2025-08-24 04:29:00,,,,,,,,,,,
2025-08-24 04:44:00,,,,,,,,,,,
2025-08-24 04:59:00,,,,,,,,,,,
2025-08-24 05:14:00,,,,,,,,,,,
2025-08-24 05:29:00,,,,,,,,,,,
2025-08-24 05:44:00,,,,,,,,,,,
2025-08-24 05:59:00,,,,,,,,,,,
2025-08-24 06:14:00,,,,,,,,,,,
2025-08-24 06:29:00,,,,,,,,,,,
2025-08-24 06:44:00,,,,,,,,,,,
2025-08-24 06:59:00,,,,,,,,,,,
2025-08-24 07:14:00,,,,,,,,,,,
2025-08-24 07:29:00,,,,,,,,,,,
2025-08-24 07:44:00,,,,,,,,,,,
2025-08-24 07:59:00,,,,,,,,,,,
2025-08-24 08:14:00,,,,,,,,,,,
2025-08-24 08:29:00,,,,,,,,,,,
2025-08-24 08:44:00,,,,,,,,,,,
2025-08-24 08:59:00,,,,,,,,,,,
2025-08-24 09:14:00,,,,,,,,,,,
2025-08-24 09:29:00,,,,,,,,,,,
2025-08-24 09:44:00,,,,,,,,,,,
2025-08-24 09:59:00,,,,,,,,,,,
2025-08-24 10:14:00,,,,,,,,,,,
2025-08-24 10:29:00,,,,,,,,,,,
2025-08-24 10:44:00,,,,,,,,,,,
2025-08-24 10:59:00,,,,,,,,,,,
2025-08-24 11:14:00,,,,,,,,,,,
2025-08-24 11:29:00,,,,,,,,,,,
2025-08-24 11:44:00,,,,,,,,,,,
2025-08-24 11:59:00,,,,,,,,,,,
2025-08-24 12:14:00,,,,,,,,,,,
2025-08-24 12:29:00,,,,,,,,,,,
2025-08-24 12:44:00,,,,,,,,,,,
2025-08-24 12:59:00,,,,,,,,,,,
2025-08-24 13:14:00,,,,,,,,,,,
2025-08-24 13:29:00,,,,,,,,,,,
2025-08-24 13:44:00,,,,,,,,,,,
2025-08-24 13:59:00,,,,,,,,,,,
2025-08-24 14:14:00,,,,,,,,,,,
2025-08-24 14:29:00,,,,,,,,,,,
2025-08-24 14:44:00,,,,,,,,,,,
2025-08-24 14:59:00,,,,,,,,,,,
2025-08-24 15:14:00,,,,,,,,,,,
2025-08-24 15:29:00,,,,,,,,,,,
2025-08-24 15:44:00,,,,,,,,,,,
2025-08-24 15:59:00,,,,,,,,,,,
2025-08-24 16:14:00,,,,,,,,,,,
2025-08-24 16:29:00,,,,,,,,,,,
2025-08-24 16:44:00,,,,,,,,,,,
2025-08-24 16:59:00,,,,,,,,,,,
2025-08-24 17:14:00,,,,,,,,,,,
2025-08-24 17:29:00,,,,,,,,,,,
2025-08-24 17:44:00,,,,,,,,,,,
2025-08-24 17:59:00,,,,,,,,,,,
2025-08-24 18:14:00,,,,,,,,,,,
2025-08-24 18:29:00,,,,,,,,,,,
2025-08-24 18:44:00,,,,,,,,,,,
2025-08-24 18:59:00,,,,,,,,,,,
2025-08-24 19:14:00,,,,,,,,,,,
2025-08-24 19:29:00,,,,,,,,,,,
2025-08-24 19:44:00,,,,,,,,,,,
2025-08-24 19:59:00,,,,,,,,,,,
2025-08-24 20:14:00,,,,,,,,,,,
2025-08-24 20:29:00,,,,,,,,,,,
2025-08-24 20:44:00,,,,,,,,,,,
2025-08-24 20:59:00,,,,,,,,,,,
2025-08-24 21:14:00,,,,,,,,,,,
2025-08-24 21:29:00,,,,,,,,,,,
2025-08-24 21:44:00,,,,,,,,,,,
2025-08-24 21:59:00,,,,,,,,,,,
2025-08-24 22:14:00,,,,,,,,,,,
2025-08-24 22:29:00,,,,,,,,,,,
2025-08-24 22:44:00,,,,,,,,,,,
2025-08-24 22:59:00,,,,,,,,,,,
2025-08-24 23:14:00,,,,,,,,,,,
2025-08-24 23:29:00,,,,,,,,,,,
2025-08-24 23:44:00,,,,,,,,,,,
2025-08-24 23:59:00,,,,,,,,,,,
2025-08-25 00:14:00,,,,,,,,,,,
2025-08-25 00:29:00,,,,,,,,,,,
2025-08-25 00:44:00,,,,,,,,,,,
2025-08-25 00:59:00,,,,,,,,,,,
2025-08-25 01:14:00,,,,,,,,,,,
2025-08-25 01:29:00,,,,,,,,,,,
2025-08-25 01:44:00,,,,,,,,,,,
2025-08-25 01:59:00,,,,,,,,,,,
2025-08-25 02:14:00,,,,,,,,,,,
2025-08-25 02:29:00,,,,,,,,,,,
2025-08-25 02:44:00,,,,,,,,,,,
2025-08-25 02:59:00,,,,,,,,,,,
2025-08-25 03:14:00,,,,,,,,,,,
2025-08-25 03:29:00,,,,,,,,,,,
2025-08-25 03:44:00,,,,,,,,,,,
2025-08-25 03:59:00,,,,,,,,,,,
2025-08-25 04:14:00,,,,,,,,,,,
2025-08-25 04:29:00,,,,,,,,,,,
2025-08-25 04:44:00,,,,,,,,,,,
2025-08-25 04:59:00,,,,,,,,,,,
2025-08-25 05:14:00,,,,,,,,,,,
2025-08-25 05:29:00,,,,,,,,,,,
2025-08-25 05:44:00,,,,,,,,,,,
2025-08-25 05:59:00,,,,,,,,,,,
2025-08-25 06:14:00,,,,,,,,,,,
2025-08-25 06:29:00,,,,,,,,,,,
2025-08-25 06:44:00,,,,,,,,,,,
2025-08-25 06:59:00,,,,,,,,,,,
2025-08-25 07:14:00,,,,,,,,,,,
2025-08-25 07:29:00,,,,,,,,,,,
2025-08-25 07:44:00,,,,,,,,,,,
2025-08-25 07:59:00,,,,,,,,,,,
2025-08-25 08:14:00,,,,,,,,,,,
2025-08-25 08:29:00,,,,,,,,,,,
2025-08-25 08:44:00,,,,,,,,,,,
2025-08-25 08:59:00,,,,,,,,,,,
2025-08-25 09:14:00,,,,,,,,,,,
2025-08-25 09:29:00,,,,,,,,,,,
2025-08-25 09:44:00,,,,,,,,,,,
2025-08-25 09:59:00,,,,,,,,,,,
2025-08-25 10:14:00,,,,,,,,,,,
2025-08-25 10:29:00,,,,,,,,,,,
2025-08-25 10:44:00,,,,,,,,,,,
2025-08-25 10:59:00,,,,,,,,,,,
2025-08-25 11:14:00,,,,,,,,,,,
2025-08-25 11:29:00,,,,,,,,,,,
2025-08-25 11:44:00,,,,,,,,,,,
2025-08-25 11:59:00,,,,,,,,,,,
2025-08-25 12:14:00,,,,,,,,,,,
2025-08-25 12:29:00,,,,,,,,,,,
2025-08-25 12:44:00,,,,,,,,,,,
2025-08-25 12:59:00,,,,,,,,,,,
2025-08-25 13:14:00,,,,,,,,,,,
2025-08-25 13:29:00,,,,,,,,,,,
2025-08-25 13:44:00,,,,,,,,,,,
2025-08-25 13:59:00,,,,,,,,,,,
2025-08-25 14:14:00,,,,,,,,,,,
2025-08-25 14:29:00,,,,,,,,,,,
2025-08-25 14:44:00,,,,,,,,,,,
2025-08-25 14:59:00,,,,,,,,,,,
2025-08-25 15:14:00,,,,,,,,,,,
2025-08-25 15:29:00,,,,,,,,,,,
2025-08-25 15:44:00,,,,,,,,,,,
2025-08-25 15:59:00,,,,,,,,,,,
2025-08-25 16:14:00,,,,,,,,,,,
2025-08-25 16:29:00,,,,,,,,,,,
2025-08-25 16:44:00,,,,,,,,,,,
2025-08-25 16:59:00,,,,,,,,,,,
2025-08-25 17:14:00,,,,,,,,,,,
2025-08-25 17:29:00,,,,,,,,,,,
2025-08-25 17:44:00,,,,,,,,,,,
2025-08-25 17:59:00,,,,,,,,,,,
2025-08-25 18:14:00,,,,,,,,,,,
2025-08-25 18:29:00,,,,,,,,,,,
2025-08-25 18:44:00,,,,,,,,,,,
2025-08-25 18:59:00,,,,,,,,,,,
2025-08-25 19:14:00,,,,,,,,,,,
2025-08-25 19:29:00,,,,,,,,,,,
2025-08-25 19:44:00,,,,,,,,,,,
2025-08-25 19:59:00,,,,,,,,,,,
2025-08-25 20:14:00,,,,,,,,,,,
2025-08-25 20:29:00,,,,,,,,,,,
2025-08-25 20:44:00,,,,,,,,,,,
2025-08-25 20:59:00,,,,,,,,,,,
2025-08-25 21:14:00,,,,,,,,,,,
2025-08-25 21:29:00,,,,,,,,,,,
2025-08-25 21:44:00,,,,,,,,,,,
2025-08-25 21:59:00,,,,,,,,,,,
2025-08-25 22:14:00,,,,,,,,,,,
2025-08-25 22:29:00,,,,,,,,,,,
2025-08-25 22:44:00,,,,,,,,,,,
2025-08-25 22:59:00,,,,,,,,,,,
2025-08-25 23:14:00,,,,,,,,,,,
2025-08-25 23:29:00,,,,,,,,,,,
2025-08-25 23:44:00,,,,,,,,,,,
2025-08-25 23:59:00,,,,,,,,,,,
2025-08-26 00:14:00,,,,,,,,,,,
2025-08-26 00:29:00,,,,,,,,,,,
2025-08-26 00:44:00,,,,,,,,,,,
2025-08-26 00:59:00,,,,,,,,,,,
2025-08-26 01:14:00,,,,,,,,,,,
2025-08-26 01:29:00,,,,,,,,,,,
2025-08-26 01:44:00,,,,,,,,,,,
2025-08-26 01:59:00,,,,,,,,,,,
2025-08-26 02:14:00,,,,,,,,,,,
2025-08-26 02:29:00,,,,,,,,,,,
2025-08-26 02:44:00,,,,,,,,,,,
2025-08-26 02:59:00,,,,,,,,,,,
2025-08-26 03:14:00,,,,,,,,,,,
2025-08-26 03:29:00,,,,,,,,,,,
2025-08-26 03:44:00,,,,,,,,,,,
2025-08-26 03:59:00,,,,,,,,,,,
2025-08-26 04:14:00,,,,,,,,,,,
2025-08-26 04:29:00,,,,,,,,,,,
2025-08-26 04:44:00,,,,,,,,,,,
2025-08-26 04:59:00,,,,,,,,,,,
2025-08-26 05:14:00,,,,,,,,,,,
2025-08-26 05:29:00,,,,,,,,,,,
2025-08-26 05:44:00,,,,,,,,,,,
2025-08-26 05:59:00,,,,,,,,,,,
2025-08-26 06:14:00,,,,,,,,,,,
2025-08-26 06:29:00,,,,,,,,,,,
2025-08-26 06:44:00,,,,,,,,,,,
2025-08-26 06:59:00,,,,,,,,,,,
2025-08-26 07:14:00,,,,,,,,,,,
2025-08-26 07:29:00,,,,,,,,,,,
2025-08-26 07:44:00,,,,,,,,,,,
2025-08-26 07:59:00,,,,,,,,,,,
2025-08-26 08:14:00,,,,,,,,,,,
2025-08-26 08:29:00,,,,,,,,,,,
2025-08-26 08:44:00,,,,,,,,,,,
2025-08-26 08:59:00,,,,,,,,,,,
2025-08-26 09:14:00,,,,,,,,,,,
2025-08-26 09:29:00,,,,,,,,,,,
2025-08-26 09:44:00,,,,,,,,,,,
2025-08-26 09:59:00,,,,,,,,,,,
2025-08-26 10:14:00,,,,,,,,,,,
2025-08-26 10:29:00,,,,,,,,,,,
2025-08-26 10:44:00,,,,,,,,,,,
2025-08-26 10:59:00,,,,,,,,,,,
2025-08-26 11:14:00,,,,,,,,,,,
2025-08-26 11:29:00,,,,,,,,,,,
2025-08-26 11:44:00,,,,,,,,,,,
2025-08-26 11:59:00,,,,,,,,,,,
2025-08-26 12:14:00,,,,,,,,,,,
2025-08-26 12:29:00,,,,,,,,,,,
2025-08-26 12:44:00,,,,,,,,,,,
2025-08-26 12:59:00,,,,,,,,,,,
2025-08-26 13:14:00,,,,,,,,,,,
2025-08-26 13:29:00,,,,,,,,,,,
2025-08-26 13:44:00,,,,,,,,,,,
2025-08-26 13:59:00,,,,,,,,,,,
2025-08-26 14:14:00,,,,,,,,,,,
2025-08-26 14:29:00,,,,,,,,,,,
2025-08-26 14:44:00,,,,,,,,,,,
2025-08-26 14:59:00,,,,,,,,,,,
2025-08-26 15:14:00,,,,,,,,,,,
2025-08-26 15:29:00,,,,,,,,,,,
2025-08-26 15:44:00,,,,,,,,,,,
2025-08-26 15:59:00,,,,,,,,,,,
2025-08-26 16:14:00,,,,,,,,,,,
2025-08-26 16:29:00,,,,,,,,,,,
2025-08-26 16:44:00,,,,,,,,,,,
2025-08-26 16:59:00,,,,,,,,,,,
2025-08-26 17:14:00,,,,,,,,,,,
2025-08-26 17:29:00,,,,,,,,,,,
2025-08-26 17:44:00,,,,,,,,,,,
2025-08-26 17:59:00,,,,,,,,,,,
2025-08-26 18:14:00,,,,,,,,,,,
2025-08-26 18:29:00,,,,,,,,,,,
2025-08-26 18:44:00,,,,,,,,,,,
2025-08-26 18:59:00,,,,,,,,,,,
2025-08-26 19:14:00,,,,,,,,,,,
2025-08-26 19:29:00,,,,,,,,,,,
2025-08-26 19:44:00,,,,,,,,,,,
2025-08-26 19:59:00,,,,,,,,,,,
2025-08-26 20:14:00,,,,,,,,,,,
2025-08-26 20:29:00,,,,,,,,,,,
2025-08-26 20:44:00,,,,,,,,,,,
2025-08-26 20:59:00,,,,,,,,,,,
2025-08-26 21:14:00,,,,,,,,,,,
2025-08-26 21:29:00,,,,,,,,,,,
2025-08-26 21:44:00,,,,,,,,,,,
2025-08-26 21:59:00,,,,,,,,,,,
2025-08-26 22:14:00,,,,,,,,,,,
2025-08-26 22:29:00,,,,,,,,,,,
2025-08-26 22:44:00,,,,,,,,,,,
2025-08-26 22:59:00,,,,,,,,,,,
2025-08-26 23:14:00,,,,,,,,,,,
2025-08-26 23:29:00,,,,,,,,,,,
2025-08-26 23:44:00,,,,,,,,,,,
2025-08-26 23:59:00,,,,,,,,,,,
2025-08-27 00:14:00,,,,,,,,,,,
2025-08-27 00:29:00,,,,,,,,,,,
2025-08-27 00:44:00,,,,,,,,,,,
2025-08-27 00:59:00,,,,,,,,,,,
2025-08-27 01:14:00,,,,,,,,,,,
2025-08-27 01:29:00,,,,,,,,,,,
2025-08-27 01:44:00,,,,,,,,,,,
2025-08-27 01:59:00,,,,,,,,,,,
2025-08-27 02:14:00,,,,,,,,,,,
2025-08-27 02:29:00,,,,,,,,,,,
2025-08-27 02:44:00,,,,,,,,,,,
2025-08-27 02:59:00,,,,,,,,,,,
2025-08-27 03:14:00,,,,,,,,,,,
2025-08-27 03:29:00,,,,,,,,,,,
2025-08-27 03:44:00,,,,,,,,,,,
2025-08-27 03:59:00,,,,,,,,,,,
2025-08-27 04:14:00,,,,,,,,,,,
2025-08-27 04:29:00,,,,,,,,,,,
2025-08-27 04:44:00,,,,,,,,,,,
2025-08-27 04:59:00,,,,,,,,,,,
2025-08-27 05:14:00,,,,,,,,,,,
2025-08-27 05:29:00,,,,,,,,,,,
2025-08-27 05:44:00,,,,,,,,,,,
2025-08-27 05:59:00,,,,,,,,,,,
2025-08-27 06:14:00,,,,,,,,,,,
2025-08-27 06:29:00,,,,,,,,,,,
2025-08-27 06:44:00,,,,,,,,,,,
2025-08-27 06:59:00,,,,,,,,,,,
2025-08-27 07:14:00,,,,,,,,,,,
2025-08-27 07:29:00,,,,,,,,,,,
2025-08-27 07:44:00,,,,,,,,,,,
2025-08-27 07:59:00,,,,,,,,,,,
2025-08-27 08:14:00,,,,,,,,,,,
2025-08-27 08:29:00,,,,,,,,,,,
2025-08-27 08:44:00,,,,,,,,,,,
2025-08-27 08:59:00,,,,,,,,,,,
2025-08-27 09:14:00,,,,,,,,,,,
2025-08-27 09:29:00,,,,,,,,,,,
2025-08-27 09:44:00,,,,,,,,,,,
2025-08-27 09:59:00,,,,,,,,,,,
2025-08-27 10:14:00,,,,,,,,,,,
2025-08-27 10:29:00,,,,,,,,,,,
2025-08-27 10:44:00,,,,,,,,,,,
2025-08-27 10:59:00,,,,,,,,,,,
2025-08-27 11:14:00,,,,,,,,,,,
2025-08-27 11:29:00,,,,,,,,,,,
2025-08-27 11:44:00,,,,,,,,,,,
2025-08-27 11:59:00,,,,,,,,,,,
2025-08-27 12:14:00,,,,,,,,,,,
2025-08-27 12:29:00,,,,,,,,,,,
2025-08-27 12:44:00,,,,,,,,,,,
2025-08-27 12:59:00,,,,,,,,,,,
2025-08-27 13:14:00,,,,,,,,,,,
2025-08-27 13:29:00,,,,,,,,,,,
2025-08-27 13:44:00,,,,,,,,,,,
2025-08-27 13:59:00,,,,,,,,,,,
2025-08-27 14:14:00,,,,,,,,,,,
2025-08-27 14:29:00,,,,,,,,,,,
2025-08-27 14:44:00,,,,,,,,,,,
2025-08-27 14:59:00,,,,,,,,,,,
2025-08-27 15:14:00,,,,,,,,,,,
2025-08-27 15:29:00,,,,,,,,,,,
2025-08-27 15:44:00,,,,,,,,,,,
2025-08-27 15:59:00,,,,,,,,,,,
2025-08-27 16:14:00,,,,,,,,,,,
2025-08-27 16:29:00,,,,,,,,,,,
2025-08-27 16:44:00,,,,,,,,,,,
2025-08-27 16:59:00,,,,,,,,,,,
2025-08-27 17:14:00,,,,,,,,,,,
2025-08-27 17:29:00,,,,,,,,,,,
2025-08-27 17:44:00,,,,,,,,,,,
2025-08-27 17:59:00,,,,,,,,,,,
2025-08-27 18:14:00,,,,,,,,,,,
2025-08-27 18:29:00,,,,,,,,,,,
2025-08-27 18:44:00,,,,,,,,,,,
2025-08-27 18:59:00,,,,,,,,,,,
2025-08-27 19:14:00,,,,,,,,,,,
2025-08-27 19:29:00,,,,,,,,,,,
2025-08-27 19:44:00,,,,,,,,,,,
2025-08-27 19:59:00,,,,,,,,,,,
2025-08-27 20:14:00,,,,,,,,,,,
2025-08-27 20:29:00,,,,,,,,,,,
2025-08-27 20:44:00,,,,,,,,,,,
2025-08-27 20:59:00,,,,,,,,,,,
2025-08-27 21:14:00,,,,,,,,,,,
2025-08-27 21:29:00,,,,,,,,,,,
2025-08-27 21:44:00,,,,,,,,,,,
2025-08-27 21:59:00,,,,,,,,,,,
2025-08-27 22:14:00,,,,,,,,,,,
2025-08-27 22:29:00,,,,,,,,,,,
2025-08-27 22:44:00,,,,,,,,,,,
2025-08-27 22:59:00,,,,,,,,,,,
2025-08-27 23:14:00,,,,,,,,,,,
2025-08-27 23:29:00,,,,,,,,,,,
2025-08-27 23:44:00,,,,,,,,,,,
2025-08-27 23:59:00,,,,,,,,,,,
2025-08-28 00:14:00,,,,,,,,,,,
2025-08-28 00:29:00,,,,,,,,,,,
2025-08-28 00:44:00,,,,,,,,,,,
2025-08-28 00:59:00,,,,,,,,,,,
2025-08-28 01:14:00,,,,,,,,,,,
2025-08-28 01:29:00,,,,,,,,,,,
2025-08-28 01:44:00,,,,,,,,,,,
2025-08-28 01:59:00,,,,,,,,,,,
2025-08-28 02:14:00,,,,,,,,,,,
2025-08-28 02:29:00,,,,,,,,,,,
2025-08-28 02:44:00,,,,,,,,,,,
2025-08-28 02:59:00,,,,,,,,,,,
2025-08-28 03:14:00,,,,,,,,,,,
2025-08-28 03:29:00,,,,,,,,,,,
2025-08-28 03:44:00,,,,,,,,,,,
2025-08-28 03:59:00,,,,,,,,,,,
2025-08-28 04:14:00,,,,,,,,,,,
2025-08-28 04:29:00,,,,,,,,,,,
2025-08-28 04:44:00,,,,,,,,,,,
2025-08-28 04:59:00,,,,,,,,,,,
2025-08-28 05:14:00,,,,,,,,,,,
2025-08-28 05:29:00,,,,,,,,,,,
2025-08-28 05:44:00,,,,,,,,,,,
2025-08-28 05:59:00,,,,,,,,,,,
2025-08-28 06:14:00,,,,,,,,,,,
2025-08-28 06:29:00,,,,,,,,,,,
2025-08-28 06:44:00,,,,,,,,,,,
2025-08-28 06:59:00,,,,,,,,,,,
2025-08-28 07:14:00,,,,,,,,,,,
2025-08-28 07:29:00,,,,,,,,,,,
2025-08-28 07:44:00,,,,,,,,,,,
2025-08-28 07:59:00,,,,,,,,,,,
2025-08-28 08:14:00,,,,,,,,,,,
2025-08-28 08:29:00,,,,,,,,,,,
2025-08-28 08:44:00,,,,,,,,,,,
2025-08-28 08:59:00,,,,,,,,,,,
2025-08-28 09:14:00,,,,,,,,,,,
2025-08-28 09:29:00,,,,,,,,,,,
2025-08-28 09:44:00,,,,,,,,,,,
2025-08-28 09:59:00,,,,,,,,,,,
2025-08-28 10:14:00,,,,,,,,,,,
2025-08-28 10:29:00,,,,,,,,,,,
2025-08-28 10:44:00,,,,,,,,,,,
2025-08-28 10:59:00,,,,,,,,,,,
2025-08-28 11:14:00,,,,,,,,,,,
2025-08-28 11:29:00,,,,,,,,,,,
2025-08-28 11:44:00,,,,,,,,,,,
2025-08-28 11:59:00,,,,,,,,,,,
2025-08-28 12:14:00,,,,,,,,,,,
2025-08-28 12:29:00,,,,,,,,,,,
2025-08-28 12:44:00,,,,,,,,,,,
2025-08-28 12:59:00,,,,,,,,,,,
2025-08-28 13:14:00,,,,,,,,,,,
2025-08-28 13:29:00,,,,,,,,,,,
2025-08-28 13:44:00,,,,,,,,,,,
2025-08-28 13:59:00,,,,,,,,,,,
2025-08-28 14:14:00,,,,,,,,,,,
2025-08-28 14:29:00,,,,,,,,,,,
2025-08-28 14:44:00,,,,,,,,,,,
2025-08-28 14:59:00,,,,,,,,,,,
2025-08-28 15:14:00,,,,,,,,,,,
2025-08-28 15:29:00,,,,,,,,,,,
2025-08-28 15:44:00,,,,,,,,,,,
2025-08-28 15:59:00,,,,,,,,,,,
2025-08-28 16:14:00,,,,,,,,,,,
2025-08-28 16:29:00,,,,,,,,,,,
2025-08-28 16:44:00,,,,,,,,,,,
2025-08-28 16:59:00,,,,,,,,,,,
2025-08-28 17:14:00,,,,,,,,,,,
2025-08-28 17:29:00,,,,,,,,,,,
2025-08-28 17:44:00,,,,,,,,,,,
2025-08-28 17:59:00,,,,,,,,,,,
2025-08-28 18:14:00,,,,,,,,,,,
2025-08-28 18:29:00,,,,,,,,,,,
2025-08-28 18:44:00,,,,,,,,,,,
2025-08-28 18:59:00,,,,,,,,,,,
2025-08-28 19:14:00,,,,,,,,,,,
2025-08-28 19:29:00,,,,,,,,,,,
2025-08-28 19:44:00,,,,,,,,,,,
2025-08-28 19:59:00,,,,,,,,,,,
2025-08-28 20:14:00,,,,,,,,,,,
2025-08-28 20:29:00,,,,,,,,,,,
2025-08-28 20:44:00,,,,,,,,,,,
2025-08-28 20:59:00,,,,,,,,,,,
2025-08-28 21:14:00,,,,,,,,,,,
2025-08-28 21:29:00,,,,,,,,,,,
2025-08-28 21:44:00,,,,,,,,,,,
2025-08-28 21:59:00,,,,,,,,,,,
2025-08-28 22:14:00,,,,,,,,,,,
2025-08-28 22:29:00,,,,,,,,,,,
2025-08-28 22:44:00,,,,,,,,,,,
2025-08-28 22:59:00,,,,,,,,,,,
2025-08-28 23:14:00,,,,,,,,,,,
2025-08-28 23:29:00,,,,,,,,,,,
2025-08-28 23:44:00,,,,,,,,,,,
2025-08-28 23:59:00,,,,,,,,,,,
2025-08-29 00:14:00,,,,,,,,,,,
2025-08-29 00:29:00,,,,,,,,,,,
2025-08-29 00:44:00,,,,,,,,,,,
2025-08-29 00:59:00,,,,,,,,,,,
2025-08-29 01:14:00,,,,,,,,,,,
2025-08-29 01:29:00,,,,,,,,,,,
2025-08-29 01:44:00,,,,,,,,,,,
2025-08-29 01:59:00,,,,,,,,,,,
2025-08-29 02:14:00,,,,,,,,,,,
2025-08-29 02:29:00,,,,,,,,,,,
2025-08-29 02:44:00,,,,,,,,,,,
2025-08-29 02:59:00,,,,,,,,,,,
2025-08-29 03:14:00,,,,,,,,,,,
2025-08-29 03:29:00,,,,,,,,,,,
2025-08-29 03:44:00,,,,,,,,,,,
2025-08-29 03:59:00,,,,,,,,,,,
2025-08-29 04:14:00,,,,,,,,,,,
2025-08-29 04:29:00,,,,,,,,,,,
2025-08-29 04:44:00,,,,,,,,,,,
2025-08-29 04:59:00,,,,,,,,,,,
2025-08-29 05:14:00,,,,,,,,,,,
2025-08-29 05:29:00,,,,,,,,,,,
2025-08-29 05:44:00,,,,,,,,,,,
2025-08-29 05:59:00,,,,,,,,,,,
2025-08-29 06:14:00,,,,,,,,,,,
2025-08-29 06:29:00,,,,,,,,,,,
2025-08-29 06:44:00,,,,,,,,,,,
2025-08-29 06:59:00,,,,,,,,,,,
2025-08-29 07:14:00,,,,,,,,,,,
2025-08-29 07:29:00,,,,,,,,,,,
2025-08-29 07:44:00,,,,,,,,,,,
2025-08-29 07:59:00,,,,,,,,,,,
2025-08-29 08:14:00,,,,,,,,,,,
2025-08-29 08:29:00,,,,,,,,,,,
2025-08-29 08:44:00,,,,,,,,,,,
2025-08-29 08:59:00,,,,,,,,,,,
2025-08-29 09:14:00,,,,,,,,,,,
2025-08-29 09:29:00,,,,,,,,,,,
2025-08-29 09:44:00,,,,,,,,,,,
2025-08-29 09:59:00,,,,,,,,,,,
2025-08-29 10:14:00,,,,,,,,,,,
2025-08-29 10:29:00,,,,,,,,,,,
2025-08-29 10:44:00,,,,,,,,,,,
2025-08-29 10:59:00,,,,,,,,,,,
2025-08-29 11:14:00,,,,,,,,,,,
2025-08-29 11:29:00,,,,,,,,,,,
2025-08-29 11:44:00,,,,,,,,,,,
2025-08-29 11:59:00,,,,,,,,,,,
2025-08-29 12:14:00,,,,,,,,,,,
2025-08-29 12:29:00,,,,,,,,,,,
2025-08-29 12:44:00,,,,,,,,,,,
2025-08-29 12:59:00,,,,,,,,,,,
2025-08-29 13:14:00,,,,,,,,,,,
2025-08-29 13:29:00,,,,,,,,,,,
2025-08-29 13:44:00,,,,,,,,,,,
2025-08-29 13:59:00,,,,,,,,,,,
2025-08-29 14:14:00,,,,,,,,,,,
2025-08-29 14:29:00,,,,,,,,,,,
2025-08-29 14:44:00,,,,,,,,,,,
2025-08-29 14:59:00,,,,,,,,,,,
2025-08-29 15:14:00,,,,,,,,,,,
2025-08-29 15:29:00,,,,,,,,,,,
2025-08-29 15:44:00,,,,,,,,,,,
2025-08-29 15:59:00,,,,,,,,,,,
2025-08-29 16:14:00,,,,,,,,,,,
2025-08-29 16:29:00,,,,,,,,,,,
2025-08-29 16:44:00,,,,,,,,,,,
2025-08-29 16:59:00,,,,,,,,,,,
2025-08-29 17:14:00,,,,,,,,,,,
2025-08-29 17:29:00,,,,,,,,,,,
2025-08-29 17:44:00,,,,,,,,,,,
2025-08-29 17:59:00,,,,,,,,,,,
2025-08-29 18:14:00,,,,,,,,,,,
2025-08-29 18:29:00,,,,,,,,,,,
2025-08-29 18:44:00,,,,,,,,,,,
2025-08-29 18:59:00,,,,,,,,,,,
2025-08-29 19:14:00,,,,,,,,,,,
2025-08-29 19:29:00,,,,,,,,,,,
2025-08-29 19:44:00,,,,,,,,,,,
2025-08-29 19:59:00,,,,,,,,,,,
2025-08-29 20:14:00,,,,,,,,,,,
2025-08-29 20:29:00,,,,,,,,,,,
2025-08-29 20:44:00,,,,,,,,,,,
2025-08-29 20:59:00,,,,,,,,,,,
2025-08-29 21:14:00,,,,,,,,,,,
2025-08-29 21:29:00,,,,,,,,,,,
2025-08-29 21:44:00,,,,,,,,,,,
2025-08-29 21:59:00,,,,,,,,,,,
2025-08-29 22:14:00,,,,,,,,,,,
2025-08-29 22:29:00,,,,,,,,,,,
2025-08-29 22:44:00,,,,,,,,,,,
2025-08-29 22:59:00,,,,,,,,,,,
2025-08-29 23:14:00,,,,,,,,,,,
2025-08-29 23:29:00,,,,,,,,,,,
2025-08-29 23:44:00,,,,,,,,,,,
2025-08-29 23:59:00,,,,,,,,,,,
2025-08-30 00:14:00,,,,,,,,,,,
2025-08-30 00:29:00,,,,,,,,,,,
2025-08-30 00:44:00,,,,,,,,,,,
2025-08-30 00:59:00,,,,,,,,,,,
2025-08-30 01:14:00,,,,,,,,,,,
2025-08-30 01:29:00,,,,,,,,,,,
2025-08-30 01:44:00,,,,,,,,,,,
2025-08-30 01:59:00,,,,,,,,,,,
2025-08-30 02:14:00,,,,,,,,,,,
2025-08-30 02:29:00,,,,,,,,,,,
2025-08-30 02:44:00,,,,,,,,,,,
2025-08-30 02:59:00,,,,,,,,,,,
2025-08-30 03:14:00,,,,,,,,,,,
2025-08-30 03:29:00,,,,,,,,,,,
2025-08-30 03:44:00,,,,,,,,,,,
2025-08-30 03:59:00,,,,,,,,,,,
2025-08-30 04:14:00,,,,,,,,,,,
2025-08-30 04:29:00,,,,,,,,,,,
2025-08-30 04:44:00,,,,,,,,,,,
2025-08-30 04:59:00,,,,,,,,,,,
2025-08-30 05:14:00,,,,,,,,,,,
2025-08-30 05:29:00,,,,,,,,,,,
2025-08-30 05:44:00,,,,,,,,,,,
2025-08-30 05:59:00,,,,,,,,,,,
2025-08-30 06:14:00,,,,,,,,,,,
2025-08-30 06:29:00,,,,,,,,,,,
2025-08-30 06:44:00,,,,,,,,,,,
2025-08-30 06:59:00,,,,,,,,,,,
2025-08-30 07:14:00,,,,,,,,,,,
2025-08-30 07:29:00,,,,,,,,,,,
2025-08-30 07:44:00,,,,,,,,,,,
2025-08-30 07:59:00,,,,,,,,,,,
2025-08-30 08:14:00,,,,,,,,,,,
2025-08-30 08:29:00,,,,,,,,,,,
2025-08-30 08:44:00,,,,,,,,,,,
2025-08-30 08:59:00,,,,,,,,,,,
2025-08-30 09:14:00,,,,,,,,,,,
2025-08-30 09:29:00,,,,,,,,,,,
2025-08-30 09:44:00,,,,,,,,,,,
2025-08-30 09:59:00,,,,,,,,,,,
2025-08-30 10:14:00,,,,,,,,,,,
2025-08-30 10:29:00,,,,,,,,,,,
2025-08-30 10:44:00,,,,,,,,,,,
2025-08-30 10:59:00,,,,,,,,,,,
2025-08-30 11:14:00,,,,,,,,,,,
2025-08-30 11:29:00,,,,,,,,,,,
2025-08-30 11:44:00,,,,,,,,,,,
2025-08-30 11:59:00,,,,,,,,,,,
2025-08-30 12:14:00,,,,,,,,,,,
2025-08-30 12:29:00,,,,,,,,,,,
2025-08-30 12:44:00,,,,,,,,,,,
2025-08-30 12:59:00,,,,,,,,,,,
2025-08-30 13:14:00,,,,,,,,,,,
2025-08-30 13:29:00,,,,,,,,,,,
2025-08-30 13:44:00,,,,,,,,,,,
2025-08-30 13:59:00,,,,,,,,,,,
2025-08-30 14:14:00,,,,,,,,,,,
2025-08-30 14:29:00,,,,,,,,,,,
2025-08-30 14:44:00,,,,,,,,,,,
2025-08-30 14:59:00,,,,,,,,,,,
2025-08-30 15:14:00,,,,,,,,,,,
2025-08-30 15:29:00,,,,,,,,,,,
2025-08-30 15:44:00,,,,,,,,,,,
2025-08-30 15:59:00,,,,,,,,,,,
2025-08-30 16:14:00,,,,,,,,,,,
2025-08-30 16:29:00,,,,,,,,,,,
2025-08-30 16:44:00,,,,,,,,,,,
2025-08-30 16:59:00,,,,,,,,,,,
2025-08-30 17:14:00,,,,,,,,,,,
2025-08-30 17:29:00,,,,,,,,,,,
2025-08-30 17:44:00,,,,,,,,,,,
2025-08-30 17:59:00,,,,,,,,,,,
2025-08-30 18:14:00,,,,,,,,,,,
2025-08-30 18:29:00,,,,,,,,,,,
2025-08-30 18:44:00,,,,,,,,,,,
2025-08-30 18:59:00,,,,,,,,,,,
2025-08-30 19:14:00,,,,,,,,,,,
2025-08-30 19:29:00,,,,,,,,,,,
2025-08-30 19:44:00,,,,,,,,,,,
2025-08-30 19:59:00,,,,,,,,,,,
2025-08-30 20:14:00,,,,,,,,,,,
2025-08-30 20:29:00,,,,,,,,,,,
2025-08-30 20:44:00,,,,,,,,,,,
2025-08-30 20:59:00,,,,,,,,,,,
2025-08-30 21:14:00,,,,,,,,,,,
2025-08-30 21:29:00,,,,,,,,,,,
2025-08-30 21:44:00,,,,,,,,,,,
2025-08-30 21:59:00,,,,,,,,,,,
2025-08-30 22:14:00,,,,,,,,,,,
2025-08-30 22:29:00,,,,,,,,,,,
2025-08-30 22:44:00,,,,,,,,,,,
2025-08-30 22:59:00,,,,,,,,,,,
2025-08-30 23:14:00,,,,,,,,,,,
2025-08-30 23:29:00,,,,,,,,,,,
2025-08-30 23:44:00,,,,,,,,,,,
2025-08-30 23:59:00,,,,,,,,,,,
2025-08-31 00:14:00,,,,,,,,,,,
2025-08-31 00:29:00,,,,,,,,,,,
2025-08-31 00:44:00,,,,,,,,,,,
2025-08-31 00:59:00,,,,,,,,,,,
2025-08-31 01:14:00,,,,,,,,,,,
2025-08-31 01:29:00,,,,,,,,,,,
2025-08-31 01:44:00,,,,,,,,,,,
2025-08-31 01:59:00,,,,,,,,,,,
2025-08-31 02:14:00,,,,,,,,,,,
2025-08-31 02:29:00,,,,,,,,,,,
2025-08-31 02:44:00,,,,,,,,,,,
2025-08-31 02:59:00,,,,,,,,,,,
2025-08-31 03:14:00,,,,,,,,,,,
2025-08-31 03:29:00,,,,,,,,,,,
2025-08-31 03:44:00,,,,,,,,,,,
2025-08-31 03:59:00,,,,,,,,,,,
2025-08-31 04:14:00,,,,,,,,,,,
2025-08-31 04:29:00,,,,,,,,,,,
2025-08-31 04:44:00,,,,,,,,,,,
2025-08-31 04:59:00,,,,,,,,,,,
2025-08-31 05:14:00,,,,,,,,,,,
2025-08-31 05:29:00,,,,,,,,,,,
2025-08-31 05:44:00,,,,,,,,,,,
2025-08-31 05:59:00,,,,,,,,,,,
2025-08-31 06:14:00,,,,,,,,,,,
2025-08-31 06:29:00,,,,,,,,,,,
2025-08-31 06:44:00,,,,,,,,,,,
2025-08-31 06:59:00,,,,,,,,,,,
2025-08-31 07:14:00,,,,,,,,,,,
2025-08-31 07:29:00,,,,,,,,,,,
2025-08-31 07:44:00,,,,,,,,,,,
2025-08-31 07:59:00,,,,,,,,,,,
2025-08-31 08:14:00,,,,,,,,,,,
2025-08-31 08:29:00,,,,,,,,,,,
2025-08-31 08:44:00,,,,,,,,,,,
2025-08-31 08:59:00,,,,,,,,,,,
2025-08-31 09:14:00,,,,,,,,,,,
2025-08-31 09:29:00,,,,,,,,,,,
2025-08-31 09:44:00,,,,,,,,,,,
2025-08-31 09:59:00,,,,,,,,,,,
2025-08-31 10:14:00,,,,,,,,,,,
2025-08-31 10:29:00,,,,,,,,,,,
2025-08-31 10:44:00,,,,,,,,,,,
2025-08-31 10:59:00,,,,,,,,,,,
2025-08-31 11:14:00,,,,,,,,,,,
2025-08-31 11:29:00,,,,,,,,,,,
2025-08-31 11:44:00,,,,,,,,,,,
2025-08-31 11:59:00,,,,,,,,,,,
2025-08-31 12:14:00,,,,,,,,,,,
2025-08-31 12:29:00,,,,,,,,,,,
2025-08-31 12:44:00,,,,,,,,,,,
2025-08-31 12:59:00,,,,,,,,,,,
2025-08-31 13:14:00,,,,,,,,,,,
2025-08-31 13:29:00,,,,,,,,,,,
2025-08-31 13:44:00,,,,,,,,,,,
2025-08-31 13:59:00,,,,,,,,,,,
2025-08-31 14:14:00,,,,,,,,,,,
2025-08-31 14:29:00,,,,,,,,,,,
2025-08-31 14:44:00,,,,,,,,,,,
2025-08-31 14:59:00,,,,,,,,,,,
2025-08-31 15:14:00,,,,,,,,,,,
2025-08-31 15:29:00,,,,,,,,,,,
2025-08-31 15:44:00,,,,,,,,,,,
2025-08-31 15:59:00,,,,,,,,,,,
2025-08-31 16:14:00,,,,,,,,,,,
2025-08-31 16:29:00,,,,,,,,,,,
2025-08-31 16:44:00,,,,,,,,,,,
2025-08-31 16:59:00,,,,,,,,,,,
2025-08-31 17:14:00,,,,,,,,,,,
2025-08-31 17:29:00,,,,,,,,,,,
2025-08-31 17:44:00,,,,,,,,,,,
2025-08-31 17:59:00,,,,,,,,,,,
2025-08-31 18:14:00,,,,,,,,,,,
2025-08-31 18:29:00,,,,,,,,,,,
2025-08-31 18:44:00,,,,,,,,,,,
2025-08-31 18:59:00,,,,,,,,,,,
2025-08-31 19:14:00,,,,,,,,,,,
2025-08-31 19:29:00,,,,,,,,,,,
2025-08-31 19:44:00,,,,,,,,,,,
2025-08-31 19:59:00,,,,,,,,,,,
2025-08-31 20:14:00,,,,,,,,,,,
2025-08-31 20:29:00,,,,,,,,,,,
2025-08-31 20:44:00,,,,,,,,,,,
2025-08-31 20:59:00,,,,,,,,,,,
2025-08-31 21:14:00,,,,,,,,,,,
2025-08-31 21:29:00,,,,,,,,,,,
2025-08-31 21:44:00,,,,,,,,,,,
2025-08-31 21:59:00,,,,,,,,,,,
2025-08-31 22:14:00,,,,,,,,,,,
2025-08-31 22:29:00,,,,,,,,,,,
2025-08-31 22:44:00,,,,,,,,,,,
2025-08-31 22:59:00,,,,,,,,,,,
2025-08-31 23:14:00,,,,,,,,,,,
2025-08-31 23:29:00,,,,,,,,,,,
2025-08-31 23:44:00,,,,,,,,,,,
2025-08-31 23:59:00,,,,,,,,,,,
2025-09-01 00:14:00,,,,,,,,,,,
2025-09-01 00:29:00,,,,,,,,,,,
2025-09-01 00:44:00,,,,,,,,,,,
2025-09-01 00:59:00,,,,,,,,,,,
2025-09-01 01:14:00,,,,,,,,,,,
2025-09-01 01:29:00,,,,,,,,,,,
2025-09-01 01:44:00,,,,,,,,,,,
2025-09-01 01:59:00,,,,,,,,,,,
2025-09-01 02:14:00,,,,,,,,,,,
2025-09-01 02:29:00,,,,,,,,,,,
2025-09-01 02:44:00,,,,,,,,,,,
2025-09-01 02:59:00,,,,,,,,,,,
2025-09-01 03:14:00,,,,,,,,,,,
2025-09-01 03:29:00,,,,,,,,,,,
2025-09-01 03:44:00,,,,,,,,,,,
2025-09-01 03:59:00,,,,,,,,,,,
2025-09-01 04:14:00,,,,,,,,,,,
2025-09-01 04:29:00,,,,,,,,,,,
2025-09-01 04:44:00,,,,,,,,,,,
2025-09-01 04:59:00,,,,,,,,,,,
2025-09-01 05:14:00,,,,,,,,,,,
2025-09-01 05:29:00,,,,,,,,,,,
2025-09-01 05:44:00,,,,,,,,,,,
2025-09-01 05:59:00,,,,,,,,,,,
2025-09-01 06:14:00,,,,,,,,,,,
2025-09-01 06:29:00,,,,,,,,,,,
2025-09-01 06:44:00,,,,,,,,,,,
2025-09-01 06:59:00,,,,,,,,,,,
2025-09-01 07:14:00,,,,,,,,,,,
2025-09-01 07:29:00,,,,,,,,,,,
2025-09-01 07:44:00,,,,,,,,,,,
2025-09-01 07:59:00,,,,,,,,,,,
2025-09-01 08:14:00,,,,,,,,,,,
2025-09-01 08:29:00,,,,,,,,,,,
2025-09-01 08:44:00,,,,,,,,,,,
2025-09-01 08:59:00,,,,,,,,,,,
2025-09-01 09:14:00,,,,,,,,,,,
2025-09-01 09:29:00,,,,,,,,,,,
2025-09-01 09:44:00,,,,,,,,,,,
2025-09-01 09:59:00,,,,,,,,,,,
2025-09-01 10:14:00,,,,,,,,,,,
2025-09-01 10:29:00,,,,,,,,,,,
2025-09-01 10:44:00,,,,,,,,,,,
2025-09-01 10:59:00,,,,,,,,,,,
2025-09-01 11:14:00,,,,,,,,,,,
2025-09-01 11:29:00,,,,,,,,,,,
2025-09-01 11:44:00,,,,,,,,,,,
2025-09-01 11:59:00,,,,,,,,,,,
2025-09-01 12:14:00,,,,,,,,,,,
2025-09-01 12:29:00,,,,,,,,,,,
2025-09-01 12:44:00,,,,,,,,,,,
2025-09-01 12:59:00,,,,,,,,,,,
2025-09-01 13:14:00,,,,,,,,,,,
2025-09-01 13:29:00,,,,,,,,,,,
2025-09-01 13:44:00,,,,,,,,,,,
2025-09-01 13:59:00,,,,,,,,,,,
2025-09-01 14:14:00,,,,,,,,,,,
2025-09-01 14:29:00,,,,,,,,,,,
2025-09-01 14:44:00,,,,,,,,,,,
2025-09-01 14:59:00,,,,,,,,,,,
2025-09-01 15:14:00,,,,,,,,,,,
2025-09-01 15:29:00,,,,,,,,,,,
2025-09-01 15:44:00,,,,,,,,,,,
2025-09-01 15:59:00,,,,,,,,,,,
2025-09-01 16:14:00,,,,,,,,,,,
2025-09-01 16:29:00,,,,,,,,,,,
2025-09-01 16:44:00,,,,,,,,,,,
2025-09-01 16:59:00,,,,,,,,,,,
2025-09-01 17:14:00,,,,,,,,,,,
2025-09-01 17:29:00,,,,,,,,,,,
2025-09-01 17:44:00,,,,,,,,,,,
2025-09-01 17:59:00,,,,,,,,,,,
2025-09-01 18:14:00,,,,,,,,,,,
2025-09-01 18:29:00,,,,,,,,,,,
2025-09-01 18:44:00,,,,,,,,,,,
2025-09-01 18:59:00,,,,,,,,,,,
2025-09-01 19:14:00,,,,,,,,,,,
2025-09-01 19:29:00,,,,,,,,,,,
2025-09-01 19:44:00,,,,,,,,,,,
2025-09-01 19:59:00,,,,,,,,,,,
2025-09-01 20:14:00,,,,,,,,,,,
2025-09-01 20:29:00,,,,,,,,,,,
2025-09-01 20:44:00,,,,,,,,,,,
2025-09-01 20:59:00,,,,,,,,,,,
2025-09-01 21:14:00,,,,,,,,,,,
2025-09-01 21:29:00,,,,,,,,,,,
2025-09-01 21:44:00,,,,,,,,,,,
2025-09-01 21:59:00,,,,,,,,,,,
2025-09-01 22:14:00,,,,,,,,,,,
2025-09-01 22:29:00,,,,,,,,,,,
2025-09-01 22:44:00,,,,,,,,,,,
2025-09-01 22:59:00,,,,,,,,,,,
2025-09-01 23:14:00,,,,,,,,,,,
2025-09-01 23:29:00,,,,,,,,,,,
2025-09-01 23:44:00,,,,,,,,,,,
2025-09-01 23:59:00,,,,,,,,,,,
2025-09-02 00:14:00,,,,,,,,,,,
2025-09-02 00:29:00,,,,,,,,,,,
2025-09-02 00:44:00,,,,,,,,,,,
2025-09-02 00:59:00,,,,,,,,,,,
2025-09-02 01:14:00,,,,,,,,,,,
2025-09-02 01:29:00,,,,,,,,,,,
2025-09-02 01:44:00,,,,,,,,,,,
2025-09-02 01:59:00,,,,,,,,,,,
2025-09-02 02:14:00,,,,,,,,,,,
2025-09-02 02:29:00,,,,,,,,,,,
2025-09-02 02:44:00,,,,,,,,,,,
2025-09-02 02:59:00,,,,,,,,,,,
2025-09-02 03:14:00,,,,,,,,,,,
2025-09-02 03:29:00,,,,,,,,,,,
2025-09-02 03:44:00,,,,,,,,,,,
2025-09-02 03:59:00,,,,,,,,,,,
2025-09-02 04:14:00,,,,,,,,,,,
2025-09-02 04:29:00,,,,,,,,,,,
2025-09-02 04:44:00,,,,,,,,,,,
2025-09-02 04:59:00,,,,,,,,,,,
2025-09-02 05:14:00,,,,,,,,,,,
2025-09-02 05:29:00,,,,,,,,,,,
2025-09-02 05:44:00,,,,,,,,,,,
2025-09-02 05:59:00,,,,,,,,,,,
2025-09-02 06:14:00,,,,,,,,,,,
2025-09-02 06:29:00,,,,,,,,,,,
2025-09-02 06:44:00,,,,,,,,,,,
2025-09-02 06:59:00,,,,,,,,,,,
2025-09-02 07:14:00,,,,,,,,,,,
2025-09-02 07:29:00,,,,,,,,,,,
2025-09-02 07:44:00,,,,,,,,,,,
2025-09-02 07:59:00,,,,,,,,,,,
2025-09-02 08:14:00,,,,,,,,,,,
2025-09-02 08:29:00,,,,,,,,,,,
2025-09-02 08:44:00,,,,,,,,,,,
2025-09-02 08:59:00,,,,,,,,,,,
2025-09-02 09:14:00,,,,,,,,,,,
2025-09-02 09:29:00,,,,,,,,,,,
2025-09-02 09:44:00,,,,,,,,,,,
2025-09-02 09:59:00,,,,,,,,,,,
2025-09-02 10:14:00,,,,,,,,,,,
2025-09-02 10:29:00,,,,,,,,,,,
2025-09-02 10:44:00,,,,,,,,,,,
2025-09-02 10:59:00,,,,,,,,,,,
2025-09-02 11:14:00,,,,,,,,,,,
2025-09-02 11:29:00,,,,,,,,,,,
2025-09-02 11:44:00,,,,,,,,,,,
2025-09-02 11:59:00,,,,,,,,,,,
2025-09-02 12:14:00,,,,,,,,,,,
2025-09-02 12:29:00,,,,,,,,,,,
2025-09-02 12:44:00,,,,,,,,,,,
2025-09-02 12:59:00,,,,,,,,,,,
2025-09-02 13:14:00,,,,,,,,,,,
2025-09-02 13:29:00,,,,,,,,,,,
2025-09-02 13:44:00,,,,,,,,,,,
2025-09-02 13:59:00,,,,,,,,,,,
2025-09-02 14:14:00,,,,,,,,,,,
2025-09-02 14:29:00,,,,,,,,,,,
2025-09-02 14:44:00,,,,,,,,,,,
2025-09-02 14:59:00,,,,,,,,,,,
2025-09-02 15:14:00,,,,,,,,,,,
2025-09-02 15:29:00,,,,,,,,,,,
2025-09-02 15:44:00,,,,,,,,,,,
2025-09-02 15:59:00,,,,,,,,,,,
2025-09-02 16:14:00,,,,,,,,,,,
2025-09-02 16:29:00,,,,,,,,,,,
2025-09-02 16:44:00,,,,,,,,,,,
2025-09-02 16:59:00,,,,,,,,,,,
2025-09-02 17:14:00,,,,,,,,,,,
2025-09-02 17:29:00,,,,,,,,,,,
2025-09-02 17:44:00,,,,,,,,,,,
2025-09-02 17:59:00,,,,,,,,,,,
2025-09-02 18:14:00,,,,,,,,,,,
2025-09-02 18:29:00,,,,,,,,,,,
2025-09-02 18:44:00,,,,,,,,,,,
2025-09-02 18:59:00,,,,,,,,,,,
2025-09-02 19:14:00,,,,,,,,,,,
2025-09-02 19:29:00,,,,,,,,,,,
2025-09-02 19:44:00,,,,,,,,,,,
2025-09-02 19:59:00,,,,,,,,,,,
2025-09-02 20:14:00,,,,,,,,,,,
2025-09-02 20:29:00,,,,,,,,,,,
2025-09-02 20:44:00,,,,,,,,,,,
2025-09-02 20:59:00,,,,,,,,,,,
2025-09-02 21:14:00,,,,,,,,,,,
2025-09-02 21:29:00,,,,,,,,,,,
2025-09-02 21:44:00,,,,,,,,,,,
2025-09-02 21:59:00,,,,,,,,,,,
2025-09-02 22:14:00,,,,,,,,,,,
2025-09-02 22:29:00,,,,,,,,,,,
2025-09-02 22:44:00,,,,,,,,,,,
2025-09-02 22:59:00,,,,,,,,,,,
2025-09-02 23:14:00,,,,,,,,,,,
2025-09-02 23:29:00,,,,,,,,,,,
2025-09-02 23:44:00,,,,,,,,,,,
2025-09-02 23:59:00,,,,,,,,,,,
2025-09-03 00:14:00,,,,,,,,,,,
2025-09-03 00:29:00,,,,,,,,,,,
2025-09-03 00:44:00,,,,,,,,,,,
2025-09-03 00:59:00,,,,,,,,,,,
2025-09-03 01:14:00,,,,,,,,,,,
2025-09-03 01:29:00,,,,,,,,,,,
2025-09-03 01:44:00,,,,,,,,,,,
2025-09-03 01:59:00,,,,,,,,,,,
2025-09-03 02:14:00,,,,,,,,,,,
2025-09-03 02:29:00,,,,,,,,,,,
2025-09-03 02:44:00,,,,,,,,,,,
2025-09-03 02:59:00,,,,,,,,,,,
2025-09-03 03:14:00,,,,,,,,,,,
2025-09-03 03:29:00,,,,,,,,,,,
2025-09-03 03:44:00,,,,,,,,,,,
2025-09-03 03:59:00,,,,,,,,,,,
2025-09-03 04:14:00,,,,,,,,,,,
2025-09-03 04:29:00,,,,,,,,,,,
2025-09-03 04:44:00,,,,,,,,,,,
2025-09-03 04:59:00,,,,,,,,,,,
2025-09-03 05:14:00,,,,,,,,,,,
2025-09-03 05:29:00,,,,,,,,,,,
2025-09-03 05:44:00,,,,,,,,,,,
2025-09-03 05:59:00,,,,,,,,,,,
2025-09-03 06:14:00,,,,,,,,,,,
2025-09-03 06:29:00,,,,,,,,,,,
2025-09-03 06:44:00,,,,,,,,,,,
2025-09-03 06:59:00,,,,,,,,,,,
2025-09-03 07:14:00,,,,,,,,,,,
2025-09-03 07:29:00,,,,,,,,,,,
2025-09-03 07:44:00,,,,,,,,,,,
2025-09-03 07:59:00,,,,,,,,,,,
2025-09-03 08:14:00,,,,,,,,,,,
2025-09-03 08:29:00,,,,,,,,,,,
2025-09-03 08:44:00,,,,,,,,,,,
2025-09-03 08:59:00,,,,,,,,,,,
2025-09-03 09:14:00,,,,,,,,,,,
2025-09-03 09:29:00,,,,,,,,,,,
2025-09-03 09:44:00,,,,,,,,,,,
2025-09-03 09:59:00,,,,,,,,,,,
2025-09-03 10:14:00,,,,,,,,,,,
2025-09-03 10:29:00,,,,,,,,,,,
2025-09-03 10:44:00,,,,,,,,,,,
2025-09-03 10:59:00,,,,,,,,,,,
2025-09-03 11:14:00,,,,,,,,,,,
2025-09-03 11:29:00,,,,,,,,,,,
2025-09-03 11:44:00,,,,,,,,,,,
2025-09-03 11:59:00,,,,,,,,,,,
2025-09-03 12:14:00,,,,,,,,,,,
2025-09-03 12:29:00,,,,,,,,,,,
2025-09-03 12:44:00,,,,,,,,,,,
2025-09-03 12:59:00,,,,,,,,,,,
2025-09-03 13:14:00,,,,,,,,,,,
2025-09-03 13:29:00,,,,,,,,,,,
2025-09-03 13:44:00,,,,,,,,,,,
2025-09-03 13:59:00,,,,,,,,,,,
2025-09-03 14:14:00,,,,,,,,,,,
2025-09-03 14:29:00,,,,,,,,,,,
2025-09-03 14:44:00,,,,,,,,,,,
2025-09-03 14:59:00,,,,,,,,,,,
2025-09-03 15:14:00,,,,,,,,,,,
2025-09-03 15:29:00,,,,,,,,,,,
2025-09-03 15:44:00,,,,,,,,,,,
2025-09-03 15:59:00,,,,,,,,,,,
2025-09-03 16:14:00,,,,,,,,,,,
2025-09-03 16:29:00,,,,,,,,,,,
2025-09-03 16:44:00,,,,,,,,,,,
2025-09-03 16:59:00,,,,,,,,,,,
2025-09-03 17:14:00,,,,,,,,,,,
2025-09-03 17:29:00,,,,,,,,,,,
2025-09-03 17:44:00,,,,,,,,,,,
2025-09-03 17:59:00,,,,,,,,,,,
2025-09-03 18:14:00,,,,,,,,,,,
2025-09-03 18:29:00,,,,,,,,,,,
2025-09-03 18:44:00,,,,,,,,,,,
2025-09-03 18:59:00,,,,,,,,,,,
2025-09-03 19:14:00,,,,,,,,,,,
2025-09-03 19:29:00,,,,,,,,,,,
2025-09-03 19:44:00,,,,,,,,,,,
2025-09-03 19:59:00,,,,,,,,,,,
2025-09-03 20:14:00,,,,,,,,,,,
2025-09-03 20:29:00,,,,,,,,,,,
2025-09-03 20:44:00,,,,,,,,,,,
2025-09-03 20:59:00,,,,,,,,,,,
2025-09-03 21:14:00,,,,,,,,,,,
2025-09-03 21:29:00,,,,,,,,,,,
2025-09-03 21:44:00,,,,,,,,,,,
2025-09-03 21:59:00,,,,,,,,,,,
2025-09-03 22:14:00,,,,,,,,,,,
2025-09-03 22:29:00,,,,,,,,,,,
2025-09-03 22:44:00,,,,,,,,,,,
2025-09-03 22:59:00,,,,,,,,,,,
2025-09-03 23:14:00,,,,,,,,,,,
2025-09-03 23:29:00,,,,,,,,,,,
2025-09-03 23:44:00,,,,,,,,,,,
2025-09-03 23:59:00,,,,,,,,,,,
2025-09-04 00:14:00,,,,,,,,,,,
2025-09-04 00:29:00,,,,,,,,,,,
2025-09-04 00:44:00,,,,,,,,,,,
2025-09-04 00:59:00,,,,,,,,,,,
2025-09-04 01:14:00,,,,,,,,,,,
2025-09-04 01:29:00,,,,,,,,,,,
2025-09-04 01:44:00,,,,,,,,,,,
2025-09-04 01:59:00,,,,,,,,,,,
2025-09-04 02:14:00,,,,,,,,,,,
2025-09-04 02:29:00,,,,,,,,,,,
2025-09-04 02:44:00,,,,,,,,,,,
2025-09-04 02:59:00,,,,,,,,,,,
2025-09-04 03:14:00,,,,,,,,,,,
2025-09-04 03:29:00,,,,,,,,,,,
2025-09-04 03:44:00,,,,,,,,,,,
2025-09-04 03:59:00,,,,,,,,,,,
2025-09-04 04:14:00,,,,,,,,,,,
2025-09-04 04:29:00,,,,,,,,,,,
2025-09-04 04:44:00,,,,,,,,,,,
2025-09-04 04:59:00,,,,,,,,,,,
2025-09-04 05:14:00,,,,,,,,,,,
2025-09-04 05:29:00,,,,,,,,,,,
2025-09-04 05:44:00,,,,,,,,,,,
2025-09-04 05:59:00,,,,,,,,,,,
2025-09-04 06:14:00,,,,,,,,,,,
2025-09-04 06:29:00,,,,,,,,,,,
2025-09-04 06:44:00,,,,,,,,,,,
2025-09-04 06:59:00,,,,,,,,,,,
2025-09-04 07:14:00,,,,,,,,,,,
2025-09-04 07:29:00,,,,,,,,,,,
2025-09-04 07:44:00,,,,,,,,,,,
2025-09-04 07:59:00,,,,,,,,,,,
2025-09-04 08:14:00,,,,,,,,,,,
2025-09-04 08:29:00,,,,,,,,,,,
2025-09-04 08:44:00,,,,,,,,,,,
2025-09-04 08:59:00,,,,,,,,,,,
2025-09-04 09:14:00,,,,,,,,,,,
2025-09-04 09:29:00,,,,,,,,,,,
2025-09-04 09:44:00,,,,,,,,,,,
2025-09-04 09:59:00,,,,,,,,,,,
2025-09-04 10:14:00,,,,,,,,,,,
2025-09-04 10:29:00,,,,,,,,,,,
2025-09-04 10:44:00,,,,,,,,,,,
2025-09-04 10:59:00,,,,,,,,,,,
2025-09-04 11:14:00,,,,,,,,,,,
2025-09-04 11:29:00,,,,,,,,,,,
2025-09-04 11:44:00,,,,,,,,,,,
2025-09-04 11:59:00,,,,,,,,,,,
2025-09-04 12:14:00,,,,,,,,,,,
2025-09-04 12:29:00,,,,,,,,,,,
2025-09-04 12:44:00,,,,,,,,,,,
2025-09-04 12:59:00,,,,,,,,,,,
2025-09-04 13:14:00,,,,,,,,,,,
2025-09-04 13:29:00,,,,,,,,,,,
2025-09-04 13:44:00,,,,,,,,,,,
2025-09-04 13:59:00,,,,,,,,,,,
2025-09-04 14:14:00,,,,,,,,,,,
2025-09-04 14:29:00,,,,,,,,,,,
2025-09-04 14:44:00,,,,,,,,,,,
2025-09-04 14:59:00,,,,,,,,,,,
2025-09-04 15:14:00,,,,,,,,,,,
2025-09-04 15:29:00,,,,,,,,,,,
2025-09-04 15:44:00,,,,,,,,,,,
2025-09-04 15:59:00,,,,,,,,,,,
2025-09-04 16:14:00,,,,,,,,,,,
2025-09-04 16:29:00,,,,,,,,,,,
2025-09-04 16:44:00,,,,,,,,,,,
2025-09-04 16:59:00,,,,,,,,,,,
2025-09-04 17:14:00,,,,,,,,,,,
2025-09-04 17:29:00,,,,,,,,,,,
2025-09-04 17:44:00,,,,,,,,,,,
2025-09-04 17:59:00,,,,,,,,,,,
2025-09-04 18:14:00,,,,,,,,,,,
2025-09-04 18:29:00,,,,,,,,,,,
2025-09-04 18:44:00,,,,,,,,,,,
2025-09-04 18:59:00,,,,,,,,,,,
2025-09-04 19:14:00,,,,,,,,,,,
2025-09-04 19:29:00,,,,,,,,,,,
2025-09-04 19:44:00,,,,,,,,,,,
2025-09-04 19:59:00,,,,,,,,,,,
2025-09-04 20:14:00,,,,,,,,,,,
2025-09-04 20:29:00,,,,,,,,,,,
2025-09-04 20:44:00,,,,,,,,,,,
2025-09-04 20:59:00,,,,,,,,,,,
2025-09-04 21:14:00,,,,,,,,,,,
2025-09-04 21:29:00,,,,,,,,,,,
2025-09-04 21:44:00,,,,,,,,,,,
2025-09-04 21:59:00,,,,,,,,,,,
2025-09-04 22:14:00,,,,,,,,,,,
2025-09-04 22:29:00,,,,,,,,,,,
2025-09-04 22:44:00,,,,,,,,,,,
2025-09-04 22:59:00,,,,,,,,,,,
2025-09-04 23:14:00,,,,,,,,,,,
2025-09-04 23:29:00,,,,,,,,,,,
2025-09-04 23:44:00,,,,,,,,,,,
2025-09-04 23:59:00,,,,,,,,,,,
2025-09-05 00:14:00,,,,,,,,,,,
2025-09-05 00:29:00,,,,,,,,,,,
2025-09-05 00:44:00,,,,,,,,,,,
2025-09-05 00:59:00,,,,,,,,,,,
2025-09-05 01:14:00,,,,,,,,,,,
2025-09-05 01:29:00,,,,,,,,,,,
2025-09-05 01:44:00,,,,,,,,,,,
2025-09-05 01:59:00,,,,,,,,,,,
2025-09-05 02:14:00,,,,,,,,,,,
2025-09-05 02:29:00,,,,,,,,,,,
2025-09-05 02:44:00,,,,,,,,,,,
2025-09-05 02:59:00,,,,,,,,,,,
2025-09-05 03:14:00,,,,,,,,,,,
2025-09-05 03:29:00,,,,,,,,,,,
2025-09-05 03:44:00,,,,,,,,,,,
2025-09-05 03:59:00,,,,,,,,,,,
2025-09-05 04:14:00,,,,,,,,,,,
2025-09-05 04:29:00,,,,,,,,,,,
2025-09-05 04:44:00,,,,,,,,,,,
2025-09-05 04:59:00,,,,,,,,,,,
2025-09-05 05:14:00,,,,,,,,,,,
2025-09-05 05:29:00,,,,,,,,,,,
2025-09-05 05:44:00,,,,,,,,,,,
2025-09-05 05:59:00,,,,,,,,,,,
2025-09-05 06:14:00,,,,,,,,,,,
2025-09-05 06:29:00,,,,,,,,,,,
2025-09-05 06:44:00,,,,,,,,,,,
2025-09-05 06:59:00,,,,,,,,,,,
2025-09-05 07:14:00,,,,,,,,,,,
2025-09-05 07:29:00,,,,,,,,,,,
2025-09-05 07:44:00,,,,,,,,,,,
2025-09-05 07:59:00,,,,,,,,,,,
2025-09-05 08:14:00,,,,,,,,,,,
2025-09-05 08:29:00,,,,,,,,,,,
2025-09-05 08:44:00,,,,,,,,,,,
2025-09-05 08:59:00,,,,,,,,,,,
2025-09-05 09:14:00,,,,,,,,,,,
2025-09-05 09:29:00,,,,,,,,,,,
2025-09-05 09:44:00,,,,,,,,,,,
2025-09-05 09:59:00,,,,,,,,,,,
2025-09-05 10:14:00,,,,,,,,,,,
2025-09-05 10:29:00,,,,,,,,,,,
2025-09-05 10:44:00,,,,,,,,,,,
2025-09-05 10:59:00,,,,,,,,,,,
2025-09-05 11:14:00,,,,,,,,,,,
2025-09-05 11:29:00,,,,,,,,,,,
2025-09-05 11:44:00,,,,,,,,,,,
2025-09-05 11:59:00,,,,,,,,,,,
2025-09-05 12:14:00,,,,,,,,,,,
2025-09-05 12:29:00,,,,,,,,,,,
2025-09-05 12:44:00,,,,,,,,,,,
2025-09-05 12:59:00,,,,,,,,,,,
2025-09-05 13:14:00,,,,,,,,,,,
2025-09-05 13:29:00,,,,,,,,,,,
2025-09-05 13:44:00,,,,,,,,,,,
2025-09-05 13:59:00,,,,,,,,,,,
2025-09-05 14:14:00,,,,,,,,,,,
2025-09-05 14:29:00,,,,,,,,,,,
2025-09-05 14:44:00,,,,,,,,,,,
2025-09-05 14:59:00,,,,,,,,,,,
2025-09-05 15:14:00,,,,,,,,,,,
2025-09-05 15:29:00,,,,,,,,,,,
2025-09-05 15:44:00,,,,,,,,,,,
2025-09-05 15:59:00,,,,,,,,,,,
2025-09-05 16:14:00,,,,,,,,,,,
2025-09-05 16:29:00,,,,,,,,,,,
2025-09-05 16:44:00,,,,,,,,,,,
2025-09-05 16:59:00,,,,,,,,,,,
2025-09-05 17:14:00,,,,,,,,,,,
2025-09-05 17:29:00,,,,,,,,,,,
2025-09-05 17:44:00,,,,,,,,,,,
2025-09-05 17:59:00,,,,,,,,,,,
2025-09-05 18:14:00,,,,,,,,,,,
2025-09-05 18:29:00,,,,,,,,,,,
2025-09-05 18:44:00,,,,,,,,,,,
2025-09-05 18:59:00,,,,,,,,,,,
2025-09-05 19:14:00,,,,,,,,,,,
2025-09-05 19:29:00,,,,,,,,,,,
2025-09-05 19:44:00,,,,,,,,,,,
2025-09-05 19:59:00,,,,,,,,,,,
2025-09-05 20:14:00,,,,,,,,,,,
2025-09-05 20:29:00,,,,,,,,,,,
2025-09-05 20:44:00,,,,,,,,,,,
2025-09-05 20:59:00,,,,,,,,,,,
2025-09-05 21:14:00,,,,,,,,,,,
2025-09-05 21:29:00,,,,,,,,,,,
2025-09-05 21:44:00,,,,,,,,,,,
2025-09-05 21:59:00,,,,,,,,,,,
2025-09-05 22:14:00,,,,,,,,,,,
2025-09-05 22:29:00,,,,,,,,,,,
2025-09-05 22:44:00,,,,,,,,,,,
2025-09-05 22:59:00,,,,,,,,,,,
2025-09-05 23:14:00,,,,,,,,,,,
2025-09-05 23:29:00,,,,,,,,,,,
2025-09-05 23:44:00,,,,,,,,,,,
2025-09-05 23:59:00,,,,,,,,,,,
2025-09-06 00:14:00,,,,,,,,,,,
2025-09-06 00:29:00,,,,,,,,,,,
2025-09-06 00:44:00,,,,,,,,,,,
2025-09-06 00:59:00,,,,,,,,,,,
2025-09-06 01:14:00,,,,,,,,,,,
2025-09-06 01:29:00,,,,,,,,,,,
2025-09-06 01:44:00,,,,,,,,,,,
2025-09-06 01:59:00,,,,,,,,,,,
2025-09-06 02:14:00,,,,,,,,,,,
2025-09-06 02:29:00,,,,,,,,,,,
2025-09-06 02:44:00,,,,,,,,,,,
2025-09-06 02:59:00,,,,,,,,,,,
2025-09-06 03:14:00,,,,,,,,,,,
2025-09-06 03:29:00,,,,,,,,,,,
2025-09-06 03:44:00,,,,,,,,,,,
2025-09-06 03:59:00,,,,,,,,,,,
2025-09-06 04:14:00,,,,,,,,,,,
2025-09-06 04:29:00,,,,,,,,,,,
2025-09-06 04:44:00,,,,,,,,,,,
2025-09-06 04:59:00,,,,,,,,,,,
2025-09-06 05:14:00,,,,,,,,,,,
2025-09-06 05:29:00,,,,,,,,,,,
2025-09-06 05:44:00,,,,,,,,,,,
2025-09-06 05:59:00,,,,,,,,,,,
2025-09-06 06:14:00,,,,,,,,,,,
2025-09-06 06:29:00,,,,,,,,,,,
2025-09-06 06:44:00,,,,,,,,,,,
2025-09-06 06:59:00,,,,,,,,,,,
2025-09-06 07:14:00,,,,,,,,,,,
2025-09-06 07:29:00,,,,,,,,,,,
2025-09-06 07:44:00,,,,,,,,,,,
2025-09-06 07:59:00,,,,,,,,,,,
2025-09-06 08:14:00,,,,,,,,,,,
2025-09-06 08:29:00,,,,,,,,,,,
2025-09-06 08:44:00,,,,,,,,,,,
2025-09-06 08:59:00,,,,,,,,,,,
2025-09-06 09:14:00,,,,,,,,,,,
2025-09-06 09:29:00,,,,,,,,,,,
2025-09-06 09:44:00,,,,,,,,,,,
2025-09-06 09:59:00,,,,,,,,,,,
2025-09-06 10:14:00,,,,,,,,,,,
2025-09-06 10:29:00,,,,,,,,,,,
2025-09-06 10:44:00,,,,,,,,,,,
2025-09-06 10:59:00,,,,,,,,,,,
2025-09-06 11:14:00,,,,,,,,,,,
2025-09-06 11:29:00,,,,,,,,,,,
2025-09-06 11:44:00,,,,,,,,,,,
2025-09-06 11:59:00,,,,,,,,,,,
2025-09-06 12:14:00,,,,,,,,,,,
2025-09-06 12:29:00,,,,,,,,,,,
2025-09-06 12:44:00,,,,,,,,,,,
2025-09-06 12:59:00,,,,,,,,,,,
2025-09-06 13:14:00,,,,,,,,,,,
2025-09-06 13:29:00,,,,,,,,,,,
2025-09-06 13:44:00,,,,,,,,,,,
2025-09-06 13:59:00,,,,,,,,,,,
2025-09-06 14:14:00,,,,,,,,,,,
2025-09-06 14:29:00,,,,,,,,,,,
2025-09-06 14:44:00,,,,,,,,,,,
2025-09-06 14:59:00,,,,,,,,,,,
2025-09-06 15:14:00,,,,,,,,,,,
2025-09-06 15:29:00,,,,,,,,,,,
2025-09-06 15:44:00,,,,,,,,,,,
2025-09-06 15:59:00,,,,,,,,,,,
2025-09-06 16:14:00,,,,,,,,,,,
2025-09-06 16:29:00,,,,,,,,,,,
2025-09-06 16:44:00,,,,,,,,,,,
2025-09-06 16:59:00,,,,,,,,,,,
2025-09-06 17:14:00,,,,,,,,,,,
2025-09-06 17:29:00,,,,,,,,,,,
2025-09-06 17:44:00,,,,,,,,,,,
2025-09-06 17:59:00,,,,,,,,,,,
2025-09-06 18:14:00,,,,,,,,,,,
2025-09-06 18:29:00,,,,,,,,,,,
2025-09-06 18:44:00,,,,,,,,,,,
2025-09-06 18:59:00,,,,,,,,,,,
2025-09-06 19:14:00,,,,,,,,,,,
2025-09-06 19:29:00,,,,,,,,,,,
2025-09-06 19:44:00,,,,,,,,,,,
2025-09-06 19:59:00,,,,,,,,,,,
2025-09-06 20:14:00,,,,,,,,,,,
2025-09-06 20:29:00,,,,,,,,,,,
2025-09-06 20:44:00,,,,,,,,,,,
2025-09-06 20:59:00,,,,,,,,,,,
2025-09-06 21:14:00,,,,,,,,,,,
2025-09-06 21:29:00,,,,,,,,,,,
2025-09-06 21:44:00,,,,,,,,,,,
2025-09-06 21:59:00,,,,,,,,,,,
2025-09-06 22:14:00,,,,,,,,,,,
2025-09-06 22:29:00,,,,,,,,,,,
2025-09-06 22:44:00,,,,,,,,,,,
2025-09-06 22:59:00,,,,,,,,,,,
2025-09-06 23:14:00,,,,,,,,,,,
2025-09-06 23:29:00,,,,,,,,,,,
2025-09-06 23:44:00,,,,,,,,,,,
2025-09-06 23:59:00,,,,,,,,,,,
2025-09-07 00:14:00,,,,,,,,,,,
2025-09-07 00:29:00,,,,,,,,,,,
2025-09-07 00:44:00,,,,,,,,,,,
2025-09-07 00:59:00,,,,,,,,,,,
2025-09-07 01:14:00,,,,,,,,,,,
2025-09-07 01:29:00,,,,,,,,,,,
2025-09-07 01:44:00,,,,,,,,,,,
2025-09-07 01:59:00,,,,,,,,,,,
2025-09-07 02:14:00,,,,,,,,,,,
2025-09-07 02:29:00,,,,,,,,,,,
2025-09-07 02:44:00,,,,,,,,,,,
2025-09-07 02:59:00,,,,,,,,,,,
2025-09-07 03:14:00,,,,,,,,,,,
2025-09-07 03:29:00,,,,,,,,,,,
2025-09-07 03:44:00,,,,,,,,,,,
2025-09-07 03:59:00,,,,,,,,,,,
2025-09-07 04:14:00,,,,,,,,,,,
2025-09-07 04:29:00,,,,,,,,,,,
2025-09-07 04:44:00,,,,,,,,,,,
2025-09-07 04:59:00,,,,,,,,,,,
2025-09-07 05:14:00,,,,,,,,,,,
2025-09-07 05:29:00,,,,,,,,,,,
2025-09-07 05:44:00,,,,,,,,,,,
2025-09-07 05:59:00,,,,,,,,,,,
2025-09-07 06:14:00,,,,,,,,,,,
2025-09-07 06:29:00,,,,,,,,,,,
2025-09-07 06:44:00,,,,,,,,,,,
2025-09-07 06:59:00,,,,,,,,,,,
2025-09-07 07:14:00,,,,,,,,,,,
2025-09-07 07:29:00,,,,,,,,,,,
2025-09-07 07:44:00,,,,,,,,,,,
2025-09-07 07:59:00,,,,,,,,,,,
2025-09-07 08:14:00,,,,,,,,,,,
2025-09-07 08:29:00,,,,,,,,,,,
2025-09-07 08:44:00,,,,,,,,,,,
2025-09-07 08:59:00,,,,,,,,,,,
2025-09-07 09:14:00,,,,,,,,,,,
2025-09-07 09:29:00,,,,,,,,,,,
2025-09-07 09:44:00,,,,,,,,,,,
2025-09-07 09:59:00,,,,,,,,,,,
2025-09-07 10:14:00,,,,,,,,,,,
2025-09-07 10:29:00,,,,,,,,,,,
2025-09-07 10:44:00,,,,,,,,,,,
2025-09-07 10:59:00,,,,,,,,,,,
2025-09-07 11:14:00,,,,,,,,,,,
2025-09-07 11:29:00,,,,,,,,,,,
2025-09-07 11:44:00,,,,,,,,,,,
2025-09-07 11:59:00,,,,,,,,,,,
2025-09-07 12:14:00,,,,,,,,,,,
2025-09-07 12:29:00,,,,,,,,,,,
2025-09-07 12:44:00,,,,,,,,,,,
2025-09-07 12:59:00,,,,,,,,,,,
2025-09-07 13:14:00,,,,,,,,,,,
2025-09-07 13:29:00,,,,,,,,,,,
2025-09-07 13:44:00,,,,,,,,,,,
2025-09-07 13:59:00,,,,,,,,,,,
2025-09-07 14:14:00,,,,,,,,,,,
2025-09-07 14:29:00,,,,,,,,,,,
2025-09-07 14:44:00,,,,,,,,,,,
2025-09-07 14:59:00,,,,,,,,,,,
2025-09-07 15:14:00,,,,,,,,,,,
2025-09-07 15:29:00,,,,,,,,,,,
2025-09-07 15:44:00,,,,,,,,,,,
2025-09-07 15:59:00,,,,,,,,,,,
2025-09-07 16:14:00,,,,,,,,,,,
2025-09-07 16:29:00,,,,,,,,,,,
2025-09-07 16:44:00,,,,,,,,,,,
2025-09-07 16:59:00,,,,,,,,,,,
2025-09-07 17:14:00,,,,,,,,,,,
2025-09-07 17:29:00,,,,,,,,,,,
2025-09-07 17:44:00,,,,,,,,,,,
2025-09-07 17:59:00,,,,,,,,,,,
2025-09-07 18:14:00,,,,,,,,,,,
2025-09-07 18:29:00,,,,,,,,,,,
2025-09-07 18:44:00,,,,,,,,,,,
2025-09-07 18:59:00,,,,,,,,,,,
2025-09-07 19:14:00,,,,,,,,,,,
2025-09-07 19:29:00,,,,,,,,,,,
2025-09-07 19:44:00,,,,,,,,,,,
2025-09-07 19:59:00,,,,,,,,,,,
2025-09-07 20:14:00,,,,,,,,,,,
2025-09-07 20:29:00,,,,,,,,,,,
2025-09-07 20:44:00,,,,,,,,,,,
2025-09-07 20:59:00,,,,,,,,,,,
2025-09-07 21:14:00,,,,,,,,,,,
2025-09-07 21:29:00,,,,,,,,,,,
2025-09-07 21:44:00,,,,,,,,,,,
2025-09-07 21:59:00,,,,,,,,,,,
2025-09-07 22:14:00,,,,,,,,,,,
2025-09-07 22:29:00,,,,,,,,,,,
2025-09-07 22:44:00,,,,,,,,,,,
2025-09-07 22:59:00,,,,,,,,,,,
2025-09-07 23:14:00,,,,,,,,,,,
2025-09-07 23:29:00,,,,,,,,,,,
2025-09-07 23:44:00,,,,,,,,,,,
2025-09-07 23:59:00,,,,,,,,,,,
2025-09-08 00:14:00,,,,,,,,,,,
2025-09-08 00:29:00,,,,,,,,,,,
2025-09-08 00:44:00,,,,,,,,,,,
2025-09-08 00:59:00,,,,,,,,,,,
2025-09-08 01:14:00,,,,,,,,,,,
2025-09-08 01:29:00,,,,,,,,,,,
2025-09-08 01:44:00,,,,,,,,,,,
2025-09-08 01:59:00,,,,,,,,,,,
2025-09-08 02:14:00,,,,,,,,,,,
2025-09-08 02:29:00,,,,,,,,,,,
2025-09-08 02:44:00,,,,,,,,,,,
2025-09-08 02:59:00,,,,,,,,,,,
2025-09-08 03:14:00,,,,,,,,,,,
2025-09-08 03:29:00,,,,,,,,,,,
2025-09-08 03:44:00,,,,,,,,,,,
2025-09-08 03:59:00,,,,,,,,,,,
2025-09-08 04:14:00,,,,,,,,,,,
2025-09-08 04:29:00,,,,,,,,,,,
2025-09-08 04:44:00,,,,,,,,,,,
2025-09-08 04:59:00,,,,,,,,,,,
2025-09-08 05:14:00,,,,,,,,,,,
2025-09-08 05:29:00,,,,,,,,,,,
2025-09-08 05:44:00,,,,,,,,,,,
2025-09-08 05:59:00,,,,,,,,,,,
2025-09-08 06:14:00,,,,,,,,,,,
2025-09-08 06:29:00,,,,,,,,,,,
2025-09-08 06:44:00,,,,,,,,,,,
2025-09-08 06:59:00,,,,,,,,,,,
2025-09-08 07:14:00,,,,,,,,,,,
2025-09-08 07:29:00,,,,,,,,,,,
2025-09-08 07:44:00,,,,,,,,,,,
2025-09-08 07:59:00,,,,,,,,,,,
2025-09-08 08:14:00,,,,,,,,,,,
2025-09-08 08:29:00,,,,,,,,,,,
2025-09-08 08:44:00,,,,,,,,,,,
2025-09-08 08:59:00,,,,,,,,,,,
2025-09-08 09:14:00,,,,,,,,,,,
2025-09-08 09:29:00,,,,,,,,,,,
2025-09-08 09:44:00,,,,,,,,,,,
2025-09-08 09:59:00,,,,,,,,,,,
2025-09-08 10:14:00,,,,,,,,,,,
2025-09-08 10:29:00,,,,,,,,,,,
2025-09-08 10:44:00,,,,,,,,,,,
2025-09-08 10:59:00,,,,,,,,,,,
2025-09-08 11:14:00,,,,,,,,,,,
2025-09-08 11:29:00,,,,,,,,,,,
2025-09-08 11:44:00,,,,,,,,,,,
2025-09-08 11:59:00,,,,,,,,,,,
2025-09-08 12:14:00,,,,,,,,,,,
2025-09-08 12:29:00,,,,,,,,,,,
2025-09-08 12:44:00,,,,,,,,,,,
2025-09-08 12:59:00,,,,,,,,,,,
2025-09-08 13:14:00,,,,,,,,,,,
2025-09-08 13:29:00,,,,,,,,,,,
2025-09-08 13:44:00,,,,,,,,,,,
2025-09-08 13:59:00,,,,,,,,,,,
2025-09-08 14:14:00,,,,,,,,,,,
2025-09-08 14:29:00,,,,,,,,,,,
2025-09-08 14:44:00,,,,,,,,,,,
2025-09-08 14:59:00,,,,,,,,,,,
2025-09-08 15:14:00,,,,,,,,,,,
2025-09-08 15:29:00,,,,,,,,,,,
2025-09-08 15:44:00,,,,,,,,,,,
2025-09-08 15:59:00,,,,,,,,,,,
2025-09-08 16:14:00,,,,,,,,,,,
2025-09-08 16:29:00,,,,,,,,,,,
2025-09-08 16:44:00,,,,,,,,,,,
2025-09-08 16:59:00,,,,,,,,,,,
2025-09-08 17:14:00,,,,,,,,,,,
2025-09-08 17:29:00,,,,,,,,,,,
2025-09-08 17:44:00,,,,,,,,,,,
2025-09-08 17:59:00,,,,,,,,,,,
2025-09-08 18:14:00,,,,,,,,,,,
2025-09-08 18:29:00,,,,,,,,,,,
2025-09-08 18:44:00,,,,,,,,,,,
2025-09-08 18:59:00,,,,,,,,,,,
2025-09-08 19:14:00,,,,,,,,,,,
2025-09-08 19:29:00,,,,,,,,,,,
2025-09-08 19:44:00,,,,,,,,,,,
2025-09-08 19:59:00,,,,,,,,,,,
2025-09-08 20:14:00,,,,,,,,,,,
2025-09-08 20:29:00,,,,,,,,,,,
2025-09-08 20:44:00,,,,,,,,,,,
2025-09-08 20:59:00,,,,,,,,,,,
2025-09-08 21:14:00,,,,,,,,,,,
2025-09-08 21:29:00,,,,,,,,,,,
2025-09-08 21:44:00,,,,,,,,,,,
2025-09-08 21:59:00,,,,,,,,,,,
2025-09-08 22:14:00,,,,,,,,,,,
2025-09-08 22:29:00,,,,,,,,,,,
2025-09-08 22:44:00,,,,,,,,,,,
2025-09-08 22:59:00,,,,,,,,,,,
2025-09-08 23:14:00,,,,,,,,,,,
2025-09-08 23:29:00,,,,,,,,,,,
2025-09-08 23:44:00,,,,,,,,,,,
2025-09-08 23:59:00,,,,,,,,,,,
2025-09-09 00:14:00,,,,,,,,,,,
2025-09-09 00:29:00,,,,,,,,,,,
2025-09-09 00:44:00,,,,,,,,,,,
2025-09-09 00:59:00,,,,,,,,,,,
2025-09-09 01:14:00,,,,,,,,,,,
2025-09-09 01:29:00,,,,,,,,,,,
2025-09-09 01:44:00,,,,,,,,,,,
2025-09-09 01:59:00,,,,,,,,,,,
2025-09-09 02:14:00,,,,,,,,,,,
2025-09-09 02:29:00,,,,,,,,,,,
2025-09-09 02:44:00,,,,,,,,,,,
2025-09-09 02:59:00,,,,,,,,,,,
2025-09-09 03:14:00,,,,,,,,,,,
2025-09-09 03:29:00,,,,,,,,,,,
2025-09-09 03:44:00,,,,,,,,,,,
2025-09-09 03:59:00,,,,,,,,,,,
2025-09-09 04:14:00,,,,,,,,,,,
2025-09-09 04:29:00,,,,,,,,,,,
2025-09-09 04:44:00,,,,,,,,,,,
2025-09-09 04:59:00,,,,,,,,,,,
2025-09-09 05:14:00,,,,,,,,,,,
2025-09-09 05:29:00,,,,,,,,,,,
2025-09-09 05:44:00,,,,,,,,,,,
2025-09-09 05:59:00,,,,,,,,,,,
2025-09-09 06:14:00,,,,,,,,,,,
2025-09-09 06:29:00,,,,,,,,,,,
2025-09-09 06:44:00,,,,,,,,,,,
2025-09-09 06:59:00,,,,,,,,,,,
2025-09-09 07:14:00,,,,,,,,,,,
2025-09-09 07:29:00,,,,,,,,,,,
2025-09-09 07:44:00,,,,,,,,,,,
2025-09-09 07:59:00,,,,,,,,,,,
2025-09-09 08:14:00,,,,,,,,,,,
2025-09-09 08:29:00,,,,,,,,,,,
2025-09-09 08:44:00,,,,,,,,,,,
2025-09-09 08:59:00,,,,,,,,,,,
2025-09-09 09:14:00,,,,,,,,,,,
2025-09-09 09:29:00,,,,,,,,,,,
2025-09-09 09:44:00,,,,,,,,,,,
2025-09-09 09:59:00,,,,,,,,,,,
2025-09-09 10:14:00,,,,,,,,,,,
2025-09-09 10:29:00,,,,,,,,,,,
2025-09-09 10:44:00,,,,,,,,,,,
2025-09-09 10:59:00,,,,,,,,,,,
2025-09-09 11:14:00,,,,,,,,,,,
2025-09-09 11:29:00,,,,,,,,,,,
2025-09-09 11:44:00,,,,,,,,,,,
2025-09-09 11:59:00,,,,,,,,,,,
2025-09-09 12:14:00,,,,,,,,,,,
2025-09-09 12:29:00,,,,,,,,,,,
2025-09-09 12:44:00,,,,,,,,,,,
2025-09-09 12:59:00,,,,,,,,,,,
2025-09-09 13:14:00,,,,,,,,,,,
2025-09-09 13:29:00,,,,,,,,,,,
2025-09-09 13:44:00,,,,,,,,,,,
2025-09-09 13:59:00,,,,,,,,,,,
2025-09-09 14:14:00,,,,,,,,,,,
2025-09-09 14:29:00,,,,,,,,,,,
2025-09-09 14:44:00,,,,,,,,,,,
2025-09-09 14:59:00,,,,,,,,,,,
2025-09-09 15:14:00,,,,,,,,,,,
2025-09-09 15:29:00,,,,,,,,,,,
2025-09-09 15:44:00,,,,,,,,,,,
2025-09-09 15:59:00,,,,,,,,,,,
2025-09-09 16:14:00,,,,,,,,,,,
2025-09-09 16:29:00,,,,,,,,,,,
2025-09-09 16:44:00,,,,,,,,,,,
2025-09-09 16:59:00,,,,,,,,,,,
2025-09-09 17:14:00,,,,,,,,,,,
2025-09-09 17:29:00,,,,,,,,,,,
2025-09-09 17:44:00,,,,,,,,,,,
2025-09-09 17:59:00,,,,,,,,,,,
2025-09-09 18:14:00,,,,,,,,,,,
2025-09-09 18:29:00,,,,,,,,,,,
2025-09-09 18:44:00,,,,,,,,,,,
2025-09-09 18:59:00,,,,,,,,,,,
2025-09-09 19:14:00,,,,,,,,,,,
2025-09-09 19:29:00,,,,,,,,,,,
2025-09-09 19:44:00,,,,,,,,,,,
2025-09-09 19:59:00,,,,,,,,,,,
2025-09-09 20:14:00,,,,,,,,,,,
2025-09-09 20:29:00,,,,,,,,,,,
2025-09-09 20:44:00,,,,,,,,,,,
2025-09-09 20:59:00,,,,,,,,,,,
2025-09-09 21:14:00,,,,,,,,,,,
2025-09-09 21:29:00,,,,,,,,,,,
2025-09-09 21:44:00,,,,,,,,,,,
2025-09-09 21:59:00,,,,,,,,,,,
2025-09-09 22:14:00,,,,,,,,,,,
2025-09-09 22:29:00,,,,,,,,,,,
2025-09-09 22:44:00,,,,,,,,,,,
2025-09-09 22:59:00,,,,,,,,,,,
2025-09-09 23:14:00,,,,,,,,,,,
2025-09-09 23:29:00,,,,,,,,,,,
2025-09-09 23:44:00,,,,,,,,,,,
2025-09-09 23:59:00,,,,,,,,,,,
2025-09-10 00:14:00,,,,,,,,,,,
2025-09-10 00:29:00,,,,,,,,,,,
2025-09-10 00:44:00,,,,,,,,,,,
2025-09-10 00:59:00,,,,,,,,,,,
2025-09-10 01:14:00,,,,,,,,,,,
2025-09-10 01:29:00,,,,,,,,,,,
2025-09-10 01:44:00,,,,,,,,,,,
2025-09-10 01:59:00,,,,,,,,,,,
2025-09-10 02:14:00,,,,,,,,,,,
2025-09-10 02:29:00,,,,,,,,,,,
2025-09-10 02:44:00,,,,,,,,,,,
2025-09-10 02:59:00,,,,,,,,,,,
2025-09-10 03:14:00,,,,,,,,,,,
2025-09-10 03:29:00,,,,,,,,,,,
2025-09-10 03:44:00,,,,,,,,,,,
2025-09-10 03:59:00,,,,,,,,,,,
2025-09-10 04:14:00,,,,,,,,,,,
2025-09-10 04:29:00,,,,,,,,,,,
2025-09-10 04:44:00,,,,,,,,,,,
2025-09-10 04:59:00,,,,,,,,,,,
2025-09-10 05:14:00,,,,,,,,,,,
2025-09-10 05:29:00,,,,,,,,,,,
2025-09-10 05:44:00,,,,,,,,,,,
2025-09-10 05:59:00,,,,,,,,,,,
2025-09-10 06:14:00,,,,,,,,,,,
2025-09-10 06:29:00,,,,,,,,,,,
2025-09-10 06:44:00,,,,,,,,,,,
2025-09-10 06:59:00,,,,,,,,,,,
2025-09-10 07:14:00,,,,,,,,,,,
2025-09-10 07:29:00,,,,,,,,,,,
2025-09-10 07:44:00,,,,,,,,,,,
2025-09-10 07:59:00,,,,,,,,,,,
2025-09-10 08:14:00,,,,,,,,,,,
2025-09-10 08:29:00,,,,,,,,,,,
2025-09-10 08:44:00,,,,,,,,,,,
2025-09-10 08:59:00,,,,,,,,,,,
2025-09-10 09:14:00,,,,,,,,,,,
2025-09-10 09:29:00,,,,,,,,,,,
2025-09-10 09:44:00,,,,,,,,,,,
2025-09-10 09:59:00,,,,,,,,,,,
2025-09-10 10:14:00,,,,,,,,,,,
2025-09-10 10:29:00,,,,,,,,,,,
2025-09-10 10:44:00,,,,,,,,,,,
2025-09-10 10:59:00,,,,,,,,,,,
2025-09-10 11:14:00,,,,,,,,,,,
2025-09-10 11:29:00,,,,,,,,,,,
2025-09-10 11:44:00,,,,,,,,,,,
2025-09-10 11:59:00,,,,,,,,,,,
2025-09-10 12:14:00,,,,,,,,,,,
2025-09-10 12:29:00,,,,,,,,,,,
2025-09-10 12:44:00,,,,,,,,,,,
2025-09-10 12:59:00,,,,,,,,,,,
2025-09-10 13:14:00,,,,,,,,,,,
2025-09-10 13:29:00,,,,,,,,,,,
2025-09-10 13:44:00,,,,,,,,,,,
2025-09-10 13:59:00,,,,,,,,,,,
2025-09-10 14:14:00,,,,,,,,,,,
2025-09-10 14:29:00,,,,,,,,,,,
2025-09-10 14:44:00,,,,,,,,,,,
2025-09-10 14:59:00,,,,,,,,,,,
2025-09-10 15:14:00,,,,,,,,,,,
2025-09-10 15:29:00,,,,,,,,,,,
2025-09-10 15:44:00,,,,,,,,,,,
2025-09-10 15:59:00,,,,,,,,,,,
2025-09-10 16:14:00,,,,,,,,,,,
2025-09-10 16:29:00,,,,,,,,,,,
2025-09-10 16:44:00,,,,,,,,,,,
2025-09-10 16:59:00,,,,,,,,,,,
2025-09-10 17:14:00,,,,,,,,,,,
2025-09-10 17:29:00,,,,,,,,,,,
2025-09-10 17:44:00,,,,,,,,,,,
2025-09-10 17:59:00,,,,,,,,,,,
2025-09-10 18:14:00,,,,,,,,,,,
2025-09-10 18:29:00,,,,,,,,,,,
2025-09-10 18:44:00,,,,,,,,,,,
2025-09-10 18:59:00,,,,,,,,,,,
2025-09-10 19:14:00,,,,,,,,,,,
2025-09-10 19:29:00,,,,,,,,,,,
2025-09-10 19:44:00,,,,,,,,,,,
2025-09-10 19:59:00,,,,,,,,,,,
2025-09-10 20:14:00,,,,,,,,,,,
2025-09-10 20:29:00,,,,,,,,,,,
2025-09-10 20:44:00,,,,,,,,,,,
2025-09-10 20:59:00,,,,,,,,,,,
2025-09-10 21:14:00,,,,,,,,,,,
2025-09-10 21:29:00,,,,,,,,,,,
2025-09-10 21:44:00,,,,,,,,,,,
2025-09-10 21:59:00,,,,,,,,,,,
2025-09-10 22:14:00,,,,,,,,,,,
2025-09-10 22:29:00,,,,,,,,,,,
2025-09-10 22:44:00,,,,,,,,,,,
2025-09-10 22:59:00,,,,,,,,,,,
2025-09-10 23:14:00,,,,,,,,,,,
2025-09-10 23:29:00,,,,,,,,,,,
2025-09-10 23:44:00,,,,,,,,,,,
2025-09-10 23:59:00,,,,,,,,,,,
2025-09-11 00:14:00,,,,,,,,,,,
2025-09-11 00:29:00,,,,,,,,,,,
2025-09-11 00:44:00,,,,,,,,,,,
2025-09-11 00:59:00,,,,,,,,,,,
2025-09-11 01:14:00,,,,,,,,,,,
2025-09-11 01:29:00,,,,,,,,,,,
2025-09-11 01:44:00,,,,,,,,,,,
2025-09-11 01:59:00,,,,,,,,,,,
2025-09-11 02:14:00,,,,,,,,,,,
2025-09-11 02:29:00,,,,,,,,,,,
2025-09-11 02:44:00,,,,,,,,,,,
2025-09-11 02:59:00,,,,,,,,,,,
2025-09-11 03:14:00,,,,,,,,,,,
2025-09-11 03:29:00,,,,,,,,,,,
2025-09-11 03:44:00,,,,,,,,,,,
2025-09-11 03:59:00,,,,,,,,,,,
2025-09-11 04:14:00,,,,,,,,,,,
2025-09-11 04:29:00,,,,,,,,,,,
2025-09-11 04:44:00,,,,,,,,,,,
2025-09-11 04:59:00,,,,,,,,,,,
2025-09-11 05:14:00,,,,,,,,,,,
2025-09-11 05:29:00,,,,,,,,,,,
2025-09-11 05:44:00,,,,,,,,,,,
2025-09-11 05:59:00,,,,,,,,,,,
2025-09-11 06:14:00,,,,,,,,,,,
2025-09-11 06:29:00,,,,,,,,,,,
2025-09-11 06:44:00,,,,,,,,,,,
2025-09-11 06:59:00,,,,,,,,,,,
2025-09-11 07:14:00,,,,,,,,,,,
2025-09-11 07:29:00,,,,,,,,,,,
2025-09-11 07:44:00,,,,,,,,,,,
2025-09-11 07:59:00,,,,,,,,,,,
2025-09-11 08:14:00,,,,,,,,,,,
2025-09-11 08:29:00,,,,,,,,,,,
2025-09-11 08:44:00,,,,,,,,,,,
2025-09-11 08:59:00,,,,,,,,,,,
2025-09-11 09:14:00,,,,,,,,,,,
2025-09-11 09:29:00,,,,,,,,,,,
2025-09-11 09:44:00,,,,,,,,,,,
2025-09-11 09:59:00,,,,,,,,,,,
2025-09-11 10:14:00,,,,,,,,,,,
2025-09-11 10:29:00,,,,,,,,,,,
2025-09-11 10:44:00,,,,,,,,,,,
2025-09-11 10:59:00,,,,,,,,,,,
2025-09-11 11:14:00,,,,,,,,,,,
2025-09-11 11:29:00,,,,,,,,,,,
2025-09-11 11:44:00,,,,,,,,,,,
2025-09-11 11:59:00,,,,,,,,,,,
2025-09-11 12:14:00,,,,,,,,,,,
2025-09-11 12:29:00,,,,,,,,,,,
2025-09-11 12:44:00,,,,,,,,,,,
2025-09-11 12:59:00,,,,,,,,,,,
2025-09-11 13:14:00,,,,,,,,,,,
2025-09-11 13:29:00,,,,,,,,,,,
2025-09-11 13:44:00,,,,,,,,,,,
2025-09-11 13:59:00,,,,,,,,,,,
2025-09-11 14:14:00,,,,,,,,,,,
2025-09-11 14:29:00,,,,,,,,,,,
2025-09-11 14:44:00,,,,,,,,,,,
2025-09-11 14:59:00,,,,,,,,,,,
2025-09-11 15:14:00,,,,,,,,,,,
2025-09-11 15:29:00,,,,,,,,,,,
2025-09-11 15:44:00,,,,,,,,,,,
2025-09-11 15:59:00,,,,,,,,,,,
2025-09-11 16:14:00,,,,,,,,,,,
2025-09-11 16:29:00,,,,,,,,,,,
2025-09-11 16:44:00,,,,,,,,,,,
2025-09-11 16:59:00,,,,,,,,,,,
2025-09-11 17:14:00,,,,,,,,,,,
2025-09-11 17:29:00,,,,,,,,,,,
2025-09-11 17:44:00,,,,,,,,,,,
2025-09-11 17:59:00,,,,,,,,,,,
2025-09-11 18:14:00,,,,,,,,,,,
2025-09-11 18:29:00,,,,,,,,,,,
2025-09-11 18:44:00,,,,,,,,,,,
2025-09-11 18:59:00,,,,,,,,,,,
2025-09-11 19:14:00,,,,,,,,,,,
2025-09-11 19:29:00,,,,,,,,,,,
2025-09-11 19:44:00,,,,,,,,,,,
2025-09-11 19:59:00,,,,,,,,,,,
2025-09-11 20:14:00,,,,,,,,,,,
2025-09-11 20:29:00,,,,,,,,,,,
2025-09-11 20:44:00,,,,,,,,,,,
2025-09-11 20:59:00,,,,,,,,,,,
2025-09-11 21:14:00,,,,,,,,,,,
2025-09-11 21:29:00,,,,,,,,,,,
2025-09-11 21:44:00,,,,,,,,,,,
2025-09-11 21:59:00,,,,,,,,,,,
2025-09-11 22:14:00,,,,,,,,,,,
2025-09-11 22:29:00,,,,,,,,,,,
2025-09-11 22:44:00,,,,,,,,,,,
2025-09-11 22:59:00,,,,,,,,,,,
2025-09-11 23:14:00,,,,,,,,,,,
2025-09-11 23:29:00,,,,,,,,,,,
2025-09-11 23:44:00,,,,,,,,,,,
2025-09-11 23:59:00,,,,,,,,,,,
2025-09-12 00:14:00,,,,,,,,,,,
2025-09-12 00:29:00,,,,,,,,,,,
2025-09-12 00:44:00,,,,,,,,,,,
2025-09-12 00:59:00,,,,,,,,,,,
2025-09-12 01:14:00,,,,,,,,,,,
2025-09-12 01:29:00,,,,,,,,,,,
2025-09-12 01:44:00,,,,,,,,,,,
2025-09-12 01:59:00,,,,,,,,,,,
2025-09-12 02:14:00,,,,,,,,,,,
2025-09-12 02:29:00,,,,,,,,,,,
2025-09-12 02:44:00,,,,,,,,,,,
2025-09-12 02:59:00,,,,,,,,,,,
2025-09-12 03:14:00,,,,,,,,,,,
2025-09-12 03:29:00,,,,,,,,,,,
2025-09-12 03:44:00,,,,,,,,,,,
2025-09-12 03:59:00,,,,,,,,,,,
2025-09-12 04:14:00,,,,,,,,,,,
2025-09-12 04:29:00,,,,,,,,,,,
2025-09-12 04:44:00,,,,,,,,,,,
2025-09-12 04:59:00,,,,,,,,,,,
2025-09-12 05:14:00,,,,,,,,,,,
2025-09-12 05:29:00,,,,,,,,,,,
2025-09-12 05:44:00,,,,,,,,,,,
2025-09-12 05:59:00,,,,,,,,,,,
2025-09-12 06:14:00,,,,,,,,,,,
2025-09-12 06:29:00,,,,,,,,,,,
2025-09-12 06:44:00,,,,,,,,,,,
2025-09-12 06:59:00,,,,,,,,,,,
2025-09-12 07:14:00,,,,,,,,,,,
2025-09-12 07:29:00,,,,,,,,,,,
2025-09-12 07:44:00,,,,,,,,,,,
2025-09-12 07:59:00,,,,,,,,,,,
2025-09-12 08:14:00,,,,,,,,,,,
2025-09-12 08:29:00,,,,,,,,,,,
2025-09-12 08:44:00,,,,,,,,,,,
2025-09-12 08:59:00,,,,,,,,,,,
2025-09-12 09:14:00,,,,,,,,,,,
2025-09-12 09:29:00,,,,,,,,,,,
2025-09-12 09:44:00,,,,,,,,,,,
2025-09-12 09:59:00,,,,,,,,,,,
2025-09-12 10:14:00,,,,,,,,,,,
2025-09-12 10:29:00,,,,,,,,,,,
2025-09-12 10:44:00,,,,,,,,,,,
2025-09-12 10:59:00,,,,,,,,,,,
2025-09-12 11:14:00,,,,,,,,,,,
2025-09-12 11:29:00,,,,,,,,,,,
2025-09-12 11:44:00,,,,,,,,,,,
2025-09-12 11:59:00,,,,,,,,,,,
2025-09-12 12:14:00,,,,,,,,,,,
2025-09-12 12:29:00,,,,,,,,,,,
2025-09-12 12:44:00,,,,,,,,,,,
2025-09-12 12:59:00,,,,,,,,,,,
2025-09-12 13:14:00,,,,,,,,,,,
2025-09-12 13:29:00,,,,,,,,,,,
2025-09-12 13:44:00,,,,,,,,,,,
2025-09-12 13:59:00,,,,,,,,,,,
2025-09-12 14:14:00,,,,,,,,,,,
2025-09-12 14:29:00,,,,,,,,,,,
2025-09-12 14:44:00,,,,,,,,,,,
2025-09-12 14:59:00,,,,,,,,,,,
2025-09-12 15:14:00,,,,,,,,,,,
2025-09-12 15:29:00,,,,,,,,,,,
2025-09-12 15:44:00,,,,,,,,,,,
2025-09-12 15:59:00,,,,,,,,,,,
2025-09-12 16:14:00,,,,,,,,,,,
2025-09-12 16:29:00,,,,,,,,,,,
2025-09-12 16:44:00,,,,,,,,,,,
2025-09-12 16:59:00,,,,,,,,,,,
2025-09-12 17:14:00,,,,,,,,,,,
2025-09-12 17:29:00,,,,,,,,,,,
2025-09-12 17:44:00,,,,,,,,,,,
2025-09-12 17:59:00,,,,,,,,,,,
2025-09-12 18:14:00,,,,,,,,,,,
2025-09-12 18:29:00,,,,,,,,,,,
2025-09-12 18:44:00,,,,,,,,,,,
2025-09-12 18:59:00,,,,,,,,,,,
2025-09-12 19:14:00,,,,,,,,,,,
2025-09-12 19:29:00,,,,,,,,,,,
2025-09-12 19:44:00,,,,,,,,,,,
2025-09-12 19:59:00,,,,,,,,,,,
2025-09-12 20:14:00,,,,,,,,,,,
2025-09-12 20:29:00,,,,,,,,,,,
2025-09-12 20:44:00,,,,,,,,,,,
2025-09-12 20:59:00,,,,,,,,,,,
2025-09-12 21:14:00,,,,,,,,,,,
2025-09-12 21:29:00,,,,,,,,,,,
2025-09-12 21:44:00,,,,,,,,,,,
2025-09-12 21:59:00,,,,,,,,,,,
2025-09-12 22:14:00,,,,,,,,,,,
2025-09-12 22:29:00,,,,,,,,,,,
2025-09-12 22:44:00,,,,,,,,,,,
2025-09-12 22:59:00,,,,,,,,,,,
2025-09-12 23:14:00,,,,,,,,,,,
2025-09-12 23:29:00,,,,,,,,,,,
2025-09-12 23:44:00,,,,,,,,,,,
2025-09-12 23:59:00,,,,,,,,,,,
2025-09-13 00:14:00,,,,,,,,,,,
2025-09-13 00:29:00,,,,,,,,,,,
2025-09-13 00:44:00,,,,,,,,,,,
2025-09-13 00:59:00,,,,,,,,,,,
2025-09-13 01:14:00,,,,,,,,,,,
2025-09-13 01:29:00,,,,,,,,,,,
2025-09-13 01:44:00,,,,,,,,,,,
2025-09-13 01:59:00,,,,,,,,,,,
2025-09-13 02:14:00,,,,,,,,,,,
2025-09-13 02:29:00,,,,,,,,,,,
2025-09-13 02:44:00,,,,,,,,,,,
2025-09-13 02:59:00,,,,,,,,,,,
2025-09-13 03:14:00,,,,,,,,,,,
2025-09-13 03:29:00,,,,,,,,,,,
2025-09-13 03:44:00,,,,,,,,,,,
2025-09-13 03:59:00,,,,,,,,,,,
2025-09-13 04:14:00,,,,,,,,,,,
2025-09-13 04:29:00,,,,,,,,,,,
2025-09-13 04:44:00,,,,,,,,,,,
2025-09-13 04:59:00,,,,,,,,,,,
2025-09-13 05:14:00,,,,,,,,,,,
2025-09-13 05:29:00,,,,,,,,,,,
2025-09-13 05:44:00,,,,,,,,,,,
2025-09-13 05:59:00,,,,,,,,,,,
2025-09-13 06:14:00,,,,,,,,,,,
2025-09-13 06:29:00,,,,,,,,,,,
2025-09-13 06:44:00,,,,,,,,,,,
2025-09-13 06:59:00,,,,,,,,,,,
2025-09-13 07:14:00,,,,,,,,,,,
2025-09-13 07:29:00,,,,,,,,,,,
2025-09-13 07:44:00,,,,,,,,,,,
2025-09-13 07:59:00,,,,,,,,,,,
2025-09-13 08:14:00,,,,,,,,,,,
2025-09-13 08:29:00,,,,,,,,,,,
2025-09-13 08:44:00,,,,,,,,,,,
2025-09-13 08:59:00,,,,,,,,,,,
2025-09-13 09:14:00,,,,,,,,,,,
2025-09-13 09:29:00,,,,,,,,,,,
2025-09-13 09:44:00,,,,,,,,,,,
2025-09-13 09:59:00,,,,,,,,,,,
2025-09-13 10:14:00,,,,,,,,,,,
2025-09-13 10:29:00,,,,,,,,,,,
2025-09-13 10:44:00,,,,,,,,,,,
2025-09-13 10:59:00,,,,,,,,,,,
2025-09-13 11:14:00,,,,,,,,,,,
2025-09-13 11:29:00,,,,,,,,,,,
2025-09-13 11:44:00,,,,,,,,,,,
2025-09-13 11:59:00,,,,,,,,,,,
2025-09-13 12:14:00,,,,,,,,,,,
2025-09-13 12:29:00,,,,,,,,,,,
2025-09-13 12:44:00,,,,,,,,,,,
2025-09-13 12:59:00,,,,,,,,,,,
2025-09-13 13:14:00,,,,,,,,,,,
2025-09-13 13:29:00,,,,,,,,,,,
2025-09-13 13:44:00,,,,,,,,,,,
2025-09-13 13:59:00,,,,,,,,,,,
2025-09-13 14:14:00,,,,,,,,,,,
2025-09-13 14:29:00,,,,,,,,,,,
2025-09-13 14:44:00,,,,,,,,,,,
2025-09-13 14:59:00,,,,,,,,,,,
2025-09-13 15:14:00,,,,,,,,,,,
2025-09-13 15:29:00,,,,,,,,,,,
2025-09-13 15:44:00,,,,,,,,,,,
2025-09-13 15:59:00,,,,,,,,,,,
2025-09-13 16:14:00,,,,,,,,,,,
2025-09-13 16:29:00,,,,,,,,,,,
2025-09-13 16:44:00,,,,,,,,,,,
2025-09-13 16:59:00,,,,,,,,,,,
2025-09-13 17:14:00,,,,,,,,,,,
2025-09-13 17:29:00,,,,,,,,,,,
2025-09-13 17:44:00,,,,,,,,,,,
2025-09-13 17:59:00,,,,,,,,,,,
2025-09-13 18:14:00,,,,,,,,,,,
2025-09-13 18:29:00,,,,,,,,,,,
2025-09-13 18:44:00,,,,,,,,,,,
2025-09-13 18:59:00,,,,,,,,,,,
2025-09-13 19:14:00,,,,,,,,,,,
2025-09-13 19:29:00,,,,,,,,,,,
2025-09-13 19:44:00,,,,,,,,,,,
2025-09-13 19:59:00,,,,,,,,,,,
2025-09-13 20:14:00,,,,,,,,,,,
2025-09-13 20:29:00,,,,,,,,,,,
2025-09-13 20:44:00,,,,,,,,,,,
2025-09-13 20:59:00,,,,,,,,,,,
2025-09-13 21:14:00,,,,,,,,,,,
2025-09-13 21:29:00,,,,,,,,,,,
2025-09-13 21:44:00,,,,,,,,,,,
2025-09-13 21:59:00,,,,,,,,,,,
2025-09-13 22:14:00,,,,,,,,,,,
2025-09-13 22:29:00,,,,,,,,,,,
2025-09-13 22:44:00,,,,,,,,,,,
2025-09-13 22:59:00,,,,,,,,,,,
2025-09-13 23:14:00,,,,,,,,,,,
2025-09-13 23:29:00,,,,,,,,,,,
2025-09-13 23:44:00,,,,,,,,,,,
2025-09-13 23:59:00,,,,,,,,,,,
2025-09-14 00:14:00,,,,,,,,,,,
2025-09-14 00:29:00,,,,,,,,,,,
2025-09-14 00:44:00,,,,,,,,,,,
2025-09-14 00:59:00,,,,,,,,,,,
2025-09-14 01:14:00,,,,,,,,,,,
2025-09-14 01:29:00,,,,,,,,,,,
2025-09-14 01:44:00,,,,,,,,,,,
2025-09-14 01:59:00,,,,,,,,,,,
2025-09-14 02:14:00,,,,,,,,,,,
2025-09-14 02:29:00,,,,,,,,,,,
2025-09-14 02:44:00,,,,,,,,,,,
2025-09-14 02:59:00,,,,,,,,,,,
2025-09-14 03:14:00,,,,,,,,,,,
2025-09-14 03:29:00,,,,,,,,,,,
2025-09-14 03:44:00,,,,,,,,,,,
2025-09-14 03:59:00,,,,,,,,,,,
2025-09-14 04:14:00,,,,,,,,,,,
2025-09-14 04:29:00,,,,,,,,,,,
2025-09-14 04:44:00,,,,,,,,,,,
2025-09-14 04:59:00,,,,,,,,,,,
2025-09-14 05:14:00,,,,,,,,,,,
2025-09-14 05:29:00,,,,,,,,,,,
2025-09-14 05:44:00,,,,,,,,,,,
2025-09-14 05:59:00,,,,,,,,,,,
2025-09-14 06:14:00,,,,,,,,,,,
2025-09-14 06:29:00,,,,,,,,,,,
2025-09-14 06:44:00,,,,,,,,,,,
2025-09-14 06:59:00,,,,,,,,,,,
2025-09-14 07:14:00,,,,,,,,,,,
2025-09-14 07:29:00,,,,,,,,,,,
2025-09-14 07:44:00,,,,,,,,,,,
2025-09-14 07:59:00,,,,,,,,,,,
2025-09-14 08:14:00,,,,,,,,,,,
2025-09-14 08:29:00,,,,,,,,,,,
2025-09-14 08:44:00,,,,,,,,,,,
2025-09-14 08:59:00,,,,,,,,,,,
2025-09-14 09:14:00,,,,,,,,,,,
2025-09-14 09:29:00,,,,,,,,,,,
2025-09-14 09:44:00,,,,,,,,,,,
2025-09-14 09:59:00,,,,,,,,,,,
2025-09-14 10:14:00,,,,,,,,,,,
2025-09-14 10:29:00,,,,,,,,,,,
2025-09-14 10:44:00,,,,,,,,,,,
2025-09-14 10:59:00,,,,,,,,,,,
2025-09-14 11:14:00,,,,,,,,,,,
2025-09-14 11:29:00,,,,,,,,,,,
2025-09-14 11:44:00,,,,,,,,,,,
2025-09-14 11:59:00,,,,,,,,,,,
2025-09-14 12:14:00,,,,,,,,,,,
2025-09-14 12:29:00,,,,,,,,,,,
2025-09-14 12:44:00,,,,,,,,,,,
2025-09-14 12:59:00,,,,,,,,,,,
2025-09-14 13:14:00,,,,,,,,,,,
2025-09-14 13:29:00,,,,,,,,,,,
2025-09-14 13:44:00,,,,,,,,,,,
2025-09-14 13:59:00,,,,,,,,,,,
2025-09-14 14:14:00,,,,,,,,,,,
2025-09-14 14:29:00,,,,,,,,,,,
2025-09-14 14:44:00,,,,,,,,,,,
2025-09-14 14:59:00,,,,,,,,,,,
2025-09-14 15:14:00,,,,,,,,,,,
2025-09-14 15:29:00,,,,,,,,,,,
2025-09-14 15:44:00,,,,,,,,,,,
2025-09-14 15:59:00,,,,,,,,,,,
2025-09-14 16:14:00,,,,,,,,,,,
2025-09-14 16:29:00,,,,,,,,,,,
2025-09-14 16:44:00,,,,,,,,,,,
2025-09-14 16:59:00,,,,,,,,,,,
2025-09-14 17:14:00,,,,,,,,,,,
2025-09-14 17:29:00,,,,,,,,,,,
2025-09-14 17:44:00,,,,,,,,,,,
2025-09-14 17:59:00,,,,,,,,,,,
2025-09-14 18:14:00,,,,,,,,,,,
2025-09-14 18:29:00,,,,,,,,,,,
2025-09-14 18:44:00,,,,,,,,,,,
2025-09-14 18:59:00,,,,,,,,,,,
2025-09-14 19:14:00,,,,,,,,,,,
2025-09-14 19:29:00,,,,,,,,,,,
2025-09-14 19:44:00,,,,,,,,,,,
2025-09-14 19:59:00,,,,,,,,,,,
2025-09-14 20:14:00,,,,,,,,,,,
2025-09-14 20:29:00,,,,,,,,,,,
2025-09-14 20:44:00,,,,,,,,,,,
2025-09-14 20:59:00,,,,,,,,,,,
2025-09-14 21:14:00,,,,,,,,,,,
2025-09-14 21:29:00,,,,,,,,,,,
2025-09-14 21:44:00,,,,,,,,,,,
2025-09-14 21:59:00,,,,,,,,,,,
2025-09-14 22:14:00,,,,,,,,,,,
2025-09-14 22:29:00,,,,,,,,,,,
2025-09-14 22:44:00,,,,,,,,,,,
2025-09-14 22:59:00,,,,,,,,,,,
2025-09-14 23:14:00,,,,,,,,,,,
2025-09-14 23:29:00,,,,,,,,,,,
2025-09-14 23:44:00,,,,,,,,,,,
2025-09-14 23:59:00,,,,,,,,,,,
2025-09-15 00:14:00,,,,,,,,,,,
2025-09-15 00:29:00,,,,,,,,,,,
2025-09-15 00:44:00,,,,,,,,,,,
2025-09-15 00:59:00,,,,,,,,,,,
2025-09-15 01:14:00,,,,,,,,,,,
2025-09-15 01:29:00,,,,,,,,,,,
2025-09-15 01:44:00,,,,,,,,,,,
2025-09-15 01:59:00,,,,,,,,,,,
2025-09-15 02:14:00,,,,,,,,,,,
2025-09-15 02:29:00,,,,,,,,,,,
2025-09-15 02:44:00,,,,,,,,,,,
2025-09-15 02:59:00,,,,,,,,,,,
2025-09-15 03:14:00,,,,,,,,,,,
2025-09-15 03:29:00,,,,,,,,,,,
2025-09-15 03:44:00,,,,,,,,,,,
2025-09-15 03:59:00,,,,,,,,,,,
2025-09-15 04:14:00,,,,,,,,,,,
2025-09-15 04:29:00,,,,,,,,,,,
2025-09-15 04:44:00,,,,,,,,,,,
2025-09-15 04:59:00,,,,,,,,,,,
2025-09-15 05:14:00,,,,,,,,,,,
2025-09-15 05:29:00,,,,,,,,,,,
2025-09-15 05:44:00,,,,,,,,,,,
2025-09-15 05:59:00,,,,,,,,,,,
2025-09-15 06:14:00,,,,,,,,,,,
2025-09-15 06:29:00,,,,,,,,,,,
2025-09-15 06:44:00,,,,,,,,,,,
2025-09-15 06:59:00,,,,,,,,,,,
2025-09-15 07:14:00,,,,,,,,,,,
2025-09-15 07:29:00,,,,,,,,,,,
2025-09-15 07:44:00,,,,,,,,,,,
2025-09-15 07:59:00,,,,,,,,,,,
2025-09-15 08:14:00,,,,,,,,,,,
2025-09-15 08:29:00,,,,,,,,,,,
2025-09-15 08:44:00,,,,,,,,,,,
2025-09-15 08:59:00,,,,,,,,,,,
2025-09-15 09:14:00,,,,,,,,,,,
2025-09-15 09:29:00,,,,,,,,,,,
2025-09-15 09:44:00,,,,,,,,,,,
2025-09-15 09:59:00,,,,,,,,,,,
2025-09-15 10:14:00,,,,,,,,,,,
2025-09-15 10:29:00,,,,,,,,,,,
2025-09-15 10:44:00,,,,,,,,,,,
2025-09-15 10:59:00,,,,,,,,,,,
2025-09-15 11:14:00,,,,,,,,,,,
2025-09-15 11:29:00,,,,,,,,,,,
2025-09-15 11:44:00,,,,,,,,,,,
2025-09-15 11:59:00,,,,,,,,,,,
2025-09-15 12:14:00,,,,,,,,,,,
2025-09-15 12:29:00,,,,,,,,,,,
2025-09-15 12:44:00,,,,,,,,,,,
2025-09-15 12:59:00,,,,,,,,,,,
2025-09-15 13:14:00,,,,,,,,,,,
2025-09-15 13:29:00,,,,,,,,,,,
2025-09-15 13:44:00,,,,,,,,,,,
2025-09-15 13:59:00,,,,,,,,,,,
2025-09-15 14:14:00,,,,,,,,,,,
2025-09-15 14:29:00,,,,,,,,,,,
2025-09-15 14:44:00,,,,,,,,,,,
2025-09-15 14:59:00,,,,,,,,,,,
2025-09-15 15:14:00,,,,,,,,,,,
2025-09-15 15:29:00,,,,,,,,,,,
2025-09-15 15:44:00,,,,,,,,,,,
2025-09-15 15:59:00,,,,,,,,,,,
2025-09-15 16:14:00,,,,,,,,,,,
2025-09-15 16:29:00,,,,,,,,,,,
2025-09-15 16:44:00,,,,,,,,,,,
2025-09-15 16:59:00,,,,,,,,,,,
2025-09-15 17:14:00,,,,,,,,,,,
2025-09-15 17:29:00,,,,,,,,,,,
2025-09-15 17:44:00,,,,,,,,,,,
2025-09-15 17:59:00,,,,,,,,,,,
2025-09-15 18:14:00,,,,,,,,,,,
2025-09-15 18:29:00,,,,,,,,,,,
2025-09-15 18:44:00,,,,,,,,,,,
2025-09-15 18:59:00,,,,,,,,,,,
2025-09-15 19:14:00,,,,,,,,,,,
2025-09-15 19:29:00,,,,,,,,,,,
2025-09-15 19:44:00,,,,,,,,,,,
2025-09-15 19:59:00,,,,,,,,,,,
2025-09-15 20:14:00,,,,,,,,,,,
2025-09-15 20:29:00,,,,,,,,,,,
2025-09-15 20:44:00,,,,,,,,,,,
2025-09-15 20:59:00,,,,,,,,,,,
2025-09-15 21:14:00,,,,,,,,,,,
2025-09-15 21:29:00,,,,,,,,,,,
2025-09-15 21:44:00,,,,,,,,,,,
2025-09-15 21:59:00,,,,,,,,,,,
2025-09-15 22:14:00,,,,,,,,,,,
2025-09-15 22:29:00,,,,,,,,,,,
2025-09-15 22:44:00,,,,,,,,,,,
2025-09-15 22:59:00,,,,,,,,,,,
2025-09-15 23:14:00,,,,,,,,,,,
2025-09-15 23:29:00,,,,,,,,,,,
2025-09-15 23:44:00,,,,,,,,,,,
2025-09-15 23:59:00,,,,,,,,,,,
2025-09-16 00:14:00,,,,,,,,,,,
2025-09-16 00:29:00,,,,,,,,,,,
2025-09-16 00:44:00,,,,,,,,,,,
2025-09-16 00:59:00,,,,,,,,,,,
2025-09-16 01:14:00,,,,,,,,,,,
2025-09-16 01:29:00,,,,,,,,,,,
2025-09-16 01:44:00,,,,,,,,,,,
2025-09-16 01:59:00,,,,,,,,,,,
2025-09-16 02:14:00,,,,,,,,,,,
2025-09-16 02:29:00,,,,,,,,,,,
2025-09-16 02:44:00,,,,,,,,,,,
2025-09-16 02:59:00,,,,,,,,,,,
2025-09-16 03:14:00,,,,,,,,,,,
2025-09-16 03:29:00,,,,,,,,,,,
2025-09-16 03:44:00,,,,,,,,,,,
2025-09-16 03:59:00,,,,,,,,,,,
2025-09-16 04:14:00,,,,,,,,,,,
2025-09-16 04:29:00,,,,,,,,,,,
2025-09-16 04:44:00,,,,,,,,,,,
2025-09-16 04:59:00,,,,,,,,,,,
2025-09-16 05:14:00,,,,,,,,,,,
2025-09-16 05:29:00,,,,,,,,,,,
2025-09-16 05:44:00,,,,,,,,,,,
2025-09-16 05:59:00,,,,,,,,,,,
2025-09-16 06:14:00,,,,,,,,,,,
2025-09-16 06:29:00,,,,,,,,,,,
2025-09-16 06:44:00,,,,,,,,,,,
2025-09-16 06:59:00,,,,,,,,,,,
2025-09-16 07:14:00,,,,,,,,,,,
2025-09-16 07:29:00,,,,,,,,,,,
2025-09-16 07:44:00,,,,,,,,,,,
2025-09-16 07:59:00,,,,,,,,,,,
2025-09-16 08:14:00,,,,,,,,,,,
2025-09-16 08:29:00,,,,,,,,,,,
2025-09-16 08:44:00,,,,,,,,,,,
2025-09-16 08:59:00,,,,,,,,,,,
2025-09-16 09:14:00,,,,,,,,,,,
2025-09-16 09:29:00,,,,,,,,,,,
2025-09-16 09:44:00,,,,,,,,,,,
2025-09-16 09:59:00,,,,,,,,,,,
2025-09-16 10:14:00,,,,,,,,,,,
2025-09-16 10:29:00,,,,,,,,,,,
2025-09-16 10:44:00,,,,,,,,,,,
2025-09-16 10:59:00,,,,,,,,,,,
2025-09-16 11:14:00,,,,,,,,,,,
2025-09-16 11:29:00,,,,,,,,,,,
2025-09-16 11:44:00,,,,,,,,,,,
2025-09-16 11:59:00,,,,,,,,,,,
2025-09-16 12:14:00,,,,,,,,,,,
2025-09-16 12:29:00,,,,,,,,,,,
2025-09-16 12:44:00,,,,,,,,,,,
2025-09-16 12:59:00,,,,,,,,,,,
2025-09-16 13:14:00,,,,,,,,,,,
2025-09-16 13:29:00,,,,,,,,,,,
2025-09-16 13:44:00,,,,,,,,,,,
2025-09-16 13:59:00,,,,,,,,,,,
2025-09-16 14:14:00,,,,,,,,,,,
2025-09-16 14:29:00,,,,,,,,,,,
2025-09-16 14:44:00,,,,,,,,,,,
2025-09-16 14:59:00,,,,,,,,,,,
2025-09-16 15:14:00,,,,,,,,,,,
2025-09-16 15:29:00,,,,,,,,,,,
2025-09-16 15:44:00,,,,,,,,,,,
2025-09-16 15:59:00,,,,,,,,,,,
2025-09-16 16:14:00,,,,,,,,,,,
2025-09-16 16:29:00,,,,,,,,,,,
2025-09-16 16:44:00,,,,,,,,,,,
2025-09-16 16:59:00,,,,,,,,,,,
2025-09-16 17:14:00,,,,,,,,,,,
2025-09-16 17:29:00,,,,,,,,,,,
2025-09-16 17:44:00,,,,,,,,,,,
2025-09-16 17:59:00,,,,,,,,,,,
2025-09-16 18:14:00,,,,,,,,,,,
2025-09-16 18:29:00,,,,,,,,,,,
2025-09-16 18:44:00,,,,,,,,,,,
2025-09-16 18:59:00,,,,,,,,,,,
2025-09-16 19:14:00,,,,,,,,,,,
2025-09-16 19:29:00,,,,,,,,,,,
2025-09-16 19:44:00,,,,,,,,,,,
2025-09-16 19:59:00,,,,,,,,,,,
2025-09-16 20:14:00,,,,,,,,,,,
2025-09-16 20:29:00,,,,,,,,,,,
2025-09-16 20:44:00,,,,,,,,,,,
2025-09-16 20:59:00,,,,,,,,,,,
2025-09-16 21:14:00,,,,,,,,,,,
2025-09-16 21:29:00,,,,,,,,,,,
2025-09-16 21:44:00,,,,,,,,,,,
2025-09-16 21:59:00,,,,,,,,,,,
2025-09-16 22:14:00,,,,,,,,,,,
2025-09-16 22:29:00,,,,,,,,,,,
2025-09-16 22:44:00,,,,,,,,,,,
2025-09-16 22:59:00,,,,,,,,,,,
2025-09-16 23:14:00,,,,,,,,,,,
2025-09-16 23:29:00,,,,,,,,,,,
2025-09-16 23:44:00,,,,,,,,,,,
2025-09-16 23:59:00,,,,,,,,,,,
2025-09-17 00:14:00,,,,,,,,,,,
2025-09-17 00:29:00,,,,,,,,,,,
2025-09-17 00:44:00,,,,,,,,,,,
2025-09-17 00:59:00,,,,,,,,,,,
2025-09-17 01:14:00,,,,,,,,,,,
2025-09-17 01:29:00,,,,,,,,,,,
2025-09-17 01:44:00,,,,,,,,,,,
2025-09-17 01:59:00,,,,,,,,,,,
2025-09-17 02:14:00,,,,,,,,,,,
2025-09-17 02:29:00,,,,,,,,,,,
2025-09-17 02:44:00,,,,,,,,,,,
2025-09-17 02:59:00,,,,,,,,,,,
2025-09-17 03:14:00,,,,,,,,,,,
2025-09-17 03:29:00,,,,,,,,,,,
2025-09-17 03:44:00,,,,,,,,,,,
2025-09-17 03:59:00,,,,,,,,,,,
2025-09-17 04:14:00,,,,,,,,,,,
2025-09-17 04:29:00,,,,,,,,,,,
2025-09-17 04:44:00,,,,,,,,,,,
2025-09-17 04:59:00,,,,,,,,,,,
2025-09-17 05:14:00,,,,,,,,,,,
2025-09-17 05:29:00,,,,,,,,,,,
2025-09-17 05:44:00,,,,,,,,,,,
2025-09-17 05:59:00,,,,,,,,,,,
2025-09-17 06:14:00,,,,,,,,,,,
2025-09-17 06:29:00,,,,,,,,,,,
2025-09-17 06:44:00,,,,,,,,,,,
2025-09-17 06:59:00,,,,,,,,,,,
2025-09-17 07:14:00,,,,,,,,,,,
2025-09-17 07:29:00,,,,,,,,,,,
2025-09-17 07:44:00,,,,,,,,,,,
2025-09-17 07:59:00,,,,,,,,,,,
2025-09-17 08:14:00,,,,,,,,,,,
2025-09-17 08:29:00,,,,,,,,,,,
2025-09-17 08:44:00,,,,,,,,,,,
2025-09-17 08:59:00,,,,,,,,,,,
2025-09-17 09:14:00,,,,,,,,,,,
2025-09-17 09:29:00,,,,,,,,,,,
2025-09-17 09:44:00,,,,,,,,,,,
2025-09-17 09:59:00,,,,,,,,,,,
2025-09-17 10:14:00,,,,,,,,,,,
2025-09-17 10:29:00,,,,,,,,,,,
2025-09-17 10:44:00,,,,,,,,,,,
2025-09-17 10:59:00,,,,,,,,,,,
2025-09-17 11:14:00,,,,,,,,,,,
2025-09-17 11:29:00,,,,,,,,,,,
2025-09-17 11:44:00,,,,,,,,,,,
2025-09-17 11:59:00,,,,,,,,,,,
2025-09-17 12:14:00,,,,,,,,,,,
2025-09-17 12:29:00,,,,,,,,,,,
2025-09-17 12:44:00,,,,,,,,,,,
2025-09-17 12:59:00,,,,,,,,,,,
2025-09-17 13:14:00,,,,,,,,,,,
2025-09-17 13:29:00,,,,,,,,,,,
2025-09-17 13:44:00,,,,,,,,,,,
2025-09-17 13:59:00,,,,,,,,,,,
2025-09-17 14:14:00,,,,,,,,,,,
2025-09-17 14:29:00,,,,,,,,,,,
2025-09-17 14:44:00,,,,,,,,,,,
2025-09-17 14:59:00,,,,,,,,,,,
2025-09-17 15:14:00,,,,,,,,,,,
2025-09-17 15:29:00,,,,,,,,,,,
2025-09-17 15:44:00,,,,,,,,,,,
2025-09-17 15:59:00,,,,,,,,,,,
2025-09-17 16:14:00,,,,,,,,,,,
2025-09-17 16:29:00,,,,,,,,,,,
2025-09-17 16:44:00,,,,,,,,,,,
2025-09-17 16:59:00,,,,,,,,,,,
2025-09-17 17:14:00,,,,,,,,,,,
2025-09-17 17:29:00,,,,,,,,,,,
2025-09-17 17:44:00,,,,,,,,,,,
2025-09-17 17:59:00,,,,,,,,,,,
2025-09-17 18:14:00,,,,,,,,,,,
2025-09-17 18:29:00,,,,,,,,,,,
2025-09-17 18:44:00,,,,,,,,,,,
2025-09-17 18:59:00,,,,,,,,,,,
2025-09-17 19:14:00,,,,,,,,,,,
2025-09-17 19:29:00,,,,,,,,,,,
2025-09-17 19:44:00,,,,,,,,,,,
2025-09-17 19:59:00,,,,,,,,,,,
2025-09-17 20:14:00,,,,,,,,,,,
2025-09-17 20:29:00,,,,,,,,,,,
2025-09-17 20:44:00,,,,,,,,,,,
2025-09-17 20:59:00,,,,,,,,,,,
2025-09-17 21:14:00,,,,,,,,,,,
2025-09-17 21:29:00,,,,,,,,,,,
2025-09-17 21:44:00,,,,,,,,,,,
2025-09-17 21:59:00,,,,,,,,,,,
2025-09-17 22:14:00,,,,,,,,,,,
2025-09-17 22:29:00,,,,,,,,,,,
2025-09-17 22:44:00,,,,,,,,,,,
2025-09-17 22:59:00,,,,,,,,,,,
2025-09-17 23:14:00,,,,,,,,,,,
2025-09-17 23:29:00,,,,,,,,,,,
2025-09-17 23:44:00,,,,,,,,,,,
2025-09-17 23:59:00,,,,,,,,,,,
2025-09-18 00:14:00,,,,,,,,,,,
2025-09-18 00:29:00,,,,,,,,,,,
2025-09-18 00:44:00,,,,,,,,,,,
2025-09-18 00:59:00,,,,,,,,,,,
2025-09-18 01:14:00,,,,,,,,,,,
2025-09-18 01:29:00,,,,,,,,,,,
2025-09-18 01:44:00,,,,,,,,,,,
2025-09-18 01:59:00,,,,,,,,,,,
2025-09-18 02:14:00,,,,,,,,,,,
2025-09-18 02:29:00,,,,,,,,,,,
2025-09-18 02:44:00,,,,,,,,,,,
2025-09-18 02:59:00,,,,,,,,,,,
2025-09-18 03:14:00,,,,,,,,,,,
2025-09-18 03:29:00,,,,,,,,,,,
2025-09-18 03:44:00,,,,,,,,,,,
2025-09-18 03:59:00,,,,,,,,,,,
2025-09-18 04:14:00,,,,,,,,,,,
2025-09-18 04:29:00,,,,,,,,,,,
2025-09-18 04:44:00,,,,,,,,,,,
2025-09-18 04:59:00,,,,,,,,,,,
2025-09-18 05:14:00,,,,,,,,,,,
2025-09-18 05:29:00,,,,,,,,,,,
2025-09-18 05:44:00,,,,,,,,,,,
2025-09-18 05:59:00,,,,,,,,,,,
2025-09-18 06:14:00,,,,,,,,,,,
2025-09-18 06:29:00,,,,,,,,,,,
2025-09-18 06:44:00,,,,,,,,,,,
2025-09-18 06:59:00,,,,,,,,,,,
2025-09-18 07:14:00,,,,,,,,,,,
2025-09-18 07:29:00,,,,,,,,,,,
2025-09-18 07:44:00,,,,,,,,,,,
2025-09-18 07:59:00,,,,,,,,,,,
2025-09-18 08:14:00,,,,,,,,,,,
2025-09-18 08:29:00,,,,,,,,,,,
2025-09-18 08:44:00,,,,,,,,,,,
2025-09-18 08:59:00,,,,,,,,,,,
2025-09-18 09:14:00,,,,,,,,,,,
2025-09-18 09:29:00,,,,,,,,,,,
2025-09-18 09:44:00,,,,,,,,,,,
2025-09-18 09:59:00,,,,,,,,,,,
2025-09-18 10:14:00,,,,,,,,,,,
2025-09-18 10:29:00,,,,,,,,,,,
2025-09-18 10:44:00,,,,,,,,,,,
2025-09-18 10:59:00,,,,,,,,,,,
2025-09-18 11:14:00,,,,,,,,,,,
2025-09-18 11:29:00,,,,,,,,,,,
2025-09-18 11:44:00,,,,,,,,,,,
2025-09-18 11:59:00,,,,,,,,,,,
2025-09-18 12:14:00,,,,,,,,,,,
2025-09-18 12:29:00,,,,,,,,,,,
2025-09-18 12:44:00,,,,,,,,,,,
2025-09-18 12:59:00,,,,,,,,,,,
2025-09-18 13:14:00,,,,,,,,,,,
2025-09-18 13:29:00,,,,,,,,,,,
2025-09-18 13:44:00,,,,,,,,,,,
2025-09-18 13:59:00,,,,,,,,,,,
2025-09-18 14:14:00,,,,,,,,,,,
2025-09-18 14:29:00,,,,,,,,,,,
2025-09-18 14:44:00,,,,,,,,,,,
2025-09-18 14:59:00,,,,,,,,,,,
2025-09-18 15:14:00,,,,,,,,,,,
2025-09-18 15:29:00,,,,,,,,,,,
2025-09-18 15:44:00,,,,,,,,,,,
2025-09-18 15:59:00,,,,,,,,,,,
2025-09-18 16:14:00,,,,,,,,,,,
2025-09-18 16:29:00,,,,,,,,,,,
2025-09-18 16:44:00,,,,,,,,,,,
2025-09-18 16:59:00,,,,,,,,,,,
2025-09-18 17:14:00,,,,,,,,,,,
2025-09-18 17:29:00,,,,,,,,,,,
2025-09-18 17:44:00,,,,,,,,,,,
2025-09-18 17:59:00,,,,,,,,,,,
2025-09-18 18:14:00,,,,,,,,,,,
2025-09-18 18:29:00,,,,,,,,,,,
2025-09-18 18:44:00,,,,,,,,,,,
2025-09-18 18:59:00,,,,,,,,,,,
2025-09-18 19:14:00,,,,,,,,,,,
2025-09-18 19:29:00,,,,,,,,,,,
2025-09-18 19:44:00,,,,,,,,,,,
2025-09-18 19:59:00,,,,,,,,,,,
2025-09-18 20:14:00,,,,,,,,,,,
2025-09-18 20:29:00,,,,,,,,,,,
2025-09-18 20:44:00,,,,,,,,,,,
2025-09-18 20:59:00,,,,,,,,,,,
2025-09-18 21:14:00,,,,,,,,,,,
2025-09-18 21:29:00,,,,,,,,,,,
2025-09-18 21:44:00,,,,,,,,,,,
2025-09-18 21:59:00,,,,,,,,,,,
2025-09-18 22:14:00,,,,,,,,,,,
2025-09-18 22:29:00,,,,,,,,,,,
2025-09-18 22:44:00,,,,,,,,,,,
2025-09-18 22:59:00,,,,,,,,,,,
2025-09-18 23:14:00,,,,,,,,,,,
2025-09-18 23:29:00,,,,,,,,,,,
2025-09-18 23:44:00,,,,,,,,,,,
2025-09-18 23:59:00,,,,,,,,,,,
2025-09-19 00:14:00,,,,,,,,,,,
2025-09-19 00:29:00,,,,,,,,,,,
2025-09-19 00:44:00,,,,,,,,,,,
2025-09-19 00:59:00,,,,,,,,,,,
2025-09-19 01:14:00,,,,,,,,,,,
2025-09-19 01:29:00,,,,,,,,,,,
2025-09-19 01:44:00,,,,,,,,,,,
2025-09-19 01:59:00,,,,,,,,,,,
2025-09-19 02:14:00,,,,,,,,,,,
2025-09-19 02:29:00,,,,,,,,,,,
2025-09-19 02:44:00,,,,,,,,,,,
2025-09-19 02:59:00,,,,,,,,,,,
2025-09-19 03:14:00,,,,,,,,,,,
2025-09-19 03:29:00,,,,,,,,,,,
2025-09-19 03:44:00,,,,,,,,,,,
2025-09-19 03:59:00,,,,,,,,,,,
2025-09-19 04:14:00,,,,,,,,,,,
2025-09-19 04:29:00,,,,,,,,,,,
2025-09-19 04:44:00,,,,,,,,,,,
2025-09-19 04:59:00,,,,,,,,,,,
2025-09-19 05:14:00,,,,,,,,,,,
2025-09-19 05:29:00,,,,,,,,,,,
2025-09-19 05:44:00,,,,,,,,,,,
2025-09-19 05:59:00,,,,,,,,,,,
2025-09-19 06:14:00,,,,,,,,,,,
2025-09-19 06:29:00,,,,,,,,,,,
2025-09-19 06:44:00,,,,,,,,,,,
2025-09-19 06:59:00,,,,,,,,,,,
2025-09-19 07:14:00,,,,,,,,,,,
2025-09-19 07:29:00,,,,,,,,,,,
2025-09-19 07:44:00,,,,,,,,,,,
2025-09-19 07:59:00,,,,,,,,,,,
2025-09-19 08:14:00,,,,,,,,,,,
2025-09-19 08:29:00,,,,,,,,,,,
2025-09-19 08:44:00,,,,,,,,,,,
2025-09-19 08:59:00,,,,,,,,,,,
2025-09-19 09:14:00,,,,,,,,,,,
2025-09-19 09:29:00,,,,,,,,,,,
2025-09-19 09:44:00,,,,,,,,,,,
2025-09-19 09:59:00,,,,,,,,,,,
2025-09-19 10:14:00,,,,,,,,,,,
2025-09-19 10:29:00,,,,,,,,,,,
2025-09-19 10:44:00,,,,,,,,,,,
2025-09-19 10:59:00,,,,,,,,,,,
2025-09-19 11:14:00,,,,,,,,,,,
2025-09-19 11:29:00,,,,,,,,,,,
2025-09-19 11:44:00,,,,,,,,,,,
2025-09-19 11:59:00,,,,,,,,,,,
2025-09-19 12:14:00,,,,,,,,,,,
2025-09-19 12:29:00,,,,,,,,,,,
2025-09-19 12:44:00,,,,,,,,,,,
2025-09-19 12:59:00,,,,,,,,,,,
2025-09-19 13:14:00,,,,,,,,,,,
2025-09-19 13:29:00,,,,,,,,,,,
2025-09-19 13:44:00,,,,,,,,,,,
2025-09-19 13:59:00,,,,,,,,,,,
2025-09-19 14:14:00,,,,,,,,,,,
2025-09-19 14:29:00,,,,,,,,,,,
2025-09-19 14:44:00,,,,,,,,,,,
2025-09-19 14:59:00,,,,,,,,,,,
2025-09-19 15:14:00,,,,,,,,,,,
2025-09-19 15:29:00,,,,,,,,,,,
2025-09-19 15:44:00,,,,,,,,,,,
2025-09-19 15:59:00,,,,,,,,,,,
2025-09-19 16:14:00,,,,,,,,,,,
2025-09-19 16:29:00,,,,,,,,,,,
2025-09-19 16:44:00,,,,,,,,,,,
2025-09-19 16:59:00,,,,,,,,,,,
2025-09-19 17:14:00,,,,,,,,,,,
2025-09-19 17:29:00,,,,,,,,,,,
2025-09-19 17:44:00,,,,,,,,,,,
2025-09-19 17:59:00,,,,,,,,,,,
2025-09-19 18:14:00,,,,,,,,,,,
2025-09-19 18:29:00,,,,,,,,,,,
2025-09-19 18:44:00,,,,,,,,,,,
2025-09-19 18:59:00,,,,,,,,,,,
2025-09-19 19:14:00,,,,,,,,,,,
2025-09-19 19:29:00,,,,,,,,,,,
2025-09-19 19:44:00,,,,,,,,,,,
2025-09-19 19:59:00,,,,,,,,,,,
2025-09-19 20:14:00,,,,,,,,,,,
2025-09-19 20:29:00,,,,,,,,,,,
2025-09-19 20:44:00,,,,,,,,,,,
2025-09-19 20:59:00,,,,,,,,,,,
2025-09-19 21:14:00,,,,,,,,,,,
2025-09-19 21:29:00,,,,,,,,,,,
2025-09-19 21:44:00,,,,,,,,,,,
2025-09-19 21:59:00,,,,,,,,,,,
2025-09-19 22:14:00,,,,,,,,,,,
2025-09-19 22:29:00,,,,,,,,,,,
2025-09-19 22:44:00,,,,,,,,,,,
2025-09-19 22:59:00,,,,,,,,,,,
2025-09-19 23:14:00,,,,,,,,,,,
2025-09-19 23:29:00,,,,,,,,,,,
2025-09-19 23:44:00,,,,,,,,,,,
2025-09-19 23:59:00,,,,,,,,,,,
2025-09-20 00:14:00,,,,,,,,,,,
2025-09-20 00:29:00,,,,,,,,,,,
2025-09-20 00:44:00,,,,,,,,,,,
2025-09-20 00:59:00,,,,,,,,,,,
2025-09-20 01:14:00,,,,,,,,,,,
2025-09-20 01:29:00,,,,,,,,,,,
2025-09-20 01:44:00,,,,,,,,,,,
2025-09-20 01:59:00,,,,,,,,,,,
2025-09-20 02:14:00,,,,,,,,,,,
2025-09-20 02:29:00,,,,,,,,,,,
2025-09-20 02:44:00,,,,,,,,,,,
2025-09-20 02:59:00,,,,,,,,,,,
2025-09-20 03:14:00,,,,,,,,,,,
2025-09-20 03:29:00,,,,,,,,,,,
2025-09-20 03:44:00,,,,,,,,,,,
2025-09-20 03:59:00,,,,,,,,,,,
2025-09-20 04:14:00,,,,,,,,,,,
2025-09-20 04:29:00,,,,,,,,,,,
2025-09-20 04:44:00,,,,,,,,,,,
2025-09-20 04:59:00,,,,,,,,,,,
2025-09-20 05:14:00,,,,,,,,,,,
2025-09-20 05:29:00,,,,,,,,,,,
2025-09-20 05:44:00,,,,,,,,,,,
2025-09-20 05:59:00,,,,,,,,,,,
2025-09-20 06:14:00,,,,,,,,,,,
2025-09-20 06:29:00,,,,,,,,,,,
2025-09-20 06:44:00,,,,,,,,,,,
2025-09-20 06:59:00,,,,,,,,,,,
2025-09-20 07:14:00,,,,,,,,,,,
2025-09-20 07:29:00,,,,,,,,,,,
2025-09-20 07:44:00,,,,,,,,,,,
2025-09-20 07:59:00,,,,,,,,,,,
2025-09-20 08:14:00,,,,,,,,,,,
2025-09-20 08:29:00,,,,,,,,,,,
2025-09-20 08:44:00,,,,,,,,,,,
2025-09-20 08:59:00,,,,,,,,,,,
2025-09-20 09:14:00,,,,,,,,,,,
2025-09-20 09:29:00,,,,,,,,,,,
2025-09-20 09:44:00,,,,,,,,,,,
2025-09-20 09:59:00,,,,,,,,,,,
2025-09-20 10:14:00,,,,,,,,,,,
2025-09-20 10:29:00,,,,,,,,,,,
2025-09-20 10:44:00,,,,,,,,,,,
2025-09-20 10:59:00,,,,,,,,,,,
2025-09-20 11:14:00,,,,,,,,,,,
2025-09-20 11:29:00,,,,,,,,,,,
2025-09-20 11:44:00,,,,,,,,,,,
2025-09-20 11:59:00,,,,,,,,,,,
2025-09-20 12:14:00,,,,,,,,,,,
2025-09-20 12:29:00,,,,,,,,,,,
2025-09-20 12:44:00,,,,,,,,,,,
2025-09-20 12:59:00,,,,,,,,,,,
2025-09-20 13:14:00,,,,,,,,,,,
2025-09-20 13:29:00,,,,,,,,,,,
2025-09-20 13:44:00,,,,,,,,,,,
2025-09-20 13:59:00,,,,,,,,,,,
2025-09-20 14:14:00,,,,,,,,,,,
2025-09-20 14:29:00,,,,,,,,,,,
2025-09-20 14:44:00,,,,,,,,,,,
2025-09-20 14:59:00,,,,,,,,,,,
2025-09-20 15:14:00,,,,,,,,,,,
2025-09-20 15:29:00,,,,,,,,,,,
2025-09-20 15:44:00,,,,,,,,,,,
2025-09-20 15:59:00,,,,,,,,,,,
2025-09-20 16:14:00,,,,,,,,,,,
2025-09-20 16:29:00,,,,,,,,,,,
2025-09-20 16:44:00,,,,,,,,,,,
2025-09-20 16:59:00,,,,,,,,,,,
2025-09-20 17:14:00,,,,,,,,,,,
2025-09-20 17:29:00,,,,,,,,,,,
2025-09-20 17:44:00,,,,,,,,,,,
2025-09-20 17:59:00,,,,,,,,,,,
2025-09-20 18:14:00,,,,,,,,,,,
2025-09-20 18:29:00,,,,,,,,,,,
2025-09-20 18:44:00,,,,,,,,,,,
2025-09-20 18:59:00,,,,,,,,,,,
2025-09-20 19:14:00,,,,,,,,,,,
2025-09-20 19:29:00,,,,,,,,,,,
2025-09-20 19:44:00,,,,,,,,,,,
2025-09-20 19:59:00,,,,,,,,,,,
2025-09-20 20:14:00,,,,,,,,,,,
2025-09-20 20:29:00,,,,,,,,,,,
2025-09-20 20:44:00,,,,,,,,,,,
2025-09-20 20:59:00,,,,,,,,,,,
2025-09-20 21:14:00,,,,,,,,,,,
2025-09-20 21:29:00,,,,,,,,,,,
2025-09-20 21:44:00,,,,,,,,,,,
2025-09-20 21:59:00,,,,,,,,,,,
2025-09-20 22:14:00,,,,,,,,,,,
2025-09-20 22:29:00,,,,,,,,,,,
2025-09-20 22:44:00,,,,,,,,,,,
2025-09-20 22:59:00,,,,,,,,,,,
2025-09-20 23:14:00,,,,,,,,,,,
2025-09-20 23:29:00,,,,,,,,,,,
2025-09-20 23:44:00,,,,,,,,,,,
2025-09-20 23:59:00,,,,,,,,,,,
2025-09-21 00:14:00,,,,,,,,,,,
2025-09-21 00:29:00,,,,,,,,,,,
2025-09-21 00:44:00,,,,,,,,,,,
2025-09-21 00:59:00,,,,,,,,,,,
2025-09-21 01:14:00,,,,,,,,,,,
2025-09-21 01:29:00,,,,,,,,,,,
2025-09-21 01:44:00,,,,,,,,,,,
2025-09-21 01:59:00,,,,,,,,,,,
2025-09-21 02:14:00,,,,,,,,,,,
2025-09-21 02:29:00,,,,,,,,,,,
2025-09-21 02:44:00,,,,,,,,,,,
2025-09-21 02:59:00,,,,,,,,,,,
2025-09-21 03:14:00,,,,,,,,,,,
2025-09-21 03:29:00,,,,,,,,,,,
2025-09-21 03:44:00,,,,,,,,,,,
2025-09-21 03:59:00,,,,,,,,,,,
2025-09-21 04:14:00,,,,,,,,,,,
2025-09-21 04:29:00,,,,,,,,,,,
2025-09-21 04:44:00,,,,,,,,,,,
2025-09-21 04:59:00,,,,,,,,,,,
2025-09-21 05:14:00,,,,,,,,,,,
2025-09-21 05:29:00,,,,,,,,,,,
2025-09-21 05:44:00,,,,,,,,,,,
2025-09-21 05:59:00,,,,,,,,,,,
2025-09-21 06:14:00,,,,,,,,,,,
2025-09-21 06:29:00,,,,,,,,,,,
2025-09-21 06:44:00,,,,,,,,,,,
2025-09-21 06:59:00,,,,,,,,,,,
2025-09-21 07:14:00,,,,,,,,,,,
2025-09-21 07:29:00,,,,,,,,,,,
2025-09-21 07:44:00,,,,,,,,,,,
2025-09-21 07:59:00,,,,,,,,,,,
2025-09-21 08:14:00,,,,,,,,,,,
2025-09-21 08:29:00,,,,,,,,,,,
2025-09-21 08:44:00,,,,,,,,,,,
2025-09-21 08:59:00,,,,,,,,,,,
2025-09-21 09:14:00,,,,,,,,,,,
2025-09-21 09:29:00,,,,,,,,,,,
2025-09-21 09:44:00,,,,,,,,,,,
2025-09-21 09:59:00,,,,,,,,,,,
2025-09-21 10:14:00,,,,,,,,,,,
2025-09-21 10:29:00,,,,,,,,,,,
2025-09-21 10:44:00,,,,,,,,,,,
2025-09-21 10:59:00,,,,,,,,,,,
2025-09-21 11:14:00,,,,,,,,,,,
2025-09-21 11:29:00,,,,,,,,,,,
2025-09-21 11:44:00,,,,,,,,,,,
2025-09-21 11:59:00,,,,,,,,,,,
2025-09-21 12:14:00,,,,,,,,,,,
2025-09-21 12:29:00,,,,,,,,,,,
2025-09-21 12:44:00,,,,,,,,,,,
2025-09-21 12:59:00,,,,,,,,,,,
2025-09-21 13:14:00,,,,,,,,,,,
2025-09-21 13:29:00,,,,,,,,,,,
2025-09-21 13:44:00,,,,,,,,,,,
2025-09-21 13:59:00,,,,,,,,,,,
2025-09-21 14:14:00,,,,,,,,,,,
2025-09-21 14:29:00,,,,,,,,,,,
2025-09-21 14:44:00,,,,,,,,,,,
2025-09-21 14:59:00,,,,,,,,,,,
2025-09-21 15:14:00,,,,,,,,,,,
2025-09-21 15:29:00,,,,,,,,,,,
2025-09-21 15:44:00,,,,,,,,,,,
2025-09-21 15:59:00,,,,,,,,,,,
2025-09-21 16:14:00,,,,,,,,,,,
2025-09-21 16:29:00,,,,,,,,,,,
2025-09-21 16:44:00,,,,,,,,,,,
2025-09-21 16:59:00,,,,,,,,,,,
2025-09-21 17:14:00,,,,,,,,,,,
2025-09-21 17:29:00,,,,,,,,,,,
2025-09-21 17:44:00,,,,,,,,,,,
2025-09-21 17:59:00,,,,,,,,,,,
2025-09-21 18:14:00,,,,,,,,,,,
2025-09-21 18:29:00,,,,,,,,,,,
2025-09-21 18:44:00,,,,,,,,,,,
2025-09-21 18:59:00,,,,,,,,,,,
2025-09-21 19:14:00,,,,,,,,,,,
2025-09-21 19:29:00,,,,,,,,,,,
2025-09-21 19:44:00,,,,,,,,,,,
2025-09-21 19:59:00,,,,,,,,,,,
2025-09-21 20:14:00,,,,,,,,,,,
2025-09-21 20:29:00,,,,,,,,,,,
2025-09-21 20:44:00,,,,,,,,,,,
2025-09-21 20:59:00,,,,,,,,,,,
2025-09-21 21:14:00,,,,,,,,,,,
2025-09-21 21:29:00,,,,,,,,,,,
2025-09-21 21:44:00,,,,,,,,,,,
2025-09-21 21:59:00,,,,,,,,,,,
2025-09-21 22:14:00,,,,,,,,,,,
2025-09-21 22:29:00,,,,,,,,,,,
2025-09-21 22:44:00,,,,,,,,,,,
2025-09-21 22:59:00,,,,,,,,,,,
2025-09-21 23:14:00,,,,,,,,,,,
2025-09-21 23:29:00,,,,,,,,,,,
2025-09-21 23:44:00,,,,,,,,,,,
2025-09-21 23:59:00,,,,,,,,,,,
2025-09-22 00:14:00,,,,,,,,,,,
2025-09-22 00:29:00,,,,,,,,,,,
2025-09-22 00:44:00,,,,,,,,,,,
2025-09-22 00:59:00,,,,,,,,,,,
2025-09-22 01:14:00,,,,,,,,,,,
2025-09-22 01:29:00,,,,,,,,,,,
2025-09-22 01:44:00,,,,,,,,,,,
2025-09-22 01:59:00,,,,,,,,,,,
2025-09-22 02:14:00,,,,,,,,,,,
2025-09-22 02:29:00,,,,,,,,,,,
2025-09-22 02:44:00,,,,,,,,,,,
2025-09-22 02:59:00,,,,,,,,,,,
2025-09-22 03:14:00,,,,,,,,,,,
2025-09-22 03:29:00,,,,,,,,,,,
2025-09-22 03:44:00,,,,,,,,,,,
2025-09-22 03:59:00,,,,,,,,,,,
2025-09-22 04:14:00,,,,,,,,,,,
2025-09-22 04:29:00,,,,,,,,,,,
2025-09-22 04:44:00,,,,,,,,,,,
2025-09-22 04:59:00,,,,,,,,,,,
2025-09-22 05:14:00,,,,,,,,,,,
2025-09-22 05:29:00,,,,,,,,,,,
2025-09-22 05:44:00,,,,,,,,,,,
2025-09-22 05:59:00,,,,,,,,,,,
2025-09-22 06:14:00,,,,,,,,,,,
2025-09-22 06:29:00,,,,,,,,,,,
2025-09-22 06:44:00,,,,,,,,,,,
2025-09-22 06:59:00,,,,,,,,,,,
2025-09-22 07:14:00,,,,,,,,,,,
2025-09-22 07:29:00,,,,,,,,,,,
2025-09-22 07:44:00,,,,,,,,,,,
2025-09-22 07:59:00,,,,,,,,,,,
2025-09-22 08:14:00,,,,,,,,,,,
2025-09-22 08:29:00,,,,,,,,,,,
2025-09-22 08:44:00,,,,,,,,,,,
2025-09-22 08:59:00,,,,,,,,,,,
2025-09-22 09:14:00,,,,,,,,,,,
2025-09-22 09:29:00,,,,,,,,,,,
2025-09-22 09:44:00,,,,,,,,,,,
2025-09-22 09:59:00,,,,,,,,,,,
2025-09-22 10:14:00,,,,,,,,,,,
2025-09-22 10:29:00,,,,,,,,,,,
2025-09-22 10:44:00,,,,,,,,,,,
2025-09-22 10:59:00,,,,,,,,,,,
2025-09-22 11:14:00,,,,,,,,,,,
2025-09-22 11:29:00,,,,,,,,,,,
2025-09-22 11:44:00,,,,,,,,,,,
2025-09-22 11:59:00,,,,,,,,,,,
2025-09-22 12:14:00,,,,,,,,,,,
2025-09-22 12:29:00,,,,,,,,,,,
2025-09-22 12:44:00,,,,,,,,,,,
2025-09-22 12:59:00,,,,,,,,,,,
2025-09-22 13:14:00,,,,,,,,,,,
2025-09-22 13:29:00,,,,,,,,,,,
2025-09-22 13:44:00,,,,,,,,,,,
2025-09-22 13:59:00,,,,,,,,,,,
2025-09-22 14:14:00,,,,,,,,,,,
2025-09-22 14:29:00,,,,,,,,,,,
2025-09-22 14:44:00,,,,,,,,,,,
2025-09-22 14:59:00,,,,,,,,,,,
2025-09-22 15:14:00,,,,,,,,,,,
2025-09-22 15:29:00,,,,,,,,,,,
2025-09-22 15:44:00,,,,,,,,,,,
2025-09-22 15:59:00,,,,,,,,,,,
2025-09-22 16:14:00,,,,,,,,,,,
2025-09-22 16:29:00,,,,,,,,,,,
2025-09-22 16:44:00,,,,,,,,,,,
2025-09-22 16:59:00,,,,,,,,,,,
2025-09-22 17:14:00,,,,,,,,,,,
2025-09-22 17:29:00,,,,,,,,,,,
2025-09-22 17:44:00,,,,,,,,,,,
2025-09-22 17:59:00,,,,,,,,,,,
2025-09-22 18:14:00,,,,,,,,,,,
2025-09-22 18:29:00,,,,,,,,,,,
2025-09-22 18:44:00,,,,,,,,,,,
2025-09-22 18:59:00,,,,,,,,,,,
2025-09-22 19:14:00,,,,,,,,,,,
2025-09-22 19:29:00,,,,,,,,,,,
2025-09-22 19:44:00,,,,,,,,,,,
2025-09-22 19:59:00,,,,,,,,,,,
2025-09-22 20:14:00,,,,,,,,,,,
2025-09-22 20:29:00,,,,,,,,,,,
2025-09-22 20:44:00,0.18560919261800013,11.974796443937544,10.282079555859704,13.370348222309161,523.2938343481032,3.331047347691985,2,0.5046749302759469,0.4042439130755435,0.09108115664850956,NO2
2025-09-22 20:59:00,0.1903437333577668,14.390324443662708,10.193110666986302,13.244204000196365,523.3326858709434,3.3625040225635185,2,0.5043359600292243,0.4038147845493877,0.09184925542138797,NO2
2025-09-22 21:14:00,0.18055094817486675,14.123788221479375,9.715304000263068,13.28205733343833,521.7169292616434,3.394619767007501,2,0.49993731085431614,0.40699059602098586,0.093072093124698,NO2
2025-09-22 21:29:00,0.17885701484880004,13.649300665954906,9.671263111371571,13.406052444551065,521.3794413282201,3.355964344082567,2,0.497090972064068,0.40949923220259704,0.09340979573333495,NO2
2025-09-22 21:44:00,0.17876282965196683,11.211446000074671,9.805927778067938,13.299010000094327,521.7899200880369,3.335863857008815,2,0.4964372945819476,0.4101151299817568,0.09344757543629563,NO2
2025-09-22 21:59:00,0.1793320518782668,10.140291334164889,9.655293333638271,13.158514000122498,521.9770659896168,3.3926450000426374,2,0.49559189324534375,0.4105095051457323,0.09389860160892391,NO2
2025-09-22 22:14:00,0.1810713555817002,10.07931377866209,10.215555778087573,13.299702888965333,525.4535266221169,3.3466644944358523,2,0.49679700300430685,0.40958401424411633,0.09361898275157679,NO2
2025-09-22 22:29:00,0.20868303705243343,14.018237110599799,12.489917111758785,13.370068444577097,503.2466686674001,3.3443096760653797,2,0.5046265747732304,0.4033082625265728,0.09206516270019678,NO2
2025-09-22 22:44:00,0.2133373926169334,14.868234443620102,12.734889556158654,13.491507111230396,496.01496148407614,3.3140880100433705,2,0.5110356335886888,0.3983140092165938,0.09065035719471744,NO2
2025-09-22 22:59:00,0.1948874518649,15.069411999291235,12.150822667239991,13.58368755575213,491.3171804699428,3.236792493944673,2,0.5146352971442163,0.3957787735495116,0.08958592930627214,NO2
2025-09-22 23:14:00,0.17754400744296672,15.054657554856508,11.040410000439367,13.610884666798063,488.7413541720796,3.3049113937617953,2,0.5150625335960874,0.3956326185700485,0.08930484783386401,NO2
2025-09-22 23:29:00,0.17325011114833352,14.119235777209212,10.2671195559089,13.506998666766096,487.3982798587896,3.283591909536594,2,0.5140650426263205,0.39660645958151164,0.08932849779216791,NO2
2025-09-22 23:44:00,0.17076071115283337,14.671653110441545,9.623066000313228,13.577007111262331,486.23326519090625,3.2694431428330963,2,0.5125793227479644,0.39802604319749724,0.08939463405453837,NO2
2025-09-22 23:59:00,0.16833116298973352,14.03871511058911,9.592547111442265,13.6282286667116,479.06413919965644,3.1364407129736103,2,0.5111654901927059,0.39977017511567375,0.08906433469162038,NO2
2025-09-23 00:14:00,0.16552811852410015,14.591410443778049,9.4903748891862,13.727671111211903,477.1449193335764,3.223064481927372,2,0.5103505405150274,0.40095367970333684,0.08869577978163577,NO2
2025-09-23 00:29:00,0.1660932592730668,14.664986443781546,9.4139048891907,13.941453777950668,477.2035550611097,3.2505740479883904,2,0.5092813915778058,0.40226427666056574,0.08845433176162844,NO2
2025-09-23 00:44:00,0.16487643704750007,14.448024443797184,9.352015111423832,13.94956644453317,474.46801868299633,3.1759918888267302,2,0.5077375523296507,0.40411623416822157,0.08814621350212773,NO2
2025-09-23 00:59:00,0.16435102963833342,14.547630443778715,9.347835111423834,13.952678000088172,474.2416436441897,3.2174778416260397,2,0.506320918075401,0.40595612655776153,0.08772295536683741,NO2
2025-09-23 01:14:00,0.1668881681058668,14.565159777112246,9.354754444752201,13.933890000168402,477.0904461393331,3.2004278317013886,2,0.5039631138051179,0.40844676984544537,0.08759011634943675,NO2
2025-09-23 01:29:00,0.16415389402850003,9.964350000831955,9.210888666975439,13.940746888962773,473.93678425374304,3.3263338279805765,2,0.4965837552098633,0.4148112996857084,0.08860494510442828,NO2
2025-09-23 01:44:00,0.15396838292736664,13.484803777343975,9.261100222554369,14.018622000066697,458.6291174709365,3.2799775647947804,2,0.4886851436660247,0.42162195752193576,0.08969289881203953,NO2
2025-09-23 01:59:00,0.1500299373550667,14.711578221573216,9.191213333704003,14.40221266685063,458.29524376941663,3.2930942670446495,2,0.4812352172524714,0.4280280126801395,0.09073677006738906,NO2
2025-09-23 02:14:00,0.14428027808593327,14.492670888296683,8.997951333681,14.34481200019053,455.1858518368396,3.1480811915875115,2,0.476014831789891,0.4329732488408657,0.09101191936924334,NO2
2025-09-23 02:29:00,0.1429594558691,13.935530666138481,8.871482222564802,14.601926222469592,454.40699057162635,3.292086819244156,2,0.4715445249952502,0.43714722956746377,0.09130824543728606,NO2
2025-09-23 02:44:00,0.14259183549366664,13.803612443936084,8.649988889259172,14.656760000215188,452.8715150675663,3.2230339647967887,2,0.4680820140238027,0.44058991398620306,0.09132807198999426,NO2
2025-09-23 02:59:00,0.1428764651308,13.90634955504115,8.621964889220772,15.132817333589225,452.0014141440028,3.268811674693545,2,0.46390343759420744,0.4444681470407063,0.0916284153650863,NO2
2025-09-23 03:14:00,0.14252452993949996,13.659780443991279,8.601731333691571,14.69849422246552,452.74629540292955,3.179917587099652,2,0.4607471580825506,0.44760394162294725,0.09164890029450208,NO2
2025-09-23 03:29:00,0.14180884845613326,11.91149666682017,8.558328444808208,14.599212444674052,453.8731332859498,3.233273259490577,2,0.45800680110769115,0.4502058612723779,0.09178733761993098,NO2
2025-09-23 03:44:00,0.14142235216893326,13.828134666147248,8.588352444812006,14.675383111329522,454.5024286631497,3.185942334758074,2,0.45535840295184804,0.4527091489957296,0.0919324480524224,NO2
2025-09-23 03:59:00,0.14328739661359993,14.42496777715845,8.653911111490403,14.770962222528823,454.9333563370965,3.1644933496031067,2,0.45282330916109464,0.4552840073047823,0.09189268353412303,O3
2025-09-23 04:14:00,0.1426492188317333,14.104891999475681,8.844640889266936,14.400804666872862,454.759213715193,3.2369409334042487,2,0.451035803962429,0.4569056578523879,0.09205853818518309,O3
2025-09-23 04:29:00,0.1428064484521999,14.550331554951386,8.884823778134937,14.24227377800489,454.35663659492974,3.2253698286871786,2,0.45002077797003914,0.4580832308648748,0.09189599116508605,O3
2025-09-23 04:44:00,0.1424317965963666,11.966225333555736,8.736092444804106,14.329315111317529,455.4757804618631,3.2706290578860795,2,0.44842634153327965,0.4595667460150331,0.09200691245168725,O3
2025-09-23 04:59:00,0.14609024958339986,14.083773332769177,8.919389333706004,14.209264222365698,457.3371765868533,3.20878041646043,2,0.44810240831058773,0.45991892739184825,0.09197866429756402,O3
2025-09-23 05:14:00,0.15106415327319986,14.07623977722941,8.964019333681604,13.963684444541766,458.75843149219986,3.2585869082699968,2,0.4483558451289418,0.4593200781681131,0.09232407670294512,O3
2025-09-23 05:29:00,0.16020035326153323,14.42615466603528,8.986119778092268,13.869901111221434,472.25330802962304,3.271712818509626,2,0.44951906190559593,0.4580674268563283,0.0924135112380758,O3
2025-09-23 05:44:00,0.16169596067143321,14.384501777126083,8.991388666988401,13.862602444549239,473.95534471783964,3.1584185853538207,2,0.45134333853961733,0.4563243795931148,0.09233228186726783,O3
2025-09-23 05:59:00,0.16237339771559992,14.040233332763844,8.974471111419069,13.381884444554633,487.37807330935965,3.2006120048845816,2,0.4543540455050818,0.45317245796056793,0.09247349653435029,NO2
2025-09-23 06:14:00,0.16640913733096666,13.891446221644179,9.126377778073634,13.247774444546698,493.7209876696629,3.2234605340919065,2,0.4572996580841262,0.449984206800823,0.09271613511505078,NO2
2025-09-23 06:29:00,0.17202135215636688,13.881819777222075,9.249876889203872,13.227137555615869,522.7141437454436,3.246966124417734,2,0.46058010690774936,0.44661206831033123,0.0928078247819194,NO2
2025-09-23 06:44:00,0.1735057162512668,10.102835778642456,9.224770666969938,13.193219333393335,521.7528165947869,3.2679669567239924,2,0.46379674480496647,0.44310510443228535,0.09309815076274817,NO2
2025-09-23 06:59:00,0.18178933733626673,14.348467999327879,9.292030444746807,13.313101555713903,522.7333063684499,3.223071550699476,2,0.46701976627959546,0.43964914182680037,0.09333109189360413,NO2
2025-09-23 07:14:00,0.1784907777874668,13.918812888307846,9.449592000297033,13.145796444527765,522.6500139205966,3.297891395723149,2,0.46991535094708686,0.4365522659083709,0.09353238314454228,NO2
2025-09-23 07:29:00,0.18302828152596679,14.434685110432712,9.602946444742031,13.308759777939303,522.1845109718568,3.359273723859575,2,0.4725839930683064,0.4336493849022495,0.09376662202944408,NO2
2025-09-23 07:44:00,0.18202928151356682,14.350042443760215,9.656874222533531,13.33415511122127,521.7696387179168,3.2950772880268344,2,0.475910885530508,0.43039405227937977,0.0936950621901123,NO2
2025-09-23 07:59:00,0.18400614817786679,14.459334666017613,9.7237473336391,13.308820889037966,523.6535900101969,3.374114264489504,2,0.4786838243536831,0.42736253931502416,0.0939536363312927,NO2
2025-09-23 08:14:00,0.1834968592984001,14.575509332676242,9.708552444728802,13.241870000164502,525.708888074007,3.2956570962305203,2,0.4812342447004818,0.4248531952825908,0.09391256001692738,NO2
2025-09-23 08:29:00,0.18782524447193338,15.00028888832418,9.793407778042399,13.055498000179238,540.795967593544,3.4569274658415763,2,0.4838645766767349,0.42194499302559996,0.09419043029766518,NO2
2025-09-23 08:44:00,0.18820601484650004,14.860295332808777,9.863841555820732,12.99696533349757,541.7996350836139,3.454611130965017,2,0.486566649177654,0.41873977851436067,0.09469357230798534,NO2
2025-09-23 08:59:00,0.19047122225153343,14.27937288879737,10.283807777839666,12.77289888902587,544.5519153269005,3.3460264092555447,2,0.4900565610799841,0.41531560225500397,0.09462783666501194,NO2
2025-09-23 09:14:00,0.19380004446723345,15.235906000175103,11.74760977739519,12.935948666681574,546.9132457405005,3.4899716623998156,2,0.4958070167223521,0.40997107198645033,0.09422191129119753,NO2
2025-09-23 09:29:00,0.19978424446263357,18.333264445857992,12.64540888841752,12.408726888944104,493.6313345040609,3.452209631044322,2,0.503773860719116,0.402711946781457,0.09351419249942701,NO2
2025-09-23 09:44:00,0.20374706668556705,20.1279817792133,13.096174666327016,12.295942000072339,497.1310655136401,3.591200333951594,2,0.5124671102411946,0.39462779466650544,0.09290509509229995,NO2
2025-09-23 09:59:00,0.203850037051267,20.13139066817064,13.35647311094932,12.239044000056474,518.0407824027595,3.520995557344318,2,0.5215510207126538,0.3862195053134637,0.0922294739738825,NO2
2025-09-23 10:14:00,0.20265090372640032,21.882260222683996,12.956226444036592,12.331494000078605,528.2666292297197,3.5105174043300265,2,0.5290864790368073,0.3793669952708543,0.09154652569233847,NO2
2025-09-23 10:29:00,0.20593011112373363,19.99314400149831,13.890813999864255,12.251481555628471,537.3364068372609,3.702642474356474,2,0.5380321095294849,0.3710541528931386,0.09091373757737656,NO2
2025-09-23 10:44:00,0.2050606889043003,18.355891779366,13.805468666433086,12.354914222329803,535.4216537177647,3.7527678567402782,2,0.5462299779612373,0.36321382908110733,0.09055619295765542,NO2
2025-09-23 10:59:00,0.20426022223980028,17.43253711103933,13.516743777574955,12.298375111187736,521.1501208198744,3.6285861954099703,2,0.5538616158884271,0.35619399311233113,0.08994439099924181,NO2
2025-09-23 11:14:00,0.1980323111311669,15.712671777944333,12.795688222021916,12.302693555635072,533.1273149284393,3.718121030173482,2,0.5598305245673517,0.3502735655676166,0.08989590986503178,NO2
2025-09-23 11:29:00,0.1977049852081335,15.328783111304903,11.891311332952721,12.870588222322505,525.4672672594525,3.713897436219854,2,0.5632591762447342,0.3470293435286268,0.08971148022663897,NO2
2025-09-23 11:44:00,0.19541457040000018,14.357263999936103,10.531865777882963,12.620919111259534,515.2802847767907,3.670476714557756,2,0.5645959038417845,0.3454299341813017,0.08997416197691385,NO2
2025-09-23 11:59:00,0.19253699262280008,15.13797022164598,9.87169777802803,12.758929555771202,545.4369538319372,3.641318160114917,2,0.563588084290117,0.3457328100568876,0.09067910565299536,NO2
2025-09-23 12:14:00,0.19129665929203338,14.85737266596301,9.728962889160433,12.931271555785933,531.4540286330733,3.589834490855654,2,0.5601252977150505,0.34830710996419256,0.09156759232075701,NO2
2025-09-23 12:29:00,0.19336355558040014,14.85650133263081,10.063365778104636,12.931271555785933,531.0948672579966,3.532534121371046,2,0.5549850136349715,0.3524983500836586,0.0925166362813698,NO2
2025-09-23 12:44:00,0.19440044447283347,14.798379332630276,10.425928222555404,13.339890889102803,530.3863468992333,3.4827322477811054,2,0.5491457804387765,0.35782293576265506,0.09303128379856845,NO2
2025-09-23 12:59:00,0.19397122225196683,14.92693688821424,10.650472444825603,13.339166889069132,527.0210159286601,3.465084115148295,2,0.5430140478499081,0.363328512898767,0.0936574392513249,NO2
2025-09-23 13:14:00,0.1949906000370002,14.874090443787939,10.703594667050702,13.407921555716129,527.5956503181234,3.465963220097098,2,0.5376243260859824,0.36822194565802707,0.09415372825599053,NO2
2025-09-23 13:29:00,0.19452757781290017,14.930787777114372,10.63086577814497,13.431313111268796,527.9427456694434,3.393366347198037,2,0.5304757614577221,0.37504068966237847,0.09448354887989946,NO2
2025-09-23 13:44:00,0.18965241485293347,14.432688888131409,10.262180444804432,13.488479777899927,524.41856338295,3.4242131295693,2,0.5227143932291911,0.3823857197254604,0.09489988704534853,NO2
2025-09-23 13:59:00,0.18880105930173338,14.583724443789642,9.677056889198827,13.44285644458313,527.4550828986868,3.4648263128283143,2,0.5139752619914438,0.390250808887023,0.09577392912153312,NO2
2025-09-23 14:14:00,0.18321311853366676,14.661194888218109,9.640373778063866,13.539233555719061,527.9774308648235,3.3602388126224683,2,0.5065011804007803,0.39752094736084226,0.09597787223837745,NO2
2025-09-23 14:29:00,0.1822320222355667,14.663746888217311,9.5111524447338,13.473484666822062,528.3236791110535,3.448070618420362,2,0.5011738964600732,0.402602374340381,0.09622372919954585,NO2
2025-09-23 14:44:00,0.18039805927240005,14.505995110376542,9.522289555850532,13.43649622238173,525.9631577305902,3.3653939191515128,2,0.49839357529915806,0.4058150423678517,0.09579138233299025,NO2
2025-09-23 14:59:00,0.17930777778323345,14.555238888250374,9.470115555831535,13.439453777934864,525.4270350005137,3.3668630853923354,2,0.4970063628226292,0.4077809204308376,0.0952127167465332,NO2
2025-09-23 15:14:00,0.18188186667696665,14.32209066593444,9.597593555884869,13.470309111274396,528.2184892717601,3.2689812175980824,2,0.4964152220675132,0.409120059815508,0.09446471811697879,NO2
2025-09-23 15:29:00,0.18070594815330007,14.502193999265776,9.6636026669463,13.481071333517733,528.8069059471802,3.362784756934866,2,0.49507596832420736,0.41078962093062205,0.0941344107451706,NO2
2025-09-23 15:44:00,0.18669234077913352,14.700186443716941,10.689331333709935,13.531898889042928,524.0011708455237,3.309544122290752,2,0.4955822655043555,0.41079353186477613,0.09362420263086833,NO2
2025-09-23 15:59:00,0.20662068889736673,15.048592665874525,12.865716889441787,13.433006444664196,525.5958763496839,3.333666046693359,2,0.5002058170943537,0.40731641637266097,0.09247776653298526,NO2
2025-09-23 16:14:00,0.20981828889326673,15.215128665848628,12.503422222770311,12.926557555780828,526.9746350750868,3.309374947224377,2,0.5046654481790658,0.4037474106909078,0.09158714113002649,NO2
2025-09-23 16:29:00,0.2233108296475334,15.285099332428493,13.160978667194952,12.982327111336962,525.8554055601235,3.2699330952835908,2,0.5104477045183502,0.3990535355016591,0.09049875997999074,NO2
2025-09-23 16:44:00,0.21078580741286673,13.425296443670122,12.74254022276752,13.47736822244306,523.4048760975203,3.136761067347929,2,0.5156630983755776,0.3953191121967419,0.08901778942768057,NO2
2025-09-23 16:59:00,0.1912347185374668,13.264493332639288,11.595333556008656,13.447414666883827,522.4359596253236,3.10958178047681,2,0.5197672650005168,0.39261272943353626,0.08762000556594686,NO2
2025-09-23 17:14:00,0.1875532000324001,10.340081110628466,10.914565111511271,13.54681177793916,522.7716097912433,3.1839641083312404,2,0.5223881673341837,0.39079069192091587,0.08682114074490045,NO2
2025-09-23 17:29:00,0.19189417781560025,14.1415517770542,10.741289111464,13.566889777945262,526.2859601852467,3.128844281707272,2,0.5249571081211918,0.3893025632722546,0.0857403286065537,NO2
2025-09-23 17:44:00,0.19376217781513347,14.792637332586798,10.850649333715305,13.481953333494129,529.7231957866535,3.0364339380281162,2,0.5277587912425058,0.3876146125911743,0.08462659616631987,NO2
2025-09-23 17:59:00,0.19200123706340017,14.359515554794397,10.945157778180203,13.476454000156398,526.3715240113668,2.973890419733547,2,0.5308890775900227,0.38576147628371005,0.08334944612626724,NO2
2025-09-23 18:14:00,0.18954951854836677,12.925319999363994,11.049628000371602,13.480988000078963,526.5875379978432,3.038005068765842,2,0.5337935084792811,0.38378783281557927,0.08241865870513969,NO2
2025-09-23 18:29:00,0.19116942225786682,14.275999777011801,10.905441778151502,13.551705777931529,526.1508413400966,3.0239647409801753,2,0.5363382076997231,0.3823225786430608,0.08133921365721616,NO2
2025-09-23 18:44:00,0.1911736667009668,13.039682666024497,10.814273333682701,13.547672444597529,525.98980118844,2.9736366007758193,2,0.5369302853147113,0.38243670478058783,0.08063300990470082,NO2
2025-09-23 18:59:00,0.1924766000334669,14.522717999245604,10.844944667029802,13.461501111267728,525.88355984964,2.9696484409022954,2,0.5336558187975704,0.38580511314570637,0.08053906805672324,NO2
2025-09-23 19:14:00,0.19276357780576686,14.857574888057506,10.90249688927306,13.080970222430697,525.63561864258,3.0793008942311357,2,0.5307845524305373,0.38866063635420545,0.08055481121525718,NO2
2025-09-23 19:29:00,0.18897928891516672,9.3300886662868,11.153567333769463,13.332654000114998,526.3147808560065,3.0058144140201875,2,0.5269023053550047,0.3925044395723244,0.08059325507267091,NO2
2025-09-23 19:44:00,0.19521655557913348,14.97194555472454,11.38269711153325,12.906111333548127,525.5799527214132,3.0985372308661012,2,0.5251166184987649,0.3938171054331001,0.08106627606813503,NO2
2025-09-23 19:59:00,0.19476548889620013,9.87742866736822,11.605167111515694,12.737735333440668,525.6181641734166,3.1228575677814896,2,0.5260368781894232,0.39273139323705625,0.08123172857352051,NO2
2025-09-23 20:14:00,0.1987964222304,10.007551778500588,11.913911778230387,12.73932666680283,525.5217989595666,3.0758908587945206,2,0.529097953018625,0.3900533681109579,0.0808486788704172,NO2
2025-09-23 20:29:00,0.2029173333403667,15.078882443577497,12.294811111629247,12.891040444677296,525.8047277722666,3.132976156716993,2,0.532876349535557,0.3866324114503222,0.08049123901412089,NO2
2025-09-23 20:44:00,0.20644331111286676,15.215748665884233,12.344516222765312,12.829794889049728,525.9613479768201,3.160244802115485,2,0.5363396056704424,0.38326749454448117,0.08039289978507647,NO2
