co,co2,geo,met,model,no,no2,o3,pm1,pm10,pm25,raw_data_id,rh,sn,temp,timestamp,timestamp_local,url
,998.92,"{'lat': None, 'lon': None}","{'rh': 50.2, 'temp': 24.0, 'wd': 0.0, 'ws': 0.0, 'ws_scalar': 0.0}","{'gas': {'co': None, 'co2': 13264, 'no': 13590, 'no2': 13769, 'o3': 13749}, 'pm': {'pm1': 13212, 'pm10': 13214, 'pm25': 13213}}",3.17,24.24,24.16,3.08,19.53,3.62,535560259,50.2,MOD-00617,24.0,2025-11-06T23:45:37,2025-11-06T15:45:37,https://api.quant-aq.com/v1/devices/MOD-00617/data/535560102
,991.33,"{'lat': None, 'lon': None}","{'rh': 49.8, 'temp': 24.0, 'wd': 0.0, 'ws': 0.0, 'ws_scalar': 0.0}","{'gas': {'co': None, 'co2': 13264, 'no': 13590, 'no2': 13769, 'o3': 13749}, 'pm': {'pm1': 13212, 'pm10': 13214, 'pm25': 13213}}",3.16,12.02,23.39,3.23,8.26,3.58,535560258,49.8,MOD-00617,24.0,2025-11-06T23:44:37,2025-11-06T15:44:37,https://api.quant-aq.com/v1/devices/MOD-00617/data/535560101
,1022.28,"{'lat': None, 'lon': None}","{'rh': 50.1, 'temp': 24.1, 'wd': 0.0, 'ws': 0.0, 'ws_scalar': 0.0}","{'gas': {'co': None, 'co2': 13264, 'no': 13590, 'no2': 13769, 'o3': 13749}, 'pm': {'pm1': 13212, 'pm10': 13214, 'pm25': 13213}}",3.17,25.58,23.9,2.69,13.15,3.07,535560256,50.1,MOD-00617,24.1,2025-11-06T23:43:37,2025-11-06T15:43:37,https://api.quant-aq.com/v1/devices/MOD-00617/data/535560100
,995.91,"{'lat': None, 'lon': None}","{'rh': 49.6, 'temp': 24.0, 'wd': 0.0, 'ws': 0.0, 'ws_scalar': 0.0}","{'gas': {'co': None, 'co2': 13264, 'no': 13590, 'no2': 13769, 'o3': 13749}, 'pm': {'pm1': 13212, 'pm10': 13214, 'pm25': 13213}}",3.22,10.21,23.74,3.23,5.03,3.63,535560257,49.6,MOD-00617,24.0,2025-11-06T23:42:37,2025-11-06T15:42:37,https://api.quant-aq.com/v1/devices/MOD-00617/data/535560098
,986.39,"{'lat': None, 'lon': None}","{'rh': 49.5, 'temp': 24.1, 'wd': 0.0, 'ws': 0.0, 'ws_scalar': 0.0}","{'gas': {'co': None, 'co2': 13264, 'no': 13590, 'no2': 13769, 'o3': 13749}, 'pm': {'pm1': 13212, 'pm10': 13214, 'pm25': 13213}}",3.16,12.16,23.19,3.04,17.99,3.32,535557941,49.5,MOD-00617,24.1,2025-11-06T23:41:37,2025-11-06T15:41:37,https://api.quant-aq.com/v1/devices/MOD-00617/data/535557785
,987.59,"{'lat': None, 'lon': None}","{'rh': 49.3, 'temp': 24.1, 'wd': 0.0, 'ws': 0.0, 'ws_scalar': 0.0}","{'gas': {'co': None, 'co2': 13264, 'no': 13590, 'no2': 13769, 'o3': 13749}, 'pm': {'pm1': 13212, 'pm10': 13214, 'pm25': 13213}}",3.17,11.55,22.36,2.51,4.63,2.9,535557942,49.3,MOD-00617,24.1,2025-11-06T23:40:37,2025-11-06T15:40:37,https://api.quant-aq.com/v1/devices/MOD-00617/data/535557783
3819.32,1004.22,"{'lat': None, 'lon': None}","{'rh': 49.6, 'temp': 24.1, 'wd': 0.0, 'ws': 0.0, 'ws_scalar': 0.0}","{'gas': {'co': 13502, 'co2': 13264, 'no': 13590, 'no2': 13769, 'o3': 13749}, 'pm': {'pm1': 13212, 'pm10': 13214, 'pm25': 13213}}",3.17,21.59,22.27,2.22,9.27,2.69,535557940,49.6,MOD-00617,24.1,2025-11-06T23:39:37,2025-11-06T15:39:37,https://api.quant-aq.com/v1/devices/MOD-00617/data/535557784
3832.99,1020.84,"{'lat': None, 'lon': None}","{'rh': 50.0, 'temp': 24.1, 'wd': 0.0, 'ws': 0.0, 'ws_scalar': 0.0}","{'gas': {'co': 13502, 'co2': 13264, 'no': 13590, 'no2': 13769, 'o3': 13749}, 'pm': {'pm1': 13212, 'pm10': 13214, 'pm25': 13213}}",3.17,18.67,22.74,1.96,6.9,2.31,535557939,50.0,MOD-00617,24.1,2025-11-06T23:38:37,2025-11-06T15:38:37,https://api.quant-aq.com/v1/devices/MOD-00617/data/535557782
3849.34,1039.87,"{'lat': None, 'lon': None}","{'rh': 50.1, 'temp': 24.1, 'wd': 0.0, 'ws': 0.0, 'ws_scalar': 0.0}","{'gas': {'co': 13502, 'co2': 13264, 'no': 13590, 'no2': 13769, 'o3': 13749}, 'pm': {'pm1': 13212, 'pm10': 13214, 'pm25': 13213}}",3.13,25.06,22.12,2.21,21.71,2.5,535555687,50.1,MOD-00617,24.1,2025-11-06T23:37:37,2025-11-06T15:37:37,https://api.quant-aq.com/v1/devices/MOD-00617/data/535555530
3851.16,1092.86,"{'lat': None, 'lon': None}","{'rh': 51.0, 'temp': 24.1, 'wd': 0.0, 'ws': 0.0, 'ws_scalar': 0.0}","{'gas': {'co': 13502, 'co2': 13264, 'no': 13590, 'no2': 13769, 'o3': 13749}, 'pm': {'pm1': 13212, 'pm10': 13214, 'pm25': 13213}}",3.3,26.73,23.94,2.75,4.36,3.07,535555689,51.0,MOD-00617,24.1,2025-11-06T23:36:37,2025-11-06T15:36:37,https://api.quant-aq.com/v1/devices/MOD-00617/data/535555532
3822.28,1092.14,"{'lat': None, 'lon': None}","{'rh': 51.2, 'temp': 24.1, 'wd': 0.0, 'ws': 0.0, 'ws_scalar': 0.0}","{'gas': {'co': 13502, 'co2': 13264, 'no': 13590, 'no2': 13769, 'o3': 13749}, 'pm': {'pm1': 13212, 'pm10': 13214, 'pm25': 13213}}",3.28,26.25,23.59,2.75,16.68,3.08,535555686,51.2,MOD-00617,24.1,2025-11-06T23:35:37,2025-11-06T15:35:37,https://api.quant-aq.com/v1/devices/MOD-00617/data/535555529
3752.68,1131.41,"{'lat': None, 'lon': None}","{'rh': 52.1, 'temp': 24.1, 'wd': 0.0, 'ws': 0.0, 'ws_scalar': 0.0}","{'gas': {'co': 13502, 'co2': 13264, 'no': 13590, 'no2': 13769, 'o3': 13749}, 'pm': {'pm1': 13212, 'pm10': 13214, 'pm25': 13213}}",2.62,27.87,26.63,3.32,5.3,3.7,535555685,52.1,MOD-00617,24.1,2025-11-06T23:34:37,2025-11-06T15:34:37,https://api.quant-aq.com/v1/devices/MOD-00617/data/535555528
3655.19,1123.22,"{'lat': None, 'lon': None}","{'rh': 51.8, 'temp': 24.1, 'wd': 0.0, 'ws': 0.0, 'ws_scalar': 0.0}","{'gas': {'co': 13502, 'co2': 13264, 'no': 13590, 'no2': 13769, 'o3': 13749}, 'pm': {'pm1': 13212, 'pm10': 13214, 'pm25': 13213}}",2.61,28.59,25.51,2.71,10.89,3.07,535553346,51.8,MOD-00617,24.1,2025-11-06T23:33:37,2025-11-06T15:33:37,https://api.quant-aq.com/v1/devices/MOD-00617/data/535553189
3534.52,1103.95,"{'lat': None, 'lon': None}","{'rh': 51.2, 'temp': 24.1, 'wd': 0.0, 'ws': 0.0, 'ws_scalar': 0.0}","{'gas': {'co': 13502, 'co2': 13264, 'no': 13590, 'no2': 13769, 'o3': 13749}, 'pm': {'pm1': 13212, 'pm10': 13214, 'pm25': 13213}}",3.31,27.67,24.78,2.76,18.4,3.13,535553348,51.2,MOD-00617,24.1,2025-11-06T23:32:37,2025-11-06T15:32:37,https://api.quant-aq.com/v1/devices/MOD-00617/data/535553191
3381.13,1106.6,"{'lat': None, 'lon': None}","{'rh': 51.0, 'temp': 24.1, 'wd': 0.0, 'ws': 0.0, 'ws_scalar': 0.0}","{'gas': {'co': 13502, 'co2': 13264, 'no': 13590, 'no2': 13769, 'o3': 13749}, 'pm': {'pm1': 13212, 'pm10': 13214, 'pm25': 13213}}",3.31,27.2,26.03,2.64,7.29,3.11,535553347,51.0,MOD-00617,24.1,2025-11-06T23:31:37,2025-11-06T15:31:37,https://api.quant-aq.com/v1/devices/MOD-00617/data/535553190
3204.9,1088.89,"{'lat': None, 'lon': None}","{'rh': 50.6, 'temp': 24.1, 'wd': 0.0, 'ws': 0.0, 'ws_scalar': 0.0}","{'gas': {'co': 13502, 'co2': 13264, 'no': 13590, 'no2': 13769, 'o3': 13749}, 'pm': {'pm1': 13212, 'pm10': 13214, 'pm25': 13213}}",3.15,27.69,24.65,3.11,5.58,3.45,535553342,50.6,MOD-00617,24.1,2025-11-06T23:30:37,2025-11-06T15:30:37,https://api.quant-aq.com/v1/devices/MOD-00617/data/535553186
3023.66,1069.86,"{'lat': None, 'lon': None}","{'rh': 50.3, 'temp': 24.1, 'wd': 0.0, 'ws': 0.0, 'ws_scalar': 0.0}","{'gas': {'co': 13502, 'co2': 13264, 'no': 13590, 'no2': 13769, 'o3': 13749}, 'pm': {'pm1': 13212, 'pm10': 13214, 'pm25': 13213}}",3.16,27.7,24.74,2.71,3.6,3.1,535551091,50.3,MOD-00617,24.1,2025-11-06T23:29:37,2025-11-06T15:29:37,https://api.quant-aq.com/v1/devices/MOD-00617/data/535550935
2873.02,1055.77,"{'lat': None, 'lon': None}","{'rh': 49.7, 'temp': 24.1, 'wd': 0.0, 'ws': 0.0, 'ws_scalar': 0.0}","{'gas': {'co': 13502, 'co2': 13264, 'no': 13590, 'no2': 13769, 'o3': 13749}, 'pm': {'pm1': 13212, 'pm10': 13214, 'pm25': 13213}}",3.16,18.27,23.13,2.57,3.69,2.79,535551092,49.7,MOD-00617,24.1,2025-11-06T23:28:37,2025-11-06T15:28:37,https://api.quant-aq.com/v1/devices/MOD-00617/data/535550934
2789.83,1029.15,"{'lat': None, 'lon': None}","{'rh': 49.5, 'temp': 24.1, 'wd': 0.0, 'ws': 0.0, 'ws_scalar': 0.0}","{'gas': {'co': 13502, 'co2': 13264, 'no': 13590, 'no2': 13769, 'o3': 13749}, 'pm': {'pm1': 13212, 'pm10': 13214, 'pm25': 13213}}",3.17,11.96,23.19,2.79,7.96,3.31,535551093,49.5,MOD-00617,24.1,2025-11-06T23:27:37,2025-11-06T15:27:37,https://api.quant-aq.com/v1/devices/MOD-00617/data/535550936
2784.35,1036.01,"{'lat': None, 'lon': None}","{'rh': 49.7, 'temp': 24.1, 'wd': 0.0, 'ws': 0.0, 'ws_scalar': 0.0}","{'gas': {'co': 13502, 'co2': 13264, 'no': 13590, 'no2': 13769, 'o3': 13749}, 'pm': {'pm1': 13212, 'pm10': 13214, 'pm25': 13213}}",3.15,25.62,24.02,3.01,14.07,3.36,535551090,49.7,MOD-00617,24.1,2025-11-06T23:26:37,2025-11-06T15:26:37,https://api.quant-aq.com/v1/devices/MOD-00617/data/535550933
2797.21,1060.34,"{'lat': None, 'lon': None}","{'rh': 50.1, 'temp': 24.1, 'wd': 0.0, 'ws': 0.0, 'ws_scalar': 0.0}","{'gas': {'co': 13502, 'co2': 13264, 'no': 13590, 'no2': 13769, 'o3': 13749}, 'pm': {'pm1': 13212, 'pm10': 13214, 'pm25': 13213}}",3.14,25.89,23.31,2.79,3.34,3.11,535548835,50.1,MOD-00617,24.1,2025-11-06T23:25:37,2025-11-06T15:25:37,https://api.quant-aq.com/v1/devices/MOD-00617/data/535548679
2772.99,1051.07,"{'lat': None, 'lon': None}","{'rh': 50.1, 'temp': 24.1, 'wd': 0.0, 'ws': 0.0, 'ws_scalar': 0.0}","{'gas': {'co': 13502, 'co2': 13264, 'no': 13590, 'no2': 13769, 'o3': 13749}, 'pm': {'pm1': 13212, 'pm10': 13214, 'pm25': 13213}}",3.13,25.89,23.31,2.45,3.91,2.89,535548829,50.1,MOD-00617,24.1,2025-11-06T23:24:37,2025-11-06T15:24:37,https://api.quant-aq.com/v1/devices/MOD-00617/data/535548675
2771.88,1071.42,"{'lat': None, 'lon': None}","{'rh': 50.5, 'temp': 24.1, 'wd': 0.0, 'ws': 0.0, 'ws_scalar': 0.0}","{'gas': {'co': 13502, 'co2': 13264, 'no': 13590, 'no2': 13769, 'o3': 13749}, 'pm': {'pm1': 13212, 'pm10': 13214, 'pm25': 13213}}",3.14,26.99,24.08,2.4,3.84,2.71,535548826,50.5,MOD-00617,24.1,2025-11-06T23:23:37,2025-11-06T15:23:37,https://api.quant-aq.com/v1/devices/MOD-00617/data/535548676
2733.97,1084.19,"{'lat': None, 'lon': None}","{'rh': 50.7, 'temp': 24.1, 'wd': 0.0, 'ws': 0.0, 'ws_scalar': 0.0}","{'gas': {'co': 13502, 'co2': 13264, 'no': 13590, 'no2': 13769, 'o3': 13749}, 'pm': {'pm1': 13212, 'pm10': 13214, 'pm25': 13213}}",3.27,27.45,24.03,2.82,5.62,3.26,535548832,50.7,MOD-00617,24.1,2025-11-06T23:22:37,2025-11-06T15:22:37,https://api.quant-aq.com/v1/devices/MOD-00617/data/535548673
2694.22,1101.3,"{'lat': None, 'lon': None}","{'rh': 50.6, 'temp': 24.1, 'wd': 0.0, 'ws': 0.0, 'ws_scalar': 0.0}","{'gas': {'co': 13502, 'co2': 13264, 'no': 13590, 'no2': 13769, 'o3': 13749}, 'pm': {'pm1': 13212, 'pm10': 13214, 'pm25': 13213}}",3.15,27.93,24.35,2.71,21.93,3.01,535546518,50.6,MOD-00617,24.1,2025-11-06T23:21:37,2025-11-06T15:21:37,https://api.quant-aq.com/v1/devices/MOD-00617/data/535546362
2638.2,1078.29,"{'lat': None, 'lon': None}","{'rh': 50.3, 'temp': 24.1, 'wd': 0.0, 'ws': 0.0, 'ws_scalar': 0.0}","{'gas': {'co': 13502, 'co2': 13264, 'no': 13590, 'no2': 13769, 'o3': 13749}, 'pm': {'pm1': 13212, 'pm10': 13214, 'pm25': 13213}}",3.16,28.18,23.84,2.89,8.67,3.22,535546517,50.3,MOD-00617,24.1,2025-11-06T23:20:37,2025-11-06T15:20:37,https://api.quant-aq.com/v1/devices/MOD-00617/data/535546359
2584.76,1084.67,"{'lat': None, 'lon': None}","{'rh': 50.4, 'temp': 24.1, 'wd': 0.0, 'ws': 0.0, 'ws_scalar': 0.0}","{'gas': {'co': 13502, 'co2': 13264, 'no': 13590, 'no2': 13769, 'o3': 13749}, 'pm': {'pm1': 13212, 'pm10': 13214, 'pm25': 13213}}",3.25,26.52,23.52,2.56,4.11,2.83,535546519,50.4,MOD-00617,24.1,2025-11-06T23:19:37,2025-11-06T15:19:37,https://api.quant-aq.com/v1/devices/MOD-00617/data/535546361
2489.77,1102.62,"{'lat': None, 'lon': None}","{'rh': 51.2, 'temp': 24.1, 'wd': 0.0, 'ws': 0.0, 'ws_scalar': 0.0}","{'gas': {'co': 13502, 'co2': 13264, 'no': 13590, 'no2': 13769, 'o3': 13749}, 'pm': {'pm1': 13212, 'pm10': 13214, 'pm25': 13213}}",3.3,28.85,25.98,3.61,15.93,3.89,535546516,51.2,MOD-00617,24.1,2025-11-06T23:18:37,2025-11-06T15:18:37,https://api.quant-aq.com/v1/devices/MOD-00617/data/535546360
2421.02,1104.43,"{'lat': None, 'lon': None}","{'rh': 50.9, 'temp': 24.1, 'wd': 0.0, 'ws': 0.0, 'ws_scalar': 0.0}","{'gas': {'co': 13502, 'co2': 13264, 'no': 13590, 'no2': 13769, 'o3': 13749}, 'pm': {'pm1': 13212, 'pm10': 13214, 'pm25': 13213}}",3.32,28.39,24.86,2.78,16.26,3.19,535544257,50.9,MOD-00617,24.1,2025-11-06T23:17:37,2025-11-06T15:17:37,https://api.quant-aq.com/v1/devices/MOD-00617/data/535544100
2372.33,1070.1,"{'lat': None, 'lon': None}","{'rh': 50.1, 'temp': 24.1, 'wd': 0.0, 'ws': 0.0, 'ws_scalar': 0.0}","{'gas': {'co': 13502, 'co2': 13264, 'no': 13590, 'no2': 13769, 'o3': 13749}, 'pm': {'pm1': 13212, 'pm10': 13214, 'pm25': 13213}}",3.17,28.19,24.2,2.97,10.53,3.36,535544255,50.1,MOD-00617,24.1,2025-11-06T23:16:37,2025-11-06T15:16:37,https://api.quant-aq.com/v1/devices/MOD-00617/data/535544099
2361.94,1044.81,"{'lat': None, 'lon': None}","{'rh': 49.7, 'temp': 24.1, 'wd': 0.0, 'ws': 0.0, 'ws_scalar': 0.0}","{'gas': {'co': 13502, 'co2': 13264, 'no': 13590, 'no2': 13769, 'o3': 13749}, 'pm': {'pm1': 13212, 'pm10': 13214, 'pm25': 13213}}",3.16,18.19,23.42,3.26,11.0,3.56,535544254,49.7,MOD-00617,24.1,2025-11-06T23:15:37,2025-11-06T15:15:37,https://api.quant-aq.com/v1/devices/MOD-00617/data/535544095
2366.6,1041.92,"{'lat': None, 'lon': None}","{'rh': 49.5, 'temp': 24.1, 'wd': 0.0, 'ws': 0.0, 'ws_scalar': 0.0}","{'gas': {'co': 13502, 'co2': 13264, 'no': 13590, 'no2': 13769, 'o3': 13749}, 'pm': {'pm1': 13212, 'pm10': 13214, 'pm25': 13213}}",3.17,11.96,22.89,3.38,5.14,3.62,535544253,49.5,MOD-00617,24.1,2025-11-06T23:14:37,2025-11-06T15:14:37,https://api.quant-aq.com/v1/devices/MOD-00617/data/535544092
2399.23,1020.6,"{'lat': None, 'lon': None}","{'rh': 49.8, 'temp': 24.1, 'wd': 0.0, 'ws': 0.0, 'ws_scalar': 0.0}","{'gas': {'co': 13502, 'co2': 13264, 'no': 13590, 'no2': 13769, 'o3': 13749}, 'pm': {'pm1': 13212, 'pm10': 13214, 'pm25': 13213}}",3.15,25.29,23.69,3.51,5.98,3.8,535541979,49.8,MOD-00617,24.1,2025-11-06T23:13:37,2025-11-06T15:13:37,https://api.quant-aq.com/v1/devices/MOD-00617/data/535541823
2401.96,1026.74,"{'lat': None, 'lon': None}","{'rh': 50.0, 'temp': 24.1, 'wd': 0.0, 'ws': 0.0, 'ws_scalar': 0.0}","{'gas': {'co': 13502, 'co2': 13264, 'no': 13590, 'no2': 13769, 'o3': 13749}, 'pm': {'pm1': 13212, 'pm10': 13214, 'pm25': 13213}}",3.13,27.24,24.82,3.48,6.88,3.91,535541976,50.0,MOD-00617,24.1,2025-11-06T23:12:37,2025-11-06T15:12:37,https://api.quant-aq.com/v1/devices/MOD-00617/data/535541819
2409.06,1017.1,"{'lat': None, 'lon': None}","{'rh': 50.4, 'temp': 24.1, 'wd': 0.0, 'ws': 0.0, 'ws_scalar': 0.0}","{'gas': {'co': 13502, 'co2': 13264, 'no': 13590, 'no2': 13769, 'o3': 13749}, 'pm': {'pm1': 13212, 'pm10': 13214, 'pm25': 13213}}",3.14,27.46,25.6,3.37,11.39,3.8,535541978,50.4,MOD-00617,24.1,2025-11-06T23:11:37,2025-11-06T15:11:37,https://api.quant-aq.com/v1/devices/MOD-00617/data/535541822
2426.67,994.58,"{'lat': None, 'lon': None}","{'rh': 49.3, 'temp': 24.1, 'wd': 0.0, 'ws': 0.0, 'ws_scalar': 0.0}","{'gas': {'co': 13502, 'co2': 13264, 'no': 13590, 'no2': 13769, 'o3': 13749}, 'pm': {'pm1': 13212, 'pm10': 13214, 'pm25': 13213}}",3.17,11.31,23.84,3.12,5.76,3.31,535541977,49.3,MOD-00617,24.1,2025-11-06T23:10:37,2025-11-06T15:10:37,https://api.quant-aq.com/v1/devices/MOD-00617/data/535541820
2440.65,987.96,"{'lat': None, 'lon': None}","{'rh': 48.7, 'temp': 24.1, 'wd': 0.0, 'ws': 0.0, 'ws_scalar': 0.0}","{'gas': {'co': 13502, 'co2': 13264, 'no': 13590, 'no2': 13769, 'o3': 13749}, 'pm': {'pm1': 13212, 'pm10': 13214, 'pm25': 13213}}",3.89,19.44,22.54,3.31,5.57,3.55,535539702,48.7,MOD-00617,24.1,2025-11-06T23:09:37,2025-11-06T15:09:37,https://api.quant-aq.com/v1/devices/MOD-00617/data/535539546
2460.69,995.18,"{'lat': None, 'lon': None}","{'rh': 48.8, 'temp': 24.1, 'wd': 0.0, 'ws': 0.0, 'ws_scalar': 0.0}","{'gas': {'co': 13502, 'co2': 13264, 'no': 13590, 'no2': 13769, 'o3': 13749}, 'pm': {'pm1': 13212, 'pm10': 13214, 'pm25': 13213}}",3.89,13.37,22.51,3.2,4.39,3.46,535539700,48.8,MOD-00617,24.1,2025-11-06T23:08:37,2025-11-06T15:08:37,https://api.quant-aq.com/v1/devices/MOD-00617/data/535539545
2469.38,981.69,"{'lat': None, 'lon': None}","{'rh': 48.7, 'temp': 24.1, 'wd': 0.0, 'ws': 0.0, 'ws_scalar': 0.0}","{'gas': {'co': 13502, 'co2': 13264, 'no': 13590, 'no2': 13769, 'o3': 13749}, 'pm': {'pm1': 13212, 'pm10': 13214, 'pm25': 13213}}",3.9,19.44,22.24,3.74,10.26,4.1,535539701,48.7,MOD-00617,24.1,2025-11-06T23:07:37,2025-11-06T15:07:37,https://api.quant-aq.com/v1/devices/MOD-00617/data/535539544
2494.9,986.51,"{'lat': None, 'lon': None}","{'rh': 48.6, 'temp': 24.1, 'wd': 0.0, 'ws': 0.0, 'ws_scalar': 0.0}","{'gas': {'co': 13502, 'co2': 13264, 'no': 13590, 'no2': 13769, 'o3': 13749}, 'pm': {'pm1': 13212, 'pm10': 13214, 'pm25': 13213}}",3.91,19.29,21.39,3.59,14.47,3.96,535539699,48.6,MOD-00617,24.1,2025-11-06T23:06:37,2025-11-06T15:06:37,https://api.quant-aq.com/v1/devices/MOD-00617/data/535539542
2525.0,1001.81,"{'lat': None, 'lon': None}","{'rh': 49.0, 'temp': 24.1, 'wd': 0.0, 'ws': 0.0, 'ws_scalar': 0.0}","{'gas': {'co': 13502, 'co2': 13264, 'no': 13590, 'no2': 13769, 'o3': 13749}, 'pm': {'pm1': 13212, 'pm10': 13214, 'pm25': 13213}}",3.17,12.91,21.86,3.08,3.43,3.39,535537422,49.0,MOD-00617,24.1,2025-11-06T23:05:37,2025-11-06T15:05:37,https://api.quant-aq.com/v1/devices/MOD-00617/data/535537265
2561.11,1028.91,"{'lat': None, 'lon': None}","{'rh': 49.6, 'temp': 24.1, 'wd': 0.0, 'ws': 0.0, 'ws_scalar': 0.0}","{'gas': {'co': 13502, 'co2': 13264, 'no': 13590, 'no2': 13769, 'o3': 13749}, 'pm': {'pm1': 13212, 'pm10': 13214, 'pm25': 13213}}",3.22,12.07,23.45,3.33,5.84,3.67,535537421,49.6,MOD-00617,24.1,2025-11-06T23:04:37,2025-11-06T15:04:37,https://api.quant-aq.com/v1/devices/MOD-00617/data/535537264
2592.65,1044.45,"{'lat': None, 'lon': None}","{'rh': 49.7, 'temp': 24.1, 'wd': 0.0, 'ws': 0.0, 'ws_scalar': 0.0}","{'gas': {'co': 13502, 'co2': 13264, 'no': 13590, 'no2': 13769, 'o3': 13749}, 'pm': {'pm1': 13212, 'pm10': 13214, 'pm25': 13213}}",3.16,18.27,23.42,3.75,9.81,4.2,535537419,49.7,MOD-00617,24.1,2025-11-06T23:03:37,2025-11-06T15:03:37,https://api.quant-aq.com/v1/devices/MOD-00617/data/535537262
2596.0,1018.07,"{'lat': None, 'lon': None}","{'rh': 49.6, 'temp': 24.1, 'wd': 0.0, 'ws': 0.0, 'ws_scalar': 0.0}","{'gas': {'co': 13502, 'co2': 13264, 'no': 13590, 'no2': 13769, 'o3': 13749}, 'pm': {'pm1': 13212, 'pm10': 13214, 'pm25': 13213}}",3.16,18.52,24.05,4.15,4.72,4.5,535537420,49.6,MOD-00617,24.1,2025-11-06T23:02:37,2025-11-06T15:02:37,https://api.quant-aq.com/v1/devices/MOD-00617/data/535537263
2649.85,1010.84,"{'lat': None, 'lon': None}","{'rh': 49.5, 'temp': 24.1, 'wd': 0.0, 'ws': 0.0, 'ws_scalar': 0.0}","{'gas': {'co': 13502, 'co2': 13264, 'no': 13590, 'no2': 13769, 'o3': 13749}, 'pm': {'pm1': 13212, 'pm10': 13214, 'pm25': 13213}}",3.16,11.96,23.48,2.91,17.59,3.32,535535162,49.5,MOD-00617,24.1,2025-11-06T23:01:37,2025-11-06T15:01:37,https://api.quant-aq.com/v1/devices/MOD-00617/data/535535004
2679.14,1007.95,"{'lat': None, 'lon': None}","{'rh': 49.3, 'temp': 24.1, 'wd': 0.0, 'ws': 0.0, 'ws_scalar': 0.0}","{'gas': {'co': 13502, 'co2': 13264, 'no': 13590, 'no2': 13769, 'o3': 13749}, 'pm': {'pm1': 13212, 'pm10': 13214, 'pm25': 13213}}",3.18,14.28,22.66,3.52,11.68,3.99,535535160,49.3,MOD-00617,24.1,2025-11-06T23:00:37,2025-11-06T15:00:37,https://api.quant-aq.com/v1/devices/MOD-00617/data/535535003
2715.4,1000.0,"{'lat': None, 'lon': None}","{'rh': 49.1, 'temp': 24.1, 'wd': 0.0, 'ws': 0.0, 'ws_scalar': 0.0}","{'gas': {'co': 13502, 'co2': 13264, 'no': 13590, 'no2': 13769, 'o3': 13749}, 'pm': {'pm1': 13212, 'pm10': 13214, 'pm25': 13213}}",3.16,11.51,22.42,3.54,21.09,3.88,535535161,49.1,MOD-00617,24.1,2025-11-06T22:59:37,2025-11-06T14:59:37,https://api.quant-aq.com/v1/devices/MOD-00617/data/535535005
2754.33,1003.13,"{'lat': None, 'lon': None}","{'rh': 49.2, 'temp': 24.1, 'wd': 0.0, 'ws': 0.0, 'ws_scalar': 0.0}","{'gas': {'co': 13502, 'co2': 13264, 'no': 13590, 'no2': 13769, 'o3': 13749}, 'pm': {'pm1': 13212, 'pm10': 13214, 'pm25': 13213}}",3.16,11.47,21.8,3.32,4.6,3.67,535535159,49.2,MOD-00617,24.1,2025-11-06T22:58:37,2025-11-06T14:58:37,https://api.quant-aq.com/v1/devices/MOD-00617/data/535535002
2796.54,990.0,"{'lat': None, 'lon': None}","{'rh': 49.3, 'temp': 24.1, 'wd': 0.0, 'ws': 0.0, 'ws_scalar': 0.0}","{'gas': {'co': 13502, 'co2': 13264, 'no': 13590, 'no2': 13769, 'o3': 13749}, 'pm': {'pm1': 13212, 'pm10': 13214, 'pm25': 13213}}",3.15,11.51,22.66,3.64,4.85,4.06,535532835,49.3,MOD-00617,24.1,2025-11-06T22:57:37,2025-11-06T14:57:37,https://api.quant-aq.com/v1/devices/MOD-00617/data/535532678
2827.53,993.14,"{'lat': None, 'lon': None}","{'rh': 49.6, 'temp': 24.1, 'wd': 0.0, 'ws': 0.0, 'ws_scalar': 0.0}","{'gas': {'co': 13502, 'co2': 13264, 'no': 13590, 'no2': 13769, 'o3': 13749}, 'pm': {'pm1': 13212, 'pm10': 13214, 'pm25': 13213}}",3.17,18.52,22.57,4.68,5.71,5.11,535532834,49.6,MOD-00617,24.1,2025-11-06T22:56:37,2025-11-06T14:56:37,https://api.quant-aq.com/v1/devices/MOD-00617/data/535532676
2859.48,1000.6,"{'lat': None, 'lon': None}","{'rh': 49.7, 'temp': 24.1, 'wd': 0.0, 'ws': 0.0, 'ws_scalar': 0.0}","{'gas': {'co': 13502, 'co2': 13264, 'no': 13590, 'no2': 13769, 'o3': 13749}, 'pm': {'pm1': 13212, 'pm10': 13214, 'pm25': 13213}}",3.16,18.71,21.94,3.81,5.62,4.27,535532833,49.7,MOD-00617,24.1,2025-11-06T22:55:37,2025-11-06T14:55:37,https://api.quant-aq.com/v1/devices/MOD-00617/data/535532677
2919.62,1019.99,"{'lat': None, 'lon': None}","{'rh': 49.4, 'temp': 24.1, 'wd': 0.0, 'ws': 0.0, 'ws_scalar': 0.0}","{'gas': {'co': 13502, 'co2': 13264, 'no': 13590, 'no2': 13769, 'o3': 13749}, 'pm': {'pm1': 13212, 'pm10': 13214, 'pm25': 13213}}",3.15,12.15,20.26,3.59,9.29,3.79,535532836,49.4,MOD-00617,24.1,2025-11-06T22:54:37,2025-11-06T14:54:37,https://api.quant-aq.com/v1/devices/MOD-00617/data/535532679
2939.83,1042.76,"{'lat': None, 'lon': None}","{'rh': 51.0, 'temp': 24.1, 'wd': 0.0, 'ws': 0.0, 'ws_scalar': 0.0}","{'gas': {'co': 13502, 'co2': 13264, 'no': 13590, 'no2': 13769, 'o3': 13749}, 'pm': {'pm1': 13212, 'pm10': 13214, 'pm25': 13213}}",3.14,25.78,23.35,3.67,19.22,4.06,535530573,51.0,MOD-00617,24.1,2025-11-06T22:53:37,2025-11-06T14:53:37,https://api.quant-aq.com/v1/devices/MOD-00617/data/535530415
2964.72,1039.87,"{'lat': None, 'lon': None}","{'rh': 51.8, 'temp': 24.1, 'wd': 0.0, 'ws': 0.0, 'ws_scalar': 0.0}","{'gas': {'co': 13502, 'co2': 13264, 'no': 13590, 'no2': 13769, 'o3': 13749}, 'pm': {'pm1': 13212, 'pm10': 13214, 'pm25': 13213}}",2.61,28.35,25.51,4.01,25.61,4.5,535530571,51.8,MOD-00617,24.1,2025-11-06T22:52:37,2025-11-06T14:52:37,https://api.quant-aq.com/v1/devices/MOD-00617/data/535530414
2990.18,1032.04,"{'lat': None, 'lon': None}","{'rh': 51.2, 'temp': 24.1, 'wd': 0.0, 'ws': 0.0, 'ws_scalar': 0.0}","{'gas': {'co': 13502, 'co2': 13264, 'no': 13590, 'no2': 13769, 'o3': 13749}, 'pm': {'pm1': 13212, 'pm10': 13214, 'pm25': 13213}}",3.28,27.19,25.38,4.2,6.65,4.51,535530574,51.2,MOD-00617,24.1,2025-11-06T22:51:37,2025-11-06T14:51:37,https://api.quant-aq.com/v1/devices/MOD-00617/data/535530417
3011.26,1018.31,"{'lat': None, 'lon': None}","{'rh': 51.0, 'temp': 24.1, 'wd': 0.0, 'ws': 0.0, 'ws_scalar': 0.0}","{'gas': {'co': 13502, 'co2': 13264, 'no': 13590, 'no2': 13769, 'o3': 13749}, 'pm': {'pm1': 13212, 'pm10': 13214, 'pm25': 13213}}",3.32,27.68,24.54,4.34,15.91,4.75,535530572,51.0,MOD-00617,24.1,2025-11-06T22:50:37,2025-11-06T14:50:37,https://api.quant-aq.com/v1/devices/MOD-00617/data/535530416
3034.2,1016.02,"{'lat': None, 'lon': None}","{'rh': 50.5, 'temp': 24.1, 'wd': 0.0, 'ws': 0.0, 'ws_scalar': 0.0}","{'gas': {'co': 13502, 'co2': 13264, 'no': 13590, 'no2': 13769, 'o3': 13749}, 'pm': {'pm1': 13212, 'pm10': 13214, 'pm25': 13213}}",3.13,26.75,23.19,4.34,6.94,4.7,535528285,50.5,MOD-00617,24.1,2025-11-06T22:49:37,2025-11-06T14:49:37,https://api.quant-aq.com/v1/devices/MOD-00617/data/535528129
3058.13,1026.74,"{'lat': None, 'lon': None}","{'rh': 50.9, 'temp': 24.1, 'wd': 0.0, 'ws': 0.0, 'ws_scalar': 0.0}","{'gas': {'co': 13502, 'co2': 13264, 'no': 13590, 'no2': 13769, 'o3': 13749}, 'pm': {'pm1': 13212, 'pm10': 13214, 'pm25': 13213}}",3.31,26.97,24.57,4.35,17.35,4.88,535528287,50.9,MOD-00617,24.1,2025-11-06T22:48:37,2025-11-06T14:48:37,https://api.quant-aq.com/v1/devices/MOD-00617/data/535528131
3075.71,1034.09,"{'lat': None, 'lon': None}","{'rh': 51.0, 'temp': 24.1, 'wd': 0.0, 'ws': 0.0, 'ws_scalar': 0.0}","{'gas': {'co': 13502, 'co2': 13264, 'no': 13590, 'no2': 13769, 'o3': 13749}, 'pm': {'pm1': 13212, 'pm10': 13214, 'pm25': 13213}}",3.3,26.25,25.14,4.38,8.29,4.74,535528286,51.0,MOD-00617,24.1,2025-11-06T22:47:37,2025-11-06T14:47:37,https://api.quant-aq.com/v1/devices/MOD-00617/data/535528128
3091.67,1017.59,"{'lat': None, 'lon': None}","{'rh': 50.5, 'temp': 24.1, 'wd': 0.0, 'ws': 0.0, 'ws_scalar': 0.0}","{'gas': {'co': 13502, 'co2': 13264, 'no': 13590, 'no2': 13769, 'o3': 13749}, 'pm': {'pm1': 13212, 'pm10': 13214, 'pm25': 13213}}",3.16,27.22,25.27,4.34,38.77,4.95,535528288,50.5,MOD-00617,24.1,2025-11-06T22:46:37,2025-11-06T14:46:37,https://api.quant-aq.com/v1/devices/MOD-00617/data/535528130
3106.73,1014.45,"{'lat': None, 'lon': None}","{'rh': 50.1, 'temp': 24.1, 'wd': 0.0, 'ws': 0.0, 'ws_scalar': 0.0}","{'gas': {'co': 13502, 'co2': 13264, 'no': 13590, 'no2': 13769, 'o3': 13749}, 'pm': {'pm1': 13212, 'pm10': 13214, 'pm25': 13213}}",3.17,26.53,23.31,5.07,6.77,5.38,535526000,50.1,MOD-00617,24.1,2025-11-06T22:45:37,2025-11-06T14:45:37,https://api.quant-aq.com/v1/devices/MOD-00617/data/535525843
3119.72,1019.03,"{'lat': None, 'lon': None}","{'rh': 50.3, 'temp': 24.1, 'wd': 0.0, 'ws': 0.0, 'ws_scalar': 0.0}","{'gas': {'co': 13502, 'co2': 13264, 'no': 13590, 'no2': 13769, 'o3': 13749}, 'pm': {'pm1': 13212, 'pm10': 13214, 'pm25': 13213}}",3.15,26.28,24.74,4.02,10.31,4.34,535525998,50.3,MOD-00617,24.1,2025-11-06T22:44:37,2025-11-06T14:44:37,https://api.quant-aq.com/v1/devices/MOD-00617/data/535525841
3129.45,1014.45,"{'lat': None, 'lon': None}","{'rh': 49.9, 'temp': 24.1, 'wd': 0.0, 'ws': 0.0, 'ws_scalar': 0.0}","{'gas': {'co': 13502, 'co2': 13264, 'no': 13590, 'no2': 13769, 'o3': 13749}, 'pm': {'pm1': 13212, 'pm10': 13214, 'pm25': 13213}}",3.18,18.39,24.55,4.67,18.71,5.02,535525999,49.9,MOD-00617,24.1,2025-11-06T22:43:37,2025-11-06T14:43:37,https://api.quant-aq.com/v1/devices/MOD-00617/data/535525840
3129.11,1017.22,"{'lat': None, 'lon': None}","{'rh': 49.8, 'temp': 24.1, 'wd': 0.0, 'ws': 0.0, 'ws_scalar': 0.0}","{'gas': {'co': 13502, 'co2': 13264, 'no': 13590, 'no2': 13769, 'o3': 13749}, 'pm': {'pm1': 13212, 'pm10': 13214, 'pm25': 13213}}",3.15,18.31,24.88,4.93,12.51,5.25,535525997,49.8,MOD-00617,24.1,2025-11-06T22:42:37,2025-11-06T14:42:37,https://api.quant-aq.com/v1/devices/MOD-00617/data/535525842
3139.39,1003.25,"{'lat': None, 'lon': None}","{'rh': 49.2, 'temp': 24.1, 'wd': 0.0, 'ws': 0.0, 'ws_scalar': 0.0}","{'gas': {'co': 13502, 'co2': 13264, 'no': 13590, 'no2': 13769, 'o3': 13749}, 'pm': {'pm1': 13212, 'pm10': 13214, 'pm25': 13213}}",3.17,11.51,24.16,5.07,17.46,5.51,535523739,49.2,MOD-00617,24.1,2025-11-06T22:41:37,2025-11-06T14:41:37,https://api.quant-aq.com/v1/devices/MOD-00617/data/535523582
3149.11,1003.86,"{'lat': None, 'lon': None}","{'rh': 48.8, 'temp': 24.1, 'wd': 0.0, 'ws': 0.0, 'ws_scalar': 0.0}","{'gas': {'co': 13502, 'co2': 13264, 'no': 13590, 'no2': 13769, 'o3': 13749}, 'pm': {'pm1': 13212, 'pm10': 13214, 'pm25': 13213}}",3.23,19.1,23.69,4.34,12.91,4.65,535523738,48.8,MOD-00617,24.1,2025-11-06T22:40:37,2025-11-06T14:40:37,https://api.quant-aq.com/v1/devices/MOD-00617/data/535523581
3150.77,988.68,"{'lat': None, 'lon': None}","{'rh': 48.2, 'temp': 24.1, 'wd': 0.0, 'ws': 0.0, 'ws_scalar': 0.0}","{'gas': {'co': 13502, 'co2': 13264, 'no': 13590, 'no2': 13769, 'o3': 13749}, 'pm': {'pm1': 13212, 'pm10': 13214, 'pm25': 13213}}",3.92,11.81,22.1,4.43,12.44,4.69,535523736,48.2,MOD-00617,24.1,2025-11-06T22:39:37,2025-11-06T14:39:37,https://api.quant-aq.com/v1/devices/MOD-00617/data/535523579
3145.84,985.91,"{'lat': None, 'lon': None}","{'rh': 48.2, 'temp': 24.1, 'wd': 0.0, 'ws': 0.0, 'ws_scalar': 0.0}","{'gas': {'co': 13502, 'co2': 13264, 'no': 13590, 'no2': 13769, 'o3': 13749}, 'pm': {'pm1': 13212, 'pm10': 13214, 'pm25': 13213}}",3.92,11.81,22.1,4.08,10.46,4.44,535523737,48.2,MOD-00617,24.1,2025-11-06T22:38:37,2025-11-06T14:38:37,https://api.quant-aq.com/v1/devices/MOD-00617/data/535523580
3146.86,988.08,"{'lat': None, 'lon': None}","{'rh': 48.5, 'temp': 24.1, 'wd': 0.0, 'ws': 0.0, 'ws_scalar': 0.0}","{'gas': {'co': 13502, 'co2': 13264, 'no': 13590, 'no2': 13769, 'o3': 13749}, 'pm': {'pm1': 13212, 'pm10': 13214, 'pm25': 13213}}",3.9,18.69,22.6,4.27,5.39,4.55,535521419,48.5,MOD-00617,24.1,2025-11-06T22:37:37,2025-11-06T14:37:37,https://api.quant-aq.com/v1/devices/MOD-00617/data/535521263
3139.62,988.92,"{'lat': None, 'lon': None}","{'rh': 48.3, 'temp': 24.1, 'wd': 0.0, 'ws': 0.0, 'ws_scalar': 0.0}","{'gas': {'co': 13502, 'co2': 13264, 'no': 13590, 'no2': 13769, 'o3': 13749}, 'pm': {'pm1': 13212, 'pm10': 13214, 'pm25': 13213}}",3.92,11.79,22.07,4.67,11.07,4.86,535521417,48.3,MOD-00617,24.1,2025-11-06T22:36:37,2025-11-06T14:36:37,https://api.quant-aq.com/v1/devices/MOD-00617/data/535521260
3139.06,985.43,"{'lat': None, 'lon': None}","{'rh': 48.5, 'temp': 24.1, 'wd': 0.0, 'ws': 0.0, 'ws_scalar': 0.0}","{'gas': {'co': 13502, 'co2': 13264, 'no': 13590, 'no2': 13769, 'o3': 13749}, 'pm': {'pm1': 13212, 'pm10': 13214, 'pm25': 13213}}",3.98,18.49,23.48,4.52,14.63,4.89,535521416,48.5,MOD-00617,24.1,2025-11-06T22:35:37,2025-11-06T14:35:37,https://api.quant-aq.com/v1/devices/MOD-00617/data/535521259
3135.65,969.53,"{'lat': None, 'lon': None}","{'rh': 48.1, 'temp': 24.1, 'wd': 0.0, 'ws': 0.0, 'ws_scalar': 0.0}","{'gas': {'co': 13502, 'co2': 13264, 'no': 13590, 'no2': 13769, 'o3': 13749}, 'pm': {'pm1': 13212, 'pm10': 13214, 'pm25': 13213}}",3.92,11.84,21.84,4.31,5.81,4.58,535521418,48.1,MOD-00617,24.1,2025-11-06T22:34:37,2025-11-06T14:34:37,https://api.quant-aq.com/v1/devices/MOD-00617/data/535521261
3135.58,980.49,"{'lat': None, 'lon': None}","{'rh': 48.2, 'temp': 24.1, 'wd': 0.0, 'ws': 0.0, 'ws_scalar': 0.0}","{'gas': {'co': 13502, 'co2': 13264, 'no': 13590, 'no2': 13769, 'o3': 13749}, 'pm': {'pm1': 13212, 'pm10': 13214, 'pm25': 13213}}",3.92,11.81,22.1,4.1,10.51,4.39,535519138,48.2,MOD-00617,24.1,2025-11-06T22:33:37,2025-11-06T14:33:37,https://api.quant-aq.com/v1/devices/MOD-00617/data/535518980
3135.37,991.21,"{'lat': None, 'lon': None}","{'rh': 48.5, 'temp': 24.1, 'wd': 0.0, 'ws': 0.0, 'ws_scalar': 0.0}","{'gas': {'co': 13502, 'co2': 13264, 'no': 13590, 'no2': 13769, 'o3': 13749}, 'pm': {'pm1': 13212, 'pm10': 13214, 'pm25': 13213}}",3.91,18.54,22.6,4.67,10.4,5.01,535519137,48.5,MOD-00617,24.1,2025-11-06T22:32:37,2025-11-06T14:32:37,https://api.quant-aq.com/v1/devices/MOD-00617/data/535518981
3130.37,999.04,"{'lat': None, 'lon': None}","{'rh': 48.6, 'temp': 24.1, 'wd': 0.0, 'ws': 0.0, 'ws_scalar': 0.0}","{'gas': {'co': 13502, 'co2': 13264, 'no': 13590, 'no2': 13769, 'o3': 13749}, 'pm': {'pm1': 13212, 'pm10': 13214, 'pm25': 13213}}",3.98,18.64,22.57,4.41,5.27,4.58,535519136,48.6,MOD-00617,24.1,2025-11-06T22:31:37,2025-11-06T14:31:37,https://api.quant-aq.com/v1/devices/MOD-00617/data/535518979
3126.41,1012.65,"{'lat': None, 'lon': None}","{'rh': 48.4, 'temp': 24.1, 'wd': 0.0, 'ws': 0.0, 'ws_scalar': 0.0}","{'gas': {'co': 13502, 'co2': 13264, 'no': 13590, 'no2': 13769, 'o3': 13749}, 'pm': {'pm1': 13212, 'pm10': 13214, 'pm25': 13213}}",3.91,12.6,22.63,4.46,5.45,4.81,535519135,48.4,MOD-00617,24.1,2025-11-06T22:30:37,2025-11-06T14:30:37,https://api.quant-aq.com/v1/devices/MOD-00617/data/535518978
3105.54,1008.07,"{'lat': None, 'lon': None}","{'rh': 48.3, 'temp': 24.1, 'wd': 0.0, 'ws': 0.0, 'ws_scalar': 0.0}","{'gas': {'co': 13502, 'co2': 13264, 'no': 13590, 'no2': 13769, 'o3': 13749}, 'pm': {'pm1': 13212, 'pm10': 13214, 'pm25': 13213}}",3.92,11.79,22.36,4.48,17.28,4.82,535516909,48.3,MOD-00617,24.1,2025-11-06T22:29:37,2025-11-06T14:29:37,https://api.quant-aq.com/v1/devices/MOD-00617/data/535516753
3103.49,988.08,"{'lat': None, 'lon': None}","{'rh': 48.3, 'temp': 24.1, 'wd': 0.0, 'ws': 0.0, 'ws_scalar': 0.0}","{'gas': {'co': 13502, 'co2': 13264, 'no': 13590, 'no2': 13769, 'o3': 13749}, 'pm': {'pm1': 13212, 'pm10': 13214, 'pm25': 13213}}",3.92,11.78,21.19,4.43,15.6,4.73,535516906,48.3,MOD-00617,24.1,2025-11-06T22:28:37,2025-11-06T14:28:37,https://api.quant-aq.com/v1/devices/MOD-00617/data/535516751
3088.91,992.53,"{'lat': None, 'lon': None}","{'rh': 48.6, 'temp': 24.1, 'wd': 0.0, 'ws': 0.0, 'ws_scalar': 0.0}","{'gas': {'co': 13502, 'co2': 13264, 'no': 13590, 'no2': 13769, 'o3': 13749}, 'pm': {'pm1': 13212, 'pm10': 13214, 'pm25': 13213}}",3.9,18.58,21.98,4.82,6.28,5.19,535516908,48.6,MOD-00617,24.1,2025-11-06T22:27:37,2025-11-06T14:27:37,https://api.quant-aq.com/v1/devices/MOD-00617/data/535516754
3072.42,997.71,"{'lat': None, 'lon': None}","{'rh': 48.7, 'temp': 24.1, 'wd': 0.0, 'ws': 0.0, 'ws_scalar': 0.0}","{'gas': {'co': 13502, 'co2': 13264, 'no': 13590, 'no2': 13769, 'o3': 13749}, 'pm': {'pm1': 13212, 'pm10': 13214, 'pm25': 13213}}",3.97,12.56,22.24,5.1,17.74,5.41,535516904,48.7,MOD-00617,24.1,2025-11-06T22:26:37,2025-11-06T14:26:37,https://api.quant-aq.com/v1/devices/MOD-00617/data/535516747
3050.52,1012.29,"{'lat': None, 'lon': None}","{'rh': 48.9, 'temp': 24.1, 'wd': 0.0, 'ws': 0.0, 'ws_scalar': 0.0}","{'gas': {'co': 13502, 'co2': 13264, 'no': 13590, 'no2': 13769, 'o3': 13749}, 'pm': {'pm1': 13212, 'pm10': 13214, 'pm25': 13213}}",3.24,12.61,23.07,4.83,7.25,5.18,535514454,48.9,MOD-00617,24.1,2025-11-06T22:25:37,2025-11-06T14:25:37,https://api.quant-aq.com/v1/devices/MOD-00617/data/535514297
3021.64,1013.61,"{'lat': None, 'lon': None}","{'rh': 49.1, 'temp': 24.1, 'wd': 0.0, 'ws': 0.0, 'ws_scalar': 0.0}","{'gas': {'co': 13502, 'co2': 13264, 'no': 13590, 'no2': 13769, 'o3': 13749}, 'pm': {'pm1': 13212, 'pm10': 13214, 'pm25': 13213}}",3.18,11.32,23.89,4.17,4.86,4.48,535514451,49.1,MOD-00617,24.1,2025-11-06T22:24:37,2025-11-06T14:24:37,https://api.quant-aq.com/v1/devices/MOD-00617/data/535514294
2984.32,997.95,"{'lat': None, 'lon': None}","{'rh': 48.9, 'temp': 24.0, 'wd': 0.0, 'ws': 0.0, 'ws_scalar': 0.0}","{'gas': {'co': 13502, 'co2': 13264, 'no': 13590, 'no2': 13769, 'o3': 13749}, 'pm': {'pm1': 13212, 'pm10': 13214, 'pm25': 13213}}",3.21,12.3,23.35,5.33,10.85,5.69,535514450,48.9,MOD-00617,24.0,2025-11-06T22:23:37,2025-11-06T14:23:37,https://api.quant-aq.com/v1/devices/MOD-00617/data/535514292
2962.22,986.15,"{'lat': None, 'lon': None}","{'rh': 48.8, 'temp': 24.0, 'wd': 0.0, 'ws': 0.0, 'ws_scalar': 0.0}","{'gas': {'co': 13502, 'co2': 13264, 'no': 13590, 'no2': 13769, 'o3': 13749}, 'pm': {'pm1': 13212, 'pm10': 13214, 'pm25': 13213}}",3.21,12.25,23.38,4.43,15.67,4.75,535514449,48.8,MOD-00617,24.0,2025-11-06T22:22:37,2025-11-06T14:22:37,https://api.quant-aq.com/v1/devices/MOD-00617/data/535514293
2835.52,986.63,"{'lat': None, 'lon': None}","{'rh': 48.6, 'temp': 24.0, 'wd': 0.0, 'ws': 0.0, 'ws_scalar': 0.0}","{'gas': {'co': 13502, 'co2': 13264, 'no': 13590, 'no2': 13769, 'o3': 13749}, 'pm': {'pm1': 13212, 'pm10': 13214, 'pm25': 13213}}",3.98,17.32,23.15,3.98,26.98,4.38,535512142,48.6,MOD-00617,24.0,2025-11-06T22:21:37,2025-11-06T14:21:37,https://api.quant-aq.com/v1/devices/MOD-00617/data/535511986
2829.02,974.83,"{'lat': None, 'lon': None}","{'rh': 48.5, 'temp': 24.0, 'wd': 0.0, 'ws': 0.0, 'ws_scalar': 0.0}","{'gas': {'co': 13502, 'co2': 13264, 'no': 13590, 'no2': 13769, 'o3': 13749}, 'pm': {'pm1': 13212, 'pm10': 13214, 'pm25': 13213}}",3.91,11.5,22.88,3.61,9.35,3.91,535512141,48.5,MOD-00617,24.0,2025-11-06T22:20:37,2025-11-06T14:20:37,https://api.quant-aq.com/v1/devices/MOD-00617/data/535511987
2767.93,969.89,"{'lat': None, 'lon': None}","{'rh': 48.4, 'temp': 24.0, 'wd': 0.0, 'ws': 0.0, 'ws_scalar': 0.0}","{'gas': {'co': 13502, 'co2': 13264, 'no': 13590, 'no2': 13769, 'o3': 13749}, 'pm': {'pm1': 13212, 'pm10': 13214, 'pm25': 13213}}",3.91,12.43,22.91,3.82,6.25,4.24,535512140,48.4,MOD-00617,24.0,2025-11-06T22:19:37,2025-11-06T14:19:37,https://api.quant-aq.com/v1/devices/MOD-00617/data/535511982
2713.4,973.86,"{'lat': None, 'lon': None}","{'rh': 48.3, 'temp': 24.0, 'wd': 0.0, 'ws': 0.0, 'ws_scalar': 0.0}","{'gas': {'co': 13502, 'co2': 13264, 'no': 13590, 'no2': 13769, 'o3': 13749}, 'pm': {'pm1': 13212, 'pm10': 13214, 'pm25': 13213}}",3.92,11.61,22.06,4.06,15.09,4.46,535512139,48.3,MOD-00617,24.0,2025-11-06T22:18:37,2025-11-06T14:18:37,https://api.quant-aq.com/v1/devices/MOD-00617/data/535511983
2670.23,971.82,"{'lat': None, 'lon': None}","{'rh': 48.4, 'temp': 24.0, 'wd': 0.0, 'ws': 0.0, 'ws_scalar': 0.0}","{'gas': {'co': 13502, 'co2': 13264, 'no': 13590, 'no2': 13769, 'o3': 13749}, 'pm': {'pm1': 13212, 'pm10': 13214, 'pm25': 13213}}",3.91,12.42,22.62,4.86,11.33,5.25,535509871,48.4,MOD-00617,24.0,2025-11-06T22:17:37,2025-11-06T14:17:37,https://api.quant-aq.com/v1/devices/MOD-00617/data/535509714
2646.49,972.9,"{'lat': None, 'lon': None}","{'rh': 48.3, 'temp': 24.0, 'wd': 0.0, 'ws': 0.0, 'ws_scalar': 0.0}","{'gas': {'co': 13502, 'co2': 13264, 'no': 13590, 'no2': 13769, 'o3': 13749}, 'pm': {'pm1': 13212, 'pm10': 13214, 'pm25': 13213}}",3.92,11.61,21.77,4.56,11.1,4.94,535509872,48.3,MOD-00617,24.0,2025-11-06T22:16:37,2025-11-06T14:16:37,https://api.quant-aq.com/v1/devices/MOD-00617/data/535509716
2656.95,993.62,"{'lat': None, 'lon': None}","{'rh': 48.6, 'temp': 24.0, 'wd': 0.0, 'ws': 0.0, 'ws_scalar': 0.0}","{'gas': {'co': 13502, 'co2': 13264, 'no': 13590, 'no2': 13769, 'o3': 13749}, 'pm': {'pm1': 13212, 'pm10': 13214, 'pm25': 13213}}",3.9,11.43,22.56,4.26,11.06,4.63,535509870,48.6,MOD-00617,24.0,2025-11-06T22:15:37,2025-11-06T14:15:37,https://api.quant-aq.com/v1/devices/MOD-00617/data/535509713
2669.87,1009.03,"{'lat': None, 'lon': None}","{'rh': 48.9, 'temp': 24.0, 'wd': 0.0, 'ws': 0.0, 'ws_scalar': 0.0}","{'gas': {'co': 13502, 'co2': 13264, 'no': 13590, 'no2': 13769, 'o3': 13749}, 'pm': {'pm1': 13212, 'pm10': 13214, 'pm25': 13213}}",3.21,12.32,23.06,3.35,5.32,3.81,535509873,48.9,MOD-00617,24.0,2025-11-06T22:14:37,2025-11-06T14:14:37,https://api.quant-aq.com/v1/devices/MOD-00617/data/535509715
2673.37,978.44,"{'lat': None, 'lon': None}","{'rh': 48.6, 'temp': 24.0, 'wd': 0.0, 'ws': 0.0, 'ws_scalar': 0.0}","{'gas': {'co': 13502, 'co2': 13264, 'no': 13590, 'no2': 13769, 'o3': 13749}, 'pm': {'pm1': 13212, 'pm10': 13214, 'pm25': 13213}}",3.98,17.47,21.97,3.77,23.25,4.24,535507617,48.6,MOD-00617,24.0,2025-11-06T22:13:37,2025-11-06T14:13:37,https://api.quant-aq.com/v1/devices/MOD-00617/data/535507460
2687.11,995.54,"{'lat': None, 'lon': None}","{'rh': 48.9, 'temp': 24.0, 'wd': 0.0, 'ws': 0.0, 'ws_scalar': 0.0}","{'gas': {'co': 13502, 'co2': 13264, 'no': 13590, 'no2': 13769, 'o3': 13749}, 'pm': {'pm1': 13212, 'pm10': 13214, 'pm25': 13213}}",3.17,12.3,23.06,3.82,14.6,4.28,535507615,48.9,MOD-00617,24.0,2025-11-06T22:12:37,2025-11-06T14:12:37,https://api.quant-aq.com/v1/devices/MOD-00617/data/535507458
2679.99,986.51,"{'lat': None, 'lon': None}","{'rh': 49.1, 'temp': 24.0, 'wd': 0.0, 'ws': 0.0, 'ws_scalar': 0.0}","{'gas': {'co': 13502, 'co2': 13264, 'no': 13590, 'no2': 13769, 'o3': 13749}, 'pm': {'pm1': 13212, 'pm10': 13214, 'pm25': 13213}}",3.17,11.29,23.89,4.08,10.53,4.52,535507616,49.1,MOD-00617,24.0,2025-11-06T22:11:37,2025-11-06T14:11:37,https://api.quant-aq.com/v1/devices/MOD-00617/data/535507459
2687.88,967.0,"{'lat': None, 'lon': None}","{'rh': 48.4, 'temp': 24.0, 'wd': 0.0, 'ws': 0.0, 'ws_scalar': 0.0}","{'gas': {'co': 13502, 'co2': 13264, 'no': 13590, 'no2': 13769, 'o3': 13749}, 'pm': {'pm1': 13212, 'pm10': 13214, 'pm25': 13213}}",3.91,12.4,22.62,3.49,4.5,3.85,535507614,48.4,MOD-00617,24.0,2025-11-06T22:10:37,2025-11-06T14:10:37,https://api.quant-aq.com/v1/devices/MOD-00617/data/535507457
2700.19,973.38,"{'lat': None, 'lon': None}","{'rh': 48.4, 'temp': 24.0, 'wd': 0.0, 'ws': 0.0, 'ws_scalar': 0.0}","{'gas': {'co': 13502, 'co2': 13264, 'no': 13590, 'no2': 13769, 'o3': 13749}, 'pm': {'pm1': 13212, 'pm10': 13214, 'pm25': 13213}}",3.92,12.4,22.32,3.48,4.0,3.92,535505368,48.4,MOD-00617,24.0,2025-11-06T22:09:37,2025-11-06T14:09:37,https://api.quant-aq.com/v1/devices/MOD-00617/data/535505212
2663.18,969.77,"{'lat': None, 'lon': None}","{'rh': 48.5, 'temp': 24.0, 'wd': 0.0, 'ws': 0.0, 'ws_scalar': 0.0}","{'gas': {'co': 13502, 'co2': 13264, 'no': 13590, 'no2': 13769, 'o3': 13749}, 'pm': {'pm1': 13212, 'pm10': 13214, 'pm25': 13213}}",3.9,17.49,22.59,3.17,6.1,3.46,535505366,48.5,MOD-00617,24.0,2025-11-06T22:08:37,2025-11-06T14:08:37,https://api.quant-aq.com/v1/devices/MOD-00617/data/535505210
2685.08,957.97,"{'lat': None, 'lon': None}","{'rh': 48.3, 'temp': 24.0, 'wd': 0.0, 'ws': 0.0, 'ws_scalar': 0.0}","{'gas': {'co': 13502, 'co2': 13264, 'no': 13590, 'no2': 13769, 'o3': 13749}, 'pm': {'pm1': 13212, 'pm10': 13214, 'pm25': 13213}}",3.92,12.45,21.77,3.3,15.9,3.66,535505364,48.3,MOD-00617,24.0,2025-11-06T22:07:37,2025-11-06T14:07:37,https://api.quant-aq.com/v1/devices/MOD-00617/data/535505207
2697.73,960.49,"{'lat': None, 'lon': None}","{'rh': 48.4, 'temp': 24.0, 'wd': 0.0, 'ws': 0.0, 'ws_scalar': 0.0}","{'gas': {'co': 13502, 'co2': 13264, 'no': 13590, 'no2': 13769, 'o3': 13749}, 'pm': {'pm1': 13212, 'pm10': 13214, 'pm25': 13213}}",3.92,12.41,23.21,3.12,8.86,3.51,535505365,48.4,MOD-00617,24.0,2025-11-06T22:06:37,2025-11-06T14:06:37,https://api.quant-aq.com/v1/devices/MOD-00617/data/535505208
2714.35,974.35,"{'lat': None, 'lon': None}","{'rh': 48.7, 'temp': 24.0, 'wd': 0.0, 'ws': 0.0, 'ws_scalar': 0.0}","{'gas': {'co': 13502, 'co2': 13264, 'no': 13590, 'no2': 13769, 'o3': 13749}, 'pm': {'pm1': 13212, 'pm10': 13214, 'pm25': 13213}}",3.97,18.13,23.12,3.99,10.24,4.38,535503075,48.7,MOD-00617,24.0,2025-11-06T22:05:37,2025-11-06T14:05:37,https://api.quant-aq.com/v1/devices/MOD-00617/data/535502918
2728.18,950.5,"{'lat': None, 'lon': None}","{'rh': 48.3, 'temp': 24.0, 'wd': 0.0, 'ws': 0.0, 'ws_scalar': 0.0}","{'gas': {'co': 13502, 'co2': 13264, 'no': 13590, 'no2': 13769, 'o3': 13749}, 'pm': {'pm1': 13212, 'pm10': 13214, 'pm25': 13213}}",3.92,12.43,22.35,3.11,15.83,3.59,535503073,48.3,MOD-00617,24.0,2025-11-06T22:04:37,2025-11-06T14:04:37,https://api.quant-aq.com/v1/devices/MOD-00617/data/535502916
2754.93,960.13,"{'lat': None, 'lon': None}","{'rh': 48.2, 'temp': 24.0, 'wd': 0.0, 'ws': 0.0, 'ws_scalar': 0.0}","{'gas': {'co': 13502, 'co2': 13264, 'no': 13590, 'no2': 13769, 'o3': 13749}, 'pm': {'pm1': 13212, 'pm10': 13214, 'pm25': 13213}}",3.92,12.49,22.38,3.64,17.64,4.09,535503071,48.2,MOD-00617,24.0,2025-11-06T22:03:37,2025-11-06T14:03:37,https://api.quant-aq.com/v1/devices/MOD-00617/data/535502914
2769.37,954.23,"{'lat': None, 'lon': None}","{'rh': 48.1, 'temp': 24.0, 'wd': 0.0, 'ws': 0.0, 'ws_scalar': 0.0}","{'gas': {'co': 13502, 'co2': 13264, 'no': 13590, 'no2': 13769, 'o3': 13749}, 'pm': {'pm1': 13212, 'pm10': 13214, 'pm25': 13213}}",3.93,11.67,22.41,3.1,6.93,3.54,535503077,48.1,MOD-00617,24.0,2025-11-06T22:02:37,2025-11-06T14:02:37,https://api.quant-aq.com/v1/devices/MOD-00617/data/535502917
2795.38,946.88,"{'lat': None, 'lon': None}","{'rh': 47.9, 'temp': 24.0, 'wd': 0.0, 'ws': 0.0, 'ws_scalar': 0.0}","{'gas': {'co': 13502, 'co2': 13264, 'no': 13590, 'no2': 13769, 'o3': 13749}, 'pm': {'pm1': 13212, 'pm10': 13214, 'pm25': 13213}}",3.56,11.73,21.89,3.49,8.35,3.94,535500821,47.9,MOD-00617,24.0,2025-11-06T22:01:37,2025-11-06T14:01:37,https://api.quant-aq.com/v1/devices/MOD-00617/data/535500664
2822.88,945.8,"{'lat': None, 'lon': None}","{'rh': 47.9, 'temp': 24.0, 'wd': 0.0, 'ws': 0.0, 'ws_scalar': 0.0}","{'gas': {'co': 13502, 'co2': 13264, 'no': 13590, 'no2': 13769, 'o3': 13749}, 'pm': {'pm1': 13212, 'pm10': 13214, 'pm25': 13213}}",3.6,11.73,21.59,4.03,15.57,4.46,535500818,47.9,MOD-00617,24.0,2025-11-06T22:00:37,2025-11-06T14:00:37,https://api.quant-aq.com/v1/devices/MOD-00617/data/535500662
2836.28,968.56,"{'lat': None, 'lon': None}","{'rh': 48.1, 'temp': 24.0, 'wd': 0.0, 'ws': 0.0, 'ws_scalar': 0.0}","{'gas': {'co': 13502, 'co2': 13264, 'no': 13590, 'no2': 13769, 'o3': 13749}, 'pm': {'pm1': 13212, 'pm10': 13214, 'pm25': 13213}}",3.93,11.67,22.12,3.94,11.32,4.61,535500819,48.1,MOD-00617,24.0,2025-11-06T21:59:37,2025-11-06T13:59:37,https://api.quant-aq.com/v1/devices/MOD-00617/data/535500663
2848.67,940.02,"{'lat': None, 'lon': None}","{'rh': 48.0, 'temp': 24.0, 'wd': 0.0, 'ws': 0.0, 'ws_scalar': 0.0}","{'gas': {'co': 13502, 'co2': 13264, 'no': 13590, 'no2': 13769, 'o3': 13749}, 'pm': {'pm1': 13212, 'pm10': 13214, 'pm25': 13213}}",3.58,11.7,21.86,3.96,13.66,4.57,535500820,48.0,MOD-00617,24.0,2025-11-06T21:58:37,2025-11-06T13:58:37,https://api.quant-aq.com/v1/devices/MOD-00617/data/535500661
2850.1,954.71,"{'lat': None, 'lon': None}","{'rh': 48.3, 'temp': 24.0, 'wd': 0.0, 'ws': 0.0, 'ws_scalar': 0.0}","{'gas': {'co': 13502, 'co2': 13264, 'no': 13590, 'no2': 13769, 'o3': 13749}, 'pm': {'pm1': 13212, 'pm10': 13214, 'pm25': 13213}}",3.92,12.42,21.47,4.84,6.22,5.43,535498487,48.3,MOD-00617,24.0,2025-11-06T21:57:37,2025-11-06T13:57:37,https://api.quant-aq.com/v1/devices/MOD-00617/data/535498329
2869.73,965.43,"{'lat': None, 'lon': None}","{'rh': 48.4, 'temp': 24.0, 'wd': 0.0, 'ws': 0.0, 'ws_scalar': 0.0}","{'gas': {'co': 13502, 'co2': 13264, 'no': 13590, 'no2': 13769, 'o3': 13749}, 'pm': {'pm1': 13212, 'pm10': 13214, 'pm25': 13213}}",3.93,12.4,21.44,4.68,13.44,5.21,535498486,48.4,MOD-00617,24.0,2025-11-06T21:56:37,2025-11-06T13:56:37,https://api.quant-aq.com/v1/devices/MOD-00617/data/535498330
2875.2,974.23,"{'lat': None, 'lon': None}","{'rh': 48.8, 'temp': 24.0, 'wd': 0.0, 'ws': 0.0, 'ws_scalar': 0.0}","{'gas': {'co': 13502, 'co2': 13264, 'no': 13590, 'no2': 13769, 'o3': 13749}, 'pm': {'pm1': 13212, 'pm10': 13214, 'pm25': 13213}}",3.89,12.66,22.5,4.83,6.73,5.52,535498489,48.8,MOD-00617,24.0,2025-11-06T21:55:37,2025-11-06T13:55:37,https://api.quant-aq.com/v1/devices/MOD-00617/data/535498332
2887.99,980.97,"{'lat': None, 'lon': None}","{'rh': 48.7, 'temp': 24.0, 'wd': 0.0, 'ws': 0.0, 'ws_scalar': 0.0}","{'gas': {'co': 13502, 'co2': 13264, 'no': 13590, 'no2': 13769, 'o3': 13749}, 'pm': {'pm1': 13212, 'pm10': 13214, 'pm25': 13213}}",3.91,17.48,21.65,5.55,10.65,5.93,535498488,48.7,MOD-00617,24.0,2025-11-06T21:54:37,2025-11-06T13:54:37,https://api.quant-aq.com/v1/devices/MOD-00617/data/535498331
2903.86,999.76,"{'lat': None, 'lon': None}","{'rh': 48.9, 'temp': 24.0, 'wd': 0.0, 'ws': 0.0, 'ws_scalar': 0.0}","{'gas': {'co': 13502, 'co2': 13264, 'no': 13590, 'no2': 13769, 'o3': 13749}, 'pm': {'pm1': 13212, 'pm10': 13214, 'pm25': 13213}}",3.17,12.63,22.18,5.41,9.25,5.78,535496225,48.9,MOD-00617,24.0,2025-11-06T21:53:37,2025-11-06T13:53:37,https://api.quant-aq.com/v1/devices/MOD-00617/data/535496068
2913.57,1003.98,"{'lat': None, 'lon': None}","{'rh': 49.1, 'temp': 24.0, 'wd': 0.0, 'ws': 0.0, 'ws_scalar': 0.0}","{'gas': {'co': 13502, 'co2': 13264, 'no': 13590, 'no2': 13769, 'o3': 13749}, 'pm': {'pm1': 13212, 'pm10': 13214, 'pm25': 13213}}",3.18,11.3,22.12,5.61,9.1,6.09,535496226,49.1,MOD-00617,24.0,2025-11-06T21:52:37,2025-11-06T13:52:37,https://api.quant-aq.com/v1/devices/MOD-00617/data/535496069
2925.67,1008.55,"{'lat': None, 'lon': None}","{'rh': 49.4, 'temp': 24.0, 'wd': 0.0, 'ws': 0.0, 'ws_scalar': 0.0}","{'gas': {'co': 13502, 'co2': 13264, 'no': 13590, 'no2': 13769, 'o3': 13749}, 'pm': {'pm1': 13212, 'pm10': 13214, 'pm25': 13213}}",3.24,10.23,23.5,5.41,14.04,6.16,535496227,49.4,MOD-00617,24.0,2025-11-06T21:51:37,2025-11-06T13:51:37,https://api.quant-aq.com/v1/devices/MOD-00617/data/535496070
2946.2,1007.59,"{'lat': None, 'lon': None}","{'rh': 49.4, 'temp': 24.0, 'wd': 0.0, 'ws': 0.0, 'ws_scalar': 0.0}","{'gas': {'co': 13502, 'co2': 13264, 'no': 13590, 'no2': 13769, 'o3': 13749}, 'pm': {'pm1': 13212, 'pm10': 13214, 'pm25': 13213}}",3.24,10.11,23.21,5.51,10.73,6.12,535496228,49.4,MOD-00617,24.0,2025-11-06T21:50:37,2025-11-06T13:50:37,https://api.quant-aq.com/v1/devices/MOD-00617/data/535496071
2948.46,1001.93,"{'lat': None, 'lon': None}","{'rh': 49.1, 'temp': 24.0, 'wd': 0.0, 'ws': 0.0, 'ws_scalar': 0.0}","{'gas': {'co': 13502, 'co2': 13264, 'no': 13590, 'no2': 13769, 'o3': 13749}, 'pm': {'pm1': 13212, 'pm10': 13214, 'pm25': 13213}}",3.17,11.3,23.0,5.37,6.3,5.89,535494009,49.1,MOD-00617,24.0,2025-11-06T21:49:37,2025-11-06T13:49:37,https://api.quant-aq.com/v1/devices/MOD-00617/data/535493854
2969.06,999.28,"{'lat': None, 'lon': None}","{'rh': 49.0, 'temp': 24.0, 'wd': 0.0, 'ws': 0.0, 'ws_scalar': 0.0}","{'gas': {'co': 13502, 'co2': 13264, 'no': 13590, 'no2': 13769, 'o3': 13749}, 'pm': {'pm1': 13212, 'pm10': 13214, 'pm25': 13213}}",3.17,11.27,22.44,5.32,7.13,5.74,535494011,49.0,MOD-00617,24.0,2025-11-06T21:48:37,2025-11-06T13:48:37,https://api.quant-aq.com/v1/devices/MOD-00617/data/535493853
2983.43,997.71,"{'lat': None, 'lon': None}","{'rh': 49.0, 'temp': 24.0, 'wd': 0.0, 'ws': 0.0, 'ws_scalar': 0.0}","{'gas': {'co': 13502, 'co2': 13264, 'no': 13590, 'no2': 13769, 'o3': 13749}, 'pm': {'pm1': 13212, 'pm10': 13214, 'pm25': 13213}}",3.18,11.27,22.15,5.45,16.43,5.92,535494005,49.0,MOD-00617,24.0,2025-11-06T21:47:37,2025-11-06T13:47:37,https://api.quant-aq.com/v1/devices/MOD-00617/data/535493849
2996.83,1006.5,"{'lat': None, 'lon': None}","{'rh': 49.2, 'temp': 24.0, 'wd': 0.0, 'ws': 0.0, 'ws_scalar': 0.0}","{'gas': {'co': 13502, 'co2': 13264, 'no': 13590, 'no2': 13769, 'o3': 13749}, 'pm': {'pm1': 13212, 'pm10': 13214, 'pm25': 13213}}",3.17,11.3,22.68,5.44,6.55,5.89,535494008,49.2,MOD-00617,24.0,2025-11-06T21:46:37,2025-11-06T13:46:37,https://api.quant-aq.com/v1/devices/MOD-00617/data/535493852
3006.35,993.14,"{'lat': None, 'lon': None}","{'rh': 49.1, 'temp': 24.0, 'wd': 0.0, 'ws': 0.0, 'ws_scalar': 0.0}","{'gas': {'co': 13502, 'co2': 13264, 'no': 13590, 'no2': 13769, 'o3': 13749}, 'pm': {'pm1': 13212, 'pm10': 13214, 'pm25': 13213}}",3.17,11.27,23.3,5.98,11.49,6.5,535491695,49.1,MOD-00617,24.0,2025-11-06T21:45:37,2025-11-06T13:45:37,https://api.quant-aq.com/v1/devices/MOD-00617/data/535491538
3019.21,998.31,"{'lat': None, 'lon': None}","{'rh': 48.9, 'temp': 24.0, 'wd': 0.0, 'ws': 0.0, 'ws_scalar': 0.0}","{'gas': {'co': 13502, 'co2': 13264, 'no': 13590, 'no2': 13769, 'o3': 13749}, 'pm': {'pm1': 13212, 'pm10': 13214, 'pm25': 13213}}",3.17,12.62,22.18,5.06,11.33,5.47,535491696,48.9,MOD-00617,24.0,2025-11-06T21:44:37,2025-11-06T13:44:37,https://api.quant-aq.com/v1/devices/MOD-00617/data/535491539
3029.96,982.54,"{'lat': None, 'lon': None}","{'rh': 48.8, 'temp': 24.0, 'wd': 0.0, 'ws': 0.0, 'ws_scalar': 0.0}","{'gas': {'co': 13502, 'co2': 13264, 'no': 13590, 'no2': 13769, 'o3': 13749}, 'pm': {'pm1': 13212, 'pm10': 13214, 'pm25': 13213}}",3.9,12.63,21.91,5.6,6.18,6.07,535491697,48.8,MOD-00617,24.0,2025-11-06T21:43:37,2025-11-06T13:43:37,https://api.quant-aq.com/v1/devices/MOD-00617/data/535491541
3044.25,996.87,"{'lat': None, 'lon': None}","{'rh': 48.9, 'temp': 24.0, 'wd': 0.0, 'ws': 0.0, 'ws_scalar': 0.0}","{'gas': {'co': 13502, 'co2': 13264, 'no': 13590, 'no2': 13769, 'o3': 13749}, 'pm': {'pm1': 13212, 'pm10': 13214, 'pm25': 13213}}",3.18,12.65,22.18,5.77,16.75,6.12,535491694,48.9,MOD-00617,24.0,2025-11-06T21:42:37,2025-11-06T13:42:37,https://api.quant-aq.com/v1/devices/MOD-00617/data/535491537
3057.52,999.28,"{'lat': None, 'lon': None}","{'rh': 49.3, 'temp': 24.0, 'wd': 0.0, 'ws': 0.0, 'ws_scalar': 0.0}","{'gas': {'co': 13502, 'co2': 13264, 'no': 13590, 'no2': 13769, 'o3': 13749}, 'pm': {'pm1': 13212, 'pm10': 13214, 'pm25': 13213}}",3.16,11.22,23.24,6.46,8.48,6.88,535489492,49.3,MOD-00617,24.0,2025-11-06T21:41:37,2025-11-06T13:41:37,https://api.quant-aq.com/v1/devices/MOD-00617/data/535489335
3057.84,984.1,"{'lat': None, 'lon': None}","{'rh': 49.0, 'temp': 24.1, 'wd': 0.0, 'ws': 0.0, 'ws_scalar': 0.0}","{'gas': {'co': 13502, 'co2': 13264, 'no': 13590, 'no2': 13769, 'o3': 13749}, 'pm': {'pm1': 13212, 'pm10': 13214, 'pm25': 13213}}",3.17,13.35,22.74,6.69,10.04,7.19,535489486,49.0,MOD-00617,24.1,2025-11-06T21:40:37,2025-11-06T13:40:37,https://api.quant-aq.com/v1/devices/MOD-00617/data/535489331
3058.01,978.08,"{'lat': None, 'lon': None}","{'rh': 48.6, 'temp': 24.0, 'wd': 0.0, 'ws': 0.0, 'ws_scalar': 0.0}","{'gas': {'co': 13502, 'co2': 13264, 'no': 13590, 'no2': 13769, 'o3': 13749}, 'pm': {'pm1': 13212, 'pm10': 13214, 'pm25': 13213}}",3.91,17.95,22.27,6.38,7.9,6.66,535489491,48.6,MOD-00617,24.0,2025-11-06T21:39:37,2025-11-06T13:39:37,https://api.quant-aq.com/v1/devices/MOD-00617/data/535489332
3053.68,986.99,"{'lat': None, 'lon': None}","{'rh': 48.5, 'temp': 24.1, 'wd': 0.0, 'ws': 0.0, 'ws_scalar': 0.0}","{'gas': {'co': 13502, 'co2': 13264, 'no': 13590, 'no2': 13769, 'o3': 13749}, 'pm': {'pm1': 13212, 'pm10': 13214, 'pm25': 13213}}",3.91,19.06,21.72,6.67,18.4,7.05,535489488,48.5,MOD-00617,24.1,2025-11-06T21:38:37,2025-11-06T13:38:37,https://api.quant-aq.com/v1/devices/MOD-00617/data/535489334
3043.42,986.99,"{'lat': None, 'lon': None}","{'rh': 48.5, 'temp': 24.1, 'wd': 0.0, 'ws': 0.0, 'ws_scalar': 0.0}","{'gas': {'co': 13502, 'co2': 13264, 'no': 13590, 'no2': 13769, 'o3': 13749}, 'pm': {'pm1': 13212, 'pm10': 13214, 'pm25': 13213}}",4.09,19.06,22.01,6.39,9.17,6.81,535487170,48.5,MOD-00617,24.1,2025-11-06T21:37:37,2025-11-06T13:37:37,https://api.quant-aq.com/v1/devices/MOD-00617/data/535487014
3023.16,981.69,"{'lat': None, 'lon': None}","{'rh': 48.7, 'temp': 24.1, 'wd': 0.0, 'ws': 0.0, 'ws_scalar': 0.0}","{'gas': {'co': 13502, 'co2': 13264, 'no': 13590, 'no2': 13769, 'o3': 13749}, 'pm': {'pm1': 13212, 'pm10': 13214, 'pm25': 13213}}",4.0,18.93,22.54,6.09,17.61,6.28,535487168,48.7,MOD-00617,24.1,2025-11-06T21:36:37,2025-11-06T13:36:37,https://api.quant-aq.com/v1/devices/MOD-00617/data/535487013
2998.94,989.88,"{'lat': None, 'lon': None}","{'rh': 48.7, 'temp': 24.1, 'wd': 0.0, 'ws': 0.0, 'ws_scalar': 0.0}","{'gas': {'co': 13502, 'co2': 13264, 'no': 13590, 'no2': 13769, 'o3': 13749}, 'pm': {'pm1': 13212, 'pm10': 13214, 'pm25': 13213}}",3.89,19.12,22.24,6.49,12.42,6.82,535487171,48.7,MOD-00617,24.1,2025-11-06T21:35:37,2025-11-06T13:35:37,https://api.quant-aq.com/v1/devices/MOD-00617/data/535487011
2986.28,996.99,"{'lat': None, 'lon': None}","{'rh': 48.6, 'temp': 24.1, 'wd': 0.0, 'ws': 0.0, 'ws_scalar': 0.0}","{'gas': {'co': 13502, 'co2': 13264, 'no': 13590, 'no2': 13769, 'o3': 13749}, 'pm': {'pm1': 13212, 'pm10': 13214, 'pm25': 13213}}",3.54,19.07,21.69,6.71,21.69,7.16,535487169,48.6,MOD-00617,24.1,2025-11-06T21:34:37,2025-11-06T13:34:37,https://api.quant-aq.com/v1/devices/MOD-00617/data/535487012
2972.11,995.42,"{'lat': None, 'lon': None}","{'rh': 48.9, 'temp': 24.1, 'wd': 0.0, 'ws': 0.0, 'ws_scalar': 0.0}","{'gas': {'co': 13502, 'co2': 13264, 'no': 13590, 'no2': 13769, 'o3': 13749}, 'pm': {'pm1': 13212, 'pm10': 13214, 'pm25': 13213}}",3.84,12.58,21.59,6.48,17.44,6.82,535484921,48.9,MOD-00617,24.1,2025-11-06T21:33:37,2025-11-06T13:33:37,https://api.quant-aq.com/v1/devices/MOD-00617/data/535484764
2968.21,1013.97,"{'lat': None, 'lon': None}","{'rh': 49.2, 'temp': 24.1, 'wd': 0.0, 'ws': 0.0, 'ws_scalar': 0.0}","{'gas': {'co': 13502, 'co2': 13264, 'no': 13590, 'no2': 13769, 'o3': 13749}, 'pm': {'pm1': 13212, 'pm10': 13214, 'pm25': 13213}}",3.16,11.57,23.27,7.4,8.67,7.91,535484920,49.2,MOD-00617,24.1,2025-11-06T21:32:37,2025-11-06T13:32:37,https://api.quant-aq.com/v1/devices/MOD-00617/data/535484762
2956.85,1021.68,"{'lat': None, 'lon': None}","{'rh': 49.0, 'temp': 24.1, 'wd': 0.0, 'ws': 0.0, 'ws_scalar': 0.0}","{'gas': {'co': 13502, 'co2': 13264, 'no': 13590, 'no2': 13769, 'o3': 13749}, 'pm': {'pm1': 13212, 'pm10': 13214, 'pm25': 13213}}",3.16,13.35,23.04,7.24,20.46,7.55,535484919,49.0,MOD-00617,24.1,2025-11-06T21:31:37,2025-11-06T13:31:37,https://api.quant-aq.com/v1/devices/MOD-00617/data/535484763
2975.4,1016.86,"{'lat': None, 'lon': None}","{'rh': 48.9, 'temp': 24.1, 'wd': 0.0, 'ws': 0.0, 'ws_scalar': 0.0}","{'gas': {'co': 13502, 'co2': 13264, 'no': 13590, 'no2': 13769, 'o3': 13749}, 'pm': {'pm1': 13212, 'pm10': 13214, 'pm25': 13213}}",3.84,13.35,22.18,6.37,18.58,6.87,535484918,48.9,MOD-00617,24.1,2025-11-06T21:30:37,2025-11-06T13:30:37,https://api.quant-aq.com/v1/devices/MOD-00617/data/535484761
,1021.44,"{'lat': None, 'lon': None}","{'rh': 49.0, 'temp': 24.1, 'wd': 0.0, 'ws': 0.0, 'ws_scalar': 0.0}","{'gas': {'co': None, 'co2': 13264, 'no': 13590, 'no2': 13769, 'o3': 13749}, 'pm': {'pm1': 13212, 'pm10': 13214, 'pm25': 13213}}",3.17,12.99,21.86,5.92,27.18,6.41,535482692,49.0,MOD-00617,24.1,2025-11-06T21:29:37,2025-11-06T13:29:37,https://api.quant-aq.com/v1/devices/MOD-00617/data/535482534
,1006.38,"{'lat': None, 'lon': None}","{'rh': 49.0, 'temp': 24.1, 'wd': 0.0, 'ws': 0.0, 'ws_scalar': 0.0}","{'gas': {'co': None, 'co2': 13264, 'no': 13590, 'no2': 13769, 'o3': 13749}, 'pm': {'pm1': 13212, 'pm10': 13214, 'pm25': 13213}}",3.17,12.91,21.86,6.24,18.88,6.61,535482693,49.0,MOD-00617,24.1,2025-11-06T21:28:37,2025-11-06T13:28:37,https://api.quant-aq.com/v1/devices/MOD-00617/data/535482536
,1014.7,"{'lat': None, 'lon': None}","{'rh': 48.8, 'temp': 24.1, 'wd': 0.0, 'ws': 0.0, 'ws_scalar': 0.0}","{'gas': {'co': None, 'co2': 13264, 'no': 13590, 'no2': 13769, 'o3': 13749}, 'pm': {'pm1': 13212, 'pm10': 13214, 'pm25': 13213}}",3.86,19.28,21.33,5.54,11.82,5.96,535482691,48.8,MOD-00617,24.1,2025-11-06T21:27:37,2025-11-06T13:27:37,https://api.quant-aq.com/v1/devices/MOD-00617/data/535482535
,1052.15,"{'lat': None, 'lon': None}","{'rh': 49.0, 'temp': 24.1, 'wd': 0.0, 'ws': 0.0, 'ws_scalar': 0.0}","{'gas': {'co': None, 'co2': 13264, 'no': 13590, 'no2': 13769, 'o3': 13749}, 'pm': {'pm1': 13212, 'pm10': 13214, 'pm25': 13213}}",3.17,13.35,21.56,5.08,7.26,5.45,535482690,49.0,MOD-00617,24.1,2025-11-06T21:26:37,2025-11-06T13:26:37,https://api.quant-aq.com/v1/devices/MOD-00617/data/535482533
,1050.11,"{'lat': None, 'lon': None}","{'rh': 49.1, 'temp': 24.1, 'wd': 0.0, 'ws': 0.0, 'ws_scalar': 0.0}","{'gas': {'co': None, 'co2': 13264, 'no': 13590, 'no2': 13769, 'o3': 13749}, 'pm': {'pm1': 13212, 'pm10': 13214, 'pm25': 13213}}",3.17,11.56,21.53,5.77,16.1,6.09,535480357,49.1,MOD-00617,24.1,2025-11-06T21:25:37,2025-11-06T13:25:37,https://api.quant-aq.com/v1/devices/MOD-00617/data/535480200
,1040.83,"{'lat': None, 'lon': None}","{'rh': 49.3, 'temp': 24.2, 'wd': 0.0, 'ws': 0.0, 'ws_scalar': 0.0}","{'gas': {'co': None, 'co2': 13264, 'no': 13590, 'no2': 13769, 'o3': 13749}, 'pm': {'pm1': 13212, 'pm10': 13214, 'pm25': 13213}}",3.14,15.11,22.37,6.3,7.42,6.68,535480354,49.3,MOD-00617,24.2,2025-11-06T21:24:37,2025-11-06T13:24:37,https://api.quant-aq.com/v1/devices/MOD-00617/data/535480196
,1035.29,"{'lat': None, 'lon': None}","{'rh': 49.1, 'temp': 24.2, 'wd': 0.0, 'ws': 0.0, 'ws_scalar': 0.0}","{'gas': {'co': None, 'co2': 13264, 'no': 13590, 'no2': 13769, 'o3': 13749}, 'pm': {'pm1': 13212, 'pm10': 13214, 'pm25': 13213}}",3.25,17.1,22.13,6.25,6.69,6.61,535480355,49.1,MOD-00617,24.2,2025-11-06T21:23:37,2025-11-06T13:23:37,https://api.quant-aq.com/v1/devices/MOD-00617/data/535480198
,1049.87,"{'lat': None, 'lon': None}","{'rh': 49.3, 'temp': 24.2, 'wd': 0.0, 'ws': 0.0, 'ws_scalar': 0.0}","{'gas': {'co': None, 'co2': 13264, 'no': 13590, 'no2': 13769, 'o3': 13749}, 'pm': {'pm1': 13212, 'pm10': 13214, 'pm25': 13213}}",3.23,11.72,22.96,7.05,9.66,7.32,535480353,49.3,MOD-00617,24.2,2025-11-06T21:22:37,2025-11-06T13:22:37,https://api.quant-aq.com/v1/devices/MOD-00617/data/535480197
,1064.08,"{'lat': None, 'lon': None}","{'rh': 49.4, 'temp': 24.2, 'wd': 0.0, 'ws': 0.0, 'ws_scalar': 0.0}","{'gas': {'co': None, 'co2': 13264, 'no': 13590, 'no2': 13769, 'o3': 13749}, 'pm': {'pm1': 13212, 'pm10': 13214, 'pm25': 13213}}",3.3,15.37,22.34,5.62,19.91,5.99,535478119,49.4,MOD-00617,24.2,2025-11-06T21:21:37,2025-11-06T13:21:37,https://api.quant-aq.com/v1/devices/MOD-00617/data/535477963
,1042.28,"{'lat': None, 'lon': None}","{'rh': 48.8, 'temp': 24.2, 'wd': 0.0, 'ws': 0.0, 'ws_scalar': 0.0}","{'gas': {'co': None, 'co2': 13264, 'no': 13590, 'no2': 13769, 'o3': 13749}, 'pm': {'pm1': 13212, 'pm10': 13214, 'pm25': 13213}}",4.06,20.62,20.16,5.99,8.25,6.42,535478118,48.8,MOD-00617,24.2,2025-11-06T21:20:37,2025-11-06T13:20:37,https://api.quant-aq.com/v1/devices/MOD-00617/data/535477961
,1042.04,"{'lat': None, 'lon': None}","{'rh': 48.9, 'temp': 24.2, 'wd': 0.0, 'ws': 0.0, 'ws_scalar': 0.0}","{'gas': {'co': None, 'co2': 13264, 'no': 13590, 'no2': 13769, 'o3': 13749}, 'pm': {'pm1': 13212, 'pm10': 13214, 'pm25': 13213}}",3.47,20.62,21.02,6.64,32.3,7.03,535478116,48.9,MOD-00617,24.2,2025-11-06T21:19:37,2025-11-06T13:19:37,https://api.quant-aq.com/v1/devices/MOD-00617/data/535477960
,1059.02,"{'lat': None, 'lon': None}","{'rh': 49.0, 'temp': 24.2, 'wd': 0.0, 'ws': 0.0, 'ws_scalar': 0.0}","{'gas': {'co': None, 'co2': 13264, 'no': 13590, 'no2': 13769, 'o3': 13749}, 'pm': {'pm1': 13212, 'pm10': 13214, 'pm25': 13213}}",3.5,24.96,20.4,6.21,8.82,6.6,535478117,49.0,MOD-00617,24.2,2025-11-06T21:18:37,2025-11-06T13:18:37,https://api.quant-aq.com/v1/devices/MOD-00617/data/535477959
,1091.3,"{'lat': None, 'lon': None}","{'rh': 49.6, 'temp': 24.2, 'wd': 0.0, 'ws': 0.0, 'ws_scalar': 0.0}","{'gas': {'co': None, 'co2': 13264, 'no': 13590, 'no2': 13769, 'o3': 13749}, 'pm': {'pm1': 13212, 'pm10': 13214, 'pm25': 13213}}",3.14,19.93,22.28,6.47,8.17,6.88,535475823,49.6,MOD-00617,24.2,2025-11-06T21:17:37,2025-11-06T13:17:37,https://api.quant-aq.com/v1/devices/MOD-00617/data/535475666
,1102.5,"{'lat': None, 'lon': None}","{'rh': 50.2, 'temp': 24.2, 'wd': 0.0, 'ws': 0.0, 'ws_scalar': 0.0}","{'gas': {'co': None, 'co2': 13264, 'no': 13590, 'no2': 13769, 'o3': 13749}, 'pm': {'pm1': 13212, 'pm10': 13214, 'pm25': 13213}}",3.18,26.53,22.4,6.36,9.3,6.9,535475824,50.2,MOD-00617,24.2,2025-11-06T21:16:37,2025-11-06T13:16:37,https://api.quant-aq.com/v1/devices/MOD-00617/data/535475670
,1092.5,"{'lat': None, 'lon': None}","{'rh': 50.2, 'temp': 24.2, 'wd': 0.0, 'ws': 0.0, 'ws_scalar': 0.0}","{'gas': {'co': None, 'co2': 13264, 'no': 13590, 'no2': 13769, 'o3': 13749}, 'pm': {'pm1': 13212, 'pm10': 13214, 'pm25': 13213}}",3.26,27.48,23.58,6.61,19.89,7.14,535475825,50.2,MOD-00617,24.2,2025-11-06T21:15:37,2025-11-06T13:15:37,https://api.quant-aq.com/v1/devices/MOD-00617/data/535475667
,1076.24,"{'lat': None, 'lon': None}","{'rh': 49.7, 'temp': 24.2, 'wd': 0.0, 'ws': 0.0, 'ws_scalar': 0.0}","{'gas': {'co': None, 'co2': 13264, 'no': 13590, 'no2': 13769, 'o3': 13749}, 'pm': {'pm1': 13212, 'pm10': 13214, 'pm25': 13213}}",3.13,19.91,22.25,6.02,11.98,6.6,535475826,49.7,MOD-00617,24.2,2025-11-06T21:14:37,2025-11-06T13:14:37,https://api.quant-aq.com/v1/devices/MOD-00617/data/535475668
,1051.07,"{'lat': None, 'lon': None}","{'rh': 49.2, 'temp': 24.2, 'wd': 0.0, 'ws': 0.0, 'ws_scalar': 0.0}","{'gas': {'co': None, 'co2': 13264, 'no': 13590, 'no2': 13769, 'o3': 13749}, 'pm': {'pm1': 13212, 'pm10': 13214, 'pm25': 13213}}",3.25,15.1,21.81,5.49,17.42,6.12,535473564,49.2,MOD-00617,24.2,2025-11-06T21:13:37,2025-11-06T13:13:37,https://api.quant-aq.com/v1/devices/MOD-00617/data/535473407
,1069.26,"{'lat': None, 'lon': None}","{'rh': 49.5, 'temp': 24.3, 'wd': 0.0, 'ws': 0.0, 'ws_scalar': 0.0}","{'gas': {'co': None, 'co2': 13264, 'no': 13590, 'no2': 13769, 'o3': 13749}, 'pm': {'pm1': 13212, 'pm10': 13214, 'pm25': 13213}}",3.19,26.45,21.43,5.36,38.36,5.79,535473560,49.5,MOD-00617,24.3,2025-11-06T21:12:37,2025-11-06T13:12:37,https://api.quant-aq.com/v1/devices/MOD-00617/data/535473403
,1068.41,"{'lat': None, 'lon': None}","{'rh': 49.6, 'temp': 24.3, 'wd': 0.0, 'ws': 0.0, 'ws_scalar': 0.0}","{'gas': {'co': None, 'co2': 13264, 'no': 13590, 'no2': 13769, 'o3': 13749}, 'pm': {'pm1': 13212, 'pm10': 13214, 'pm25': 13213}}",3.18,25.85,21.4,5.82,19.73,6.34,535473563,49.6,MOD-00617,24.3,2025-11-06T21:11:37,2025-11-06T13:11:37,https://api.quant-aq.com/v1/devices/MOD-00617/data/535473406
,1072.03,"{'lat': None, 'lon': None}","{'rh': 50.2, 'temp': 24.3, 'wd': 0.0, 'ws': 0.0, 'ws_scalar': 0.0}","{'gas': {'co': None, 'co2': 13264, 'no': 13590, 'no2': 13769, 'o3': 13749}, 'pm': {'pm1': 13212, 'pm10': 13214, 'pm25': 13213}}",3.11,27.25,22.4,5.35,14.33,5.98,535473558,50.2,MOD-00617,24.3,2025-11-06T21:10:37,2025-11-06T13:10:37,https://api.quant-aq.com/v1/devices/MOD-00617/data/535473404
,1074.32,"{'lat': None, 'lon': None}","{'rh': 50.0, 'temp': 24.3, 'wd': 0.0, 'ws': 0.0, 'ws_scalar': 0.0}","{'gas': {'co': None, 'co2': 13264, 'no': 13590, 'no2': 13769, 'o3': 13749}, 'pm': {'pm1': 13212, 'pm10': 13214, 'pm25': 13213}}",3.11,27.49,21.87,5.0,9.4,5.43,535471287,50.0,MOD-00617,24.3,2025-11-06T21:09:37,2025-11-06T13:09:37,https://api.quant-aq.com/v1/devices/MOD-00617/data/535471131
,1067.57,"{'lat': None, 'lon': None}","{'rh': 50.0, 'temp': 24.3, 'wd': 0.0, 'ws': 0.0, 'ws_scalar': 0.0}","{'gas': {'co': None, 'co2': 13264, 'no': 13590, 'no2': 13769, 'o3': 13749}, 'pm': {'pm1': 13212, 'pm10': 13214, 'pm25': 13213}}",3.08,26.78,22.76,4.88,6.48,5.56,535471286,50.0,MOD-00617,24.3,2025-11-06T21:08:37,2025-11-06T13:08:37,https://api.quant-aq.com/v1/devices/MOD-00617/data/535471130
,1083.83,"{'lat': None, 'lon': None}","{'rh': 50.1, 'temp': 24.3, 'wd': 0.0, 'ws': 0.0, 'ws_scalar': 0.0}","{'gas': {'co': None, 'co2': 13264, 'no': 13590, 'no2': 13769, 'o3': 13749}, 'pm': {'pm1': 13212, 'pm10': 13214, 'pm25': 13213}}",3.09,27.25,22.43,5.35,9.53,5.83,535471288,50.1,MOD-00617,24.3,2025-11-06T21:07:37,2025-11-06T13:07:37,https://api.quant-aq.com/v1/devices/MOD-00617/data/535471129
,1100.93,"{'lat': None, 'lon': None}","{'rh': 50.2, 'temp': 24.3, 'wd': 0.0, 'ws': 0.0, 'ws_scalar': 0.0}","{'gas': {'co': None, 'co2': 13264, 'no': 13590, 'no2': 13769, 'o3': 13749}, 'pm': {'pm1': 13212, 'pm10': 13214, 'pm25': 13213}}",3.09,27.49,21.81,4.87,6.97,5.44,535471289,50.2,MOD-00617,24.3,2025-11-06T21:06:37,2025-11-06T13:06:37,https://api.quant-aq.com/v1/devices/MOD-00617/data/535471132
,1073.95,"{'lat': None, 'lon': None}","{'rh': 49.7, 'temp': 24.3, 'wd': 0.0, 'ws': 0.0, 'ws_scalar': 0.0}","{'gas': {'co': None, 'co2': 13264, 'no': 13590, 'no2': 13769, 'o3': 13749}, 'pm': {'pm1': 13212, 'pm10': 13214, 'pm25': 13213}}",3.15,21.51,19.3,4.24,15.97,4.74,535469108,49.7,MOD-00617,24.3,2025-11-06T21:05:37,2025-11-06T13:05:37,https://api.quant-aq.com/v1/devices/MOD-00617/data/535468952
,1078.41,"{'lat': None, 'lon': None}","{'rh': 50.1, 'temp': 24.3, 'wd': 0.0, 'ws': 0.0, 'ws_scalar': 0.0}","{'gas': {'co': None, 'co2': 13264, 'no': 13590, 'no2': 13769, 'o3': 13749}, 'pm': {'pm1': 13212, 'pm10': 13214, 'pm25': 13213}}",3.03,26.31,18.88,5.22,21.42,5.68,535469110,50.1,MOD-00617,24.3,2025-11-06T21:04:37,2025-11-06T13:04:37,https://api.quant-aq.com/v1/devices/MOD-00617/data/535468954
,1106.47,"{'lat': None, 'lon': None}","{'rh': 50.8, 'temp': 24.3, 'wd': 0.0, 'ws': 0.0, 'ws_scalar': 0.0}","{'gas': {'co': None, 'co2': 13264, 'no': 13590, 'no2': 13769, 'o3': 13749}, 'pm': {'pm1': 13212, 'pm10': 13214, 'pm25': 13213}}",2.72,25.33,19.25,5.53,6.58,6.02,535469109,50.8,MOD-00617,24.3,2025-11-06T21:03:37,2025-11-06T13:03:37,https://api.quant-aq.com/v1/devices/MOD-00617/data/535468951
,1143.81,"{'lat': None, 'lon': None}","{'rh': 52.9, 'temp': 24.3, 'wd': 0.0, 'ws': 0.0, 'ws_scalar': 0.0}","{'gas': {'co': None, 'co2': 13264, 'no': 13590, 'no2': 13769, 'o3': 13749}, 'pm': {'pm1': 13212, 'pm10': 13214, 'pm25': 13213}}",2.39,26.43,23.71,6.2,14.57,6.81,535469111,52.9,MOD-00617,24.3,2025-11-06T21:02:37,2025-11-06T13:02:37,https://api.quant-aq.com/v1/devices/MOD-00617/data/535468953
,1151.04,"{'lat': None, 'lon': None}","{'rh': 53.4, 'temp': 24.3, 'wd': 0.0, 'ws': 0.0, 'ws_scalar': 0.0}","{'gas': {'co': None, 'co2': 13264, 'no': 13590, 'no2': 13769, 'o3': 13749}, 'pm': {'pm1': 13212, 'pm10': 13214, 'pm25': 13213}}",2.49,30.43,25.98,6.2,7.48,6.92,535466761,53.4,MOD-00617,24.3,2025-11-06T21:01:37,2025-11-06T13:01:37,https://api.quant-aq.com/v1/devices/MOD-00617/data/535466604
,1152.97,"{'lat': None, 'lon': None}","{'rh': 52.8, 'temp': 24.2, 'wd': 0.0, 'ws': 0.0, 'ws_scalar': 0.0}","{'gas': {'co': None, 'co2': 13264, 'no': 13590, 'no2': 13769, 'o3': 13749}, 'pm': {'pm1': 13212, 'pm10': 13214, 'pm25': 13213}}",2.45,28.32,23.73,5.21,10.68,5.88,535466755,52.8,MOD-00617,24.2,2025-11-06T21:00:37,2025-11-06T13:00:37,https://api.quant-aq.com/v1/devices/MOD-00617/data/535466601
,1145.02,"{'lat': None, 'lon': None}","{'rh': 52.2, 'temp': 24.2, 'wd': 0.0, 'ws': 0.0, 'ws_scalar': 0.0}","{'gas': {'co': None, 'co2': 13264, 'no': 13590, 'no2': 13769, 'o3': 13749}, 'pm': {'pm1': 13212, 'pm10': 13214, 'pm25': 13213}}",2.5,27.63,22.4,5.03,6.9,5.72,535466757,52.2,MOD-00617,24.2,2025-11-06T20:59:37,2025-11-06T12:59:37,https://api.quant-aq.com/v1/devices/MOD-00617/data/535466602
,1175.37,"{'lat': None, 'lon': None}","{'rh': 53.8, 'temp': 24.2, 'wd': 0.0, 'ws': 0.0, 'ws_scalar': 0.0}","{'gas': {'co': None, 'co2': 13264, 'no': 13590, 'no2': 13769, 'o3': 13749}, 'pm': {'pm1': 13212, 'pm10': 13214, 'pm25': 13213}}",2.49,27.33,25.87,5.21,6.46,5.8,535466759,53.8,MOD-00617,24.2,2025-11-06T20:58:37,2025-11-06T12:58:37,https://api.quant-aq.com/v1/devices/MOD-00617/data/535466603
,1178.62,"{'lat': None, 'lon': None}","{'rh': 54.1, 'temp': 24.2, 'wd': 0.0, 'ws': 0.0, 'ws_scalar': 0.0}","{'gas': {'co': None, 'co2': 13264, 'no': 13590, 'no2': 13769, 'o3': 13749}, 'pm': {'pm1': 13212, 'pm10': 13214, 'pm25': 13213}}",2.52,30.39,27.31,4.86,13.13,5.55,535464430,54.1,MOD-00617,24.2,2025-11-06T20:57:37,2025-11-06T12:57:37,https://api.quant-aq.com/v1/devices/MOD-00617/data/535464272
,1173.44,"{'lat': None, 'lon': None}","{'rh': 53.3, 'temp': 24.2, 'wd': 0.0, 'ws': 0.0, 'ws_scalar': 0.0}","{'gas': {'co': None, 'co2': 13264, 'no': 13590, 'no2': 13769, 'o3': 13749}, 'pm': {'pm1': 13212, 'pm10': 13214, 'pm25': 13213}}",2.5,29.48,26.01,4.82,6.21,5.46,535464425,53.3,MOD-00617,24.2,2025-11-06T20:56:37,2025-11-06T12:56:37,https://api.quant-aq.com/v1/devices/MOD-00617/data/535464271
,1170.67,"{'lat': None, 'lon': None}","{'rh': 52.6, 'temp': 24.2, 'wd': 0.0, 'ws': 0.0, 'ws_scalar': 0.0}","{'gas': {'co': None, 'co2': 13264, 'no': 13590, 'no2': 13769, 'o3': 13749}, 'pm': {'pm1': 13212, 'pm10': 13214, 'pm25': 13213}}",2.48,28.09,23.79,4.25,18.07,4.94,535464427,52.6,MOD-00617,24.2,2025-11-06T20:55:37,2025-11-06T12:55:37,https://api.quant-aq.com/v1/devices/MOD-00617/data/535464269
,1168.74,"{'lat': None, 'lon': None}","{'rh': 52.8, 'temp': 24.2, 'wd': 0.0, 'ws': 0.0, 'ws_scalar': 0.0}","{'gas': {'co': None, 'co2': 13264, 'no': 13590, 'no2': 13769, 'o3': 13749}, 'pm': {'pm1': 13212, 'pm10': 13214, 'pm25': 13213}}",2.47,27.84,24.94,4.75,7.03,5.49,535464422,52.8,MOD-00617,24.2,2025-11-06T20:54:37,2025-11-06T12:54:37,https://api.quant-aq.com/v1/devices/MOD-00617/data/535464266
,1165.25,"{'lat': None, 'lon': None}","{'rh': 53.4, 'temp': 24.2, 'wd': 0.0, 'ws': 0.0, 'ws_scalar': 0.0}","{'gas': {'co': None, 'co2': 13264, 'no': 13590, 'no2': 13769, 'o3': 13749}, 'pm': {'pm1': 13212, 'pm10': 13214, 'pm25': 13213}}",2.49,29.48,25.98,5.17,17.35,5.61,535462217,53.4,MOD-00617,24.2,2025-11-06T20:53:37,2025-11-06T12:53:37,https://api.quant-aq.com/v1/devices/MOD-00617/data/535462060
,1145.02,"{'lat': None, 'lon': None}","{'rh': 52.9, 'temp': 24.2, 'wd': 0.0, 'ws': 0.0, 'ws_scalar': 0.0}","{'gas': {'co': None, 'co2': 13264, 'no': 13590, 'no2': 13769, 'o3': 13749}, 'pm': {'pm1': 13212, 'pm10': 13214, 'pm25': 13213}}",2.51,28.79,26.12,4.72,6.92,5.39,535462219,52.9,MOD-00617,24.2,2025-11-06T20:52:37,2025-11-06T12:52:37,https://api.quant-aq.com/v1/devices/MOD-00617/data/535462061
,1137.31,"{'lat': None, 'lon': None}","{'rh': 52.7, 'temp': 24.2, 'wd': 0.0, 'ws': 0.0, 'ws_scalar': 0.0}","{'gas': {'co': None, 'co2': 13264, 'no': 13590, 'no2': 13769, 'o3': 13749}, 'pm': {'pm1': 13212, 'pm10': 13214, 'pm25': 13213}}",2.5,28.8,25.57,4.98,8.08,5.35,535462218,52.7,MOD-00617,24.2,2025-11-06T20:51:37,2025-11-06T12:51:37,https://api.quant-aq.com/v1/devices/MOD-00617/data/535462062
,1145.02,"{'lat': None, 'lon': None}","{'rh': 52.8, 'temp': 24.1, 'wd': 0.0, 'ws': 0.0, 'ws_scalar': 0.0}","{'gas': {'co': None, 'co2': 13264, 'no': 13590, 'no2': 13769, 'o3': 13749}, 'pm': {'pm1': 13212, 'pm10': 13214, 'pm25': 13213}}",2.57,29.02,26.74,5.12,6.77,5.52,535462220,52.8,MOD-00617,24.1,2025-11-06T20:50:37,2025-11-06T12:50:37,https://api.quant-aq.com/v1/devices/MOD-00617/data/535462063
,1122.13,"{'lat': None, 'lon': None}","{'rh': 51.6, 'temp': 24.1, 'wd': 0.0, 'ws': 0.0, 'ws_scalar': 0.0}","{'gas': {'co': None, 'co2': 13264, 'no': 13590, 'no2': 13769, 'o3': 13749}, 'pm': {'pm1': 13212, 'pm10': 13214, 'pm25': 13213}}",2.54,28.36,24.07,4.65,9.23,5.11,535459980,51.6,MOD-00617,24.1,2025-11-06T20:49:37,2025-11-06T12:49:37,https://api.quant-aq.com/v1/devices/MOD-00617/data/535459823
,1119.24,"{'lat': None, 'lon': None}","{'rh': 51.7, 'temp': 24.1, 'wd': 0.0, 'ws': 0.0, 'ws_scalar': 0.0}","{'gas': {'co': None, 'co2': 13264, 'no': 13590, 'no2': 13769, 'o3': 13749}, 'pm': {'pm1': 13212, 'pm10': 13214, 'pm25': 13213}}",2.55,28.12,24.04,4.66,13.53,5.04,535459977,51.7,MOD-00617,24.1,2025-11-06T20:48:37,2025-11-06T12:48:37,https://api.quant-aq.com/v1/devices/MOD-00617/data/535459820
,1120.21,"{'lat': None, 'lon': None}","{'rh': 51.8, 'temp': 24.1, 'wd': 0.0, 'ws': 0.0, 'ws_scalar': 0.0}","{'gas': {'co': None, 'co2': 13264, 'no': 13590, 'no2': 13769, 'o3': 13749}, 'pm': {'pm1': 13212, 'pm10': 13214, 'pm25': 13213}}",2.42,27.17,23.71,5.13,5.85,5.67,535459979,51.8,MOD-00617,24.1,2025-11-06T20:47:37,2025-11-06T12:47:37,https://api.quant-aq.com/v1/devices/MOD-00617/data/535459822
,1116.83,"{'lat': None, 'lon': None}","{'rh': 52.2, 'temp': 24.1, 'wd': 0.0, 'ws': 0.0, 'ws_scalar': 0.0}","{'gas': {'co': None, 'co2': 13264, 'no': 13590, 'no2': 13769, 'o3': 13749}, 'pm': {'pm1': 13212, 'pm10': 13214, 'pm25': 13213}}",2.62,29.52,25.7,4.38,10.98,4.9,535459978,52.2,MOD-00617,24.1,2025-11-06T20:46:37,2025-11-06T12:46:37,https://api.quant-aq.com/v1/devices/MOD-00617/data/535459821
,1104.31,"{'lat': None, 'lon': None}","{'rh': 51.4, 'temp': 24.1, 'wd': 0.0, 'ws': 0.0, 'ws_scalar': 0.0}","{'gas': {'co': None, 'co2': 13264, 'no': 13590, 'no2': 13769, 'o3': 13749}, 'pm': {'pm1': 13212, 'pm10': 13214, 'pm25': 13213}}",2.44,27.66,24.43,4.99,7.36,5.6,535457693,51.4,MOD-00617,24.1,2025-11-06T20:45:37,2025-11-06T12:45:37,https://api.quant-aq.com/v1/devices/MOD-00617/data/535457537
,1100.57,"{'lat': None, 'lon': None}","{'rh': 51.5, 'temp': 24.1, 'wd': 0.0, 'ws': 0.0, 'ws_scalar': 0.0}","{'gas': {'co': None, 'co2': 13264, 'no': 13590, 'no2': 13769, 'o3': 13749}, 'pm': {'pm1': 13212, 'pm10': 13214, 'pm25': 13213}}",2.54,27.65,24.4,3.98,7.93,4.31,535457690,51.5,MOD-00617,24.1,2025-11-06T20:44:37,2025-11-06T12:44:37,https://api.quant-aq.com/v1/devices/MOD-00617/data/535457533
,1115.87,"{'lat': None, 'lon': None}","{'rh': 52.1, 'temp': 24.1, 'wd': 0.0, 'ws': 0.0, 'ws_scalar': 0.0}","{'gas': {'co': None, 'co2': 13264, 'no': 13590, 'no2': 13769, 'o3': 13749}, 'pm': {'pm1': 13212, 'pm10': 13214, 'pm25': 13213}}",2.56,28.58,26.03,4.49,15.76,5.02,535457691,52.1,MOD-00617,24.1,2025-11-06T20:43:37,2025-11-06T12:43:37,https://api.quant-aq.com/v1/devices/MOD-00617/data/535457534
,1118.28,"{'lat': None, 'lon': None}","{'rh': 52.2, 'temp': 24.1, 'wd': 0.0, 'ws': 0.0, 'ws_scalar': 0.0}","{'gas': {'co': None, 'co2': 13264, 'no': 13590, 'no2': 13769, 'o3': 13749}, 'pm': {'pm1': 13212, 'pm10': 13214, 'pm25': 13213}}",2.56,28.81,27.5,4.75,9.13,5.33,535457692,52.2,MOD-00617,24.1,2025-11-06T20:42:37,2025-11-06T12:42:37,https://api.quant-aq.com/v1/devices/MOD-00617/data/535457536
,1095.15,"{'lat': None, 'lon': None}","{'rh': 51.5, 'temp': 24.1, 'wd': 0.0, 'ws': 0.0, 'ws_scalar': 0.0}","{'gas': {'co': None, 'co2': 13264, 'no': 13590, 'no2': 13769, 'o3': 13749}, 'pm': {'pm1': 13212, 'pm10': 13214, 'pm25': 13213}}",2.6,29.55,27.09,4.34,6.86,4.75,535455473,51.5,MOD-00617,24.1,2025-11-06T20:41:37,2025-11-06T12:41:37,https://api.quant-aq.com/v1/devices/MOD-00617/data/535455316
,1053.12,"{'lat': None, 'lon': None}","{'rh': 49.8, 'temp': 24.1, 'wd': 0.0, 'ws': 0.0, 'ws_scalar': 0.0}","{'gas': {'co': None, 'co2': 13264, 'no': 13590, 'no2': 13769, 'o3': 13749}, 'pm': {'pm1': 13212, 'pm10': 13214, 'pm25': 13213}}",3.21,25.89,23.99,4.81,13.44,5.25,535455472,49.8,MOD-00617,24.1,2025-11-06T20:40:37,2025-11-06T12:40:37,https://api.quant-aq.com/v1/devices/MOD-00617/data/535455315
,1058.3,"{'lat': None, 'lon': None}","{'rh': 49.6, 'temp': 24.1, 'wd': 0.0, 'ws': 0.0, 'ws_scalar': 0.0}","{'gas': {'co': None, 'co2': 13264, 'no': 13590, 'no2': 13769, 'o3': 13749}, 'pm': {'pm1': 13212, 'pm10': 13214, 'pm25': 13213}}",3.13,12.07,23.45,3.62,29.32,4.1,535455474,49.6,MOD-00617,24.1,2025-11-06T20:39:37,2025-11-06T12:39:37,https://api.quant-aq.com/v1/devices/MOD-00617/data/535455318
,1048.42,"{'lat': None, 'lon': None}","{'rh': 49.9, 'temp': 24.1, 'wd': 0.0, 'ws': 0.0, 'ws_scalar': 0.0}","{'gas': {'co': None, 'co2': 13264, 'no': 13590, 'no2': 13769, 'o3': 13749}, 'pm': {'pm1': 13212, 'pm10': 13214, 'pm25': 13213}}",3.14,25.88,23.96,4.28,7.26,4.7,535455471,49.9,MOD-00617,24.1,2025-11-06T20:38:37,2025-11-06T12:38:37,https://api.quant-aq.com/v1/devices/MOD-00617/data/535455314
,1046.25,"{'lat': None, 'lon': None}","{'rh': 49.7, 'temp': 24.1, 'wd': 0.0, 'ws': 0.0, 'ws_scalar': 0.0}","{'gas': {'co': None, 'co2': 13264, 'no': 13590, 'no2': 13769, 'o3': 13749}, 'pm': {'pm1': 13212, 'pm10': 13214, 'pm25': 13213}}",3.16,18.19,23.13,4.62,6.44,5.09,535453164,49.7,MOD-00617,24.1,2025-11-06T20:37:37,2025-11-06T12:37:37,https://api.quant-aq.com/v1/devices/MOD-00617/data/535453007
3419.82,1052.15,"{'lat': None, 'lon': None}","{'rh': 49.7, 'temp': 24.1, 'wd': 0.0, 'ws': 0.0, 'ws_scalar': 0.0}","{'gas': {'co': 13502, 'co2': 13264, 'no': 13590, 'no2': 13769, 'o3': 13749}, 'pm': {'pm1': 13212, 'pm10': 13214, 'pm25': 13213}}",3.12,18.21,23.42,4.38,7.77,4.79,535453163,49.7,MOD-00617,24.1,2025-11-06T20:36:37,2025-11-06T12:36:37,https://api.quant-aq.com/v1/devices/MOD-00617/data/535453009
3368.85,1071.3,"{'lat': None, 'lon': None}","{'rh': 49.8, 'temp': 24.1, 'wd': 0.0, 'ws': 0.0, 'ws_scalar': 0.0}","{'gas': {'co': 13502, 'co2': 13264, 'no': 13590, 'no2': 13769, 'o3': 13749}, 'pm': {'pm1': 13212, 'pm10': 13214, 'pm25': 13213}}",3.16,28.2,23.4,3.63,22.86,4.17,535453159,49.8,MOD-00617,24.1,2025-11-06T20:35:37,2025-11-06T12:35:37,https://api.quant-aq.com/v1/devices/MOD-00617/data/535453005
,1080.58,"{'lat': None, 'lon': None}","{'rh': 49.6, 'temp': 24.1, 'wd': 0.0, 'ws': 0.0, 'ws_scalar': 0.0}","{'gas': {'co': None, 'co2': 13264, 'no': 13590, 'no2': 13769, 'o3': 13749}, 'pm': {'pm1': 13212, 'pm10': 13214, 'pm25': 13213}}",3.13,11.87,23.45,4.27,7.43,4.7,535453158,49.6,MOD-00617,24.1,2025-11-06T20:34:37,2025-11-06T12:34:37,https://api.quant-aq.com/v1/devices/MOD-00617/data/535453001
,1066.37,"{'lat': None, 'lon': None}","{'rh': 49.9, 'temp': 24.1, 'wd': 0.0, 'ws': 0.0, 'ws_scalar': 0.0}","{'gas': {'co': None, 'co2': 13264, 'no': 13590, 'no2': 13769, 'o3': 13749}, 'pm': {'pm1': 13212, 'pm10': 13214, 'pm25': 13213}}",3.13,25.88,24.55,4.02,10.23,4.53,535450884,49.9,MOD-00617,24.1,2025-11-06T20:33:37,2025-11-06T12:33:37,https://api.quant-aq.com/v1/devices/MOD-00617/data/535450728
,1041.92,"{'lat': None, 'lon': None}","{'rh': 49.3, 'temp': 24.1, 'wd': 0.0, 'ws': 0.0, 'ws_scalar': 0.0}","{'gas': {'co': None, 'co2': 13264, 'no': 13590, 'no2': 13769, 'o3': 13749}, 'pm': {'pm1': 13212, 'pm10': 13214, 'pm25': 13213}}",3.25,11.33,22.95,3.99,7.56,4.37,535450883,49.3,MOD-00617,24.1,2025-11-06T20:32:37,2025-11-06T12:32:37,https://api.quant-aq.com/v1/devices/MOD-00617/data/535450726
,1053.96,"{'lat': None, 'lon': None}","{'rh': 49.7, 'temp': 24.1, 'wd': 0.0, 'ws': 0.0, 'ws_scalar': 0.0}","{'gas': {'co': None, 'co2': 13264, 'no': 13590, 'no2': 13769, 'o3': 13749}, 'pm': {'pm1': 13212, 'pm10': 13214, 'pm25': 13213}}",3.14,18.19,24.61,4.77,7.76,5.14,535450885,49.7,MOD-00617,24.1,2025-11-06T20:31:37,2025-11-06T12:31:37,https://api.quant-aq.com/v1/devices/MOD-00617/data/535450727
,1043.48,"{'lat': None, 'lon': None}","{'rh': 49.2, 'temp': 24.1, 'wd': 0.0, 'ws': 0.0, 'ws_scalar': 0.0}","{'gas': {'co': None, 'co2': 13264, 'no': 13590, 'no2': 13769, 'o3': 13749}, 'pm': {'pm1': 13212, 'pm10': 13214, 'pm25': 13213}}",3.16,11.59,22.98,3.58,7.92,4.08,535450882,49.2,MOD-00617,24.1,2025-11-06T20:30:37,2025-11-06T12:30:37,https://api.quant-aq.com/v1/devices/MOD-00617/data/535450725
,1068.29,"{'lat': None, 'lon': None}","{'rh': 49.2, 'temp': 24.1, 'wd': 0.0, 'ws': 0.0, 'ws_scalar': 0.0}","{'gas': {'co': None, 'co2': 13264, 'no': 13590, 'no2': 13769, 'o3': 13749}, 'pm': {'pm1': 13212, 'pm10': 13214, 'pm25': 13213}}",3.27,11.44,21.5,3.41,15.74,3.81,535448684,49.2,MOD-00617,24.1,2025-11-06T20:29:37,2025-11-06T12:29:37,https://api.quant-aq.com/v1/devices/MOD-00617/data/535448528
,1075.64,"{'lat': None, 'lon': None}","{'rh': 49.4, 'temp': 24.1, 'wd': 0.0, 'ws': 0.0, 'ws_scalar': 0.0}","{'gas': {'co': None, 'co2': 13264, 'no': 13590, 'no2': 13769, 'o3': 13749}, 'pm': {'pm1': 13212, 'pm10': 13214, 'pm25': 13213}}",3.23,11.31,22.63,3.9,6.87,4.43,535448685,49.4,MOD-00617,24.1,2025-11-06T20:28:37,2025-11-06T12:28:37,https://api.quant-aq.com/v1/devices/MOD-00617/data/535448529
,1081.06,"{'lat': None, 'lon': None}","{'rh': 49.3, 'temp': 24.1, 'wd': 0.0, 'ws': 0.0, 'ws_scalar': 0.0}","{'gas': {'co': None, 'co2': 13264, 'no': 13590, 'no2': 13769, 'o3': 13749}, 'pm': {'pm1': 13212, 'pm10': 13214, 'pm25': 13213}}",3.25,11.39,21.47,4.86,6.47,5.39,535448682,49.3,MOD-00617,24.1,2025-11-06T20:27:37,2025-11-06T12:27:37,https://api.quant-aq.com/v1/devices/MOD-00617/data/535448525
,1078.53,"{'lat': None, 'lon': None}","{'rh': 49.4, 'temp': 24.1, 'wd': 0.0, 'ws': 0.0, 'ws_scalar': 0.0}","{'gas': {'co': None, 'co2': 13264, 'no': 13590, 'no2': 13769, 'o3': 13749}, 'pm': {'pm1': 13212, 'pm10': 13214, 'pm25': 13213}}",2.78,11.34,20.26,5.1,22.31,5.56,535448679,49.4,MOD-00617,24.1,2025-11-06T20:26:37,2025-11-06T12:26:37,https://api.quant-aq.com/v1/devices/MOD-00617/data/535448522
,1114.79,"{'lat': None, 'lon': None}","{'rh': 51.0, 'temp': 24.1, 'wd': 0.0, 'ws': 0.0, 'ws_scalar': 0.0}","{'gas': {'co': None, 'co2': 13264, 'no': 13590, 'no2': 13769, 'o3': 13749}, 'pm': {'pm1': 13212, 'pm10': 13214, 'pm25': 13213}}",2.75,27.44,23.35,4.57,24.26,5.08,535446462,51.0,MOD-00617,24.1,2025-11-06T20:25:37,2025-11-06T12:25:37,https://api.quant-aq.com/v1/devices/MOD-00617/data/535446305
,1116.23,"{'lat': None, 'lon': None}","{'rh': 52.0, 'temp': 24.1, 'wd': 0.0, 'ws': 0.0, 'ws_scalar': 0.0}","{'gas': {'co': None, 'co2': 13264, 'no': 13590, 'no2': 13769, 'o3': 13749}, 'pm': {'pm1': 13212, 'pm10': 13214, 'pm25': 13213}}",2.48,29.76,26.36,4.91,7.02,5.62,535446461,52.0,MOD-00617,24.1,2025-11-06T20:24:37,2025-11-06T12:24:37,https://api.quant-aq.com/v1/devices/MOD-00617/data/535446304
,1118.16,"{'lat': None, 'lon': None}","{'rh': 51.9, 'temp': 24.1, 'wd': 0.0, 'ws': 0.0, 'ws_scalar': 0.0}","{'gas': {'co': None, 'co2': 13264, 'no': 13590, 'no2': 13769, 'o3': 13749}, 'pm': {'pm1': 13212, 'pm10': 13214, 'pm25': 13213}}",2.38,28.35,26.68,4.64,7.09,5.18,535446460,51.9,MOD-00617,24.1,2025-11-06T20:23:37,2025-11-06T12:23:37,https://api.quant-aq.com/v1/devices/MOD-00617/data/535446302
,1110.33,"{'lat': None, 'lon': None}","{'rh': 51.1, 'temp': 24.1, 'wd': 0.0, 'ws': 0.0, 'ws_scalar': 0.0}","{'gas': {'co': None, 'co2': 13264, 'no': 13590, 'no2': 13769, 'o3': 13749}, 'pm': {'pm1': 13212, 'pm10': 13214, 'pm25': 13213}}",2.97,28.38,24.51,4.85,15.47,5.35,535446459,51.1,MOD-00617,24.1,2025-11-06T20:22:37,2025-11-06T12:22:37,https://api.quant-aq.com/v1/devices/MOD-00617/data/535446303
,1111.05,"{'lat': None, 'lon': None}","{'rh': 51.7, 'temp': 24.1, 'wd': 0.0, 'ws': 0.0, 'ws_scalar': 0.0}","{'gas': {'co': None, 'co2': 13264, 'no': 13590, 'no2': 13769, 'o3': 13749}, 'pm': {'pm1': 13212, 'pm10': 13214, 'pm25': 13213}}",2.43,30.25,26.44,4.77,6.71,5.35,535444192,51.7,MOD-00617,24.1,2025-11-06T20:21:37,2025-11-06T12:21:37,https://api.quant-aq.com/v1/devices/MOD-00617/data/535444035
,1094.31,"{'lat': None, 'lon': None}","{'rh': 50.8, 'temp': 24.1, 'wd': 0.0, 'ws': 0.0, 'ws_scalar': 0.0}","{'gas': {'co': None, 'co2': 13264, 'no': 13590, 'no2': 13769, 'o3': 13749}, 'pm': {'pm1': 13212, 'pm10': 13214, 'pm25': 13213}}",2.98,28.39,24.59,4.51,10.94,5.23,535444191,50.8,MOD-00617,24.1,2025-11-06T20:20:37,2025-11-06T12:20:37,https://api.quant-aq.com/v1/devices/MOD-00617/data/535444033
,1093.23,"{'lat': None, 'lon': None}","{'rh': 51.3, 'temp': 24.1, 'wd': 0.0, 'ws': 0.0, 'ws_scalar': 0.0}","{'gas': {'co': None, 'co2': 13264, 'no': 13590, 'no2': 13769, 'o3': 13749}, 'pm': {'pm1': 13212, 'pm10': 13214, 'pm25': 13213}}",2.51,30.03,25.65,4.46,23.85,5.22,535444187,51.3,MOD-00617,24.1,2025-11-06T20:19:37,2025-11-06T12:19:37,https://api.quant-aq.com/v1/devices/MOD-00617/data/535444029
,1103.82,"{'lat': None, 'lon': None}","{'rh': 50.7, 'temp': 24.1, 'wd': 0.0, 'ws': 0.0, 'ws_scalar': 0.0}","{'gas': {'co': None, 'co2': 13264, 'no': 13590, 'no2': 13769, 'o3': 13749}, 'pm': {'pm1': 13212, 'pm10': 13214, 'pm25': 13213}}",2.94,28.4,24.92,4.31,13.15,4.82,535444190,50.7,MOD-00617,24.1,2025-11-06T20:18:37,2025-11-06T12:18:37,https://api.quant-aq.com/v1/devices/MOD-00617/data/535444032
,1117.44,"{'lat': None, 'lon': None}","{'rh': 51.4, 'temp': 24.1, 'wd': 0.0, 'ws': 0.0, 'ws_scalar': 0.0}","{'gas': {'co': None, 'co2': 13264, 'no': 13590, 'no2': 13769, 'o3': 13749}, 'pm': {'pm1': 13212, 'pm10': 13214, 'pm25': 13213}}",2.41,29.55,26.82,4.56,6.23,5.24,535441856,51.4,MOD-00617,24.1,2025-11-06T20:17:37,2025-11-06T12:17:37,https://api.quant-aq.com/v1/devices/MOD-00617/data/535441699
,1076.72,"{'lat': None, 'lon': None}","{'rh': 50.4, 'temp': 24.0, 'wd': 0.0, 'ws': 0.0, 'ws_scalar': 0.0}","{'gas': {'co': None, 'co2': 13264, 'no': 13590, 'no2': 13769, 'o3': 13749}, 'pm': {'pm1': 13212, 'pm10': 13214, 'pm25': 13213}}",3.17,29.35,25.59,4.51,13.18,5.06,535441854,50.4,MOD-00617,24.0,2025-11-06T20:16:37,2025-11-06T12:16:37,https://api.quant-aq.com/v1/devices/MOD-00617/data/535441696
,1074.2,"{'lat': None, 'lon': None}","{'rh': 50.2, 'temp': 24.0, 'wd': 0.0, 'ws': 0.0, 'ws_scalar': 0.0}","{'gas': {'co': None, 'co2': 13264, 'no': 13590, 'no2': 13769, 'o3': 13749}, 'pm': {'pm1': 13212, 'pm10': 13214, 'pm25': 13213}}",3.14,28.65,24.76,4.27,7.48,4.99,535441849,50.2,MOD-00617,24.0,2025-11-06T20:15:37,2025-11-06T12:15:37,https://api.quant-aq.com/v1/devices/MOD-00617/data/535441691
,1066.61,"{'lat': None, 'lon': None}","{'rh': 50.2, 'temp': 24.0, 'wd': 0.0, 'ws': 0.0, 'ws_scalar': 0.0}","{'gas': {'co': None, 'co2': 13264, 'no': 13590, 'no2': 13769, 'o3': 13749}, 'pm': {'pm1': 13212, 'pm10': 13214, 'pm25': 13213}}",3.12,28.89,24.46,4.3,7.64,5.02,535441847,50.2,MOD-00617,24.0,2025-11-06T20:14:37,2025-11-06T12:14:37,https://api.quant-aq.com/v1/devices/MOD-00617/data/535441690
,1044.45,"{'lat': None, 'lon': None}","{'rh': 49.9, 'temp': 24.0, 'wd': 0.0, 'ws': 0.0, 'ws_scalar': 0.0}","{'gas': {'co': None, 'co2': 13264, 'no': 13590, 'no2': 13769, 'o3': 13749}, 'pm': {'pm1': 13212, 'pm10': 13214, 'pm25': 13213}}",3.13,28.9,24.84,5.1,8.4,5.81,535439605,49.9,MOD-00617,24.0,2025-11-06T20:13:37,2025-11-06T12:13:37,https://api.quant-aq.com/v1/devices/MOD-00617/data/535439448
,1045.17,"{'lat': None, 'lon': None}","{'rh': 49.9, 'temp': 24.0, 'wd': 0.0, 'ws': 0.0, 'ws_scalar': 0.0}","{'gas': {'co': None, 'co2': 13264, 'no': 13590, 'no2': 13769, 'o3': 13749}, 'pm': {'pm1': 13212, 'pm10': 13214, 'pm25': 13213}}",3.1,29.37,23.95,4.75,9.14,5.45,535439604,49.9,MOD-00617,24.0,2025-11-06T20:12:37,2025-11-06T12:12:37,https://api.quant-aq.com/v1/devices/MOD-00617/data/535439447
,1048.06,"{'lat': None, 'lon': None}","{'rh': 49.7, 'temp': 24.0, 'wd': 0.0, 'ws': 0.0, 'ws_scalar': 0.0}","{'gas': {'co': None, 'co2': 13264, 'no': 13590, 'no2': 13769, 'o3': 13749}, 'pm': {'pm1': 13212, 'pm10': 13214, 'pm25': 13213}}",3.14,28.61,24.01,3.84,17.58,4.52,535439599,49.7,MOD-00617,24.0,2025-11-06T20:11:37,2025-11-06T12:11:37,https://api.quant-aq.com/v1/devices/MOD-00617/data/535439442
,1041.55,"{'lat': None, 'lon': None}","{'rh': 50.1, 'temp': 24.0, 'wd': 0.0, 'ws': 0.0, 'ws_scalar': 0.0}","{'gas': {'co': None, 'co2': 13264, 'no': 13590, 'no2': 13769, 'o3': 13749}, 'pm': {'pm1': 13212, 'pm10': 13214, 'pm25': 13213}}",3.2,29.13,23.9,4.03,7.97,4.79,535439601,50.1,MOD-00617,24.0,2025-11-06T20:10:37,2025-11-06T12:10:37,https://api.quant-aq.com/v1/devices/MOD-00617/data/535439444
,1045.29,"{'lat': None, 'lon': None}","{'rh': 50.1, 'temp': 24.0, 'wd': 0.0, 'ws': 0.0, 'ws_scalar': 0.0}","{'gas': {'co': None, 'co2': 13264, 'no': 13590, 'no2': 13769, 'o3': 13749}, 'pm': {'pm1': 13212, 'pm10': 13214, 'pm25': 13213}}",3.16,28.65,25.08,3.81,22.28,4.44,535437389,50.1,MOD-00617,24.0,2025-11-06T20:09:37,2025-11-06T12:09:37,https://api.quant-aq.com/v1/devices/MOD-00617/data/535437232
,1033.73,"{'lat': None, 'lon': None}","{'rh': 50.2, 'temp': 24.0, 'wd': 0.0, 'ws': 0.0, 'ws_scalar': 0.0}","{'gas': {'co': None, 'co2': 13264, 'no': 13590, 'no2': 13769, 'o3': 13749}, 'pm': {'pm1': 13212, 'pm10': 13214, 'pm25': 13213}}",3.11,28.41,24.76,3.66,21.55,4.29,535437387,50.2,MOD-00617,24.0,2025-11-06T20:08:37,2025-11-06T12:08:37,https://api.quant-aq.com/v1/devices/MOD-00617/data/535437230
,1029.39,"{'lat': None, 'lon': None}","{'rh': 50.5, 'temp': 24.0, 'wd': 0.0, 'ws': 0.0, 'ws_scalar': 0.0}","{'gas': {'co': None, 'co2': 13264, 'no': 13590, 'no2': 13769, 'o3': 13749}, 'pm': {'pm1': 13212, 'pm10': 13214, 'pm25': 13213}}",3.23,29.58,26.16,3.43,12.93,4.57,535437386,50.5,MOD-00617,24.0,2025-11-06T20:07:37,2025-11-06T12:07:37,https://api.quant-aq.com/v1/devices/MOD-00617/data/535437229
,1032.52,"{'lat': None, 'lon': None}","{'rh': 50.3, 'temp': 24.0, 'wd': 0.0, 'ws': 0.0, 'ws_scalar': 0.0}","{'gas': {'co': None, 'co2': 13264, 'no': 13590, 'no2': 13769, 'o3': 13749}, 'pm': {'pm1': 13212, 'pm10': 13214, 'pm25': 13213}}",3.17,29.59,26.51,3.4,5.07,4.1,535437388,50.3,MOD-00617,24.0,2025-11-06T20:06:37,2025-11-06T12:06:37,https://api.quant-aq.com/v1/devices/MOD-00617/data/535437231
,1032.76,"{'lat': None, 'lon': None}","{'rh': 49.9, 'temp': 24.0, 'wd': 0.0, 'ws': 0.0, 'ws_scalar': 0.0}","{'gas': {'co': None, 'co2': 13264, 'no': 13590, 'no2': 13769, 'o3': 13749}, 'pm': {'pm1': 13212, 'pm10': 13214, 'pm25': 13213}}",3.13,30.08,25.73,3.24,5.26,3.95,535435157,49.9,MOD-00617,24.0,2025-11-06T20:05:37,2025-11-06T12:05:37,https://api.quant-aq.com/v1/devices/MOD-00617/data/535435000
,1010.36,"{'lat': None, 'lon': None}","{'rh': 49.2, 'temp': 24.0, 'wd': 0.0, 'ws': 0.0, 'ws_scalar': 0.0}","{'gas': {'co': None, 'co2': 13264, 'no': 13590, 'no2': 13769, 'o3': 13749}, 'pm': {'pm1': 13212, 'pm10': 13214, 'pm25': 13213}}",3.28,11.38,24.74,3.77,8.74,4.22,535435156,49.2,MOD-00617,24.0,2025-11-06T20:04:37,2025-11-06T12:04:37,https://api.quant-aq.com/v1/devices/MOD-00617/data/535434999
,1007.71,"{'lat': None, 'lon': None}","{'rh': 48.7, 'temp': 23.9, 'wd': 0.0, 'ws': 0.0, 'ws_scalar': 0.0}","{'gas': {'co': None, 'co2': 13264, 'no': 13590, 'no2': 13769, 'o3': 13749}, 'pm': {'pm1': 13212, 'pm10': 13214, 'pm25': 13213}}",3.64,10.42,23.7,3.89,6.34,4.44,535435155,48.7,MOD-00617,23.9,2025-11-06T20:03:37,2025-11-06T12:03:37,https://api.quant-aq.com/v1/devices/MOD-00617/data/535434996
,1011.92,"{'lat': None, 'lon': None}","{'rh': 48.8, 'temp': 23.9, 'wd': 0.0, 'ws': 0.0, 'ws_scalar': 0.0}","{'gas': {'co': None, 'co2': 13264, 'no': 13590, 'no2': 13769, 'o3': 13749}, 'pm': {'pm1': 13212, 'pm10': 13214, 'pm25': 13213}}",3.59,10.39,23.67,4.02,12.86,4.65,535435153,48.8,MOD-00617,23.9,2025-11-06T20:02:37,2025-11-06T12:02:37,https://api.quant-aq.com/v1/devices/MOD-00617/data/535434998
,1011.56,"{'lat': None, 'lon': None}","{'rh': 48.7, 'temp': 23.9, 'wd': 0.0, 'ws': 0.0, 'ws_scalar': 0.0}","{'gas': {'co': None, 'co2': 13264, 'no': 13590, 'no2': 13769, 'o3': 13749}, 'pm': {'pm1': 13212, 'pm10': 13214, 'pm25': 13213}}",3.77,10.43,23.99,3.43,15.38,3.98,535432887,48.7,MOD-00617,23.9,2025-11-06T20:01:37,2025-11-06T12:01:37,https://api.quant-aq.com/v1/devices/MOD-00617/data/535432735
,1014.7,"{'lat': None, 'lon': None}","{'rh': 49.1, 'temp': 23.9, 'wd': 0.0, 'ws': 0.0, 'ws_scalar': 0.0}","{'gas': {'co': None, 'co2': 13264, 'no': 13590, 'no2': 13769, 'o3': 13749}, 'pm': {'pm1': 13212, 'pm10': 13214, 'pm25': 13213}}",3.34,11.3,24.18,3.31,5.55,3.83,535432892,49.1,MOD-00617,23.9,2025-11-06T20:00:37,2025-11-06T12:00:37,https://api.quant-aq.com/v1/devices/MOD-00617/data/535432733
,1024.57,"{'lat': None, 'lon': None}","{'rh': 49.1, 'temp': 23.9, 'wd': 0.0, 'ws': 0.0, 'ws_scalar': 0.0}","{'gas': {'co': None, 'co2': 13264, 'no': 13590, 'no2': 13769, 'o3': 13749}, 'pm': {'pm1': 13212, 'pm10': 13214, 'pm25': 13213}}",3.34,11.3,25.06,3.5,15.34,4.14,535432882,49.1,MOD-00617,23.9,2025-11-06T19:59:37,2025-11-06T11:59:37,https://api.quant-aq.com/v1/devices/MOD-00617/data/535432728
,1029.75,"{'lat': None, 'lon': None}","{'rh': 49.0, 'temp': 23.9, 'wd': 0.0, 'ws': 0.0, 'ws_scalar': 0.0}","{'gas': {'co': None, 'co2': 13264, 'no': 13590, 'no2': 13769, 'o3': 13749}, 'pm': {'pm1': 13212, 'pm10': 13214, 'pm25': 13213}}",3.58,11.3,24.5,3.71,12.96,4.41,535432885,49.0,MOD-00617,23.9,2025-11-06T19:58:37,2025-11-06T11:58:37,https://api.quant-aq.com/v1/devices/MOD-00617/data/535432732
,1010.48,"{'lat': None, 'lon': None}","{'rh': 48.9, 'temp': 23.9, 'wd': 0.0, 'ws': 0.0, 'ws_scalar': 0.0}","{'gas': {'co': None, 'co2': 13264, 'no': 13590, 'no2': 13769, 'o3': 13749}, 'pm': {'pm1': 13212, 'pm10': 13214, 'pm25': 13213}}",3.62,10.37,24.53,3.55,19.46,4.21,535430584,48.9,MOD-00617,23.9,2025-11-06T19:57:37,2025-11-06T11:57:37,https://api.quant-aq.com/v1/devices/MOD-00617/data/535430427
,1002.05,"{'lat': None, 'lon': None}","{'rh': 48.8, 'temp': 23.9, 'wd': 0.0, 'ws': 0.0, 'ws_scalar': 0.0}","{'gas': {'co': None, 'co2': 13264, 'no': 13590, 'no2': 13769, 'o3': 13749}, 'pm': {'pm1': 13212, 'pm10': 13214, 'pm25': 13213}}",3.7,10.39,23.67,3.77,11.16,4.26,535430583,48.8,MOD-00617,23.9,2025-11-06T19:56:37,2025-11-06T11:56:37,https://api.quant-aq.com/v1/devices/MOD-00617/data/535430425
,994.82,"{'lat': None, 'lon': None}","{'rh': 48.5, 'temp': 23.9, 'wd': 0.0, 'ws': 0.0, 'ws_scalar': 0.0}","{'gas': {'co': None, 'co2': 13264, 'no': 13590, 'no2': 13769, 'o3': 13749}, 'pm': {'pm1': 13212, 'pm10': 13214, 'pm25': 13213}}",3.76,10.47,23.76,4.32,6.87,4.84,535430581,48.5,MOD-00617,23.9,2025-11-06T19:55:37,2025-11-06T11:55:37,https://api.quant-aq.com/v1/devices/MOD-00617/data/535430424
,990.73,"{'lat': None, 'lon': None}","{'rh': 48.3, 'temp': 23.9, 'wd': 0.0, 'ws': 0.0, 'ws_scalar': 0.0}","{'gas': {'co': None, 'co2': 13264, 'no': 13590, 'no2': 13769, 'o3': 13749}, 'pm': {'pm1': 13212, 'pm10': 13214, 'pm25': 13213}}",4.1,11.27,22.35,4.0,5.97,4.59,535430582,48.3,MOD-00617,23.9,2025-11-06T19:54:37,2025-11-06T11:54:37,https://api.quant-aq.com/v1/devices/MOD-00617/data/535430426
,1031.08,"{'lat': None, 'lon': None}","{'rh': 48.8, 'temp': 23.9, 'wd': 0.0, 'ws': 0.0, 'ws_scalar': 0.0}","{'gas': {'co': None, 'co2': 13264, 'no': 13590, 'no2': 13769, 'o3': 13749}, 'pm': {'pm1': 13212, 'pm10': 13214, 'pm25': 13213}}",3.79,10.4,23.97,4.13,8.58,4.75,535428354,48.8,MOD-00617,23.9,2025-11-06T19:53:37,2025-11-06T11:53:37,https://api.quant-aq.com/v1/devices/MOD-00617/data/535428197
,1040.95,"{'lat': None, 'lon': None}","{'rh': 49.1, 'temp': 23.9, 'wd': 0.0, 'ws': 0.0, 'ws_scalar': 0.0}","{'gas': {'co': None, 'co2': 13264, 'no': 13590, 'no2': 13769, 'o3': 13749}, 'pm': {'pm1': 13212, 'pm10': 13214, 'pm25': 13213}}",2.91,11.3,23.88,3.86,5.59,4.38,535428355,49.1,MOD-00617,23.9,2025-11-06T19:52:37,2025-11-06T11:52:37,https://api.quant-aq.com/v1/devices/MOD-00617/data/535428199
,1040.95,"{'lat': None, 'lon': None}","{'rh': 49.2, 'temp': 23.9, 'wd': 0.0, 'ws': 0.0, 'ws_scalar': 0.0}","{'gas': {'co': None, 'co2': 13264, 'no': 13590, 'no2': 13769, 'o3': 13749}, 'pm': {'pm1': 13212, 'pm10': 13214, 'pm25': 13213}}",2.91,9.92,23.56,3.93,21.25,4.48,535428356,49.2,MOD-00617,23.9,2025-11-06T19:51:37,2025-11-06T11:51:37,https://api.quant-aq.com/v1/devices/MOD-00617/data/535428198
,1066.13,"{'lat': None, 'lon': None}","{'rh': 49.8, 'temp': 23.9, 'wd': 0.0, 'ws': 0.0, 'ws_scalar': 0.0}","{'gas': {'co': None, 'co2': 13264, 'no': 13590, 'no2': 13769, 'o3': 13749}, 'pm': {'pm1': 13212, 'pm10': 13214, 'pm25': 13213}}",3.04,29.13,24.87,4.14,6.16,4.72,535428353,49.8,MOD-00617,23.9,2025-11-06T19:50:37,2025-11-06T11:50:37,https://api.quant-aq.com/v1/devices/MOD-00617/data/535428196
,1076.0,"{'lat': None, 'lon': None}","{'rh': 50.0, 'temp': 23.9, 'wd': 0.0, 'ws': 0.0, 'ws_scalar': 0.0}","{'gas': {'co': None, 'co2': 13264, 'no': 13590, 'no2': 13769, 'o3': 13749}, 'pm': {'pm1': 13212, 'pm10': 13214, 'pm25': 13213}}",3.23,29.6,24.81,4.56,7.35,5.02,535426090,50.0,MOD-00617,23.9,2025-11-06T19:49:37,2025-11-06T11:49:37,https://api.quant-aq.com/v1/devices/MOD-00617/data/535425934
,1078.29,"{'lat': None, 'lon': None}","{'rh': 49.6, 'temp': 23.9, 'wd': 0.0, 'ws': 0.0, 'ws_scalar': 0.0}","{'gas': {'co': None, 'co2': 13264, 'no': 13590, 'no2': 13769, 'o3': 13749}, 'pm': {'pm1': 13212, 'pm10': 13214, 'pm25': 13213}}",3.11,29.61,24.03,4.32,15.67,4.85,535426092,49.6,MOD-00617,23.9,2025-11-06T19:48:37,2025-11-06T11:48:37,https://api.quant-aq.com/v1/devices/MOD-00617/data/535425935
,1093.35,"{'lat': None, 'lon': None}","{'rh': 49.7, 'temp': 23.9, 'wd': 0.0, 'ws': 0.0, 'ws_scalar': 0.0}","{'gas': {'co': None, 'co2': 13264, 'no': 13590, 'no2': 13769, 'o3': 13749}, 'pm': {'pm1': 13212, 'pm10': 13214, 'pm25': 13213}}",3.08,28.54,23.71,3.93,12.35,4.64,535426093,49.7,MOD-00617,23.9,2025-11-06T19:47:37,2025-11-06T11:47:37,https://api.quant-aq.com/v1/devices/MOD-00617/data/535425937
,1089.49,"{'lat': None, 'lon': None}","{'rh': 50.3, 'temp': 23.9, 'wd': 0.0, 'ws': 0.0, 'ws_scalar': 0.0}","{'gas': {'co': None, 'co2': 13264, 'no': 13590, 'no2': 13769, 'o3': 13749}, 'pm': {'pm1': 13212, 'pm10': 13214, 'pm25': 13213}}",3.16,29.11,25.02,3.76,8.67,4.31,535426094,50.3,MOD-00617,23.9,2025-11-06T19:46:37,2025-11-06T11:46:37,https://api.quant-aq.com/v1/devices/MOD-00617/data/535425936
,1092.86,"{'lat': None, 'lon': None}","{'rh': 50.3, 'temp': 23.9, 'wd': 0.0, 'ws': 0.0, 'ws_scalar': 0.0}","{'gas': {'co': None, 'co2': 13264, 'no': 13590, 'no2': 13769, 'o3': 13749}, 'pm': {'pm1': 13212, 'pm10': 13214, 'pm25': 13213}}",3.2,29.35,25.02,3.93,8.55,4.38,535423856,50.3,MOD-00617,23.9,2025-11-06T19:45:37,2025-11-06T11:45:37,https://api.quant-aq.com/v1/devices/MOD-00617/data/535423699
,1092.74,"{'lat': None, 'lon': None}","{'rh': 50.6, 'temp': 23.9, 'wd': 0.0, 'ws': 0.0, 'ws_scalar': 0.0}","{'gas': {'co': None, 'co2': 13264, 'no': 13590, 'no2': 13769, 'o3': 13749}, 'pm': {'pm1': 13212, 'pm10': 13214, 'pm25': 13213}}",3.19,29.1,26.43,4.04,17.65,4.52,535423853,50.6,MOD-00617,23.9,2025-11-06T19:44:37,2025-11-06T11:44:37,https://api.quant-aq.com/v1/devices/MOD-00617/data/535423698
,1099.25,"{'lat': None, 'lon': None}","{'rh': 50.4, 'temp': 23.8, 'wd': 0.0, 'ws': 0.0, 'ws_scalar': 0.0}","{'gas': {'co': None, 'co2': 13264, 'no': 13590, 'no2': 13769, 'o3': 13749}, 'pm': {'pm1': 13212, 'pm10': 13214, 'pm25': 13213}}",3.24,29.57,25.88,4.21,12.08,4.77,535423851,50.4,MOD-00617,23.8,2025-11-06T19:43:37,2025-11-06T11:43:37,https://api.quant-aq.com/v1/devices/MOD-00617/data/535423694
,1110.81,"{'lat': None, 'lon': None}","{'rh': 50.6, 'temp': 23.8, 'wd': 0.0, 'ws': 0.0, 'ws_scalar': 0.0}","{'gas': {'co': None, 'co2': 13264, 'no': 13590, 'no2': 13769, 'o3': 13749}, 'pm': {'pm1': 13212, 'pm10': 13214, 'pm25': 13213}}",3.27,30.04,26.72,4.07,31.93,4.71,535423855,50.6,MOD-00617,23.8,2025-11-06T19:42:37,2025-11-06T11:42:37,https://api.quant-aq.com/v1/devices/MOD-00617/data/535423696
,1084.07,"{'lat': None, 'lon': None}","{'rh': 49.7, 'temp': 23.8, 'wd': 0.0, 'ws': 0.0, 'ws_scalar': 0.0}","{'gas': {'co': None, 'co2': 13264, 'no': 13590, 'no2': 13769, 'o3': 13749}, 'pm': {'pm1': 13212, 'pm10': 13214, 'pm25': 13213}}",3.11,18.99,24.89,4.13,5.89,4.79,535421614,49.7,MOD-00617,23.8,2025-11-06T19:41:37,2025-11-06T11:41:37,https://api.quant-aq.com/v1/devices/MOD-00617/data/535421458
,1092.5,"{'lat': None, 'lon': None}","{'rh': 49.6, 'temp': 23.8, 'wd': 0.0, 'ws': 0.0, 'ws_scalar': 0.0}","{'gas': {'co': None, 'co2': 13264, 'no': 13590, 'no2': 13769, 'o3': 13749}, 'pm': {'pm1': 13212, 'pm10': 13214, 'pm25': 13213}}",3.17,10.85,25.21,5.16,16.04,5.67,535421613,49.6,MOD-00617,23.8,2025-11-06T19:40:37,2025-11-06T11:40:37,https://api.quant-aq.com/v1/devices/MOD-00617/data/535421456
,1104.55,"{'lat': None, 'lon': None}","{'rh': 49.6, 'temp': 23.8, 'wd': 0.0, 'ws': 0.0, 'ws_scalar': 0.0}","{'gas': {'co': None, 'co2': 13264, 'no': 13590, 'no2': 13769, 'o3': 13749}, 'pm': {'pm1': 13212, 'pm10': 13214, 'pm25': 13213}}",3.17,10.94,25.21,4.75,24.98,5.18,535421611,49.6,MOD-00617,23.8,2025-11-06T19:39:37,2025-11-06T11:39:37,https://api.quant-aq.com/v1/devices/MOD-00617/data/535421454
,1073.83,"{'lat': None, 'lon': None}","{'rh': 49.4, 'temp': 23.8, 'wd': 0.0, 'ws': 0.0, 'ws_scalar': 0.0}","{'gas': {'co': None, 'co2': 13264, 'no': 13590, 'no2': 13769, 'o3': 13749}, 'pm': {'pm1': 13212, 'pm10': 13214, 'pm25': 13213}}",3.19,9.81,24.68,4.34,5.26,4.87,535421612,49.4,MOD-00617,23.8,2025-11-06T19:38:37,2025-11-06T11:38:37,https://api.quant-aq.com/v1/devices/MOD-00617/data/535421455
,1067.21,"{'lat': None, 'lon': None}","{'rh': 49.4, 'temp': 23.8, 'wd': 0.0, 'ws': 0.0, 'ws_scalar': 0.0}","{'gas': {'co': None, 'co2': 13264, 'no': 13590, 'no2': 13769, 'o3': 13749}, 'pm': {'pm1': 13212, 'pm10': 13214, 'pm25': 13213}}",3.19,9.81,24.08,5.0,18.49,5.51,535419285,49.4,MOD-00617,23.8,2025-11-06T19:37:37,2025-11-06T11:37:37,https://api.quant-aq.com/v1/devices/MOD-00617/data/535419134
,1065.88,"{'lat': None, 'lon': None}","{'rh': 49.5, 'temp': 23.8, 'wd': 0.0, 'ws': 0.0, 'ws_scalar': 0.0}","{'gas': {'co': None, 'co2': 13264, 'no': 13590, 'no2': 13769, 'o3': 13749}, 'pm': {'pm1': 13212, 'pm10': 13214, 'pm25': 13213}}",3.17,10.85,24.35,5.03,25.67,5.56,535419291,49.5,MOD-00617,23.8,2025-11-06T19:36:37,2025-11-06T11:36:37,https://api.quant-aq.com/v1/devices/MOD-00617/data/535419132
,1078.05,"{'lat': None, 'lon': None}","{'rh': 49.8, 'temp': 23.8, 'wd': 0.0, 'ws': 0.0, 'ws_scalar': 0.0}","{'gas': {'co': None, 'co2': 13264, 'no': 13590, 'no2': 13769, 'o3': 13749}, 'pm': {'pm1': 13212, 'pm10': 13214, 'pm25': 13213}}",3.11,9.19,24.86,4.87,20.01,5.23,535419289,49.8,MOD-00617,23.8,2025-11-06T19:35:37,2025-11-06T11:35:37,https://api.quant-aq.com/v1/devices/MOD-00617/data/535419135
,1078.05,"{'lat': None, 'lon': None}","{'rh': 50.2, 'temp': 23.8, 'wd': 0.0, 'ws': 0.0, 'ws_scalar': 0.0}","{'gas': {'co': None, 'co2': 13264, 'no': 13590, 'no2': 13769, 'o3': 13749}, 'pm': {'pm1': 13212, 'pm10': 13214, 'pm25': 13213}}",3.18,29.11,26.24,4.85,12.97,5.35,535419287,50.2,MOD-00617,23.8,2025-11-06T19:34:37,2025-11-06T11:34:37,https://api.quant-aq.com/v1/devices/MOD-00617/data/535419133
,1075.88,"{'lat': None, 'lon': None}","{'rh': 50.3, 'temp': 23.8, 'wd': 0.0, 'ws': 0.0, 'ws_scalar': 0.0}","{'gas': {'co': None, 'co2': 13264, 'no': 13590, 'no2': 13769, 'o3': 13749}, 'pm': {'pm1': 13212, 'pm10': 13214, 'pm25': 13213}}",3.18,29.34,26.21,4.78,6.26,5.41,535417053,50.3,MOD-00617,23.8,2025-11-06T19:33:37,2025-11-06T11:33:37,https://api.quant-aq.com/v1/devices/MOD-00617/data/535416896
,1094.43,"{'lat': None, 'lon': None}","{'rh': 49.8, 'temp': 23.8, 'wd': 0.0, 'ws': 0.0, 'ws_scalar': 0.0}","{'gas': {'co': None, 'co2': 13264, 'no': 13590, 'no2': 13769, 'o3': 13749}, 'pm': {'pm1': 13212, 'pm10': 13214, 'pm25': 13213}}",3.18,28.81,25.45,5.74,6.91,6.13,535417056,49.8,MOD-00617,23.8,2025-11-06T19:32:37,2025-11-06T11:32:37,https://api.quant-aq.com/v1/devices/MOD-00617/data/535416899
,1099.37,"{'lat': None, 'lon': None}","{'rh': 49.6, 'temp': 23.8, 'wd': 0.0, 'ws': 0.0, 'ws_scalar': 0.0}","{'gas': {'co': None, 'co2': 13264, 'no': 13590, 'no2': 13769, 'o3': 13749}, 'pm': {'pm1': 13212, 'pm10': 13214, 'pm25': 13213}}",3.16,10.85,25.21,5.7,22.82,6.2,535417052,49.6,MOD-00617,23.8,2025-11-06T19:31:37,2025-11-06T11:31:37,https://api.quant-aq.com/v1/devices/MOD-00617/data/535416897
,1087.93,"{'lat': None, 'lon': None}","{'rh': 49.4, 'temp': 23.8, 'wd': 0.0, 'ws': 0.0, 'ws_scalar': 0.0}","{'gas': {'co': None, 'co2': 13264, 'no': 13590, 'no2': 13769, 'o3': 13749}, 'pm': {'pm1': 13212, 'pm10': 13214, 'pm25': 13213}}",3.19,9.81,24.97,5.51,18.47,6.03,535417055,49.4,MOD-00617,23.8,2025-11-06T19:30:37,2025-11-06T11:30:37,https://api.quant-aq.com/v1/devices/MOD-00617/data/535416898
,1090.46,"{'lat': None, 'lon': None}","{'rh': 49.5, 'temp': 23.8, 'wd': 0.0, 'ws': 0.0, 'ws_scalar': 0.0}","{'gas': {'co': None, 'co2': 13264, 'no': 13590, 'no2': 13769, 'o3': 13749}, 'pm': {'pm1': 13212, 'pm10': 13214, 'pm25': 13213}}",3.17,9.81,25.54,5.06,26.3,5.66,535414852,49.5,MOD-00617,23.8,2025-11-06T19:29:37,2025-11-06T11:29:37,https://api.quant-aq.com/v1/devices/MOD-00617/data/535414694
,1087.32,"{'lat': None, 'lon': None}","{'rh': 49.6, 'temp': 23.8, 'wd': 0.0, 'ws': 0.0, 'ws_scalar': 0.0}","{'gas': {'co': None, 'co2': 13264, 'no': 13590, 'no2': 13769, 'o3': 13749}, 'pm': {'pm1': 13212, 'pm10': 13214, 'pm25': 13213}}",3.19,10.75,25.8,5.6,15.22,6.13,535414853,49.6,MOD-00617,23.8,2025-11-06T19:28:37,2025-11-06T11:28:37,https://api.quant-aq.com/v1/devices/MOD-00617/data/535414696
3669.92,1069.14,"{'lat': None, 'lon': None}","{'rh': 49.1, 'temp': 23.8, 'wd': 0.0, 'ws': 0.0, 'ws_scalar': 0.0}","{'gas': {'co': 13502, 'co2': 13264, 'no': 13590, 'no2': 13769, 'o3': 13749}, 'pm': {'pm1': 13212, 'pm10': 13214, 'pm25': 13213}}",3.19,8.6,25.65,5.34,15.74,5.83,535414851,49.1,MOD-00617,23.8,2025-11-06T19:27:37,2025-11-06T11:27:37,https://api.quant-aq.com/v1/devices/MOD-00617/data/535414693
,1077.09,"{'lat': None, 'lon': None}","{'rh': 49.2, 'temp': 23.8, 'wd': 0.0, 'ws': 0.0, 'ws_scalar': 0.0}","{'gas': {'co': None, 'co2': 13264, 'no': 13590, 'no2': 13769, 'o3': 13749}, 'pm': {'pm1': 13212, 'pm10': 13214, 'pm25': 13213}}",3.2,9.82,25.32,5.34,11.39,5.94,535414850,49.2,MOD-00617,23.8,2025-11-06T19:26:37,2025-11-06T11:26:37,https://api.quant-aq.com/v1/devices/MOD-00617/data/535414695
,1074.44,"{'lat': None, 'lon': None}","{'rh': 48.8, 'temp': 23.8, 'wd': 0.0, 'ws': 0.0, 'ws_scalar': 0.0}","{'gas': {'co': None, 'co2': 13264, 'no': 13590, 'no2': 13769, 'o3': 13749}, 'pm': {'pm1': 13212, 'pm10': 13214, 'pm25': 13213}}",3.92,10.3,25.43,5.62,20.24,6.34,535412557,48.8,MOD-00617,23.8,2025-11-06T19:25:37,2025-11-06T11:25:37,https://api.quant-aq.com/v1/devices/MOD-00617/data/535412399
,1082.63,"{'lat': None, 'lon': None}","{'rh': 49.1, 'temp': 23.8, 'wd': 0.0, 'ws': 0.0, 'ws_scalar': 0.0}","{'gas': {'co': None, 'co2': 13264, 'no': 13590, 'no2': 13769, 'o3': 13749}, 'pm': {'pm1': 13212, 'pm10': 13214, 'pm25': 13213}}",3.2,8.57,25.94,6.06,33.64,6.92,535412554,49.1,MOD-00617,23.8,2025-11-06T19:24:37,2025-11-06T11:24:37,https://api.quant-aq.com/v1/devices/MOD-00617/data/535412397
,1058.06,"{'lat': None, 'lon': None}","{'rh': 48.7, 'temp': 23.8, 'wd': 0.0, 'ws': 0.0, 'ws_scalar': 0.0}","{'gas': {'co': None, 'co2': 13264, 'no': 13590, 'no2': 13769, 'o3': 13749}, 'pm': {'pm1': 13212, 'pm10': 13214, 'pm25': 13213}}",3.92,10.34,25.76,5.58,14.28,6.12,535412553,48.7,MOD-00617,23.8,2025-11-06T19:23:37,2025-11-06T11:23:37,https://api.quant-aq.com/v1/devices/MOD-00617/data/535412396
,1047.34,"{'lat': None, 'lon': None}","{'rh': 48.4, 'temp': 23.8, 'wd': 0.0, 'ws': 0.0, 'ws_scalar': 0.0}","{'gas': {'co': None, 'co2': 13264, 'no': 13590, 'no2': 13769, 'o3': 13749}, 'pm': {'pm1': 13212, 'pm10': 13214, 'pm25': 13213}}",3.64,10.43,24.96,4.21,14.06,4.83,535412552,48.4,MOD-00617,23.8,2025-11-06T19:22:37,2025-11-06T11:22:37,https://api.quant-aq.com/v1/devices/MOD-00617/data/535412395
,1045.17,"{'lat': None, 'lon': None}","{'rh': 48.5, 'temp': 23.8, 'wd': 0.0, 'ws': 0.0, 'ws_scalar': 0.0}","{'gas': {'co': None, 'co2': 13264, 'no': 13590, 'no2': 13769, 'o3': 13749}, 'pm': {'pm1': 13212, 'pm10': 13214, 'pm25': 13213}}",4.05,10.4,24.63,3.76,11.35,4.57,535410287,48.5,MOD-00617,23.8,2025-11-06T19:21:37,2025-11-06T11:21:37,https://api.quant-aq.com/v1/devices/MOD-00617/data/535410133
,1047.34,"{'lat': None, 'lon': None}","{'rh': 48.5, 'temp': 23.8, 'wd': 0.0, 'ws': 0.0, 'ws_scalar': 0.0}","{'gas': {'co': None, 'co2': 13264, 'no': 13590, 'no2': 13769, 'o3': 13749}, 'pm': {'pm1': 13212, 'pm10': 13214, 'pm25': 13213}}",4.07,10.39,24.93,3.71,18.3,4.31,535410285,48.5,MOD-00617,23.8,2025-11-06T19:20:37,2025-11-06T11:20:37,https://api.quant-aq.com/v1/devices/MOD-00617/data/535410131
,1045.53,"{'lat': None, 'lon': None}","{'rh': 48.5, 'temp': 23.8, 'wd': 0.0, 'ws': 0.0, 'ws_scalar': 0.0}","{'gas': {'co': None, 'co2': 13264, 'no': 13590, 'no2': 13769, 'o3': 13749}, 'pm': {'pm1': 13212, 'pm10': 13214, 'pm25': 13213}}",3.94,10.39,25.81,3.8,26.81,4.5,535410283,48.5,MOD-00617,23.8,2025-11-06T19:19:37,2025-11-06T11:19:37,https://api.quant-aq.com/v1/devices/MOD-00617/data/535410126
,1023.37,"{'lat': None, 'lon': None}","{'rh': 48.4, 'temp': 23.8, 'wd': 0.0, 'ws': 0.0, 'ws_scalar': 0.0}","{'gas': {'co': None, 'co2': 13264, 'no': 13590, 'no2': 13769, 'o3': 13749}, 'pm': {'pm1': 13212, 'pm10': 13214, 'pm25': 13213}}",3.64,10.43,24.96,3.8,29.74,4.36,535410284,48.4,MOD-00617,23.8,2025-11-06T19:18:37,2025-11-06T11:18:37,https://api.quant-aq.com/v1/devices/MOD-00617/data/535410128
,1037.7,"{'lat': None, 'lon': None}","{'rh': 48.5, 'temp': 23.8, 'wd': 0.0, 'ws': 0.0, 'ws_scalar': 0.0}","{'gas': {'co': None, 'co2': 13264, 'no': 13590, 'no2': 13769, 'o3': 13749}, 'pm': {'pm1': 13212, 'pm10': 13214, 'pm25': 13213}}",3.67,10.39,25.22,3.79,5.22,4.38,535407987,48.5,MOD-00617,23.8,2025-11-06T19:17:37,2025-11-06T11:17:37,https://api.quant-aq.com/v1/devices/MOD-00617/data/535407830
,1028.18,"{'lat': None, 'lon': None}","{'rh': 48.5, 'temp': 23.8, 'wd': 0.0, 'ws': 0.0, 'ws_scalar': 0.0}","{'gas': {'co': None, 'co2': 13264, 'no': 13590, 'no2': 13769, 'o3': 13749}, 'pm': {'pm1': 13212, 'pm10': 13214, 'pm25': 13213}}",3.65,10.39,25.52,3.75,7.65,4.4,535407986,48.5,MOD-00617,23.8,2025-11-06T19:16:37,2025-11-06T11:16:37,https://api.quant-aq.com/v1/devices/MOD-00617/data/535407828
,1041.55,"{'lat': None, 'lon': None}","{'rh': 48.9, 'temp': 23.8, 'wd': 0.0, 'ws': 0.0, 'ws_scalar': 0.0}","{'gas': {'co': None, 'co2': 13264, 'no': 13590, 'no2': 13769, 'o3': 13749}, 'pm': {'pm1': 13212, 'pm10': 13214, 'pm25': 13213}}",3.57,8.61,26.0,3.87,12.2,4.54,535407988,48.9,MOD-00617,23.8,2025-11-06T19:15:37,2025-11-06T11:15:37,https://api.quant-aq.com/v1/devices/MOD-00617/data/535407831
,1037.94,"{'lat': None, 'lon': None}","{'rh': 48.9, 'temp': 23.8, 'wd': 0.0, 'ws': 0.0, 'ws_scalar': 0.0}","{'gas': {'co': None, 'co2': 13264, 'no': 13590, 'no2': 13769, 'o3': 13749}, 'pm': {'pm1': 13212, 'pm10': 13214, 'pm25': 13213}}",3.56,9.47,26.88,4.23,18.45,4.93,535407984,48.9,MOD-00617,23.8,2025-11-06T19:14:37,2025-11-06T11:14:37,https://api.quant-aq.com/v1/devices/MOD-00617/data/535407829
,1018.79,"{'lat': None, 'lon': None}","{'rh': 48.5, 'temp': 23.8, 'wd': 0.0, 'ws': 0.0, 'ws_scalar': 0.0}","{'gas': {'co': None, 'co2': 13264, 'no': 13590, 'no2': 13769, 'o3': 13749}, 'pm': {'pm1': 13212, 'pm10': 13214, 'pm25': 13213}}",3.68,11.34,26.4,4.91,18.92,5.48,535405768,48.5,MOD-00617,23.8,2025-11-06T19:13:37,2025-11-06T11:13:37,https://api.quant-aq.com/v1/devices/MOD-00617/data/535405611
,1010.72,"{'lat': None, 'lon': None}","{'rh': 48.5, 'temp': 23.8, 'wd': 0.0, 'ws': 0.0, 'ws_scalar': 0.0}","{'gas': {'co': None, 'co2': 13264, 'no': 13590, 'no2': 13769, 'o3': 13749}, 'pm': {'pm1': 13212, 'pm10': 13214, 'pm25': 13213}}",3.78,11.17,26.99,4.44,5.98,5.23,535405767,48.5,MOD-00617,23.8,2025-11-06T19:12:37,2025-11-06T11:12:37,https://api.quant-aq.com/v1/devices/MOD-00617/data/535405610
,991.69,"{'lat': None, 'lon': None}","{'rh': 48.4, 'temp': 23.8, 'wd': 0.0, 'ws': 0.0, 'ws_scalar': 0.0}","{'gas': {'co': None, 'co2': 13264, 'no': 13590, 'no2': 13769, 'o3': 13749}, 'pm': {'pm1': 13212, 'pm10': 13214, 'pm25': 13213}}",3.77,11.36,26.43,4.64,8.52,5.35,535405766,48.4,MOD-00617,23.8,2025-11-06T19:11:37,2025-11-06T11:11:37,https://api.quant-aq.com/v1/devices/MOD-00617/data/535405609
,971.21,"{'lat': None, 'lon': None}","{'rh': 47.8, 'temp': 23.8, 'wd': 0.0, 'ws': 0.0, 'ws_scalar': 0.0}","{'gas': {'co': None, 'co2': 13264, 'no': 13590, 'no2': 13769, 'o3': 13749}, 'pm': {'pm1': 13212, 'pm10': 13214, 'pm25': 13213}}",3.97,29.92,25.71,4.53,21.59,5.08,535405765,47.8,MOD-00617,23.8,2025-11-06T19:10:37,2025-11-06T11:10:37,https://api.quant-aq.com/v1/devices/MOD-00617/data/535405608
,968.08,"{'lat': None, 'lon': None}","{'rh': 47.8, 'temp': 23.8, 'wd': 0.0, 'ws': 0.0, 'ws_scalar': 0.0}","{'gas': {'co': None, 'co2': 13264, 'no': 13590, 'no2': 13769, 'o3': 13749}, 'pm': {'pm1': 13212, 'pm10': 13214, 'pm25': 13213}}",4.03,30.39,25.71,4.63,9.23,5.36,535403501,47.8,MOD-00617,23.8,2025-11-06T19:09:37,2025-11-06T11:09:37,https://api.quant-aq.com/v1/devices/MOD-00617/data/535403344
,971.82,"{'lat': None, 'lon': None}","{'rh': 47.8, 'temp': 23.8, 'wd': 0.0, 'ws': 0.0, 'ws_scalar': 0.0}","{'gas': {'co': None, 'co2': 13264, 'no': 13590, 'no2': 13769, 'o3': 13749}, 'pm': {'pm1': 13212, 'pm10': 13214, 'pm25': 13213}}",4.03,29.92,25.71,5.34,18.56,5.92,535403497,47.8,MOD-00617,23.8,2025-11-06T19:08:37,2025-11-06T11:08:37,https://api.quant-aq.com/v1/devices/MOD-00617/data/535403342
,975.07,"{'lat': None, 'lon': None}","{'rh': 47.6, 'temp': 23.8, 'wd': 0.0, 'ws': 0.0, 'ws_scalar': 0.0}","{'gas': {'co': None, 'co2': 13264, 'no': 13590, 'no2': 13769, 'o3': 13749}, 'pm': {'pm1': 13212, 'pm10': 13214, 'pm25': 13213}}",4.14,29.93,25.47,5.14,9.52,5.83,535403498,47.6,MOD-00617,23.8,2025-11-06T19:07:37,2025-11-06T11:07:37,https://api.quant-aq.com/v1/devices/MOD-00617/data/535403340
,970.49,"{'lat': None, 'lon': None}","{'rh': 47.5, 'temp': 23.8, 'wd': 0.0, 'ws': 0.0, 'ws_scalar': 0.0}","{'gas': {'co': None, 'co2': 13264, 'no': 13590, 'no2': 13769, 'o3': 13749}, 'pm': {'pm1': 13212, 'pm10': 13214, 'pm25': 13213}}",4.11,29.69,25.21,5.77,23.41,6.33,535403496,47.5,MOD-00617,23.8,2025-11-06T19:06:37,2025-11-06T11:06:37,https://api.quant-aq.com/v1/devices/MOD-00617/data/535403339
,979.77,"{'lat': None, 'lon': None}","{'rh': 47.6, 'temp': 23.8, 'wd': 0.0, 'ws': 0.0, 'ws_scalar': 0.0}","{'gas': {'co': None, 'co2': 13264, 'no': 13590, 'no2': 13769, 'o3': 13749}, 'pm': {'pm1': 13212, 'pm10': 13214, 'pm25': 13213}}",4.06,18.24,25.77,5.2,8.43,5.96,535401275,47.6,MOD-00617,23.8,2025-11-06T19:05:37,2025-11-06T11:05:37,https://api.quant-aq.com/v1/devices/MOD-00617/data/535401117
,975.43,"{'lat': None, 'lon': None}","{'rh': 47.5, 'temp': 23.8, 'wd': 0.0, 'ws': 0.0, 'ws_scalar': 0.0}","{'gas': {'co': None, 'co2': 13264, 'no': 13590, 'no2': 13769, 'o3': 13749}, 'pm': {'pm1': 13212, 'pm10': 13214, 'pm25': 13213}}",4.03,18.52,25.5,5.03,27.6,5.66,535401273,47.5,MOD-00617,23.8,2025-11-06T19:04:37,2025-11-06T11:04:37,https://api.quant-aq.com/v1/devices/MOD-00617/data/535401116
3558.58,977.0,"{'lat': None, 'lon': None}","{'rh': 47.5, 'temp': 23.8, 'wd': 0.0, 'ws': 0.0, 'ws_scalar': 0.0}","{'gas': {'co': 13502, 'co2': 13264, 'no': 13590, 'no2': 13769, 'o3': 13749}, 'pm': {'pm1': 13212, 'pm10': 13214, 'pm25': 13213}}",4.03,18.52,25.8,5.53,8.6,6.14,535401272,47.5,MOD-00617,23.8,2025-11-06T19:03:37,2025-11-06T11:03:37,https://api.quant-aq.com/v1/devices/MOD-00617/data/535401115
3581.64,959.77,"{'lat': None, 'lon': None}","{'rh': 47.4, 'temp': 23.8, 'wd': 0.0, 'ws': 0.0, 'ws_scalar': 0.0}","{'gas': {'co': 13502, 'co2': 13264, 'no': 13590, 'no2': 13769, 'o3': 13749}, 'pm': {'pm1': 13212, 'pm10': 13214, 'pm25': 13213}}",4.96,29.46,24.36,5.06,10.16,5.72,535401271,47.4,MOD-00617,23.8,2025-11-06T19:02:37,2025-11-06T11:02:37,https://api.quant-aq.com/v1/devices/MOD-00617/data/535401114
3577.73,966.16,"{'lat': None, 'lon': None}","{'rh': 47.7, 'temp': 23.8, 'wd': 0.0, 'ws': 0.0, 'ws_scalar': 0.0}","{'gas': {'co': 13502, 'co2': 13264, 'no': 13590, 'no2': 13769, 'o3': 13749}, 'pm': {'pm1': 13212, 'pm10': 13214, 'pm25': 13213}}",4.08,11.96,25.45,5.75,9.69,6.58,535399023,47.7,MOD-00617,23.8,2025-11-06T19:01:37,2025-11-06T11:01:37,https://api.quant-aq.com/v1/devices/MOD-00617/data/535398865
3573.41,965.55,"{'lat': None, 'lon': None}","{'rh': 48.0, 'temp': 23.8, 'wd': 0.0, 'ws': 0.0, 'ws_scalar': 0.0}","{'gas': {'co': 13502, 'co2': 13264, 'no': 13590, 'no2': 13769, 'o3': 13749}, 'pm': {'pm1': 13212, 'pm10': 13214, 'pm25': 13213}}",4.29,11.93,25.95,6.16,13.11,6.88,535399021,48.0,MOD-00617,23.8,2025-11-06T19:00:37,2025-11-06T11:00:37,https://api.quant-aq.com/v1/devices/MOD-00617/data/535398863
3563.08,976.75,"{'lat': None, 'lon': None}","{'rh': 48.1, 'temp': 23.8, 'wd': 0.0, 'ws': 0.0, 'ws_scalar': 0.0}","{'gas': {'co': 13502, 'co2': 13264, 'no': 13590, 'no2': 13769, 'o3': 13749}, 'pm': {'pm1': 13212, 'pm10': 13214, 'pm25': 13213}}",5.0,11.41,26.51,6.58,10.36,7.55,535399018,48.1,MOD-00617,23.8,2025-11-06T18:59:37,2025-11-06T10:59:37,https://api.quant-aq.com/v1/devices/MOD-00617/data/535398858
3519.37,966.76,"{'lat': None, 'lon': None}","{'rh': 47.8, 'temp': 23.8, 'wd': 0.0, 'ws': 0.0, 'ws_scalar': 0.0}","{'gas': {'co': 13502, 'co2': 13264, 'no': 13590, 'no2': 13769, 'o3': 13749}, 'pm': {'pm1': 13212, 'pm10': 13214, 'pm25': 13213}}",4.31,30.16,26.01,6.96,13.72,7.85,535399019,47.8,MOD-00617,23.8,2025-11-06T18:58:37,2025-11-06T10:58:37,https://api.quant-aq.com/v1/devices/MOD-00617/data/535398860
3457.11,970.01,"{'lat': None, 'lon': None}","{'rh': 47.6, 'temp': 23.8, 'wd': 0.0, 'ws': 0.0, 'ws_scalar': 0.0}","{'gas': {'co': 13502, 'co2': 13264, 'no': 13590, 'no2': 13769, 'o3': 13749}, 'pm': {'pm1': 13212, 'pm10': 13214, 'pm25': 13213}}",5.41,17.89,24.6,6.42,10.57,7.13,535396704,47.6,MOD-00617,23.8,2025-11-06T18:57:37,2025-11-06T10:57:37,https://api.quant-aq.com/v1/devices/MOD-00617/data/535396547
3358.9,985.91,"{'lat': None, 'lon': None}","{'rh': 47.9, 'temp': 23.9, 'wd': 0.0, 'ws': 0.0, 'ws_scalar': 0.0}","{'gas': {'co': 13502, 'co2': 13264, 'no': 13590, 'no2': 13769, 'o3': 13749}, 'pm': {'pm1': 13212, 'pm10': 13214, 'pm25': 13213}}",5.57,11.97,24.81,6.69,18.39,7.28,535396702,47.9,MOD-00617,23.9,2025-11-06T18:56:37,2025-11-06T10:56:37,https://api.quant-aq.com/v1/devices/MOD-00617/data/535396545
3269.49,1000.72,"{'lat': None, 'lon': None}","{'rh': 48.2, 'temp': 23.8, 'wd': 0.0, 'ws': 0.0, 'ws_scalar': 0.0}","{'gas': {'co': 13502, 'co2': 13264, 'no': 13590, 'no2': 13769, 'o3': 13749}, 'pm': {'pm1': 13212, 'pm10': 13214, 'pm25': 13213}}",4.31,11.39,25.6,8.14,12.34,8.8,535396698,48.2,MOD-00617,23.8,2025-11-06T18:55:37,2025-11-06T10:55:37,https://api.quant-aq.com/v1/devices/MOD-00617/data/535396541
3179.7,990.97,"{'lat': None, 'lon': None}","{'rh': 48.2, 'temp': 23.9, 'wd': 0.0, 'ws': 0.0, 'ws_scalar': 0.0}","{'gas': {'co': 13502, 'co2': 13264, 'no': 13590, 'no2': 13769, 'o3': 13749}, 'pm': {'pm1': 13212, 'pm10': 13214, 'pm25': 13213}}",5.51,11.28,26.49,7.02,11.32,7.68,535396696,48.2,MOD-00617,23.9,2025-11-06T18:54:37,2025-11-06T10:54:37,https://api.quant-aq.com/v1/devices/MOD-00617/data/535396540
3088.5,1000.96,"{'lat': None, 'lon': None}","{'rh': 48.3, 'temp': 23.9, 'wd': 0.0, 'ws': 0.0, 'ws_scalar': 0.0}","{'gas': {'co': 13502, 'co2': 13264, 'no': 13590, 'no2': 13769, 'o3': 13749}, 'pm': {'pm1': 13212, 'pm10': 13214, 'pm25': 13213}}",5.41,30.63,26.46,6.53,10.66,7.22,535394443,48.3,MOD-00617,23.9,2025-11-06T18:53:37,2025-11-06T10:53:37,https://api.quant-aq.com/v1/devices/MOD-00617/data/535394286
3006.81,1007.35,"{'lat': None, 'lon': None}","{'rh': 48.3, 'temp': 23.9, 'wd': 0.0, 'ws': 0.0, 'ws_scalar': 0.0}","{'gas': {'co': 13502, 'co2': 13264, 'no': 13590, 'no2': 13769, 'o3': 13749}, 'pm': {'pm1': 13212, 'pm10': 13214, 'pm25': 13213}}",5.52,11.42,26.17,6.34,12.94,7.02,535394442,48.3,MOD-00617,23.9,2025-11-06T18:52:37,2025-11-06T10:52:37,https://api.quant-aq.com/v1/devices/MOD-00617/data/535394284
2927.99,1000.24,"{'lat': None, 'lon': None}","{'rh': 48.3, 'temp': 23.9, 'wd': 0.0, 'ws': 0.0, 'ws_scalar': 0.0}","{'gas': {'co': 13502, 'co2': 13264, 'no': 13590, 'no2': 13769, 'o3': 13749}, 'pm': {'pm1': 13212, 'pm10': 13214, 'pm25': 13213}}",4.31,11.42,26.76,6.41,21.46,7.14,535394444,48.3,MOD-00617,23.9,2025-11-06T18:51:37,2025-11-06T10:51:37,https://api.quant-aq.com/v1/devices/MOD-00617/data/535394287
2872.5,995.91,"{'lat': None, 'lon': None}","{'rh': 48.4, 'temp': 23.9, 'wd': 0.0, 'ws': 0.0, 'ws_scalar': 0.0}","{'gas': {'co': 13502, 'co2': 13264, 'no': 13590, 'no2': 13769, 'o3': 13749}, 'pm': {'pm1': 13212, 'pm10': 13214, 'pm25': 13213}}",5.47,30.2,26.43,7.11,29.78,7.81,535394441,48.4,MOD-00617,23.9,2025-11-06T18:50:37,2025-11-06T10:50:37,https://api.quant-aq.com/v1/devices/MOD-00617/data/535394285
2829.2,975.79,"{'lat': None, 'lon': None}","{'rh': 48.1, 'temp': 23.9, 'wd': 0.0, 'ws': 0.0, 'ws_scalar': 0.0}","{'gas': {'co': 13502, 'co2': 13264, 'no': 13590, 'no2': 13769, 'o3': 13749}, 'pm': {'pm1': 13212, 'pm10': 13214, 'pm25': 13213}}",5.66,30.86,26.81,7.9,13.65,8.82,535392007,48.1,MOD-00617,23.9,2025-11-06T18:49:37,2025-11-06T10:49:37,https://api.quant-aq.com/v1/devices/MOD-00617/data/535391850
2776.58,970.01,"{'lat': None, 'lon': None}","{'rh': 48.2, 'temp': 23.9, 'wd': 0.0, 'ws': 0.0, 'ws_scalar': 0.0}","{'gas': {'co': 13502, 'co2': 13264, 'no': 13590, 'no2': 13769, 'o3': 13749}, 'pm': {'pm1': 13212, 'pm10': 13214, 'pm25': 13213}}",5.61,30.86,26.2,7.58,11.04,8.22,535392006,48.2,MOD-00617,23.9,2025-11-06T18:48:37,2025-11-06T10:48:37,https://api.quant-aq.com/v1/devices/MOD-00617/data/535391849
2702.69,979.4,"{'lat': None, 'lon': None}","{'rh': 48.2, 'temp': 23.9, 'wd': 0.0, 'ws': 0.0, 'ws_scalar': 0.0}","{'gas': {'co': 13502, 'co2': 13264, 'no': 13590, 'no2': 13769, 'o3': 13749}, 'pm': {'pm1': 13212, 'pm10': 13214, 'pm25': 13213}}",5.61,11.43,26.2,6.76,19.74,7.78,535392005,48.2,MOD-00617,23.9,2025-11-06T18:47:37,2025-11-06T10:47:37,https://api.quant-aq.com/v1/devices/MOD-00617/data/535391848
2607.59,967.0,"{'lat': None, 'lon': None}","{'rh': 48.0, 'temp': 23.9, 'wd': 0.0, 'ws': 0.0, 'ws_scalar': 0.0}","{'gas': {'co': 13502, 'co2': 13264, 'no': 13590, 'no2': 13769, 'o3': 13749}, 'pm': {'pm1': 13212, 'pm10': 13214, 'pm25': 13213}}",5.66,30.86,26.25,7.6,9.18,8.28,535392003,48.0,MOD-00617,23.9,2025-11-06T18:46:37,2025-11-06T10:46:37,https://api.quant-aq.com/v1/devices/MOD-00617/data/535391847
2497.72,962.78,"{'lat': None, 'lon': None}","{'rh': 47.8, 'temp': 23.9, 'wd': 0.0, 'ws': 0.0, 'ws_scalar': 0.0}","{'gas': {'co': 13502, 'co2': 13264, 'no': 13590, 'no2': 13769, 'o3': 13749}, 'pm': {'pm1': 13212, 'pm10': 13214, 'pm25': 13213}}",5.71,29.85,25.72,6.97,9.06,7.82,535389714,47.8,MOD-00617,23.9,2025-11-06T18:45:37,2025-11-06T10:45:37,https://api.quant-aq.com/v1/devices/MOD-00617/data/535389557
2371.69,972.3,"{'lat': None, 'lon': None}","{'rh': 47.8, 'temp': 23.9, 'wd': 0.0, 'ws': 0.0, 'ws_scalar': 0.0}","{'gas': {'co': 13502, 'co2': 13264, 'no': 13590, 'no2': 13769, 'o3': 13749}, 'pm': {'pm1': 13212, 'pm10': 13214, 'pm25': 13213}}",5.43,30.4,25.13,8.31,20.7,9.02,535389713,47.8,MOD-00617,23.9,2025-11-06T18:44:37,2025-11-06T10:44:37,https://api.quant-aq.com/v1/devices/MOD-00617/data/535389555
2236.98,979.04,"{'lat': None, 'lon': None}","{'rh': 47.9, 'temp': 23.9, 'wd': 0.0, 'ws': 0.0, 'ws_scalar': 0.0}","{'gas': {'co': 13502, 'co2': 13264, 'no': 13590, 'no2': 13769, 'o3': 13749}, 'pm': {'pm1': 13212, 'pm10': 13214, 'pm25': 13213}}",5.45,11.97,25.4,10.36,11.98,11.15,535389712,47.9,MOD-00617,23.9,2025-11-06T18:43:37,2025-11-06T10:43:37,https://api.quant-aq.com/v1/devices/MOD-00617/data/535389556
2096.92,983.26,"{'lat': None, 'lon': None}","{'rh': 48.0, 'temp': 23.9, 'wd': 0.0, 'ws': 0.0, 'ws_scalar': 0.0}","{'gas': {'co': 13502, 'co2': 13264, 'no': 13590, 'no2': 13769, 'o3': 13749}, 'pm': {'pm1': 13212, 'pm10': 13214, 'pm25': 13213}}",5.42,30.04,25.96,11.31,15.48,12.02,535389711,48.0,MOD-00617,23.9,2025-11-06T18:42:37,2025-11-06T10:42:37,https://api.quant-aq.com/v1/devices/MOD-00617/data/535389554
1979.45,988.56,"{'lat': None, 'lon': None}","{'rh': 48.1, 'temp': 23.9, 'wd': 0.0, 'ws': 0.0, 'ws_scalar': 0.0}","{'gas': {'co': 13502, 'co2': 13264, 'no': 13590, 'no2': 13769, 'o3': 13749}, 'pm': {'pm1': 13212, 'pm10': 13214, 'pm25': 13213}}",5.36,12.06,25.34,11.15,13.45,11.87,535387094,48.1,MOD-00617,23.9,2025-11-06T18:41:37,2025-11-06T10:41:37,https://api.quant-aq.com/v1/devices/MOD-00617/data/535386937
1917.53,981.09,"{'lat': None, 'lon': None}","{'rh': 48.0, 'temp': 23.9, 'wd': 0.0, 'ws': 0.0, 'ws_scalar': 0.0}","{'gas': {'co': 13502, 'co2': 13264, 'no': 13590, 'no2': 13769, 'o3': 13749}, 'pm': {'pm1': 13212, 'pm10': 13214, 'pm25': 13213}}",5.42,30.04,25.66,10.7,12.02,11.37,535387090,48.0,MOD-00617,23.9,2025-11-06T18:40:37,2025-11-06T10:40:37,https://api.quant-aq.com/v1/devices/MOD-00617/data/535386933
1902.2,994.1,"{'lat': None, 'lon': None}","{'rh': 48.2, 'temp': 23.9, 'wd': 0.0, 'ws': 0.0, 'ws_scalar': 0.0}","{'gas': {'co': 13502, 'co2': 13264, 'no': 13590, 'no2': 13769, 'o3': 13749}, 'pm': {'pm1': 13212, 'pm10': 13214, 'pm25': 13213}}",5.56,31.57,27.66,8.42,13.59,9.13,535387091,48.2,MOD-00617,23.9,2025-11-06T18:39:37,2025-11-06T10:39:37,https://api.quant-aq.com/v1/devices/MOD-00617/data/535386934
1905.63,993.74,"{'lat': None, 'lon': None}","{'rh': 48.0, 'temp': 23.9, 'wd': 0.0, 'ws': 0.0, 'ws_scalar': 0.0}","{'gas': {'co': 13502, 'co2': 13264, 'no': 13590, 'no2': 13769, 'o3': 13749}, 'pm': {'pm1': 13212, 'pm10': 13214, 'pm25': 13213}}",5.3,11.96,25.66,8.47,13.3,9.19,535387092,48.0,MOD-00617,23.9,2025-11-06T18:38:37,2025-11-06T10:38:37,https://api.quant-aq.com/v1/devices/MOD-00617/data/535386935
1910.55,984.95,"{'lat': None, 'lon': None}","{'rh': 48.0, 'temp': 23.9, 'wd': 0.0, 'ws': 0.0, 'ws_scalar': 0.0}","{'gas': {'co': 13502, 'co2': 13264, 'no': 13590, 'no2': 13769, 'o3': 13749}, 'pm': {'pm1': 13212, 'pm10': 13214, 'pm25': 13213}}",5.42,31.1,27.13,6.4,21.81,7.17,535384469,48.0,MOD-00617,23.9,2025-11-06T18:37:37,2025-11-06T10:37:37,https://api.quant-aq.com/v1/devices/MOD-00617/data/535384312
1914.32,973.98,"{'lat': None, 'lon': None}","{'rh': 47.9, 'temp': 23.9, 'wd': 0.0, 'ws': 0.0, 'ws_scalar': 0.0}","{'gas': {'co': 13502, 'co2': 13264, 'no': 13590, 'no2': 13769, 'o3': 13749}, 'pm': {'pm1': 13212, 'pm10': 13214, 'pm25': 13213}}",5.4,30.87,25.98,4.99,9.44,5.65,535384468,47.9,MOD-00617,23.9,2025-11-06T18:36:37,2025-11-06T10:36:37,https://api.quant-aq.com/v1/devices/MOD-00617/data/535384311
1923.56,954.35,"{'lat': None, 'lon': None}","{'rh': 47.6, 'temp': 23.9, 'wd': 0.0, 'ws': 0.0, 'ws_scalar': 0.0}","{'gas': {'co': 13502, 'co2': 13264, 'no': 13590, 'no2': 13769, 'o3': 13749}, 'pm': {'pm1': 13212, 'pm10': 13214, 'pm25': 13213}}",5.56,30.41,26.07,5.36,15.7,6.08,535384467,47.6,MOD-00617,23.9,2025-11-06T18:35:37,2025-11-06T10:35:37,https://api.quant-aq.com/v1/devices/MOD-00617/data/535384310
1932.73,932.07,"{'lat': None, 'lon': None}","{'rh': 47.4, 'temp': 23.9, 'wd': 0.0, 'ws': 0.0, 'ws_scalar': 0.0}","{'gas': {'co': 13502, 'co2': 13264, 'no': 13590, 'no2': 13769, 'o3': 13749}, 'pm': {'pm1': 13212, 'pm10': 13214, 'pm25': 13213}}",5.77,30.89,25.83,4.94,6.15,5.64,535384466,47.4,MOD-00617,23.9,2025-11-06T18:34:37,2025-11-06T10:34:37,https://api.quant-aq.com/v1/devices/MOD-00617/data/535384309
1951.69,924.0,"{'lat': None, 'lon': None}","{'rh': 47.3, 'temp': 23.9, 'wd': 0.0, 'ws': 0.0, 'ws_scalar': 0.0}","{'gas': {'co': 13502, 'co2': 13264, 'no': 13590, 'no2': 13769, 'o3': 13749}, 'pm': {'pm1': 13212, 'pm10': 13214, 'pm25': 13213}}",5.85,30.66,26.44,4.14,5.28,4.71,535381571,47.3,MOD-00617,23.9,2025-11-06T18:33:37,2025-11-06T10:33:37,https://api.quant-aq.com/v1/devices/MOD-00617/data/535381416
1974.27,926.53,"{'lat': None, 'lon': None}","{'rh': 47.3, 'temp': 23.9, 'wd': 0.0, 'ws': 0.0, 'ws_scalar': 0.0}","{'gas': {'co': 13502, 'co2': 13264, 'no': 13590, 'no2': 13769, 'o3': 13749}, 'pm': {'pm1': 13212, 'pm10': 13214, 'pm25': 13213}}",5.82,30.66,25.86,4.37,11.53,4.95,535381570,47.3,MOD-00617,23.9,2025-11-06T18:32:37,2025-11-06T10:32:37,https://api.quant-aq.com/v1/devices/MOD-00617/data/535381414
1992.27,903.28,"{'lat': None, 'lon': None}","{'rh': 46.8, 'temp': 23.9, 'wd': 0.0, 'ws': 0.0, 'ws_scalar': 0.0}","{'gas': {'co': 13502, 'co2': 13264, 'no': 13590, 'no2': 13769, 'o3': 13749}, 'pm': {'pm1': 13212, 'pm10': 13214, 'pm25': 13213}}",7.01,30.2,25.12,4.17,20.51,4.79,535381572,46.8,MOD-00617,23.9,2025-11-06T18:31:37,2025-11-06T10:31:37,https://api.quant-aq.com/v1/devices/MOD-00617/data/535381415
2017.1,941.22,"{'lat': None, 'lon': None}","{'rh': 47.1, 'temp': 23.9, 'wd': 0.0, 'ws': 0.0, 'ws_scalar': 0.0}","{'gas': {'co': 13502, 'co2': 13264, 'no': 13590, 'no2': 13769, 'o3': 13749}, 'pm': {'pm1': 13212, 'pm10': 13214, 'pm25': 13213}}",6.4,30.19,25.91,4.19,10.79,4.78,535381569,47.1,MOD-00617,23.9,2025-11-06T18:30:37,2025-11-06T10:30:37,https://api.quant-aq.com/v1/devices/MOD-00617/data/535381412
2043.3,944.36,"{'lat': None, 'lon': None}","{'rh': 47.2, 'temp': 23.9, 'wd': 0.0, 'ws': 0.0, 'ws_scalar': 0.0}","{'gas': {'co': 13502, 'co2': 13264, 'no': 13590, 'no2': 13769, 'o3': 13749}, 'pm': {'pm1': 13212, 'pm10': 13214, 'pm25': 13213}}",5.95,31.13,25.59,3.55,10.97,3.98,535378827,47.2,MOD-00617,23.9,2025-11-06T18:29:37,2025-11-06T10:29:37,https://api.quant-aq.com/v1/devices/MOD-00617/data/535378670
2079.09,942.67,"{'lat': None, 'lon': None}","{'rh': 47.1, 'temp': 23.9, 'wd': 0.0, 'ws': 0.0, 'ws_scalar': 0.0}","{'gas': {'co': 13502, 'co2': 13264, 'no': 13590, 'no2': 13769, 'o3': 13749}, 'pm': {'pm1': 13212, 'pm10': 13214, 'pm25': 13213}}",6.05,30.43,26.21,4.7,5.58,5.18,535378829,47.1,MOD-00617,23.9,2025-11-06T18:28:37,2025-11-06T10:28:37,https://api.quant-aq.com/v1/devices/MOD-00617/data/535378672
2100.51,938.33,"{'lat': None, 'lon': None}","{'rh': 47.0, 'temp': 23.9, 'wd': 0.0, 'ws': 0.0, 'ws_scalar': 0.0}","{'gas': {'co': 13502, 'co2': 13264, 'no': 13590, 'no2': 13769, 'o3': 13749}, 'pm': {'pm1': 13212, 'pm10': 13214, 'pm25': 13213}}",6.18,30.43,25.65,4.3,11.33,4.76,535378828,47.0,MOD-00617,23.9,2025-11-06T18:27:37,2025-11-06T10:27:37,https://api.quant-aq.com/v1/devices/MOD-00617/data/535378671
2126.85,932.79,"{'lat': None, 'lon': None}","{'rh': 46.9, 'temp': 23.9, 'wd': 0.0, 'ws': 0.0, 'ws_scalar': 0.0}","{'gas': {'co': 13502, 'co2': 13264, 'no': 13590, 'no2': 13769, 'o3': 13749}, 'pm': {'pm1': 13212, 'pm10': 13214, 'pm25': 13213}}",6.56,30.67,25.39,4.42,4.96,4.84,535378826,46.9,MOD-00617,23.9,2025-11-06T18:26:37,2025-11-06T10:26:37,https://api.quant-aq.com/v1/devices/MOD-00617/data/535378669
2153.57,946.04,"{'lat': None, 'lon': None}","{'rh': 47.0, 'temp': 24.0, 'wd': 0.0, 'ws': 0.0, 'ws_scalar': 0.0}","{'gas': {'co': 13502, 'co2': 13264, 'no': 13590, 'no2': 13769, 'o3': 13749}, 'pm': {'pm1': 13212, 'pm10': 13214, 'pm25': 13213}}",6.48,31.15,25.37,4.53,5.82,5.03,535375985,47.0,MOD-00617,24.0,2025-11-06T18:25:37,2025-11-06T10:25:37,https://api.quant-aq.com/v1/devices/MOD-00617/data/535375828
2167.01,940.26,"{'lat': None, 'lon': None}","{'rh': 47.0, 'temp': 23.9, 'wd': 0.0, 'ws': 0.0, 'ws_scalar': 0.0}","{'gas': {'co': 13502, 'co2': 13264, 'no': 13590, 'no2': 13769, 'o3': 13749}, 'pm': {'pm1': 13212, 'pm10': 13214, 'pm25': 13213}}",6.42,31.14,26.23,4.25,19.59,4.92,535375983,47.0,MOD-00617,23.9,2025-11-06T18:24:37,2025-11-06T10:24:37,https://api.quant-aq.com/v1/devices/MOD-00617/data/535375826
2190.66,921.23,"{'lat': None, 'lon': None}","{'rh': 46.8, 'temp': 24.0, 'wd': 0.0, 'ws': 0.0, 'ws_scalar': 0.0}","{'gas': {'co': 13502, 'co2': 13264, 'no': 13590, 'no2': 13769, 'o3': 13749}, 'pm': {'pm1': 13212, 'pm10': 13214, 'pm25': 13213}}",6.98,29.97,25.13,4.27,7.6,4.77,535375984,46.8,MOD-00617,24.0,2025-11-06T18:23:37,2025-11-06T10:23:37,https://api.quant-aq.com/v1/devices/MOD-00617/data/535375827
2213.99,925.2,"{'lat': None, 'lon': None}","{'rh': 46.9, 'temp': 24.0, 'wd': 0.0, 'ws': 0.0, 'ws_scalar': 0.0}","{'gas': {'co': 13502, 'co2': 13264, 'no': 13590, 'no2': 13769, 'o3': 13749}, 'pm': {'pm1': 13212, 'pm10': 13214, 'pm25': 13213}}",6.56,30.44,25.69,4.69,8.02,5.35,535375986,46.9,MOD-00617,24.0,2025-11-06T18:22:37,2025-11-06T10:22:37,https://api.quant-aq.com/v1/devices/MOD-00617/data/535375829
2233.14,936.77,"{'lat': None, 'lon': None}","{'rh': 47.1, 'temp': 24.0, 'wd': 0.0, 'ws': 0.0, 'ws_scalar': 0.0}","{'gas': {'co': 13502, 'co2': 13264, 'no': 13590, 'no2': 13769, 'o3': 13749}, 'pm': {'pm1': 13212, 'pm10': 13214, 'pm25': 13213}}",5.21,30.44,25.34,4.27,10.62,4.83,535373111,47.1,MOD-00617,24.0,2025-11-06T18:21:37,2025-11-06T10:21:37,https://api.quant-aq.com/v1/devices/MOD-00617/data/535372955
2240.38,938.21,"{'lat': None, 'lon': None}","{'rh': 47.3, 'temp': 24.0, 'wd': 0.0, 'ws': 0.0, 'ws_scalar': 0.0}","{'gas': {'co': 13502, 'co2': 13264, 'no': 13590, 'no2': 13769, 'o3': 13749}, 'pm': {'pm1': 13212, 'pm10': 13214, 'pm25': 13213}}",4.96,31.14,26.16,4.08,6.24,4.64,535373110,47.3,MOD-00617,24.0,2025-11-06T18:20:37,2025-11-06T10:20:37,https://api.quant-aq.com/v1/devices/MOD-00617/data/535372953
2260.98,928.09,"{'lat': None, 'lon': None}","{'rh': 47.2, 'temp': 24.0, 'wd': 0.0, 'ws': 0.0, 'ws_scalar': 0.0}","{'gas': {'co': 13502, 'co2': 13264, 'no': 13590, 'no2': 13769, 'o3': 13749}, 'pm': {'pm1': 13212, 'pm10': 13214, 'pm25': 13213}}",5.74,30.67,25.89,5.08,22.02,5.74,535373109,47.2,MOD-00617,24.0,2025-11-06T18:19:37,2025-11-06T10:19:37,https://api.quant-aq.com/v1/devices/MOD-00617/data/535372952
2273.97,944.23,"{'lat': None, 'lon': None}","{'rh': 47.4, 'temp': 24.0, 'wd': 0.0, 'ws': 0.0, 'ws_scalar': 0.0}","{'gas': {'co': 13502, 'co2': 13264, 'no': 13590, 'no2': 13769, 'o3': 13749}, 'pm': {'pm1': 13212, 'pm10': 13214, 'pm25': 13213}}",5.92,31.37,27.01,5.39,10.39,5.91,535373106,47.4,MOD-00617,24.0,2025-11-06T18:18:37,2025-11-06T10:18:37,https://api.quant-aq.com/v1/devices/MOD-00617/data/535372949
2285.47,941.46,"{'lat': None, 'lon': None}","{'rh': 47.4, 'temp': 24.0, 'wd': 0.0, 'ws': 0.0, 'ws_scalar': 0.0}","{'gas': {'co': 13502, 'co2': 13264, 'no': 13590, 'no2': 13769, 'o3': 13749}, 'pm': {'pm1': 13212, 'pm10': 13214, 'pm25': 13213}}",4.8,31.61,26.42,5.3,7.4,5.77,535370213,47.4,MOD-00617,24.0,2025-11-06T18:17:37,2025-11-06T10:17:37,https://api.quant-aq.com/v1/devices/MOD-00617/data/535370056
2283.08,938.45,"{'lat': None, 'lon': None}","{'rh': 47.3, 'temp': 24.0, 'wd': 0.0, 'ws': 0.0, 'ws_scalar': 0.0}","{'gas': {'co': 13502, 'co2': 13264, 'no': 13590, 'no2': 13769, 'o3': 13749}, 'pm': {'pm1': 13212, 'pm10': 13214, 'pm25': 13213}}",6.15,31.61,26.45,5.33,11.01,5.76,535370216,47.3,MOD-00617,24.0,2025-11-06T18:16:37,2025-11-06T10:16:37,https://api.quant-aq.com/v1/devices/MOD-00617/data/535370058
2270.08,916.65,"{'lat': None, 'lon': None}","{'rh': 47.1, 'temp': 24.0, 'wd': 0.0, 'ws': 0.0, 'ws_scalar': 0.0}","{'gas': {'co': 13502, 'co2': 13264, 'no': 13590, 'no2': 13769, 'o3': 13749}, 'pm': {'pm1': 13212, 'pm10': 13214, 'pm25': 13213}}",5.55,31.15,26.8,5.86,6.7,6.35,535370214,47.1,MOD-00617,24.0,2025-11-06T18:15:37,2025-11-06T10:15:37,https://api.quant-aq.com/v1/devices/MOD-00617/data/535370057
2266.8,931.83,"{'lat': None, 'lon': None}","{'rh': 47.1, 'temp': 24.0, 'wd': 0.0, 'ws': 0.0, 'ws_scalar': 0.0}","{'gas': {'co': 13502, 'co2': 13264, 'no': 13590, 'no2': 13769, 'o3': 13749}, 'pm': {'pm1': 13212, 'pm10': 13214, 'pm25': 13213}}",6.14,30.91,25.92,5.54,6.16,6.08,535370215,47.1,MOD-00617,24.0,2025-11-06T18:14:37,2025-11-06T10:14:37,https://api.quant-aq.com/v1/devices/MOD-00617/data/535370059
2244.49,935.68,"{'lat': None, 'lon': None}","{'rh': 47.3, 'temp': 24.0, 'wd': 0.0, 'ws': 0.0, 'ws_scalar': 0.0}","{'gas': {'co': 13502, 'co2': 13264, 'no': 13590, 'no2': 13769, 'o3': 13749}, 'pm': {'pm1': 13212, 'pm10': 13214, 'pm25': 13213}}",5.16,31.14,26.45,5.92,9.76,6.59,535367377,47.3,MOD-00617,24.0,2025-11-06T18:13:37,2025-11-06T10:13:37,https://api.quant-aq.com/v1/devices/MOD-00617/data/535367220
2221.32,936.29,"{'lat': None, 'lon': None}","{'rh': 47.4, 'temp': 23.9, 'wd': 0.0, 'ws': 0.0, 'ws_scalar': 0.0}","{'gas': {'co': 13502, 'co2': 13264, 'no': 13590, 'no2': 13769, 'o3': 13749}, 'pm': {'pm1': 13212, 'pm10': 13214, 'pm25': 13213}}",5.45,31.13,27.29,5.08,13.61,5.7,535367378,47.4,MOD-00617,23.9,2025-11-06T18:12:37,2025-11-06T10:12:37,https://api.quant-aq.com/v1/devices/MOD-00617/data/535367221
2197.92,933.51,"{'lat': None, 'lon': None}","{'rh': 47.4, 'temp': 23.9, 'wd': 0.0, 'ws': 0.0, 'ws_scalar': 0.0}","{'gas': {'co': 13502, 'co2': 13264, 'no': 13590, 'no2': 13769, 'o3': 13749}, 'pm': {'pm1': 13212, 'pm10': 13214, 'pm25': 13213}}",5.81,31.13,27.29,3.98,7.47,4.55,535367376,47.4,MOD-00617,23.9,2025-11-06T18:11:37,2025-11-06T10:11:37,https://api.quant-aq.com/v1/devices/MOD-00617/data/535367219
2193.55,926.41,"{'lat': None, 'lon': None}","{'rh': 47.2, 'temp': 23.9, 'wd': 0.0, 'ws': 0.0, 'ws_scalar': 0.0}","{'gas': {'co': 13502, 'co2': 13264, 'no': 13590, 'no2': 13769, 'o3': 13749}, 'pm': {'pm1': 13212, 'pm10': 13214, 'pm25': 13213}}",6.29,31.13,26.47,4.83,5.53,5.36,535367375,47.2,MOD-00617,23.9,2025-11-06T18:10:37,2025-11-06T10:10:37,https://api.quant-aq.com/v1/devices/MOD-00617/data/535367218
2191.57,925.81,"{'lat': None, 'lon': None}","{'rh': 47.1, 'temp': 23.9, 'wd': 0.0, 'ws': 0.0, 'ws_scalar': 0.0}","{'gas': {'co': 13502, 'co2': 13264, 'no': 13590, 'no2': 13769, 'o3': 13749}, 'pm': {'pm1': 13212, 'pm10': 13214, 'pm25': 13213}}",6.05,31.38,26.21,4.16,8.42,4.74,535364563,47.1,MOD-00617,23.9,2025-11-06T18:09:37,2025-11-06T10:09:37,https://api.quant-aq.com/v1/devices/MOD-00617/data/535364404
2175.22,919.78,"{'lat': None, 'lon': None}","{'rh': 47.0, 'temp': 23.9, 'wd': 0.0, 'ws': 0.0, 'ws_scalar': 0.0}","{'gas': {'co': 13502, 'co2': 13264, 'no': 13590, 'no2': 13769, 'o3': 13749}, 'pm': {'pm1': 13212, 'pm10': 13214, 'pm25': 13213}}",6.21,31.38,26.53,3.73,16.76,4.29,535364561,47.0,MOD-00617,23.9,2025-11-06T18:08:37,2025-11-06T10:08:37,https://api.quant-aq.com/v1/devices/MOD-00617/data/535364406
2151.41,931.59,"{'lat': None, 'lon': None}","{'rh': 47.0, 'temp': 23.9, 'wd': 0.0, 'ws': 0.0, 'ws_scalar': 0.0}","{'gas': {'co': 13502, 'co2': 13264, 'no': 13590, 'no2': 13769, 'o3': 13749}, 'pm': {'pm1': 13212, 'pm10': 13214, 'pm25': 13213}}",6.42,29.96,25.65,4.49,5.87,5.05,535364560,47.0,MOD-00617,23.9,2025-11-06T18:07:37,2025-11-06T10:07:37,https://api.quant-aq.com/v1/devices/MOD-00617/data/535364403
2128.21,930.26,"{'lat': None, 'lon': None}","{'rh': 47.3, 'temp': 23.9, 'wd': 0.0, 'ws': 0.0, 'ws_scalar': 0.0}","{'gas': {'co': 13502, 'co2': 13264, 'no': 13590, 'no2': 13769, 'o3': 13749}, 'pm': {'pm1': 13212, 'pm10': 13214, 'pm25': 13213}}",5.85,31.13,25.86,4.13,20.36,4.5,535364562,47.3,MOD-00617,23.9,2025-11-06T18:06:37,2025-11-06T10:06:37,https://api.quant-aq.com/v1/devices/MOD-00617/data/535364407
2103.29,953.03,"{'lat': None, 'lon': None}","{'rh': 47.7, 'temp': 23.9, 'wd': 0.0, 'ws': 0.0, 'ws_scalar': 0.0}","{'gas': {'co': 13502, 'co2': 13264, 'no': 13590, 'no2': 13769, 'o3': 13749}, 'pm': {'pm1': 13212, 'pm10': 13214, 'pm25': 13213}}",5.53,31.35,28.09,4.66,7.41,5.07,535361771,47.7,MOD-00617,23.9,2025-11-06T18:05:37,2025-11-06T10:05:37,https://api.quant-aq.com/v1/devices/MOD-00617/data/535361614
2083.12,932.43,"{'lat': None, 'lon': None}","{'rh': 47.2, 'temp': 23.9, 'wd': 0.0, 'ws': 0.0, 'ws_scalar': 0.0}","{'gas': {'co': 13502, 'co2': 13264, 'no': 13590, 'no2': 13769, 'o3': 13749}, 'pm': {'pm1': 13212, 'pm10': 13214, 'pm25': 13213}}",5.79,32.32,26.76,4.46,9.06,4.99,535361774,47.2,MOD-00617,23.9,2025-11-06T18:04:37,2025-11-06T10:04:37,https://api.quant-aq.com/v1/devices/MOD-00617/data/535361616
2056.24,919.66,"{'lat': None, 'lon': None}","{'rh': 46.9, 'temp': 23.9, 'wd': 0.0, 'ws': 0.0, 'ws_scalar': 0.0}","{'gas': {'co': 13502, 'co2': 13264, 'no': 13590, 'no2': 13769, 'o3': 13749}, 'pm': {'pm1': 13212, 'pm10': 13214, 'pm25': 13213}}",6.56,30.91,26.55,3.96,5.59,4.45,535361773,46.9,MOD-00617,23.9,2025-11-06T18:03:37,2025-11-06T10:03:37,https://api.quant-aq.com/v1/devices/MOD-00617/data/535361617
2035.31,924.96,"{'lat': None, 'lon': None}","{'rh': 46.9, 'temp': 23.9, 'wd': 0.0, 'ws': 0.0, 'ws_scalar': 0.0}","{'gas': {'co': 13502, 'co2': 13264, 'no': 13590, 'no2': 13769, 'o3': 13749}, 'pm': {'pm1': 13212, 'pm10': 13214, 'pm25': 13213}}",6.75,30.91,25.97,4.03,4.92,4.56,535361772,46.9,MOD-00617,23.9,2025-11-06T18:02:37,2025-11-06T10:02:37,https://api.quant-aq.com/v1/devices/MOD-00617/data/535361615
2011.76,937.25,"{'lat': None, 'lon': None}","{'rh': 47.1, 'temp': 23.9, 'wd': 0.0, 'ws': 0.0, 'ws_scalar': 0.0}","{'gas': {'co': 13502, 'co2': 13264, 'no': 13590, 'no2': 13769, 'o3': 13749}, 'pm': {'pm1': 13212, 'pm10': 13214, 'pm25': 13213}}",6.18,30.67,27.08,4.53,6.25,5.18,535359434,47.1,MOD-00617,23.9,2025-11-06T18:01:37,2025-11-06T10:01:37,https://api.quant-aq.com/v1/devices/MOD-00617/data/535359277
1970.5,957.0,"{'lat': None, 'lon': None}","{'rh': 47.4, 'temp': 23.9, 'wd': 0.0, 'ws': 0.0, 'ws_scalar': 0.0}","{'gas': {'co': 13502, 'co2': 13264, 'no': 13590, 'no2': 13769, 'o3': 13749}, 'pm': {'pm1': 13212, 'pm10': 13214, 'pm25': 13213}}",5.81,31.36,27.0,3.74,5.53,4.34,535359432,47.4,MOD-00617,23.9,2025-11-06T18:00:37,2025-11-06T10:00:37,https://api.quant-aq.com/v1/devices/MOD-00617/data/535359274
1919.15,962.06,"{'lat': None, 'lon': None}","{'rh': 47.3, 'temp': 23.8, 'wd': 0.0, 'ws': 0.0, 'ws_scalar': 0.0}","{'gas': {'co': 13502, 'co2': 13264, 'no': 13590, 'no2': 13769, 'o3': 13749}, 'pm': {'pm1': 13212, 'pm10': 13214, 'pm25': 13213}}",5.86,31.6,27.31,4.36,12.34,5.03,535359433,47.3,MOD-00617,23.8,2025-11-06T17:59:37,2025-11-06T09:59:37,https://api.quant-aq.com/v1/devices/MOD-00617/data/535359276
1884.33,941.71,"{'lat': None, 'lon': None}","{'rh': 47.2, 'temp': 23.8, 'wd': 0.0, 'ws': 0.0, 'ws_scalar': 0.0}","{'gas': {'co': 13502, 'co2': 13264, 'no': 13590, 'no2': 13769, 'o3': 13749}, 'pm': {'pm1': 13212, 'pm10': 13214, 'pm25': 13213}}",6.34,32.31,27.34,3.77,15.01,4.42,535359431,47.2,MOD-00617,23.8,2025-11-06T17:58:37,2025-11-06T09:58:37,https://api.quant-aq.com/v1/devices/MOD-00617/data/535359275
1846.49,942.79,"{'lat': None, 'lon': None}","{'rh': 47.3, 'temp': 23.8, 'wd': 0.0, 'ws': 0.0, 'ws_scalar': 0.0}","{'gas': {'co': 13502, 'co2': 13264, 'no': 13590, 'no2': 13769, 'o3': 13749}, 'pm': {'pm1': 13212, 'pm10': 13214, 'pm25': 13213}}",6.17,31.6,27.31,4.4,11.39,4.89,535357124,47.3,MOD-00617,23.8,2025-11-06T17:57:37,2025-11-06T09:57:37,https://api.quant-aq.com/v1/devices/MOD-00617/data/535356968
1798.94,937.01,"{'lat': None, 'lon': None}","{'rh': 47.2, 'temp': 23.8, 'wd': 0.0, 'ws': 0.0, 'ws_scalar': 0.0}","{'gas': {'co': 13502, 'co2': 13264, 'no': 13590, 'no2': 13769, 'o3': 13749}, 'pm': {'pm1': 13212, 'pm10': 13214, 'pm25': 13213}}",6.16,31.36,27.34,3.75,5.54,4.24,535357123,47.2,MOD-00617,23.8,2025-11-06T17:56:37,2025-11-06T09:56:37,https://api.quant-aq.com/v1/devices/MOD-00617/data/535356966
1757.07,937.97,"{'lat': None, 'lon': None}","{'rh': 47.2, 'temp': 23.8, 'wd': 0.0, 'ws': 0.0, 'ws_scalar': 0.0}","{'gas': {'co': 13502, 'co2': 13264, 'no': 13590, 'no2': 13769, 'o3': 13749}, 'pm': {'pm1': 13212, 'pm10': 13214, 'pm25': 13213}}",6.26,31.6,27.34,4.43,10.57,4.98,535357125,47.2,MOD-00617,23.8,2025-11-06T17:55:37,2025-11-06T09:55:37,https://api.quant-aq.com/v1/devices/MOD-00617/data/535356969
1712.74,927.25,"{'lat': None, 'lon': None}","{'rh': 47.2, 'temp': 23.8, 'wd': 0.0, 'ws': 0.0, 'ws_scalar': 0.0}","{'gas': {'co': 13502, 'co2': 13264, 'no': 13590, 'no2': 13769, 'o3': 13749}, 'pm': {'pm1': 13212, 'pm10': 13214, 'pm25': 13213}}",6.4,31.84,26.76,4.47,8.26,4.93,535357126,47.2,MOD-00617,23.8,2025-11-06T17:54:37,2025-11-06T09:54:37,https://api.quant-aq.com/v1/devices/MOD-00617/data/535356967
1683.39,921.35,"{'lat': None, 'lon': None}","{'rh': 46.9, 'temp': 23.8, 'wd': 0.0, 'ws': 0.0, 'ws_scalar': 0.0}","{'gas': {'co': 13502, 'co2': 13264, 'no': 13590, 'no2': 13769, 'o3': 13749}, 'pm': {'pm1': 13212, 'pm10': 13214, 'pm25': 13213}}",6.92,31.14,27.13,4.71,6.75,5.34,535354765,46.9,MOD-00617,23.8,2025-11-06T17:53:37,2025-11-06T09:53:37,https://api.quant-aq.com/v1/devices/MOD-00617/data/535354608
1650.27,941.22,"{'lat': None, 'lon': None}","{'rh': 47.3, 'temp': 23.8, 'wd': 0.0, 'ws': 0.0, 'ws_scalar': 0.0}","{'gas': {'co': 13502, 'co2': 13264, 'no': 13590, 'no2': 13769, 'o3': 13749}, 'pm': {'pm1': 13212, 'pm10': 13214, 'pm25': 13213}}",5.89,31.6,27.61,5.07,18.87,5.83,535354764,47.3,MOD-00617,23.8,2025-11-06T17:52:37,2025-11-06T09:52:37,https://api.quant-aq.com/v1/devices/MOD-00617/data/535354607
1613.87,916.53,"{'lat': None, 'lon': None}","{'rh': 47.1, 'temp': 23.8, 'wd': 0.0, 'ws': 0.0, 'ws_scalar': 0.0}","{'gas': {'co': 13502, 'co2': 13264, 'no': 13590, 'no2': 13769, 'o3': 13749}, 'pm': {'pm1': 13212, 'pm10': 13214, 'pm25': 13213}}",6.37,31.84,27.08,4.85,5.87,5.56,535354766,47.1,MOD-00617,23.8,2025-11-06T17:51:37,2025-11-06T09:51:37,https://api.quant-aq.com/v1/devices/MOD-00617/data/535354609
1583.3,894.49,"{'lat': None, 'lon': None}","{'rh': 46.8, 'temp': 23.8, 'wd': 0.0, 'ws': 0.0, 'ws_scalar': 0.0}","{'gas': {'co': 13502, 'co2': 13264, 'no': 13590, 'no2': 13769, 'o3': 13749}, 'pm': {'pm1': 13212, 'pm10': 13214, 'pm25': 13213}}",7.24,30.91,26.28,5.2,17.27,5.69,535354763,46.8,MOD-00617,23.8,2025-11-06T17:50:37,2025-11-06T09:50:37,https://api.quant-aq.com/v1/devices/MOD-00617/data/535354606
1564.27,913.76,"{'lat': None, 'lon': None}","{'rh': 47.0, 'temp': 23.8, 'wd': 0.0, 'ws': 0.0, 'ws_scalar': 0.0}","{'gas': {'co': 13502, 'co2': 13264, 'no': 13590, 'no2': 13769, 'o3': 13749}, 'pm': {'pm1': 13212, 'pm10': 13214, 'pm25': 13213}}",7.38,31.37,27.1,5.6,19.42,6.02,535352510,47.0,MOD-00617,23.8,2025-11-06T17:49:37,2025-11-06T09:49:37,https://api.quant-aq.com/v1/devices/MOD-00617/data/535352354
1531.08,916.41,"{'lat': None, 'lon': None}","{'rh': 47.5, 'temp': 23.8, 'wd': 0.0, 'ws': 0.0, 'ws_scalar': 0.0}","{'gas': {'co': 13502, 'co2': 13264, 'no': 13590, 'no2': 13769, 'o3': 13749}, 'pm': {'pm1': 13212, 'pm10': 13214, 'pm25': 13213}}",7.04,32.54,27.26,7.07,9.22,7.79,535352509,47.5,MOD-00617,23.8,2025-11-06T17:48:37,2025-11-06T09:48:37,https://api.quant-aq.com/v1/devices/MOD-00617/data/535352352
1489.58,912.92,"{'lat': None, 'lon': None}","{'rh': 47.4, 'temp': 23.7, 'wd': 0.0, 'ws': 0.0, 'ws_scalar': 0.0}","{'gas': {'co': 13502, 'co2': 13264, 'no': 13590, 'no2': 13769, 'o3': 13749}, 'pm': {'pm1': 13212, 'pm10': 13214, 'pm25': 13213}}",6.68,31.82,27.87,7.85,16.71,8.38,535352512,47.4,MOD-00617,23.7,2025-11-06T17:47:37,2025-11-06T09:47:37,https://api.quant-aq.com/v1/devices/MOD-00617/data/535352353
1449.69,908.34,"{'lat': None, 'lon': None}","{'rh': 47.5, 'temp': 23.7, 'wd': 0.0, 'ws': 0.0, 'ws_scalar': 0.0}","{'gas': {'co': 13502, 'co2': 13264, 'no': 13590, 'no2': 13769, 'o3': 13749}, 'pm': {'pm1': 13212, 'pm10': 13214, 'pm25': 13213}}",5.71,32.53,28.43,8.17,29.19,9.0,535352511,47.5,MOD-00617,23.7,2025-11-06T17:46:37,2025-11-06T09:46:37,https://api.quant-aq.com/v1/devices/MOD-00617/data/535352355
1426.91,911.35,"{'lat': None, 'lon': None}","{'rh': 47.2, 'temp': 23.7, 'wd': 0.0, 'ws': 0.0, 'ws_scalar': 0.0}","{'gas': {'co': 13502, 'co2': 13264, 'no': 13590, 'no2': 13769, 'o3': 13749}, 'pm': {'pm1': 13212, 'pm10': 13214, 'pm25': 13213}}",6.32,32.3,28.5,8.24,16.84,8.89,535350310,47.2,MOD-00617,23.7,2025-11-06T17:45:37,2025-11-06T09:45:37,https://api.quant-aq.com/v1/devices/MOD-00617/data/535350153
1419.52,905.21,"{'lat': None, 'lon': None}","{'rh': 47.2, 'temp': 23.7, 'wd': 0.0, 'ws': 0.0, 'ws_scalar': 0.0}","{'gas': {'co': 13502, 'co2': 13264, 'no': 13590, 'no2': 13769, 'o3': 13749}, 'pm': {'pm1': 13212, 'pm10': 13214, 'pm25': 13213}}",6.32,32.54,28.5,8.66,13.9,9.15,535350313,47.2,MOD-00617,23.7,2025-11-06T17:44:37,2025-11-06T09:44:37,https://api.quant-aq.com/v1/devices/MOD-00617/data/535350156
1395.93,888.95,"{'lat': None, 'lon': None}","{'rh': 46.9, 'temp': 23.7, 'wd': 0.0, 'ws': 0.0, 'ws_scalar': 0.0}","{'gas': {'co': 13502, 'co2': 13264, 'no': 13590, 'no2': 13769, 'o3': 13749}, 'pm': {'pm1': 13212, 'pm10': 13214, 'pm25': 13213}}",7.12,32.08,27.41,7.7,10.54,8.47,535350311,46.9,MOD-00617,23.7,2025-11-06T17:43:37,2025-11-06T09:43:37,https://api.quant-aq.com/v1/devices/MOD-00617/data/535350155
1395.32,880.28,"{'lat': None, 'lon': None}","{'rh': 46.6, 'temp': 23.7, 'wd': 0.0, 'ws': 0.0, 'ws_scalar': 0.0}","{'gas': {'co': 13502, 'co2': 13264, 'no': 13590, 'no2': 13769, 'o3': 13749}, 'pm': {'pm1': 13212, 'pm10': 13214, 'pm25': 13213}}",7.53,31.62,27.2,7.51,11.12,8.21,535350312,46.6,MOD-00617,23.7,2025-11-06T17:42:37,2025-11-06T09:42:37,https://api.quant-aq.com/v1/devices/MOD-00617/data/535350157
1396.96,879.31,"{'lat': None, 'lon': None}","{'rh': 46.6, 'temp': 23.7, 'wd': 0.0, 'ws': 0.0, 'ws_scalar': 0.0}","{'gas': {'co': 13502, 'co2': 13264, 'no': 13590, 'no2': 13769, 'o3': 13749}, 'pm': {'pm1': 13212, 'pm10': 13214, 'pm25': 13213}}",7.53,32.33,28.66,6.0,7.27,6.67,535348088,46.6,MOD-00617,23.7,2025-11-06T17:41:37,2025-11-06T09:41:37,https://api.quant-aq.com/v1/devices/MOD-00617/data/535347931
1393.82,865.7,"{'lat': None, 'lon': None}","{'rh': 46.4, 'temp': 23.7, 'wd': 0.0, 'ws': 0.0, 'ws_scalar': 0.0}","{'gas': {'co': 13502, 'co2': 13264, 'no': 13590, 'no2': 13769, 'o3': 13749}, 'pm': {'pm1': 13212, 'pm10': 13214, 'pm25': 13213}}",7.9,31.39,27.26,4.57,5.79,5.12,535348084,46.4,MOD-00617,23.7,2025-11-06T17:40:37,2025-11-06T09:40:37,https://api.quant-aq.com/v1/devices/MOD-00617/data/535347928
1378.77,853.06,"{'lat': None, 'lon': None}","{'rh': 46.2, 'temp': 23.7, 'wd': 0.0, 'ws': 0.0, 'ws_scalar': 0.0}","{'gas': {'co': 13502, 'co2': 13264, 'no': 13590, 'no2': 13769, 'o3': 13749}, 'pm': {'pm1': 13212, 'pm10': 13214, 'pm25': 13213}}",8.33,31.64,27.31,4.58,21.36,5.22,535348083,46.2,MOD-00617,23.7,2025-11-06T17:39:37,2025-11-06T09:39:37,https://api.quant-aq.com/v1/devices/MOD-00617/data/535347927
1371.12,843.06,"{'lat': None, 'lon': None}","{'rh': 46.0, 'temp': 23.7, 'wd': 0.0, 'ws': 0.0, 'ws_scalar': 0.0}","{'gas': {'co': 13502, 'co2': 13264, 'no': 13590, 'no2': 13769, 'o3': 13749}, 'pm': {'pm1': 13212, 'pm10': 13214, 'pm25': 13213}}",8.64,31.88,27.08,4.7,7.53,5.33,535348086,46.0,MOD-00617,23.7,2025-11-06T17:38:37,2025-11-06T09:38:37,https://api.quant-aq.com/v1/devices/MOD-00617/data/535347930
1364.62,837.04,"{'lat': None, 'lon': None}","{'rh': 45.9, 'temp': 23.7, 'wd': 0.0, 'ws': 0.0, 'ws_scalar': 0.0}","{'gas': {'co': 13502, 'co2': 13264, 'no': 13590, 'no2': 13769, 'o3': 13749}, 'pm': {'pm1': 13212, 'pm10': 13214, 'pm25': 13213}}",8.54,31.65,27.1,4.81,7.67,5.43,535345725,45.9,MOD-00617,23.7,2025-11-06T17:37:37,2025-11-06T09:37:37,https://api.quant-aq.com/v1/devices/MOD-00617/data/535345570
1358.53,830.05,"{'lat': None, 'lon': None}","{'rh': 45.8, 'temp': 23.7, 'wd': 0.0, 'ws': 0.0, 'ws_scalar': 0.0}","{'gas': {'co': 13502, 'co2': 13264, 'no': 13590, 'no2': 13769, 'o3': 13749}, 'pm': {'pm1': 13212, 'pm10': 13214, 'pm25': 13213}}",9.13,31.42,26.84,5.05,6.5,5.69,535345724,45.8,MOD-00617,23.7,2025-11-06T17:36:37,2025-11-06T09:36:37,https://api.quant-aq.com/v1/devices/MOD-00617/data/535345569
1352.71,841.62,"{'lat': None, 'lon': None}","{'rh': 45.9, 'temp': 23.7, 'wd': 0.0, 'ws': 0.0, 'ws_scalar': 0.0}","{'gas': {'co': 13502, 'co2': 13264, 'no': 13590, 'no2': 13769, 'o3': 13749}, 'pm': {'pm1': 13212, 'pm10': 13214, 'pm25': 13213}}",9.93,31.41,26.81,4.46,11.93,5.24,535345728,45.9,MOD-00617,23.7,2025-11-06T17:35:37,2025-11-06T09:35:37,https://api.quant-aq.com/v1/devices/MOD-00617/data/535345571
1350.39,828.73,"{'lat': None, 'lon': None}","{'rh': 45.7, 'temp': 23.7, 'wd': 0.0, 'ws': 0.0, 'ws_scalar': 0.0}","{'gas': {'co': 13502, 'co2': 13264, 'no': 13590, 'no2': 13769, 'o3': 13749}, 'pm': {'pm1': 13212, 'pm10': 13214, 'pm25': 13213}}",9.92,30.95,27.16,4.62,5.41,5.2,535345726,45.7,MOD-00617,23.7,2025-11-06T17:34:37,2025-11-06T09:34:37,https://api.quant-aq.com/v1/devices/MOD-00617/data/535345567
1330.14,834.63,"{'lat': None, 'lon': None}","{'rh': 45.9, 'temp': 23.7, 'wd': 0.0, 'ws': 0.0, 'ws_scalar': 0.0}","{'gas': {'co': 13502, 'co2': 13264, 'no': 13590, 'no2': 13769, 'o3': 13749}, 'pm': {'pm1': 13212, 'pm10': 13214, 'pm25': 13213}}",9.07,31.65,27.39,4.59,7.5,5.1,535343466,45.9,MOD-00617,23.7,2025-11-06T17:33:37,2025-11-06T09:33:37,https://api.quant-aq.com/v1/devices/MOD-00617/data/535343310
1314.27,828.25,"{'lat': None, 'lon': None}","{'rh': 45.7, 'temp': 23.7, 'wd': 0.0, 'ws': 0.0, 'ws_scalar': 0.0}","{'gas': {'co': 13502, 'co2': 13264, 'no': 13590, 'no2': 13769, 'o3': 13749}, 'pm': {'pm1': 13212, 'pm10': 13214, 'pm25': 13213}}",9.79,31.89,27.16,3.87,27.16,4.42,535343468,45.7,MOD-00617,23.7,2025-11-06T17:32:37,2025-11-06T09:32:37,https://api.quant-aq.com/v1/devices/MOD-00617/data/535343311
1303.67,825.11,"{'lat': None, 'lon': None}","{'rh': 45.6, 'temp': 23.7, 'wd': 0.0, 'ws': 0.0, 'ws_scalar': 0.0}","{'gas': {'co': 13502, 'co2': 13264, 'no': 13590, 'no2': 13769, 'o3': 13749}, 'pm': {'pm1': 13212, 'pm10': 13214, 'pm25': 13213}}",9.7,31.19,26.89,4.03,15.88,4.63,535343467,45.6,MOD-00617,23.7,2025-11-06T17:31:37,2025-11-06T09:31:37,https://api.quant-aq.com/v1/devices/MOD-00617/data/535343309
1293.88,822.46,"{'lat': None, 'lon': None}","{'rh': 45.5, 'temp': 23.7, 'wd': 0.0, 'ws': 0.0, 'ws_scalar': 0.0}","{'gas': {'co': 13502, 'co2': 13264, 'no': 13590, 'no2': 13769, 'o3': 13749}, 'pm': {'pm1': 13212, 'pm10': 13214, 'pm25': 13213}}",9.98,31.19,26.92,3.69,11.8,4.08,535343465,45.5,MOD-00617,23.7,2025-11-06T17:30:37,2025-11-06T09:30:37,https://api.quant-aq.com/v1/devices/MOD-00617/data/535343308
1283.14,825.96,"{'lat': None, 'lon': None}","{'rh': 45.6, 'temp': 23.7, 'wd': 0.0, 'ws': 0.0, 'ws_scalar': 0.0}","{'gas': {'co': 13502, 'co2': 13264, 'no': 13590, 'no2': 13769, 'o3': 13749}, 'pm': {'pm1': 13212, 'pm10': 13214, 'pm25': 13213}}",9.5,30.71,27.18,4.4,6.64,4.77,535341231,45.6,MOD-00617,23.7,2025-11-06T17:29:37,2025-11-06T09:29:37,https://api.quant-aq.com/v1/devices/MOD-00617/data/535341076
1279.45,827.04,"{'lat': None, 'lon': None}","{'rh': 45.6, 'temp': 23.7, 'wd': 0.0, 'ws': 0.0, 'ws_scalar': 0.0}","{'gas': {'co': 13502, 'co2': 13264, 'no': 13590, 'no2': 13769, 'o3': 13749}, 'pm': {'pm1': 13212, 'pm10': 13214, 'pm25': 13213}}",9.67,31.9,27.47,3.22,6.56,3.66,535341233,45.6,MOD-00617,23.7,2025-11-06T17:28:37,2025-11-06T09:28:37,https://api.quant-aq.com/v1/devices/MOD-00617/data/535341077
1276.23,817.28,"{'lat': None, 'lon': None}","{'rh': 45.5, 'temp': 23.7, 'wd': 0.0, 'ws': 0.0, 'ws_scalar': 0.0}","{'gas': {'co': 13502, 'co2': 13264, 'no': 13590, 'no2': 13769, 'o3': 13749}, 'pm': {'pm1': 13212, 'pm10': 13214, 'pm25': 13213}}",9.98,30.95,26.63,3.46,5.06,3.76,535341228,45.5,MOD-00617,23.7,2025-11-06T17:27:37,2025-11-06T09:27:37,https://api.quant-aq.com/v1/devices/MOD-00617/data/535341072
1278.43,802.23,"{'lat': None, 'lon': None}","{'rh': 45.3, 'temp': 23.7, 'wd': 0.0, 'ws': 0.0, 'ws_scalar': 0.0}","{'gas': {'co': 13502, 'co2': 13264, 'no': 13590, 'no2': 13769, 'o3': 13749}, 'pm': {'pm1': 13212, 'pm10': 13214, 'pm25': 13213}}",9.97,31.44,27.27,2.94,3.8,3.3,535341230,45.3,MOD-00617,23.7,2025-11-06T17:26:37,2025-11-06T09:26:37,https://api.quant-aq.com/v1/devices/MOD-00617/data/535341073
1275.55,805.6,"{'lat': None, 'lon': None}","{'rh': 45.3, 'temp': 23.7, 'wd': 0.0, 'ws': 0.0, 'ws_scalar': 0.0}","{'gas': {'co': 13502, 'co2': 13264, 'no': 13590, 'no2': 13769, 'o3': 13749}, 'pm': {'pm1': 13212, 'pm10': 13214, 'pm25': 13213}}",9.89,31.44,26.69,2.88,14.46,3.2,535339022,45.3,MOD-00617,23.7,2025-11-06T17:25:37,2025-11-06T09:25:37,https://api.quant-aq.com/v1/devices/MOD-00617/data/535338865
1288.35,798.98,"{'lat': None, 'lon': None}","{'rh': 45.2, 'temp': 23.7, 'wd': 0.0, 'ws': 0.0, 'ws_scalar': 0.0}","{'gas': {'co': 13502, 'co2': 13264, 'no': 13590, 'no2': 13769, 'o3': 13749}, 'pm': {'pm1': 13212, 'pm10': 13214, 'pm25': 13213}}",9.57,30.97,27.58,3.44,4.65,3.8,535339021,45.2,MOD-00617,23.7,2025-11-06T17:24:37,2025-11-06T09:24:37,https://api.quant-aq.com/v1/devices/MOD-00617/data/535338863
1283.84,804.52,"{'lat': None, 'lon': None}","{'rh': 45.2, 'temp': 23.7, 'wd': 0.0, 'ws': 0.0, 'ws_scalar': 0.0}","{'gas': {'co': 13502, 'co2': 13264, 'no': 13590, 'no2': 13769, 'o3': 13749}, 'pm': {'pm1': 13212, 'pm10': 13214, 'pm25': 13213}}",9.98,30.97,26.72,2.91,3.19,3.19,535339020,45.2,MOD-00617,23.7,2025-11-06T17:23:37,2025-11-06T09:23:37,https://api.quant-aq.com/v1/devices/MOD-00617/data/535338864
1286.85,793.56,"{'lat': None, 'lon': None}","{'rh': 45.0, 'temp': 23.7, 'wd': 0.0, 'ws': 0.0, 'ws_scalar': 0.0}","{'gas': {'co': 13502, 'co2': 13264, 'no': 13590, 'no2': 13769, 'o3': 13749}, 'pm': {'pm1': 13212, 'pm10': 13214, 'pm25': 13213}}",9.43,31.21,26.48,3.25,4.27,3.49,535339019,45.0,MOD-00617,23.7,2025-11-06T17:22:37,2025-11-06T09:22:37,https://api.quant-aq.com/v1/devices/MOD-00617/data/535338862
1278.71,786.21,"{'lat': None, 'lon': None}","{'rh': 44.9, 'temp': 23.7, 'wd': 0.0, 'ws': 0.0, 'ws_scalar': 0.0}","{'gas': {'co': 13502, 'co2': 13264, 'no': 13590, 'no2': 13769, 'o3': 13749}, 'pm': {'pm1': 13212, 'pm10': 13214, 'pm25': 13213}}",9.5,31.69,26.51,3.31,3.98,3.68,535336745,44.9,MOD-00617,23.7,2025-11-06T17:21:37,2025-11-06T09:21:37,https://api.quant-aq.com/v1/devices/MOD-00617/data/535336589
1281.59,786.93,"{'lat': None, 'lon': None}","{'rh': 44.9, 'temp': 23.7, 'wd': 0.0, 'ws': 0.0, 'ws_scalar': 0.0}","{'gas': {'co': 13502, 'co2': 13264, 'no': 13590, 'no2': 13769, 'o3': 13749}, 'pm': {'pm1': 13212, 'pm10': 13214, 'pm25': 13213}}",9.5,30.74,26.51,2.87,4.42,3.17,535336746,44.9,MOD-00617,23.7,2025-11-06T17:20:37,2025-11-06T09:20:37,https://api.quant-aq.com/v1/devices/MOD-00617/data/535336590
1275.43,781.75,"{'lat': None, 'lon': None}","{'rh': 44.9, 'temp': 23.7, 'wd': 0.0, 'ws': 0.0, 'ws_scalar': 0.0}","{'gas': {'co': 13502, 'co2': 13264, 'no': 13590, 'no2': 13769, 'o3': 13749}, 'pm': {'pm1': 13212, 'pm10': 13214, 'pm25': 13213}}",9.54,31.45,26.51,3.0,7.23,3.35,535336744,44.9,MOD-00617,23.7,2025-11-06T17:19:37,2025-11-06T09:19:37,https://api.quant-aq.com/v1/devices/MOD-00617/data/535336587
1275.02,780.31,"{'lat': None, 'lon': None}","{'rh': 44.9, 'temp': 23.7, 'wd': 0.0, 'ws': 0.0, 'ws_scalar': 0.0}","{'gas': {'co': 13502, 'co2': 13264, 'no': 13590, 'no2': 13769, 'o3': 13749}, 'pm': {'pm1': 13212, 'pm10': 13214, 'pm25': 13213}}",9.5,31.22,26.8,3.25,6.53,3.59,535336747,44.9,MOD-00617,23.7,2025-11-06T17:18:37,2025-11-06T09:18:37,https://api.quant-aq.com/v1/devices/MOD-00617/data/535336588
1286.58,775.25,"{'lat': None, 'lon': None}","{'rh': 44.8, 'temp': 23.7, 'wd': 0.0, 'ws': 0.0, 'ws_scalar': 0.0}","{'gas': {'co': 13502, 'co2': 13264, 'no': 13590, 'no2': 13769, 'o3': 13749}, 'pm': {'pm1': 13212, 'pm10': 13214, 'pm25': 13213}}",9.39,31.22,26.54,3.39,3.97,3.79,535334520,44.8,MOD-00617,23.7,2025-11-06T17:17:37,2025-11-06T09:17:37,https://api.quant-aq.com/v1/devices/MOD-00617/data/535334363
1285.35,780.67,"{'lat': None, 'lon': None}","{'rh': 44.8, 'temp': 23.7, 'wd': 0.0, 'ws': 0.0, 'ws_scalar': 0.0}","{'gas': {'co': 13502, 'co2': 13264, 'no': 13590, 'no2': 13769, 'o3': 13749}, 'pm': {'pm1': 13212, 'pm10': 13214, 'pm25': 13213}}",9.39,31.46,26.54,2.86,4.27,3.15,535334519,44.8,MOD-00617,23.7,2025-11-06T17:16:37,2025-11-06T09:16:37,https://api.quant-aq.com/v1/devices/MOD-00617/data/535334362
1300.47,775.01,"{'lat': None, 'lon': None}","{'rh': 44.9, 'temp': 23.7, 'wd': 0.0, 'ws': 0.0, 'ws_scalar': 0.0}","{'gas': {'co': 13502, 'co2': 13264, 'no': 13590, 'no2': 13769, 'o3': 13749}, 'pm': {'pm1': 13212, 'pm10': 13214, 'pm25': 13213}}",9.64,31.93,27.09,3.57,5.07,3.94,535334517,44.9,MOD-00617,23.7,2025-11-06T17:15:37,2025-11-06T09:15:37,https://api.quant-aq.com/v1/devices/MOD-00617/data/535334360
1277.21,770.67,"{'lat': None, 'lon': None}","{'rh': 44.7, 'temp': 23.7, 'wd': 0.0, 'ws': 0.0, 'ws_scalar': 0.0}","{'gas': {'co': 13502, 'co2': 13264, 'no': 13590, 'no2': 13769, 'o3': 13749}, 'pm': {'pm1': 13212, 'pm10': 13214, 'pm25': 13213}}",11.04,31.94,27.14,3.5,4.43,3.85,535334518,44.7,MOD-00617,23.7,2025-11-06T17:14:37,2025-11-06T09:14:37,https://api.quant-aq.com/v1/devices/MOD-00617/data/535334361
1260.86,763.21,"{'lat': None, 'lon': None}","{'rh': 44.6, 'temp': 23.7, 'wd': 0.0, 'ws': 0.0, 'ws_scalar': 0.0}","{'gas': {'co': 13502, 'co2': 13264, 'no': 13590, 'no2': 13769, 'o3': 13749}, 'pm': {'pm1': 13212, 'pm10': 13214, 'pm25': 13213}}",11.86,31.23,26.3,3.58,5.15,3.85,535332260,44.6,MOD-00617,23.7,2025-11-06T17:13:37,2025-11-06T09:13:37,https://api.quant-aq.com/v1/devices/MOD-00617/data/535332103
1274.96,758.27,"{'lat': None, 'lon': None}","{'rh': 44.4, 'temp': 23.7, 'wd': 0.0, 'ws': 0.0, 'ws_scalar': 0.0}","{'gas': {'co': 13502, 'co2': 13264, 'no': 13590, 'no2': 13769, 'o3': 13749}, 'pm': {'pm1': 13212, 'pm10': 13214, 'pm25': 13213}}",11.55,31.24,25.79,3.13,3.68,3.38,535332259,44.4,MOD-00617,23.7,2025-11-06T17:12:37,2025-11-06T09:12:37,https://api.quant-aq.com/v1/devices/MOD-00617/data/535332102
1298.7,760.56,"{'lat': None, 'lon': None}","{'rh': 44.5, 'temp': 23.7, 'wd': 0.0, 'ws': 0.0, 'ws_scalar': 0.0}","{'gas': {'co': 13502, 'co2': 13264, 'no': 13590, 'no2': 13769, 'o3': 13749}, 'pm': {'pm1': 13212, 'pm10': 13214, 'pm25': 13213}}",12.07,31.71,26.62,3.55,23.7,3.9,535332258,44.5,MOD-00617,23.7,2025-11-06T17:11:37,2025-11-06T09:11:37,https://api.quant-aq.com/v1/devices/MOD-00617/data/535332101
1298.7,758.99,"{'lat': None, 'lon': None}","{'rh': 44.5, 'temp': 23.7, 'wd': 0.0, 'ws': 0.0, 'ws_scalar': 0.0}","{'gas': {'co': 13502, 'co2': 13264, 'no': 13590, 'no2': 13769, 'o3': 13749}, 'pm': {'pm1': 13212, 'pm10': 13214, 'pm25': 13213}}",12.11,31.71,26.33,3.51,5.25,3.84,535332257,44.5,MOD-00617,23.7,2025-11-06T17:10:37,2025-11-06T09:10:37,https://api.quant-aq.com/v1/devices/MOD-00617/data/535332100
1312.25,766.22,"{'lat': None, 'lon': None}","{'rh': 44.5, 'temp': 23.7, 'wd': 0.0, 'ws': 0.0, 'ws_scalar': 0.0}","{'gas': {'co': 13502, 'co2': 13264, 'no': 13590, 'no2': 13769, 'o3': 13749}, 'pm': {'pm1': 13212, 'pm10': 13214, 'pm25': 13213}}",11.53,31.71,26.62,2.97,4.89,3.33,535329973,44.5,MOD-00617,23.7,2025-11-06T17:09:37,2025-11-06T09:09:37,https://api.quant-aq.com/v1/devices/MOD-00617/data/535329818
1330.31,762.6,"{'lat': None, 'lon': None}","{'rh': 44.5, 'temp': 23.7, 'wd': 0.0, 'ws': 0.0, 'ws_scalar': 0.0}","{'gas': {'co': 13502, 'co2': 13264, 'no': 13590, 'no2': 13769, 'o3': 13749}, 'pm': {'pm1': 13212, 'pm10': 13214, 'pm25': 13213}}",12.23,31.71,26.62,3.34,3.58,3.58,535329969,44.5,MOD-00617,23.7,2025-11-06T17:08:37,2025-11-06T09:08:37,https://api.quant-aq.com/v1/devices/MOD-00617/data/535329813
1335.57,748.15,"{'lat': None, 'lon': None}","{'rh': 44.6, 'temp': 23.7, 'wd': 0.0, 'ws': 0.0, 'ws_scalar': 0.0}","{'gas': {'co': 13502, 'co2': 13264, 'no': 13590, 'no2': 13769, 'o3': 13749}, 'pm': {'pm1': 13212, 'pm10': 13214, 'pm25': 13213}}",12.06,31.94,26.88,3.4,5.8,3.62,535329967,44.6,MOD-00617,23.7,2025-11-06T17:07:37,2025-11-06T09:07:37,https://api.quant-aq.com/v1/devices/MOD-00617/data/535329812
1326.76,735.02,"{'lat': None, 'lon': None}","{'rh': 44.3, 'temp': 23.7, 'wd': 0.0, 'ws': 0.0, 'ws_scalar': 0.0}","{'gas': {'co': 13502, 'co2': 13264, 'no': 13590, 'no2': 13769, 'o3': 13749}, 'pm': {'pm1': 13212, 'pm10': 13214, 'pm25': 13213}}",13.91,31.71,26.39,3.82,6.49,4.08,535329971,44.3,MOD-00617,23.7,2025-11-06T17:06:37,2025-11-06T09:06:37,https://api.quant-aq.com/v1/devices/MOD-00617/data/535329815
1326.61,729.0,"{'lat': None, 'lon': None}","{'rh': 44.5, 'temp': 23.7, 'wd': 0.0, 'ws': 0.0, 'ws_scalar': 0.0}","{'gas': {'co': 13502, 'co2': 13264, 'no': 13590, 'no2': 13769, 'o3': 13749}, 'pm': {'pm1': 13212, 'pm10': 13214, 'pm25': 13213}}",12.4,31.94,26.91,3.79,4.76,4.06,535327825,44.5,MOD-00617,23.7,2025-11-06T17:05:37,2025-11-06T09:05:37,https://api.quant-aq.com/v1/devices/MOD-00617/data/535327671
1297.4,726.83,"{'lat': None, 'lon': None}","{'rh': 44.6, 'temp': 23.7, 'wd': 0.0, 'ws': 0.0, 'ws_scalar': 0.0}","{'gas': {'co': 13502, 'co2': 13264, 'no': 13590, 'no2': 13769, 'o3': 13749}, 'pm': {'pm1': 13212, 'pm10': 13214, 'pm25': 13213}}",12.85,33.12,27.46,4.08,4.23,4.23,535327827,44.6,MOD-00617,23.7,2025-11-06T17:04:37,2025-11-06T09:04:37,https://api.quant-aq.com/v1/devices/MOD-00617/data/535327672
1251.03,721.89,"{'lat': None, 'lon': None}","{'rh': 44.0, 'temp': 23.7, 'wd': 0.0, 'ws': 0.0, 'ws_scalar': 0.0}","{'gas': {'co': 13502, 'co2': 13264, 'no': 13590, 'no2': 13769, 'o3': 13749}, 'pm': {'pm1': 13212, 'pm10': 13214, 'pm25': 13213}}",12.31,30.54,25.61,3.09,3.43,3.25,535327826,44.0,MOD-00617,23.7,2025-11-06T17:03:37,2025-11-06T09:03:37,https://api.quant-aq.com/v1/devices/MOD-00617/data/535327667
1271.14,724.66,"{'lat': None, 'lon': None}","{'rh': 44.0, 'temp': 23.7, 'wd': 0.0, 'ws': 0.0, 'ws_scalar': 0.0}","{'gas': {'co': 13502, 'co2': 13264, 'no': 13590, 'no2': 13769, 'o3': 13749}, 'pm': {'pm1': 13212, 'pm10': 13214, 'pm25': 13213}}",14.39,30.78,25.04,3.71,3.93,3.84,535327824,44.0,MOD-00617,23.7,2025-11-06T17:02:37,2025-11-06T09:02:37,https://api.quant-aq.com/v1/devices/MOD-00617/data/535327668
1289.06,731.65,"{'lat': None, 'lon': None}","{'rh': 44.2, 'temp': 23.7, 'wd': 0.0, 'ws': 0.0, 'ws_scalar': 0.0}","{'gas': {'co': 13502, 'co2': 13264, 'no': 13590, 'no2': 13769, 'o3': 13749}, 'pm': {'pm1': 13212, 'pm10': 13214, 'pm25': 13213}}",13.95,31.25,25.55,4.35,4.48,4.48,535325560,44.2,MOD-00617,23.7,2025-11-06T17:01:37,2025-11-06T09:01:37,https://api.quant-aq.com/v1/devices/MOD-00617/data/535325405
1282.42,729.96,"{'lat': None, 'lon': None}","{'rh': 44.3, 'temp': 23.7, 'wd': 0.0, 'ws': 0.0, 'ws_scalar': 0.0}","{'gas': {'co': 13502, 'co2': 13264, 'no': 13590, 'no2': 13769, 'o3': 13749}, 'pm': {'pm1': 13212, 'pm10': 13214, 'pm25': 13213}}",13.88,31.0,25.81,4.18,4.81,4.32,535325563,44.3,MOD-00617,23.7,2025-11-06T17:00:37,2025-11-06T09:00:37,https://api.quant-aq.com/v1/devices/MOD-00617/data/535325407
1275.1,729.24,"{'lat': None, 'lon': None}","{'rh': 44.2, 'temp': 23.7, 'wd': 0.0, 'ws': 0.0, 'ws_scalar': 0.0}","{'gas': {'co': 13502, 'co2': 13264, 'no': 13590, 'no2': 13769, 'o3': 13749}, 'pm': {'pm1': 13212, 'pm10': 13214, 'pm25': 13213}}",13.97,30.77,26.13,4.18,4.47,4.29,535325558,44.2,MOD-00617,23.7,2025-11-06T16:59:37,2025-11-06T08:59:37,https://api.quant-aq.com/v1/devices/MOD-00617/data/535325404
1266.0,730.44,"{'lat': None, 'lon': None}","{'rh': 44.3, 'temp': 23.7, 'wd': 0.0, 'ws': 0.0, 'ws_scalar': 0.0}","{'gas': {'co': 13502, 'co2': 13264, 'no': 13590, 'no2': 13769, 'o3': 13749}, 'pm': {'pm1': 13212, 'pm10': 13214, 'pm25': 13213}}",13.29,31.0,24.95,4.33,4.85,4.55,535325557,44.3,MOD-00617,23.7,2025-11-06T16:58:37,2025-11-06T08:58:37,https://api.quant-aq.com/v1/devices/MOD-00617/data/535325401
1251.7,727.67,"{'lat': None, 'lon': None}","{'rh': 44.2, 'temp': 23.7, 'wd': 0.0, 'ws': 0.0, 'ws_scalar': 0.0}","{'gas': {'co': 13502, 'co2': 13264, 'no': 13590, 'no2': 13769, 'o3': 13749}, 'pm': {'pm1': 13212, 'pm10': 13214, 'pm25': 13213}}",14.19,31.01,25.84,4.66,5.31,4.8,535323248,44.2,MOD-00617,23.7,2025-11-06T16:57:37,2025-11-06T08:57:37,https://api.quant-aq.com/v1/devices/MOD-00617/data/535323091
1240.96,727.67,"{'lat': None, 'lon': None}","{'rh': 44.3, 'temp': 23.7, 'wd': 0.0, 'ws': 0.0, 'ws_scalar': 0.0}","{'gas': {'co': 13502, 'co2': 13264, 'no': 13590, 'no2': 13769, 'o3': 13749}, 'pm': {'pm1': 13212, 'pm10': 13214, 'pm25': 13213}}",12.78,31.0,25.81,4.62,5.43,4.74,535323245,44.3,MOD-00617,23.7,2025-11-06T16:56:37,2025-11-06T08:56:37,https://api.quant-aq.com/v1/devices/MOD-00617/data/535323089
1222.9,726.71,"{'lat': None, 'lon': None}","{'rh': 44.3, 'temp': 23.7, 'wd': 0.0, 'ws': 0.0, 'ws_scalar': 0.0}","{'gas': {'co': 13502, 'co2': 13264, 'no': 13590, 'no2': 13769, 'o3': 13749}, 'pm': {'pm1': 13212, 'pm10': 13214, 'pm25': 13213}}",12.78,30.53,25.81,4.92,5.72,5.11,535323247,44.3,MOD-00617,23.7,2025-11-06T16:55:37,2025-11-06T08:55:37,https://api.quant-aq.com/v1/devices/MOD-00617/data/535323090
1199.09,726.71,"{'lat': None, 'lon': None}","{'rh': 44.3, 'temp': 23.7, 'wd': 0.0, 'ws': 0.0, 'ws_scalar': 0.0}","{'gas': {'co': 13502, 'co2': 13264, 'no': 13590, 'no2': 13769, 'o3': 13749}, 'pm': {'pm1': 13212, 'pm10': 13214, 'pm25': 13213}}",12.78,30.06,26.1,4.31,4.43,4.43,535323244,44.3,MOD-00617,23.7,2025-11-06T16:54:37,2025-11-06T08:54:37,https://api.quant-aq.com/v1/devices/MOD-00617/data/535323087
1190.95,724.9,"{'lat': None, 'lon': None}","{'rh': 44.2, 'temp': 23.7, 'wd': 0.0, 'ws': 0.0, 'ws_scalar': 0.0}","{'gas': {'co': 13502, 'co2': 13264, 'no': 13590, 'no2': 13769, 'o3': 13749}, 'pm': {'pm1': 13212, 'pm10': 13214, 'pm25': 13213}}",12.78,31.01,24.98,4.84,4.96,4.96,535323246,44.2,MOD-00617,23.7,2025-11-06T16:53:37,2025-11-06T08:53:37,https://api.quant-aq.com/v1/devices/MOD-00617/data/535323088
1160.98,721.05,"{'lat': None, 'lon': None}","{'rh': 44.2, 'temp': 23.7, 'wd': 0.0, 'ws': 0.0, 'ws_scalar': 0.0}","{'gas': {'co': 13502, 'co2': 13264, 'no': 13590, 'no2': 13769, 'o3': 13749}, 'pm': {'pm1': 13212, 'pm10': 13214, 'pm25': 13213}}",12.63,31.01,25.84,4.66,6.59,4.79,535320434,44.2,MOD-00617,23.7,2025-11-06T16:52:37,2025-11-06T08:52:37,https://api.quant-aq.com/v1/devices/MOD-00617/data/535320277
1113.29,718.52,"{'lat': None, 'lon': None}","{'rh': 44.3, 'temp': 23.7, 'wd': 0.0, 'ws': 0.0, 'ws_scalar': 0.0}","{'gas': {'co': 13502, 'co2': 13264, 'no': 13590, 'no2': 13769, 'o3': 13749}, 'pm': {'pm1': 13212, 'pm10': 13214, 'pm25': 13213}}",12.61,30.29,25.24,5.57,6.69,5.7,535320437,44.3,MOD-00617,23.7,2025-11-06T16:51:37,2025-11-06T08:51:37,https://api.quant-aq.com/v1/devices/MOD-00617/data/535320280
1107.28,709.61,"{'lat': None, 'lon': None}","{'rh': 44.1, 'temp': 23.7, 'wd': 0.0, 'ws': 0.0, 'ws_scalar': 0.0}","{'gas': {'co': 13502, 'co2': 13264, 'no': 13590, 'no2': 13769, 'o3': 13749}, 'pm': {'pm1': 13212, 'pm10': 13214, 'pm25': 13213}}",12.75,29.83,25.01,5.15,14.13,5.32,535320435,44.1,MOD-00617,23.7,2025-11-06T16:50:37,2025-11-06T08:50:37,https://api.quant-aq.com/v1/devices/MOD-00617/data/535320279
1103.51,713.22,"{'lat': None, 'lon': None}","{'rh': 44.2, 'temp': 23.7, 'wd': 0.0, 'ws': 0.0, 'ws_scalar': 0.0}","{'gas': {'co': 13502, 'co2': 13264, 'no': 13590, 'no2': 13769, 'o3': 13749}, 'pm': {'pm1': 13212, 'pm10': 13214, 'pm25': 13213}}",12.68,30.77,24.98,5.93,6.33,6.2,535320436,44.2,MOD-00617,23.7,2025-11-06T16:49:37,2025-11-06T08:49:37,https://api.quant-aq.com/v1/devices/MOD-00617/data/535320278
1096.53,709.12,"{'lat': None, 'lon': None}","{'rh': 44.2, 'temp': 23.7, 'wd': 0.0, 'ws': 0.0, 'ws_scalar': 0.0}","{'gas': {'co': 13502, 'co2': 13264, 'no': 13590, 'no2': 13769, 'o3': 13749}, 'pm': {'pm1': 13212, 'pm10': 13214, 'pm25': 13213}}",12.78,30.77,24.98,6.23,8.38,6.43,535318178,44.2,MOD-00617,23.7,2025-11-06T16:48:37,2025-11-06T08:48:37,https://api.quant-aq.com/v1/devices/MOD-00617/data/535318021
1098.66,703.46,"{'lat': None, 'lon': None}","{'rh': 44.1, 'temp': 23.7, 'wd': 0.0, 'ws': 0.0, 'ws_scalar': 0.0}","{'gas': {'co': 13502, 'co2': 13264, 'no': 13590, 'no2': 13769, 'o3': 13749}, 'pm': {'pm1': 13212, 'pm10': 13214, 'pm25': 13213}}",12.51,30.3,25.01,5.49,5.72,5.64,535318181,44.1,MOD-00617,23.7,2025-11-06T16:47:37,2025-11-06T08:47:37,https://api.quant-aq.com/v1/devices/MOD-00617/data/535318023
1094.48,703.95,"{'lat': None, 'lon': None}","{'rh': 44.2, 'temp': 23.7, 'wd': 0.0, 'ws': 0.0, 'ws_scalar': 0.0}","{'gas': {'co': 13502, 'co2': 13264, 'no': 13590, 'no2': 13769, 'o3': 13749}, 'pm': {'pm1': 13212, 'pm10': 13214, 'pm25': 13213}}",12.44,30.3,25.27,5.55,5.9,5.68,535318180,44.2,MOD-00617,23.7,2025-11-06T16:46:37,2025-11-06T08:46:37,https://api.quant-aq.com/v1/devices/MOD-00617/data/535318024
1090.86,702.62,"{'lat': None, 'lon': None}","{'rh': 44.1, 'temp': 23.7, 'wd': 0.0, 'ws': 0.0, 'ws_scalar': 0.0}","{'gas': {'co': 13502, 'co2': 13264, 'no': 13590, 'no2': 13769, 'o3': 13749}, 'pm': {'pm1': 13212, 'pm10': 13214, 'pm25': 13213}}",12.11,30.54,25.3,6.1,6.26,6.26,535318179,44.1,MOD-00617,23.7,2025-11-06T16:45:37,2025-11-06T08:45:37,https://api.quant-aq.com/v1/devices/MOD-00617/data/535318022
1082.24,704.67,"{'lat': None, 'lon': None}","{'rh': 44.1, 'temp': 23.7, 'wd': 0.0, 'ws': 0.0, 'ws_scalar': 0.0}","{'gas': {'co': 13502, 'co2': 13264, 'no': 13590, 'no2': 13769, 'o3': 13749}, 'pm': {'pm1': 13212, 'pm10': 13214, 'pm25': 13213}}",11.99,30.54,25.3,6.19,6.57,6.45,535315940,44.1,MOD-00617,23.7,2025-11-06T16:44:37,2025-11-06T08:44:37,https://api.quant-aq.com/v1/devices/MOD-00617/data/535315783
1076.97,701.78,"{'lat': None, 'lon': None}","{'rh': 44.0, 'temp': 23.7, 'wd': 0.0, 'ws': 0.0, 'ws_scalar': 0.0}","{'gas': {'co': 13502, 'co2': 13264, 'no': 13590, 'no2': 13769, 'o3': 13749}, 'pm': {'pm1': 13212, 'pm10': 13214, 'pm25': 13213}}",11.31,30.78,25.32,6.13,16.2,6.28,535315942,44.0,MOD-00617,23.7,2025-11-06T16:43:37,2025-11-06T08:43:37,https://api.quant-aq.com/v1/devices/MOD-00617/data/535315785
1069.58,703.22,"{'lat': None, 'lon': None}","{'rh': 44.0, 'temp': 23.7, 'wd': 0.0, 'ws': 0.0, 'ws_scalar': 0.0}","{'gas': {'co': 13502, 'co2': 13264, 'no': 13590, 'no2': 13769, 'o3': 13749}, 'pm': {'pm1': 13212, 'pm10': 13214, 'pm25': 13213}}",11.19,30.31,25.04,5.91,7.94,6.14,535315944,44.0,MOD-00617,23.7,2025-11-06T16:42:37,2025-11-06T08:42:37,https://api.quant-aq.com/v1/devices/MOD-00617/data/535315787
1069.17,704.31,"{'lat': None, 'lon': None}","{'rh': 44.0, 'temp': 23.7, 'wd': 0.0, 'ws': 0.0, 'ws_scalar': 0.0}","{'gas': {'co': 13502, 'co2': 13264, 'no': 13590, 'no2': 13769, 'o3': 13749}, 'pm': {'pm1': 13212, 'pm10': 13214, 'pm25': 13213}}",11.06,30.78,24.75,6.81,7.58,7.02,535315941,44.0,MOD-00617,23.7,2025-11-06T16:41:37,2025-11-06T08:41:37,https://api.quant-aq.com/v1/devices/MOD-00617/data/535315784
1064.48,702.98,"{'lat': None, 'lon': None}","{'rh': 44.1, 'temp': 23.6, 'wd': 0.0, 'ws': 0.0, 'ws_scalar': 0.0}","{'gas': {'co': 13502, 'co2': 13264, 'no': 13590, 'no2': 13769, 'o3': 13749}, 'pm': {'pm1': 13212, 'pm10': 13214, 'pm25': 13213}}",11.21,30.77,25.57,7.06,7.31,7.13,535315943,44.1,MOD-00617,23.6,2025-11-06T16:40:37,2025-11-06T08:40:37,https://api.quant-aq.com/v1/devices/MOD-00617/data/535315786
1056.27,700.81,"{'lat': None, 'lon': None}","{'rh': 44.1, 'temp': 23.6, 'wd': 0.0, 'ws': 0.0, 'ws_scalar': 0.0}","{'gas': {'co': 13502, 'co2': 13264, 'no': 13590, 'no2': 13769, 'o3': 13749}, 'pm': {'pm1': 13212, 'pm10': 13214, 'pm25': 13213}}",11.05,30.3,24.42,7.53,8.28,7.73,535313105,44.1,MOD-00617,23.6,2025-11-06T16:39:37,2025-11-06T08:39:37,https://api.quant-aq.com/v1/devices/MOD-00617/data/535312948
1054.21,701.66,"{'lat': None, 'lon': None}","{'rh': 44.1, 'temp': 23.6, 'wd': 0.0, 'ws': 0.0, 'ws_scalar': 0.0}","{'gas': {'co': 13502, 'co2': 13264, 'no': 13590, 'no2': 13769, 'o3': 13749}, 'pm': {'pm1': 13212, 'pm10': 13214, 'pm25': 13213}}",10.96,30.77,25.57,7.89,13.21,8.03,535313106,44.1,MOD-00617,23.6,2025-11-06T16:38:37,2025-11-06T08:38:37,https://api.quant-aq.com/v1/devices/MOD-00617/data/535312950
1053.8,702.74,"{'lat': None, 'lon': None}","{'rh': 44.1, 'temp': 23.6, 'wd': 0.0, 'ws': 0.0, 'ws_scalar': 0.0}","{'gas': {'co': 13502, 'co2': 13264, 'no': 13590, 'no2': 13769, 'o3': 13749}, 'pm': {'pm1': 13212, 'pm10': 13214, 'pm25': 13213}}",10.96,30.77,25.0,7.61,7.97,7.75,535313107,44.1,MOD-00617,23.6,2025-11-06T16:37:37,2025-11-06T08:37:37,https://api.quant-aq.com/v1/devices/MOD-00617/data/535312949
1053.73,706.48,"{'lat': None, 'lon': None}","{'rh': 44.2, 'temp': 23.6, 'wd': 0.0, 'ws': 0.0, 'ws_scalar': 0.0}","{'gas': {'co': 13502, 'co2': 13264, 'no': 13590, 'no2': 13769, 'o3': 13749}, 'pm': {'pm1': 13212, 'pm10': 13214, 'pm25': 13213}}",10.66,31.0,24.39,8.62,9.46,8.82,535313104,44.2,MOD-00617,23.6,2025-11-06T16:36:37,2025-11-06T08:36:37,https://api.quant-aq.com/v1/devices/MOD-00617/data/535312947
1055.78,703.34,"{'lat': None, 'lon': None}","{'rh': 44.2, 'temp': 23.6, 'wd': 0.0, 'ws': 0.0, 'ws_scalar': 0.0}","{'gas': {'co': 13502, 'co2': 13264, 'no': 13590, 'no2': 13769, 'o3': 13749}, 'pm': {'pm1': 13212, 'pm10': 13214, 'pm25': 13213}}",10.66,30.29,25.26,8.94,9.08,9.08,535310958,44.2,MOD-00617,23.6,2025-11-06T16:35:37,2025-11-06T08:35:37,https://api.quant-aq.com/v1/devices/MOD-00617/data/535310802
1056.53,702.5,"{'lat': None, 'lon': None}","{'rh': 44.3, 'temp': 23.6, 'wd': 0.0, 'ws': 0.0, 'ws_scalar': 0.0}","{'gas': {'co': 13502, 'co2': 13264, 'no': 13590, 'no2': 13769, 'o3': 13749}, 'pm': {'pm1': 13212, 'pm10': 13214, 'pm25': 13213}}",10.77,31.47,25.8,9.58,10.93,9.73,535310961,44.3,MOD-00617,23.6,2025-11-06T16:34:37,2025-11-06T08:34:37,https://api.quant-aq.com/v1/devices/MOD-00617/data/535310805
1054.55,703.34,"{'lat': None, 'lon': None}","{'rh': 44.2, 'temp': 23.6, 'wd': 0.0, 'ws': 0.0, 'ws_scalar': 0.0}","{'gas': {'co': 13502, 'co2': 13264, 'no': 13590, 'no2': 13769, 'o3': 13749}, 'pm': {'pm1': 13212, 'pm10': 13214, 'pm25': 13213}}",10.04,30.76,25.54,10.88,11.52,11.0,535310960,44.2,MOD-00617,23.6,2025-11-06T16:33:37,2025-11-06T08:33:37,https://api.quant-aq.com/v1/devices/MOD-00617/data/535310804
1059.48,699.37,"{'lat': None, 'lon': None}","{'rh': 44.2, 'temp': 23.6, 'wd': 0.0, 'ws': 0.0, 'ws_scalar': 0.0}","{'gas': {'co': 13502, 'co2': 13264, 'no': 13590, 'no2': 13769, 'o3': 13749}, 'pm': {'pm1': 13212, 'pm10': 13214, 'pm25': 13213}}",10.04,30.29,25.54,10.7,11.66,10.93,535310959,44.2,MOD-00617,23.6,2025-11-06T16:32:37,2025-11-06T08:32:37,https://api.quant-aq.com/v1/devices/MOD-00617/data/535310803
1064.48,697.44,"{'lat': None, 'lon': None}","{'rh': 44.1, 'temp': 23.6, 'wd': 0.0, 'ws': 0.0, 'ws_scalar': 0.0}","{'gas': {'co': 13502, 'co2': 13264, 'no': 13590, 'no2': 13769, 'o3': 13749}, 'pm': {'pm1': 13212, 'pm10': 13214, 'pm25': 13213}}",9.84,31.01,24.42,10.48,10.63,10.63,535308682,44.1,MOD-00617,23.6,2025-11-06T16:31:37,2025-11-06T08:31:37,https://api.quant-aq.com/v1/devices/MOD-00617/data/535308527
1068.92,699.13,"{'lat': None, 'lon': None}","{'rh': 44.2, 'temp': 23.6, 'wd': 0.0, 'ws': 0.0, 'ws_scalar': 0.0}","{'gas': {'co': 13502, 'co2': 13264, 'no': 13590, 'no2': 13769, 'o3': 13749}, 'pm': {'pm1': 13212, 'pm10': 13214, 'pm25': 13213}}",9.79,31.0,24.68,11.5,11.86,11.73,535308678,44.2,MOD-00617,23.6,2025-11-06T16:30:37,2025-11-06T08:30:37,https://api.quant-aq.com/v1/devices/MOD-00617/data/535308522
1070.9,702.5,"{'lat': None, 'lon': None}","{'rh': 44.3, 'temp': 23.6, 'wd': 0.0, 'ws': 0.0, 'ws_scalar': 0.0}","{'gas': {'co': 13502, 'co2': 13264, 'no': 13590, 'no2': 13769, 'o3': 13749}, 'pm': {'pm1': 13212, 'pm10': 13214, 'pm25': 13213}}",10.77,30.76,24.94,12.98,13.15,13.15,535308684,44.3,MOD-00617,23.6,2025-11-06T16:29:37,2025-11-06T08:29:37,https://api.quant-aq.com/v1/devices/MOD-00617/data/535308526
1071.99,704.31,"{'lat': None, 'lon': None}","{'rh': 44.5, 'temp': 23.6, 'wd': 0.0, 'ws': 0.0, 'ws_scalar': 0.0}","{'gas': {'co': 13502, 'co2': 13264, 'no': 13590, 'no2': 13769, 'o3': 13749}, 'pm': {'pm1': 13212, 'pm10': 13214, 'pm25': 13213}}",10.73,30.99,25.46,14.34,14.84,14.57,535308680,44.5,MOD-00617,23.6,2025-11-06T16:28:37,2025-11-06T08:28:37,https://api.quant-aq.com/v1/devices/MOD-00617/data/535308524
1078.15,701.18,"{'lat': None, 'lon': None}","{'rh': 44.5, 'temp': 23.6, 'wd': 0.0, 'ws': 0.0, 'ws_scalar': 0.0}","{'gas': {'co': 13502, 'co2': 13264, 'no': 13590, 'no2': 13769, 'o3': 13749}, 'pm': {'pm1': 13212, 'pm10': 13214, 'pm25': 13213}}",10.86,31.23,25.17,15.01,15.78,15.22,535306378,44.5,MOD-00617,23.6,2025-11-06T16:27:37,2025-11-06T08:27:37,https://api.quant-aq.com/v1/devices/MOD-00617/data/535306222
1082.66,699.61,"{'lat': None, 'lon': None}","{'rh': 44.5, 'temp': 23.6, 'wd': 0.0, 'ws': 0.0, 'ws_scalar': 0.0}","{'gas': {'co': 13502, 'co2': 13264, 'no': 13590, 'no2': 13769, 'o3': 13749}, 'pm': {'pm1': 13212, 'pm10': 13214, 'pm25': 13213}}",10.33,31.23,25.46,15.65,16.46,15.94,535306379,44.5,MOD-00617,23.6,2025-11-06T16:26:37,2025-11-06T08:26:37,https://api.quant-aq.com/v1/devices/MOD-00617/data/535306221
1087.66,699.01,"{'lat': None, 'lon': None}","{'rh': 44.4, 'temp': 23.6, 'wd': 0.0, 'ws': 0.0, 'ws_scalar': 0.0}","{'gas': {'co': 13502, 'co2': 13264, 'no': 13590, 'no2': 13769, 'o3': 13749}, 'pm': {'pm1': 13212, 'pm10': 13214, 'pm25': 13213}}",10.78,30.76,25.49,14.53,14.88,14.8,535306381,44.4,MOD-00617,23.6,2025-11-06T16:25:37,2025-11-06T08:25:37,https://api.quant-aq.com/v1/devices/MOD-00617/data/535306226
1086.36,701.3,"{'lat': None, 'lon': None}","{'rh': 44.5, 'temp': 23.6, 'wd': 0.0, 'ws': 0.0, 'ws_scalar': 0.0}","{'gas': {'co': 13502, 'co2': 13264, 'no': 13590, 'no2': 13769, 'o3': 13749}, 'pm': {'pm1': 13212, 'pm10': 13214, 'pm25': 13213}}",10.61,30.52,24.88,16.25,16.51,16.47,535306377,44.5,MOD-00617,23.6,2025-11-06T16:24:37,2025-11-06T08:24:37,https://api.quant-aq.com/v1/devices/MOD-00617/data/535306220
1098.34,700.45,"{'lat': None, 'lon': None}","{'rh': 44.4, 'temp': 23.6, 'wd': 0.0, 'ws': 0.0, 'ws_scalar': 0.0}","{'gas': {'co': 13502, 'co2': 13264, 'no': 13590, 'no2': 13769, 'o3': 13749}, 'pm': {'pm1': 13212, 'pm10': 13214, 'pm25': 13213}}",10.77,31.23,25.2,16.79,16.93,16.93,535304150,44.4,MOD-00617,23.6,2025-11-06T16:23:37,2025-11-06T08:23:37,https://api.quant-aq.com/v1/devices/MOD-00617/data/535303991
1095.8,703.1,"{'lat': None, 'lon': None}","{'rh': 44.5, 'temp': 23.6, 'wd': 0.0, 'ws': 0.0, 'ws_scalar': 0.0}","{'gas': {'co': 13502, 'co2': 13264, 'no': 13590, 'no2': 13769, 'o3': 13749}, 'pm': {'pm1': 13212, 'pm10': 13214, 'pm25': 13213}}",10.78,30.99,24.88,17.59,17.78,17.74,535304145,44.5,MOD-00617,23.6,2025-11-06T16:22:37,2025-11-06T08:22:37,https://api.quant-aq.com/v1/devices/MOD-00617/data/535303992
1099.57,699.85,"{'lat': None, 'lon': None}","{'rh': 44.4, 'temp': 23.6, 'wd': 0.0, 'ws': 0.0, 'ws_scalar': 0.0}","{'gas': {'co': 13502, 'co2': 13264, 'no': 13590, 'no2': 13769, 'o3': 13749}, 'pm': {'pm1': 13212, 'pm10': 13214, 'pm25': 13213}}",11.7,30.76,25.2,18.36,20.55,18.53,535304147,44.4,MOD-00617,23.6,2025-11-06T16:21:37,2025-11-06T08:21:37,https://api.quant-aq.com/v1/devices/MOD-00617/data/535303990
1103.26,698.28,"{'lat': None, 'lon': None}","{'rh': 44.4, 'temp': 23.6, 'wd': 0.0, 'ws': 0.0, 'ws_scalar': 0.0}","{'gas': {'co': 13502, 'co2': 13264, 'no': 13590, 'no2': 13769, 'o3': 13749}, 'pm': {'pm1': 13212, 'pm10': 13214, 'pm25': 13213}}",11.57,30.76,24.91,17.49,17.87,17.79,535304149,44.4,MOD-00617,23.6,2025-11-06T16:20:37,2025-11-06T08:20:37,https://api.quant-aq.com/v1/devices/MOD-00617/data/535303994
1115.17,698.04,"{'lat': None, 'lon': None}","{'rh': 44.4, 'temp': 23.6, 'wd': 0.0, 'ws': 0.0, 'ws_scalar': 0.0}","{'gas': {'co': 13502, 'co2': 13264, 'no': 13590, 'no2': 13769, 'o3': 13749}, 'pm': {'pm1': 13212, 'pm10': 13214, 'pm25': 13213}}",11.28,30.99,24.91,20.66,20.9,20.9,535301889,44.4,MOD-00617,23.6,2025-11-06T16:19:37,2025-11-06T08:19:37,https://api.quant-aq.com/v1/devices/MOD-00617/data/535301734
1119.54,703.83,"{'lat': None, 'lon': None}","{'rh': 44.6, 'temp': 23.6, 'wd': 0.0, 'ws': 0.0, 'ws_scalar': 0.0}","{'gas': {'co': 13502, 'co2': 13264, 'no': 13590, 'no2': 13769, 'o3': 13749}, 'pm': {'pm1': 13212, 'pm10': 13214, 'pm25': 13213}}",11.36,30.75,24.85,22.35,22.66,22.58,535301890,44.6,MOD-00617,23.6,2025-11-06T16:18:37,2025-11-06T08:18:37,https://api.quant-aq.com/v1/devices/MOD-00617/data/535301732
1121.25,699.97,"{'lat': None, 'lon': None}","{'rh': 44.5, 'temp': 23.6, 'wd': 0.0, 'ws': 0.0, 'ws_scalar': 0.0}","{'gas': {'co': 13502, 'co2': 13264, 'no': 13590, 'no2': 13769, 'o3': 13749}, 'pm': {'pm1': 13212, 'pm10': 13214, 'pm25': 13213}}",11.72,30.28,25.46,22.28,22.54,22.5,535301891,44.5,MOD-00617,23.6,2025-11-06T16:17:37,2025-11-06T08:17:37,https://api.quant-aq.com/v1/devices/MOD-00617/data/535301733
1126.52,702.62,"{'lat': None, 'lon': None}","{'rh': 44.6, 'temp': 23.6, 'wd': 0.0, 'ws': 0.0, 'ws_scalar': 0.0}","{'gas': {'co': 13502, 'co2': 13264, 'no': 13590, 'no2': 13769, 'o3': 13749}, 'pm': {'pm1': 13212, 'pm10': 13214, 'pm25': 13213}}",11.5,30.98,24.57,25.31,25.94,25.44,535301888,44.6,MOD-00617,23.6,2025-11-06T16:16:37,2025-11-06T08:16:37,https://api.quant-aq.com/v1/devices/MOD-00617/data/535301731
1135.07,701.78,"{'lat': None, 'lon': None}","{'rh': 44.7, 'temp': 23.6, 'wd': 0.0, 'ws': 0.0, 'ws_scalar': 0.0}","{'gas': {'co': 13502, 'co2': 13264, 'no': 13590, 'no2': 13769, 'o3': 13749}, 'pm': {'pm1': 13212, 'pm10': 13214, 'pm25': 13213}}",11.55,30.98,25.11,25.65,26.04,25.85,535299680,44.7,MOD-00617,23.6,2025-11-06T16:15:37,2025-11-06T08:15:37,https://api.quant-aq.com/v1/devices/MOD-00617/data/535299525
1133.5,703.34,"{'lat': None, 'lon': None}","{'rh': 44.6, 'temp': 23.6, 'wd': 0.0, 'ws': 0.0, 'ws_scalar': 0.0}","{'gas': {'co': 13502, 'co2': 13264, 'no': 13590, 'no2': 13769, 'o3': 13749}, 'pm': {'pm1': 13212, 'pm10': 13214, 'pm25': 13213}}",11.64,30.98,24.57,24.42,26.55,24.61,535299683,44.6,MOD-00617,23.6,2025-11-06T16:14:37,2025-11-06T08:14:37,https://api.quant-aq.com/v1/devices/MOD-00617/data/535299527
1135.89,705.63,"{'lat': None, 'lon': None}","{'rh': 44.7, 'temp': 23.6, 'wd': 0.0, 'ws': 0.0, 'ws_scalar': 0.0}","{'gas': {'co': 13502, 'co2': 13264, 'no': 13590, 'no2': 13769, 'o3': 13749}, 'pm': {'pm1': 13212, 'pm10': 13214, 'pm25': 13213}}",11.79,30.51,24.83,27.12,27.53,27.3,535299682,44.7,MOD-00617,23.6,2025-11-06T16:13:37,2025-11-06T08:13:37,https://api.quant-aq.com/v1/devices/MOD-00617/data/535299524
1141.49,709.37,"{'lat': None, 'lon': None}","{'rh': 44.9, 'temp': 23.6, 'wd': 0.0, 'ws': 0.0, 'ws_scalar': 0.0}","{'gas': {'co': 13502, 'co2': 13264, 'no': 13590, 'no2': 13769, 'o3': 13749}, 'pm': {'pm1': 13212, 'pm10': 13214, 'pm25': 13213}}",11.68,30.74,25.06,29.94,30.83,30.16,535299681,44.9,MOD-00617,23.6,2025-11-06T16:12:37,2025-11-06T08:12:37,https://api.quant-aq.com/v1/devices/MOD-00617/data/535299523
1152.92,708.88,"{'lat': None, 'lon': None}","{'rh': 45.0, 'temp': 23.6, 'wd': 0.0, 'ws': 0.0, 'ws_scalar': 0.0}","{'gas': {'co': 13502, 'co2': 13264, 'no': 13590, 'no2': 13769, 'o3': 13749}, 'pm': {'pm1': 13212, 'pm10': 13214, 'pm25': 13213}}",11.13,30.97,25.61,34.71,35.46,34.91,535297465,45.0,MOD-00617,23.6,2025-11-06T16:11:37,2025-11-06T08:11:37,https://api.quant-aq.com/v1/devices/MOD-00617/data/535297308
1157.84,708.04,"{'lat': None, 'lon': None}","{'rh': 45.0, 'temp': 23.6, 'wd': 0.0, 'ws': 0.0, 'ws_scalar': 0.0}","{'gas': {'co': 13502, 'co2': 13264, 'no': 13590, 'no2': 13769, 'o3': 13749}, 'pm': {'pm1': 13212, 'pm10': 13214, 'pm25': 13213}}",11.2,30.73,25.61,32.82,33.03,32.99,535297464,45.0,MOD-00617,23.6,2025-11-06T16:10:37,2025-11-06T08:10:37,https://api.quant-aq.com/v1/devices/MOD-00617/data/535297306
1166.39,704.79,"{'lat': None, 'lon': None}","{'rh': 45.1, 'temp': 23.6, 'wd': 0.0, 'ws': 0.0, 'ws_scalar': 0.0}","{'gas': {'co': 13502, 'co2': 13264, 'no': 13590, 'no2': 13769, 'o3': 13749}, 'pm': {'pm1': 13212, 'pm10': 13214, 'pm25': 13213}}",11.31,31.2,25.58,33.92,41.53,34.11,535297462,45.1,MOD-00617,23.6,2025-11-06T16:09:37,2025-11-06T08:09:37,https://api.quant-aq.com/v1/devices/MOD-00617/data/535297307
1163.93,708.88,"{'lat': None, 'lon': None}","{'rh': 45.1, 'temp': 23.6, 'wd': 0.0, 'ws': 0.0, 'ws_scalar': 0.0}","{'gas': {'co': 13502, 'co2': 13264, 'no': 13590, 'no2': 13769, 'o3': 13749}, 'pm': {'pm1': 13212, 'pm10': 13214, 'pm25': 13213}}",11.31,31.67,25.87,32.52,33.54,32.75,535297463,45.1,MOD-00617,23.6,2025-11-06T16:08:37,2025-11-06T08:08:37,https://api.quant-aq.com/v1/devices/MOD-00617/data/535297305
1172.21,706.72,"{'lat': None, 'lon': None}","{'rh': 45.0, 'temp': 23.6, 'wd': 0.0, 'ws': 0.0, 'ws_scalar': 0.0}","{'gas': {'co': 13502, 'co2': 13264, 'no': 13590, 'no2': 13769, 'o3': 13749}, 'pm': {'pm1': 13212, 'pm10': 13214, 'pm25': 13213}}",11.79,30.73,25.32,31.04,31.95,31.18,535295196,45.0,MOD-00617,23.6,2025-11-06T16:07:37,2025-11-06T08:07:37,https://api.quant-aq.com/v1/devices/MOD-00617/data/535295039
1177.82,707.32,"{'lat': None, 'lon': None}","{'rh': 45.2, 'temp': 23.6, 'wd': 0.0, 'ws': 0.0, 'ws_scalar': 0.0}","{'gas': {'co': 13502, 'co2': 13264, 'no': 13590, 'no2': 13769, 'o3': 13749}, 'pm': {'pm1': 13212, 'pm10': 13214, 'pm25': 13213}}",11.21,31.2,25.55,32.5,32.77,32.67,535295195,45.2,MOD-00617,23.6,2025-11-06T16:06:37,2025-11-06T08:06:37,https://api.quant-aq.com/v1/devices/MOD-00617/data/535295037
1179.53,705.15,"{'lat': None, 'lon': None}","{'rh': 45.1, 'temp': 23.6, 'wd': 0.0, 'ws': 0.0, 'ws_scalar': 0.0}","{'gas': {'co': 13502, 'co2': 13264, 'no': 13590, 'no2': 13769, 'o3': 13749}, 'pm': {'pm1': 13212, 'pm10': 13214, 'pm25': 13213}}",11.86,30.96,25.58,25.38,26.09,25.55,535295194,45.1,MOD-00617,23.6,2025-11-06T16:05:37,2025-11-06T08:05:37,https://api.quant-aq.com/v1/devices/MOD-00617/data/535295038
1181.24,701.54,"{'lat': None, 'lon': None}","{'rh': 45.0, 'temp': 23.6, 'wd': 0.0, 'ws': 0.0, 'ws_scalar': 0.0}","{'gas': {'co': 13502, 'co2': 13264, 'no': 13590, 'no2': 13769, 'o3': 13749}, 'pm': {'pm1': 13212, 'pm10': 13214, 'pm25': 13213}}",11.81,31.44,25.61,22.05,23.23,22.24,535295197,45.0,MOD-00617,23.6,2025-11-06T16:04:37,2025-11-06T08:04:37,https://api.quant-aq.com/v1/devices/MOD-00617/data/535295040
1187.74,703.71,"{'lat': None, 'lon': None}","{'rh': 45.1, 'temp': 23.6, 'wd': 0.0, 'ws': 0.0, 'ws_scalar': 0.0}","{'gas': {'co': 13502, 'co2': 13264, 'no': 13590, 'no2': 13769, 'o3': 13749}, 'pm': {'pm1': 13212, 'pm10': 13214, 'pm25': 13213}}",11.92,31.2,25.29,22.16,22.77,22.47,535292737,45.1,MOD-00617,23.6,2025-11-06T16:03:37,2025-11-06T08:03:37,https://api.quant-aq.com/v1/devices/MOD-00617/data/535292581
1188.49,705.63,"{'lat': None, 'lon': None}","{'rh': 45.2, 'temp': 23.6, 'wd': 0.0, 'ws': 0.0, 'ws_scalar': 0.0}","{'gas': {'co': 13502, 'co2': 13264, 'no': 13590, 'no2': 13769, 'o3': 13749}, 'pm': {'pm1': 13212, 'pm10': 13214, 'pm25': 13213}}",11.89,30.96,24.97,19.02,20.4,19.2,535292735,45.2,MOD-00617,23.6,2025-11-06T16:02:37,2025-11-06T08:02:37,https://api.quant-aq.com/v1/devices/MOD-00617/data/535292580
1190.54,700.33,"{'lat': None, 'lon': None}","{'rh': 45.2, 'temp': 23.6, 'wd': 0.0, 'ws': 0.0, 'ws_scalar': 0.0}","{'gas': {'co': 13502, 'co2': 13264, 'no': 13590, 'no2': 13769, 'o3': 13749}, 'pm': {'pm1': 13212, 'pm10': 13214, 'pm25': 13213}}",11.89,31.2,25.55,19.44,21.16,19.68,535292739,45.2,MOD-00617,23.6,2025-11-06T16:01:37,2025-11-06T08:01:37,https://api.quant-aq.com/v1/devices/MOD-00617/data/535292584
1191.29,705.63,"{'lat': None, 'lon': None}","{'rh': 45.3, 'temp': 23.6, 'wd': 0.0, 'ws': 0.0, 'ws_scalar': 0.0}","{'gas': {'co': 13502, 'co2': 13264, 'no': 13590, 'no2': 13769, 'o3': 13749}, 'pm': {'pm1': 13212, 'pm10': 13214, 'pm25': 13213}}",11.17,30.96,25.23,16.27,17.25,16.58,535292734,45.3,MOD-00617,23.6,2025-11-06T16:00:37,2025-11-06T08:00:37,https://api.quant-aq.com/v1/devices/MOD-00617/data/535292577
1194.09,707.8,"{'lat': None, 'lon': None}","{'rh': 45.4, 'temp': 23.6, 'wd': 0.0, 'ws': 0.0, 'ws_scalar': 0.0}","{'gas': {'co': 13502, 'co2': 13264, 'no': 13590, 'no2': 13769, 'o3': 13749}, 'pm': {'pm1': 13212, 'pm10': 13214, 'pm25': 13213}}",10.24,31.42,25.2,17.34,18.0,17.55,535290476,45.4,MOD-00617,23.6,2025-11-06T15:59:37,2025-11-06T07:59:37,https://api.quant-aq.com/v1/devices/MOD-00617/data/535290319
1201.0,710.81,"{'lat': None, 'lon': None}","{'rh': 45.5, 'temp': 23.6, 'wd': 0.0, 'ws': 0.0, 'ws_scalar': 0.0}","{'gas': {'co': 13502, 'co2': 13264, 'no': 13590, 'no2': 13769, 'o3': 13749}, 'pm': {'pm1': 13212, 'pm10': 13214, 'pm25': 13213}}",10.1,31.18,25.47,19.97,20.09,20.09,535290475,45.5,MOD-00617,23.6,2025-11-06T15:58:37,2025-11-06T07:58:37,https://api.quant-aq.com/v1/devices/MOD-00617/data/535290320
1205.86,710.69,"{'lat': None, 'lon': None}","{'rh': 45.6, 'temp': 23.6, 'wd': 0.0, 'ws': 0.0, 'ws_scalar': 0.0}","{'gas': {'co': 13502, 'co2': 13264, 'no': 13590, 'no2': 13769, 'o3': 13749}, 'pm': {'pm1': 13212, 'pm10': 13214, 'pm25': 13213}}",10.38,31.18,25.73,19.2,20.52,19.29,535290474,45.6,MOD-00617,23.6,2025-11-06T15:57:37,2025-11-06T07:57:37,https://api.quant-aq.com/v1/devices/MOD-00617/data/535290317
1207.43,714.67,"{'lat': None, 'lon': None}","{'rh': 45.7, 'temp': 23.6, 'wd': 0.0, 'ws': 0.0, 'ws_scalar': 0.0}","{'gas': {'co': 13502, 'co2': 13264, 'no': 13590, 'no2': 13769, 'o3': 13749}, 'pm': {'pm1': 13212, 'pm10': 13214, 'pm25': 13213}}",10.24,31.41,25.41,13.99,14.27,14.15,535290478,45.7,MOD-00617,23.6,2025-11-06T15:56:37,2025-11-06T07:56:37,https://api.quant-aq.com/v1/devices/MOD-00617/data/535290322
1207.36,714.55,"{'lat': None, 'lon': None}","{'rh': 45.8, 'temp': 23.6, 'wd': 0.0, 'ws': 0.0, 'ws_scalar': 0.0}","{'gas': {'co': 13502, 'co2': 13264, 'no': 13590, 'no2': 13769, 'o3': 13749}, 'pm': {'pm1': 13212, 'pm10': 13214, 'pm25': 13213}}",8.84,31.64,25.67,4.22,9.99,4.43,535288301,45.8,MOD-00617,23.6,2025-11-06T15:55:37,2025-11-06T07:55:37,https://api.quant-aq.com/v1/devices/MOD-00617/data/535288144
1211.8,714.06,"{'lat': None, 'lon': None}","{'rh': 45.9, 'temp': 23.6, 'wd': 0.0, 'ws': 0.0, 'ws_scalar': 0.0}","{'gas': {'co': 13502, 'co2': 13264, 'no': 13590, 'no2': 13769, 'o3': 13749}, 'pm': {'pm1': 13212, 'pm10': 13214, 'pm25': 13213}}",8.81,31.17,25.64,3.48,3.65,3.65,535288303,45.9,MOD-00617,23.6,2025-11-06T15:54:37,2025-11-06T07:54:37,https://api.quant-aq.com/v1/devices/MOD-00617/data/535288145
1218.37,714.42,"{'lat': None, 'lon': None}","{'rh': 45.9, 'temp': 23.6, 'wd': 0.0, 'ws': 0.0, 'ws_scalar': 0.0}","{'gas': {'co': 13502, 'co2': 13264, 'no': 13590, 'no2': 13769, 'o3': 13749}, 'pm': {'pm1': 13212, 'pm10': 13214, 'pm25': 13213}}",9.47,31.88,25.64,2.68,2.83,2.79,535288305,45.9,MOD-00617,23.6,2025-11-06T15:53:37,2025-11-06T07:53:37,https://api.quant-aq.com/v1/devices/MOD-00617/data/535288149
1215.76,714.42,"{'lat': None, 'lon': None}","{'rh': 46.1, 'temp': 23.6, 'wd': 0.0, 'ws': 0.0, 'ws_scalar': 0.0}","{'gas': {'co': 13502, 'co2': 13264, 'no': 13590, 'no2': 13769, 'o3': 13749}, 'pm': {'pm1': 13212, 'pm10': 13214, 'pm25': 13213}}",9.25,31.4,25.88,2.25,2.92,2.38,535288307,46.1,MOD-00617,23.6,2025-11-06T15:52:37,2025-11-06T07:52:37,https://api.quant-aq.com/v1/devices/MOD-00617/data/535288152
1215.69,715.51,"{'lat': None, 'lon': None}","{'rh': 46.2, 'temp': 23.6, 'wd': 0.0, 'ws': 0.0, 'ws_scalar': 0.0}","{'gas': {'co': 13502, 'co2': 13264, 'no': 13590, 'no2': 13769, 'o3': 13749}, 'pm': {'pm1': 13212, 'pm10': 13214, 'pm25': 13213}}",7.97,31.87,25.85,2.19,2.35,2.31,535288299,46.2,MOD-00617,23.6,2025-11-06T15:51:37,2025-11-06T07:51:37,https://api.quant-aq.com/v1/devices/MOD-00617/data/535288143
1221.78,716.35,"{'lat': None, 'lon': None}","{'rh': 46.3, 'temp': 23.6, 'wd': 0.0, 'ws': 0.0, 'ws_scalar': 0.0}","{'gas': {'co': 13502, 'co2': 13264, 'no': 13590, 'no2': 13769, 'o3': 13749}, 'pm': {'pm1': 13212, 'pm10': 13214, 'pm25': 13213}}",6.91,31.86,26.7,2.22,2.34,2.34,535285535,46.3,MOD-00617,23.6,2025-11-06T15:50:37,2025-11-06T07:50:37,https://api.quant-aq.com/v1/devices/MOD-00617/data/535285378
1220.62,713.34,"{'lat': None, 'lon': None}","{'rh': 46.2, 'temp': 23.6, 'wd': 0.0, 'ws': 0.0, 'ws_scalar': 0.0}","{'gas': {'co': 13502, 'co2': 13264, 'no': 13590, 'no2': 13769, 'o3': 13749}, 'pm': {'pm1': 13212, 'pm10': 13214, 'pm25': 13213}}",7.42,31.39,25.85,1.95,12.79,2.1,535285537,46.2,MOD-00617,23.6,2025-11-06T15:49:37,2025-11-06T07:49:37,https://api.quant-aq.com/v1/devices/MOD-00617/data/535285379
1224.24,714.3,"{'lat': None, 'lon': None}","{'rh': 46.3, 'temp': 23.6, 'wd': 0.0, 'ws': 0.0, 'ws_scalar': 0.0}","{'gas': {'co': 13502, 'co2': 13264, 'no': 13590, 'no2': 13769, 'o3': 13749}, 'pm': {'pm1': 13212, 'pm10': 13214, 'pm25': 13213}}",7.52,31.15,26.11,1.83,1.97,1.97,535285534,46.3,MOD-00617,23.6,2025-11-06T15:48:37,2025-11-06T07:48:37,https://api.quant-aq.com/v1/devices/MOD-00617/data/535285376
1225.74,715.75,"{'lat': None, 'lon': None}","{'rh': 46.5, 'temp': 23.6, 'wd': 0.0, 'ws': 0.0, 'ws_scalar': 0.0}","{'gas': {'co': 13502, 'co2': 13264, 'no': 13590, 'no2': 13769, 'o3': 13749}, 'pm': {'pm1': 13212, 'pm10': 13214, 'pm25': 13213}}",7.95,31.62,26.06,2.04,2.68,2.15,535285533,46.5,MOD-00617,23.6,2025-11-06T15:47:37,2025-11-06T07:47:37,https://api.quant-aq.com/v1/devices/MOD-00617/data/535285377
1224.44,720.33,"{'lat': None, 'lon': None}","{'rh': 46.6, 'temp': 23.6, 'wd': 0.0, 'ws': 0.0, 'ws_scalar': 0.0}","{'gas': {'co': 13502, 'co2': 13264, 'no': 13590, 'no2': 13769, 'o3': 13749}, 'pm': {'pm1': 13212, 'pm10': 13214, 'pm25': 13213}}",7.84,31.61,26.32,1.73,7.39,1.93,535285536,46.6,MOD-00617,23.6,2025-11-06T15:46:37,2025-11-06T07:46:37,https://api.quant-aq.com/v1/devices/MOD-00617/data/535285380
1227.17,722.86,"{'lat': None, 'lon': None}","{'rh': 46.8, 'temp': 23.6, 'wd': 0.0, 'ws': 0.0, 'ws_scalar': 0.0}","{'gas': {'co': 13502, 'co2': 13264, 'no': 13590, 'no2': 13769, 'o3': 13749}, 'pm': {'pm1': 13212, 'pm10': 13214, 'pm25': 13213}}",7.56,31.6,26.27,1.89,2.17,2.09,535282697,46.8,MOD-00617,23.6,2025-11-06T15:45:37,2025-11-06T07:45:37,https://api.quant-aq.com/v1/devices/MOD-00617/data/535282545
1237.77,721.05,"{'lat': None, 'lon': None}","{'rh': 46.9, 'temp': 23.6, 'wd': 0.0, 'ws': 0.0, 'ws_scalar': 0.0}","{'gas': {'co': 13502, 'co2': 13264, 'no': 13590, 'no2': 13769, 'o3': 13749}, 'pm': {'pm1': 13212, 'pm10': 13214, 'pm25': 13213}}",6.89,31.36,26.82,2.19,4.25,2.38,535282696,46.9,MOD-00617,23.6,2025-11-06T15:44:37,2025-11-06T07:44:37,https://api.quant-aq.com/v1/devices/MOD-00617/data/535282541
1234.15,722.74,"{'lat': None, 'lon': None}","{'rh': 46.8, 'temp': 23.6, 'wd': 0.0, 'ws': 0.0, 'ws_scalar': 0.0}","{'gas': {'co': 13502, 'co2': 13264, 'no': 13590, 'no2': 13769, 'o3': 13749}, 'pm': {'pm1': 13212, 'pm10': 13214, 'pm25': 13213}}",7.42,31.13,26.27,2.07,2.28,2.24,535282699,46.8,MOD-00617,23.6,2025-11-06T15:43:37,2025-11-06T07:43:37,https://api.quant-aq.com/v1/devices/MOD-00617/data/535282544
1241.26,720.45,"{'lat': None, 'lon': None}","{'rh': 47.2, 'temp': 23.6, 'wd': 0.0, 'ws': 0.0, 'ws_scalar': 0.0}","{'gas': {'co': 13502, 'co2': 13264, 'no': 13590, 'no2': 13769, 'o3': 13749}, 'pm': {'pm1': 13212, 'pm10': 13214, 'pm25': 13213}}",5.35,31.59,27.62,2.31,2.49,2.49,535282695,47.2,MOD-00617,23.6,2025-11-06T15:42:37,2025-11-06T07:42:37,https://api.quant-aq.com/v1/devices/MOD-00617/data/535282542
1236.33,720.81,"{'lat': None, 'lon': None}","{'rh': 47.2, 'temp': 23.6, 'wd': 0.0, 'ws': 0.0, 'ws_scalar': 0.0}","{'gas': {'co': 13502, 'co2': 13264, 'no': 13590, 'no2': 13769, 'o3': 13749}, 'pm': {'pm1': 13212, 'pm10': 13214, 'pm25': 13213}}",4.83,31.59,26.45,1.98,2.35,2.13,535282694,47.2,MOD-00617,23.6,2025-11-06T15:41:37,2025-11-06T07:41:37,https://api.quant-aq.com/v1/devices/MOD-00617/data/535282537
1237.08,722.49,"{'lat': None, 'lon': None}","{'rh': 47.3, 'temp': 23.6, 'wd': 0.0, 'ws': 0.0, 'ws_scalar': 0.0}","{'gas': {'co': 13502, 'co2': 13264, 'no': 13590, 'no2': 13769, 'o3': 13749}, 'pm': {'pm1': 13212, 'pm10': 13214, 'pm25': 13213}}",5.19,32.06,27.3,1.82,3.16,2.04,535279948,47.3,MOD-00617,23.6,2025-11-06T15:40:37,2025-11-06T07:40:37,https://api.quant-aq.com/v1/devices/MOD-00617/data/535279791
1235.85,723.82,"{'lat': None, 'lon': None}","{'rh': 47.3, 'temp': 23.6, 'wd': 0.0, 'ws': 0.0, 'ws_scalar': 0.0}","{'gas': {'co': 13502, 'co2': 13264, 'no': 13590, 'no2': 13769, 'o3': 13749}, 'pm': {'pm1': 13212, 'pm10': 13214, 'pm25': 13213}}",6.39,31.58,27.01,1.87,12.9,2.02,535279945,47.3,MOD-00617,23.6,2025-11-06T15:39:37,2025-11-06T07:39:37,https://api.quant-aq.com/v1/devices/MOD-00617/data/535279788
1232.64,725.39,"{'lat': None, 'lon': None}","{'rh': 47.2, 'temp': 23.6, 'wd': 0.0, 'ws': 0.0, 'ws_scalar': 0.0}","{'gas': {'co': 13502, 'co2': 13264, 'no': 13590, 'no2': 13769, 'o3': 13749}, 'pm': {'pm1': 13212, 'pm10': 13214, 'pm25': 13213}}",6.89,31.11,27.33,1.9,2.4,2.04,535279946,47.2,MOD-00617,23.6,2025-11-06T15:38:37,2025-11-06T07:38:37,https://api.quant-aq.com/v1/devices/MOD-00617/data/535279789
1229.08,724.3,"{'lat': None, 'lon': None}","{'rh': 47.0, 'temp': 23.6, 'wd': 0.0, 'ws': 0.0, 'ws_scalar': 0.0}","{'gas': {'co': 13502, 'co2': 13264, 'no': 13590, 'no2': 13769, 'o3': 13749}, 'pm': {'pm1': 13212, 'pm10': 13214, 'pm25': 13213}}",6.52,31.12,26.21,1.64,2.38,1.82,535279947,47.0,MOD-00617,23.6,2025-11-06T15:37:37,2025-11-06T07:37:37,https://api.quant-aq.com/v1/devices/MOD-00617/data/535279790
1228.87,727.19,"{'lat': None, 'lon': None}","{'rh': 47.3, 'temp': 23.6, 'wd': 0.0, 'ws': 0.0, 'ws_scalar': 0.0}","{'gas': {'co': 13502, 'co2': 13264, 'no': 13590, 'no2': 13769, 'o3': 13749}, 'pm': {'pm1': 13212, 'pm10': 13214, 'pm25': 13213}}",5.27,30.64,26.13,2.04,4.34,2.24,535277708,47.3,MOD-00617,23.6,2025-11-06T15:36:37,2025-11-06T07:36:37,https://api.quant-aq.com/v1/devices/MOD-00617/data/535277554
1225.59,725.02,"{'lat': None, 'lon': None}","{'rh': 47.3, 'temp': 23.6, 'wd': 0.0, 'ws': 0.0, 'ws_scalar': 0.0}","{'gas': {'co': 13502, 'co2': 13264, 'no': 13590, 'no2': 13769, 'o3': 13749}, 'pm': {'pm1': 13212, 'pm10': 13214, 'pm25': 13213}}",3.76,30.87,26.13,1.57,2.39,1.79,535277707,47.3,MOD-00617,23.6,2025-11-06T15:35:37,2025-11-06T07:35:37,https://api.quant-aq.com/v1/devices/MOD-00617/data/535277550
1219.34,732.73,"{'lat': None, 'lon': None}","{'rh': 48.0, 'temp': 23.6, 'wd': 0.0, 'ws': 0.0, 'ws_scalar': 0.0}","{'gas': {'co': 13502, 'co2': 13264, 'no': 13590, 'no2': 13769, 'o3': 13749}, 'pm': {'pm1': 13212, 'pm10': 13214, 'pm25': 13213}}",4.09,30.61,27.41,1.94,2.11,2.11,535277706,48.0,MOD-00617,23.6,2025-11-06T15:34:37,2025-11-06T07:34:37,https://api.quant-aq.com/v1/devices/MOD-00617/data/535277549
1215.77,739.84,"{'lat': None, 'lon': None}","{'rh': 48.4, 'temp': 23.6, 'wd': 0.0, 'ws': 0.0, 'ws_scalar': 0.0}","{'gas': {'co': 13502, 'co2': 13264, 'no': 13590, 'no2': 13769, 'o3': 13749}, 'pm': {'pm1': 13212, 'pm10': 13214, 'pm25': 13213}}",3.79,31.77,28.19,2.03,3.04,2.44,535277704,48.4,MOD-00617,23.6,2025-11-06T15:33:37,2025-11-06T07:33:37,https://api.quant-aq.com/v1/devices/MOD-00617/data/535277546
1205.17,739.24,"{'lat': None, 'lon': None}","{'rh': 48.3, 'temp': 23.6, 'wd': 0.0, 'ws': 0.0, 'ws_scalar': 0.0}","{'gas': {'co': 13502, 'co2': 13264, 'no': 13590, 'no2': 13769, 'o3': 13749}, 'pm': {'pm1': 13212, 'pm10': 13214, 'pm25': 13213}}",3.78,31.3,27.62,1.49,1.81,1.73,535275481,48.3,MOD-00617,23.6,2025-11-06T15:32:37,2025-11-06T07:32:37,https://api.quant-aq.com/v1/devices/MOD-00617/data/535275324
1194.96,743.81,"{'lat': None, 'lon': None}","{'rh': 48.8, 'temp': 23.6, 'wd': 0.0, 'ws': 0.0, 'ws_scalar': 0.0}","{'gas': {'co': 13502, 'co2': 13264, 'no': 13590, 'no2': 13769, 'o3': 13749}, 'pm': {'pm1': 13212, 'pm10': 13214, 'pm25': 13213}}",4.04,31.76,29.26,1.6,2.07,1.85,535275482,48.8,MOD-00617,23.6,2025-11-06T15:31:37,2025-11-06T07:31:37,https://api.quant-aq.com/v1/devices/MOD-00617/data/535275325
1193.05,743.09,"{'lat': None, 'lon': None}","{'rh': 48.6, 'temp': 23.6, 'wd': 0.0, 'ws': 0.0, 'ws_scalar': 0.0}","{'gas': {'co': 13502, 'co2': 13264, 'no': 13590, 'no2': 13769, 'o3': 13749}, 'pm': {'pm1': 13212, 'pm10': 13214, 'pm25': 13213}}",4.02,31.01,28.72,1.73,3.29,2.03,535275480,48.6,MOD-00617,23.6,2025-11-06T15:30:37,2025-11-06T07:30:37,https://api.quant-aq.com/v1/devices/MOD-00617/data/535275323
1187.24,743.69,"{'lat': None, 'lon': None}","{'rh': 48.7, 'temp': 23.6, 'wd': 0.0, 'ws': 0.0, 'ws_scalar': 0.0}","{'gas': {'co': 13502, 'co2': 13264, 'no': 13590, 'no2': 13769, 'o3': 13749}, 'pm': {'pm1': 13212, 'pm10': 13214, 'pm25': 13213}}",3.95,31.52,28.7,1.94,7.34,2.14,535275483,48.7,MOD-00617,23.6,2025-11-06T15:29:37,2025-11-06T07:29:37,https://api.quant-aq.com/v1/devices/MOD-00617/data/535275326
1179.58,743.81,"{'lat': None, 'lon': None}","{'rh': 48.5, 'temp': 23.6, 'wd': 0.0, 'ws': 0.0, 'ws_scalar': 0.0}","{'gas': {'co': 13502, 'co2': 13264, 'no': 13590, 'no2': 13769, 'o3': 13749}, 'pm': {'pm1': 13212, 'pm10': 13214, 'pm25': 13213}}",4.01,31.06,28.16,1.73,4.01,1.84,535273206,48.5,MOD-00617,23.6,2025-11-06T15:28:37,2025-11-06T07:28:37,https://api.quant-aq.com/v1/devices/MOD-00617/data/535273049
1170.4,744.3,"{'lat': None, 'lon': None}","{'rh': 48.7, 'temp': 23.6, 'wd': 0.0, 'ws': 0.0, 'ws_scalar': 0.0}","{'gas': {'co': 13502, 'co2': 13264, 'no': 13590, 'no2': 13769, 'o3': 13749}, 'pm': {'pm1': 13212, 'pm10': 13214, 'pm25': 13213}}",3.97,31.27,28.4,1.59,3.94,1.96,535273205,48.7,MOD-00617,23.6,2025-11-06T15:27:37,2025-11-06T07:27:37,https://api.quant-aq.com/v1/devices/MOD-00617/data/535273048
1168.35,743.69,"{'lat': None, 'lon': None}","{'rh': 48.7, 'temp': 23.6, 'wd': 0.0, 'ws': 0.0, 'ws_scalar': 0.0}","{'gas': {'co': 13502, 'co2': 13264, 'no': 13590, 'no2': 13769, 'o3': 13749}, 'pm': {'pm1': 13212, 'pm10': 13214, 'pm25': 13213}}",3.97,13.28,28.99,1.97,2.43,2.21,535273208,48.7,MOD-00617,23.6,2025-11-06T15:26:37,2025-11-06T07:26:37,https://api.quant-aq.com/v1/devices/MOD-00617/data/535273050
1174.37,743.93,"{'lat': None, 'lon': None}","{'rh': 48.9, 'temp': 23.6, 'wd': 0.0, 'ws': 0.0, 'ws_scalar': 0.0}","{'gas': {'co': 13502, 'co2': 13264, 'no': 13590, 'no2': 13769, 'o3': 13749}, 'pm': {'pm1': 13212, 'pm10': 13214, 'pm25': 13213}}",3.3,31.99,29.53,1.86,6.6,2.07,535273207,48.9,MOD-00617,23.6,2025-11-06T15:25:37,2025-11-06T07:25:37,https://api.quant-aq.com/v1/devices/MOD-00617/data/535273051
1171.03,743.81,"{'lat': None, 'lon': None}","{'rh': 48.4, 'temp': 23.6, 'wd': 0.0, 'ws': 0.0, 'ws_scalar': 0.0}","{'gas': {'co': 13502, 'co2': 13264, 'no': 13590, 'no2': 13769, 'o3': 13749}, 'pm': {'pm1': 13212, 'pm10': 13214, 'pm25': 13213}}",3.7,31.06,28.48,2.21,2.43,2.43,535270987,48.4,MOD-00617,23.6,2025-11-06T15:24:37,2025-11-06T07:24:37,https://api.quant-aq.com/v1/devices/MOD-00617/data/535270830
1168.01,741.4,"{'lat': None, 'lon': None}","{'rh': 48.6, 'temp': 23.6, 'wd': 0.0, 'ws': 0.0, 'ws_scalar': 0.0}","{'gas': {'co': 13502, 'co2': 13264, 'no': 13590, 'no2': 13769, 'o3': 13749}, 'pm': {'pm1': 13212, 'pm10': 13214, 'pm25': 13213}}",3.96,31.29,28.72,2.15,3.2,2.49,535270989,48.6,MOD-00617,23.6,2025-11-06T15:23:37,2025-11-06T07:23:37,https://api.quant-aq.com/v1/devices/MOD-00617/data/535270831
1164.32,745.38,"{'lat': None, 'lon': None}","{'rh': 48.6, 'temp': 23.6, 'wd': 0.0, 'ws': 0.0, 'ws_scalar': 0.0}","{'gas': {'co': 13502, 'co2': 13264, 'no': 13590, 'no2': 13769, 'o3': 13749}, 'pm': {'pm1': 13212, 'pm10': 13214, 'pm25': 13213}}",3.93,31.53,28.43,1.81,4.57,1.97,535270986,48.6,MOD-00617,23.6,2025-11-06T15:22:37,2025-11-06T07:22:37,https://api.quant-aq.com/v1/devices/MOD-00617/data/535270829
1162.8,746.7,"{'lat': None, 'lon': None}","{'rh': 49.0, 'temp': 23.6, 'wd': 0.0, 'ws': 0.0, 'ws_scalar': 0.0}","{'gas': {'co': 13502, 'co2': 13264, 'no': 13590, 'no2': 13769, 'o3': 13749}, 'pm': {'pm1': 13212, 'pm10': 13214, 'pm25': 13213}}",3.0,12.07,29.21,2.62,4.66,2.82,535270988,49.0,MOD-00617,23.6,2025-11-06T15:21:37,2025-11-06T07:21:37,https://api.quant-aq.com/v1/devices/MOD-00617/data/535270832
1151.7,746.58,"{'lat': None, 'lon': None}","{'rh': 49.6, 'temp': 23.6, 'wd': 0.0, 'ws': 0.0, 'ws_scalar': 0.0}","{'gas': {'co': 13502, 'co2': 13264, 'no': 13590, 'no2': 13769, 'o3': 13749}, 'pm': {'pm1': 13212, 'pm10': 13214, 'pm25': 13213}}",3.17,32.91,31.44,2.42,8.49,2.64,535268819,49.6,MOD-00617,23.6,2025-11-06T15:20:37,2025-11-06T07:20:37,https://api.quant-aq.com/v1/devices/MOD-00617/data/535268662
1153.15,749.35,"{'lat': None, 'lon': None}","{'rh': 49.3, 'temp': 23.6, 'wd': 0.0, 'ws': 0.0, 'ws_scalar': 0.0}","{'gas': {'co': 13502, 'co2': 13264, 'no': 13590, 'no2': 13769, 'o3': 13749}, 'pm': {'pm1': 13212, 'pm10': 13214, 'pm25': 13213}}",3.24,32.21,31.51,2.28,4.19,2.76,535268817,49.3,MOD-00617,23.6,2025-11-06T15:19:37,2025-11-06T07:19:37,https://api.quant-aq.com/v1/devices/MOD-00617/data/535268661
1128.25,756.7,"{'lat': None, 'lon': None}","{'rh': 49.1, 'temp': 23.6, 'wd': 0.0, 'ws': 0.0, 'ws_scalar': 0.0}","{'gas': {'co': 13502, 'co2': 13264, 'no': 13590, 'no2': 13769, 'o3': 13749}, 'pm': {'pm1': 13212, 'pm10': 13214, 'pm25': 13213}}",3.17,32.22,31.26,2.0,2.84,2.24,535268816,49.1,MOD-00617,23.6,2025-11-06T15:18:37,2025-11-06T07:18:37,https://api.quant-aq.com/v1/devices/MOD-00617/data/535268660
1117.39,755.01,"{'lat': None, 'lon': None}","{'rh': 48.2, 'temp': 23.6, 'wd': 0.0, 'ws': 0.0, 'ws_scalar': 0.0}","{'gas': {'co': 13502, 'co2': 13264, 'no': 13590, 'no2': 13769, 'o3': 13749}, 'pm': {'pm1': 13212, 'pm10': 13214, 'pm25': 13213}}",3.95,32.02,30.3,1.7,4.44,1.87,535268818,48.2,MOD-00617,23.6,2025-11-06T15:17:37,2025-11-06T07:17:37,https://api.quant-aq.com/v1/devices/MOD-00617/data/535268659
1109.18,755.74,"{'lat': None, 'lon': None}","{'rh': 48.2, 'temp': 23.6, 'wd': 0.0, 'ws': 0.0, 'ws_scalar': 0.0}","{'gas': {'co': 13502, 'co2': 13264, 'no': 13590, 'no2': 13769, 'o3': 13749}, 'pm': {'pm1': 13212, 'pm10': 13214, 'pm25': 13213}}",3.91,32.26,30.89,1.96,18.07,2.19,535266605,48.2,MOD-00617,23.6,2025-11-06T15:16:37,2025-11-06T07:16:37,https://api.quant-aq.com/v1/devices/MOD-00617/data/535266448
1116.32,757.54,"{'lat': None, 'lon': None}","{'rh': 47.4, 'temp': 23.6, 'wd': 0.0, 'ws': 0.0, 'ws_scalar': 0.0}","{'gas': {'co': 13502, 'co2': 13264, 'no': 13590, 'no2': 13769, 'o3': 13749}, 'pm': {'pm1': 13212, 'pm10': 13214, 'pm25': 13213}}",3.64,31.1,28.74,2.06,10.43,2.26,535266606,47.4,MOD-00617,23.6,2025-11-06T15:15:37,2025-11-06T07:15:37,https://api.quant-aq.com/v1/devices/MOD-00617/data/535266449
1116.93,753.69,"{'lat': None, 'lon': None}","{'rh': 47.7, 'temp': 23.6, 'wd': 0.0, 'ws': 0.0, 'ws_scalar': 0.0}","{'gas': {'co': 13502, 'co2': 13264, 'no': 13590, 'no2': 13769, 'o3': 13749}, 'pm': {'pm1': 13212, 'pm10': 13214, 'pm25': 13213}}",3.53,30.14,30.72,1.99,2.55,2.13,535266604,47.7,MOD-00617,23.6,2025-11-06T15:14:37,2025-11-06T07:14:37,https://api.quant-aq.com/v1/devices/MOD-00617/data/535266447
1109.2,756.1,"{'lat': None, 'lon': None}","{'rh': 47.6, 'temp': 23.6, 'wd': 0.0, 'ws': 0.0, 'ws_scalar': 0.0}","{'gas': {'co': 13502, 'co2': 13264, 'no': 13590, 'no2': 13769, 'o3': 13749}, 'pm': {'pm1': 13212, 'pm10': 13214, 'pm25': 13213}}",3.54,31.33,30.16,1.99,5.18,2.35,535266603,47.6,MOD-00617,23.6,2025-11-06T15:13:37,2025-11-06T07:13:37,https://api.quant-aq.com/v1/devices/MOD-00617/data/535266446
1107.09,754.05,"{'lat': None, 'lon': None}","{'rh': 47.1, 'temp': 23.6, 'wd': 0.0, 'ws': 0.0, 'ws_scalar': 0.0}","{'gas': {'co': 13502, 'co2': 13264, 'no': 13590, 'no2': 13769, 'o3': 13749}, 'pm': {'pm1': 13212, 'pm10': 13214, 'pm25': 13213}}",4.43,31.12,30.28,1.76,3.17,2.0,535264357,47.1,MOD-00617,23.6,2025-11-06T15:12:37,2025-11-06T07:12:37,https://api.quant-aq.com/v1/devices/MOD-00617/data/535264201
1104.97,752.73,"{'lat': None, 'lon': None}","{'rh': 47.2, 'temp': 23.6, 'wd': 0.0, 'ws': 0.0, 'ws_scalar': 0.0}","{'gas': {'co': 13502, 'co2': 13264, 'no': 13590, 'no2': 13769, 'o3': 13749}, 'pm': {'pm1': 13212, 'pm10': 13214, 'pm25': 13213}}",4.4,30.88,31.72,1.89,2.92,2.31,535264356,47.2,MOD-00617,23.6,2025-11-06T15:11:37,2025-11-06T07:11:37,https://api.quant-aq.com/v1/devices/MOD-00617/data/535264199
1092.31,754.89,"{'lat': None, 'lon': None}","{'rh': 47.1, 'temp': 23.6, 'wd': 0.0, 'ws': 0.0, 'ws_scalar': 0.0}","{'gas': {'co': 13502, 'co2': 13264, 'no': 13590, 'no2': 13769, 'o3': 13749}, 'pm': {'pm1': 13212, 'pm10': 13214, 'pm25': 13213}}",4.47,31.59,31.45,2.17,2.54,2.32,535264358,47.1,MOD-00617,23.6,2025-11-06T15:10:37,2025-11-06T07:10:37,https://api.quant-aq.com/v1/devices/MOD-00617/data/535264200
1087.2,756.1,"{'lat': None, 'lon': None}","{'rh': 46.2, 'temp': 23.6, 'wd': 0.0, 'ws': 0.0, 'ws_scalar': 0.0}","{'gas': {'co': 13502, 'co2': 13264, 'no': 13590, 'no2': 13769, 'o3': 13749}, 'pm': {'pm1': 13212, 'pm10': 13214, 'pm25': 13213}}",4.71,31.63,31.09,1.65,3.11,1.87,535264355,46.2,MOD-00617,23.6,2025-11-06T15:09:37,2025-11-06T07:09:37,https://api.quant-aq.com/v1/devices/MOD-00617/data/535264198
1099.21,756.34,"{'lat': None, 'lon': None}","{'rh': 44.9, 'temp': 23.6, 'wd': 0.0, 'ws': 0.0, 'ws_scalar': 0.0}","{'gas': {'co': 13502, 'co2': 13264, 'no': 13590, 'no2': 13769, 'o3': 13749}, 'pm': {'pm1': 13212, 'pm10': 13214, 'pm25': 13213}}",6.2,30.26,29.1,1.88,14.0,2.08,535262097,44.9,MOD-00617,23.6,2025-11-06T15:08:37,2025-11-06T07:08:37,https://api.quant-aq.com/v1/devices/MOD-00617/data/535261940
1096.91,754.89,"{'lat': None, 'lon': None}","{'rh': 44.1, 'temp': 23.6, 'wd': 0.0, 'ws': 0.0, 'ws_scalar': 0.0}","{'gas': {'co': 13502, 'co2': 13264, 'no': 13590, 'no2': 13769, 'o3': 13749}, 'pm': {'pm1': 13212, 'pm10': 13214, 'pm25': 13213}}",6.34,29.35,27.3,2.28,3.17,2.45,535262095,44.1,MOD-00617,23.6,2025-11-06T15:07:37,2025-11-06T07:07:37,https://api.quant-aq.com/v1/devices/MOD-00617/data/535261938
1089.38,755.62,"{'lat': None, 'lon': None}","{'rh': 44.3, 'temp': 23.6, 'wd': 0.0, 'ws': 0.0, 'ws_scalar': 0.0}","{'gas': {'co': 13502, 'co2': 13264, 'no': 13590, 'no2': 13769, 'o3': 13749}, 'pm': {'pm1': 13212, 'pm10': 13214, 'pm25': 13213}}",6.35,29.34,27.53,2.09,8.87,2.35,535262094,44.3,MOD-00617,23.6,2025-11-06T15:06:37,2025-11-06T07:06:37,https://api.quant-aq.com/v1/devices/MOD-00617/data/535261937
1090.89,754.17,"{'lat': None, 'lon': None}","{'rh': 43.9, 'temp': 23.6, 'wd': 0.0, 'ws': 0.0, 'ws_scalar': 0.0}","{'gas': {'co': 13502, 'co2': 13264, 'no': 13590, 'no2': 13769, 'o3': 13749}, 'pm': {'pm1': 13212, 'pm10': 13214, 'pm25': 13213}}",6.3,29.59,27.35,1.92,9.12,2.18,535262096,43.9,MOD-00617,23.6,2025-11-06T15:05:37,2025-11-06T07:05:37,https://api.quant-aq.com/v1/devices/MOD-00617/data/535261939
1082.34,756.1,"{'lat': None, 'lon': None}","{'rh': 43.8, 'temp': 23.6, 'wd': 0.0, 'ws': 0.0, 'ws_scalar': 0.0}","{'gas': {'co': 13502, 'co2': 13264, 'no': 13590, 'no2': 13769, 'o3': 13749}, 'pm': {'pm1': 13212, 'pm10': 13214, 'pm25': 13213}}",6.38,29.12,27.38,1.74,3.32,2.17,535259859,43.8,MOD-00617,23.6,2025-11-06T15:04:37,2025-11-06T07:04:37,https://api.quant-aq.com/v1/devices/MOD-00617/data/535259702
1076.93,760.56,"{'lat': None, 'lon': None}","{'rh': 43.9, 'temp': 23.6, 'wd': 0.0, 'ws': 0.0, 'ws_scalar': 0.0}","{'gas': {'co': 13502, 'co2': 13264, 'no': 13590, 'no2': 13769, 'o3': 13749}, 'pm': {'pm1': 13212, 'pm10': 13214, 'pm25': 13213}}",6.36,30.07,27.06,1.92,2.93,2.19,535259857,43.9,MOD-00617,23.6,2025-11-06T15:03:37,2025-11-06T07:03:37,https://api.quant-aq.com/v1/devices/MOD-00617/data/535259700
1073.45,758.39,"{'lat': None, 'lon': None}","{'rh': 43.6, 'temp': 23.6, 'wd': 0.0, 'ws': 0.0, 'ws_scalar': 0.0}","{'gas': {'co': 13502, 'co2': 13264, 'no': 13590, 'no2': 13769, 'o3': 13749}, 'pm': {'pm1': 13212, 'pm10': 13214, 'pm25': 13213}}",6.24,29.13,27.43,2.11,13.29,2.42,535259858,43.6,MOD-00617,23.6,2025-11-06T15:02:37,2025-11-06T07:02:37,https://api.quant-aq.com/v1/devices/MOD-00617/data/535259701
1076.33,757.66,"{'lat': None, 'lon': None}","{'rh': 43.6, 'temp': 23.6, 'wd': 0.0, 'ws': 0.0, 'ws_scalar': 0.0}","{'gas': {'co': 13502, 'co2': 13264, 'no': 13590, 'no2': 13769, 'o3': 13749}, 'pm': {'pm1': 13212, 'pm10': 13214, 'pm25': 13213}}",6.38,28.89,27.15,1.75,2.78,2.0,535259856,43.6,MOD-00617,23.6,2025-11-06T15:01:37,2025-11-06T07:01:37,https://api.quant-aq.com/v1/devices/MOD-00617/data/535259699
1066.74,757.06,"{'lat': None, 'lon': None}","{'rh': 43.8, 'temp': 23.6, 'wd': 0.0, 'ws': 0.0, 'ws_scalar': 0.0}","{'gas': {'co': 13502, 'co2': 13264, 'no': 13590, 'no2': 13769, 'o3': 13749}, 'pm': {'pm1': 13212, 'pm10': 13214, 'pm25': 13213}}",6.36,29.6,27.95,2.07,7.4,2.52,535257678,43.8,MOD-00617,23.6,2025-11-06T15:00:37,2025-11-06T07:00:37,https://api.quant-aq.com/v1/devices/MOD-00617/data/535257522
1060.19,758.39,"{'lat': None, 'lon': None}","{'rh': 43.2, 'temp': 23.6, 'wd': 0.0, 'ws': 0.0, 'ws_scalar': 0.0}","{'gas': {'co': 13502, 'co2': 13264, 'no': 13590, 'no2': 13769, 'o3': 13749}, 'pm': {'pm1': 13212, 'pm10': 13214, 'pm25': 13213}}",6.11,29.62,26.97,1.85,2.55,2.12,535257680,43.2,MOD-00617,23.6,2025-11-06T14:59:37,2025-11-06T06:59:37,https://api.quant-aq.com/v1/devices/MOD-00617/data/535257523
1053.35,761.28,"{'lat': None, 'lon': None}","{'rh': 43.0, 'temp': 23.6, 'wd': 0.0, 'ws': 0.0, 'ws_scalar': 0.0}","{'gas': {'co': 13502, 'co2': 13264, 'no': 13590, 'no2': 13769, 'o3': 13749}, 'pm': {'pm1': 13212, 'pm10': 13214, 'pm25': 13213}}",6.13,29.16,26.46,1.99,17.73,2.44,535257681,43.0,MOD-00617,23.6,2025-11-06T14:58:37,2025-11-06T06:58:37,https://api.quant-aq.com/v1/devices/MOD-00617/data/535257524
1048.91,764.29,"{'lat': None, 'lon': None}","{'rh': 42.9, 'temp': 23.6, 'wd': 0.0, 'ws': 0.0, 'ws_scalar': 0.0}","{'gas': {'co': 13502, 'co2': 13264, 'no': 13590, 'no2': 13769, 'o3': 13749}, 'pm': {'pm1': 13212, 'pm10': 13214, 'pm25': 13213}}",6.14,28.69,26.77,1.55,16.13,1.93,535257679,42.9,MOD-00617,23.6,2025-11-06T14:57:37,2025-11-06T06:57:37,https://api.quant-aq.com/v1/devices/MOD-00617/data/535257521
1040.9,770.19,"{'lat': None, 'lon': None}","{'rh': 43.2, 'temp': 23.6, 'wd': 0.0, 'ws': 0.0, 'ws_scalar': 0.0}","{'gas': {'co': 13502, 'co2': 13264, 'no': 13590, 'no2': 13769, 'o3': 13749}, 'pm': {'pm1': 13212, 'pm10': 13214, 'pm25': 13213}}",6.13,29.15,26.69,1.74,9.48,2.1,535255448,43.2,MOD-00617,23.6,2025-11-06T14:56:37,2025-11-06T06:56:37,https://api.quant-aq.com/v1/devices/MOD-00617/data/535255290
1034.47,765.13,"{'lat': None, 'lon': None}","{'rh': 43.0, 'temp': 23.6, 'wd': 0.0, 'ws': 0.0, 'ws_scalar': 0.0}","{'gas': {'co': 13502, 'co2': 13264, 'no': 13590, 'no2': 13769, 'o3': 13749}, 'pm': {'pm1': 13212, 'pm10': 13214, 'pm25': 13213}}",6.12,28.92,27.03,1.72,16.8,2.19,535255447,43.0,MOD-00617,23.6,2025-11-06T14:55:37,2025-11-06T06:55:37,https://api.quant-aq.com/v1/devices/MOD-00617/data/535255289
1030.85,765.01,"{'lat': None, 'lon': None}","{'rh': 42.9, 'temp': 23.6, 'wd': 0.0, 'ws': 0.0, 'ws_scalar': 0.0}","{'gas': {'co': 13502, 'co2': 13264, 'no': 13590, 'no2': 13769, 'o3': 13749}, 'pm': {'pm1': 13212, 'pm10': 13214, 'pm25': 13213}}",6.11,28.43,26.77,1.27,15.04,1.75,535255442,42.9,MOD-00617,23.6,2025-11-06T14:54:37,2025-11-06T06:54:37,https://api.quant-aq.com/v1/devices/MOD-00617/data/535255285
1030.65,760.8,"{'lat': None, 'lon': None}","{'rh': 42.6, 'temp': 23.6, 'wd': 0.0, 'ws': 0.0, 'ws_scalar': 0.0}","{'gas': {'co': 13502, 'co2': 13264, 'no': 13590, 'no2': 13769, 'o3': 13749}, 'pm': {'pm1': 13212, 'pm10': 13214, 'pm25': 13213}}",6.09,28.94,26.57,1.42,11.05,2.15,535255444,42.6,MOD-00617,23.6,2025-11-06T14:53:37,2025-11-06T06:53:37,https://api.quant-aq.com/v1/devices/MOD-00617/data/535255287
1029.83,765.13,"{'lat': None, 'lon': None}","{'rh': 42.6, 'temp': 23.6, 'wd': 0.0, 'ws': 0.0, 'ws_scalar': 0.0}","{'gas': {'co': 13502, 'co2': 13264, 'no': 13590, 'no2': 13769, 'o3': 13749}, 'pm': {'pm1': 13212, 'pm10': 13214, 'pm25': 13213}}",6.08,28.46,26.28,1.43,5.99,2.05,535253179,42.6,MOD-00617,23.6,2025-11-06T14:52:37,2025-11-06T06:52:37,https://api.quant-aq.com/v1/devices/MOD-00617/data/535253022
1030.24,770.55,"{'lat': None, 'lon': None}","{'rh': 42.6, 'temp': 23.6, 'wd': 0.0, 'ws': 0.0, 'ws_scalar': 0.0}","{'gas': {'co': 13502, 'co2': 13264, 'no': 13590, 'no2': 13769, 'o3': 13749}, 'pm': {'pm1': 13212, 'pm10': 13214, 'pm25': 13213}}",6.08,27.99,26.28,2.01,22.46,2.73,535253176,42.6,MOD-00617,23.6,2025-11-06T14:51:37,2025-11-06T06:51:37,https://api.quant-aq.com/v1/devices/MOD-00617/data/535253020
1032.47,772.84,"{'lat': None, 'lon': None}","{'rh': 42.5, 'temp': 23.7, 'wd': 0.0, 'ws': 0.0, 'ws_scalar': 0.0}","{'gas': {'co': 13502, 'co2': 13264, 'no': 13590, 'no2': 13769, 'o3': 13749}, 'pm': {'pm1': 13212, 'pm10': 13214, 'pm25': 13213}}",6.06,28.24,26.61,1.36,17.54,2.1,535253177,42.5,MOD-00617,23.7,2025-11-06T14:50:37,2025-11-06T06:50:37,https://api.quant-aq.com/v1/devices/MOD-00617/data/535253019
1028.77,771.52,"{'lat': None, 'lon': None}","{'rh': 42.5, 'temp': 23.7, 'wd': 0.0, 'ws': 0.0, 'ws_scalar': 0.0}","{'gas': {'co': 13502, 'co2': 13264, 'no': 13590, 'no2': 13769, 'o3': 13749}, 'pm': {'pm1': 13212, 'pm10': 13214, 'pm25': 13213}}",6.08,28.71,26.04,1.8,44.03,2.57,535253178,42.5,MOD-00617,23.7,2025-11-06T14:49:37,2025-11-06T06:49:37,https://api.quant-aq.com/v1/devices/MOD-00617/data/535253021
1034.79,785.49,"{'lat': None, 'lon': None}","{'rh': 42.7, 'temp': 23.7, 'wd': 0.0, 'ws': 0.0, 'ws_scalar': 0.0}","{'gas': {'co': 13502, 'co2': 13264, 'no': 13590, 'no2': 13769, 'o3': 13749}, 'pm': {'pm1': 13212, 'pm10': 13214, 'pm25': 13213}}",6.13,28.47,26.27,1.39,9.74,2.0,535250954,42.7,MOD-00617,23.7,2025-11-06T14:48:37,2025-11-06T06:48:37,https://api.quant-aq.com/v1/devices/MOD-00617/data/535250798
1036.77,785.61,"{'lat': None, 'lon': None}","{'rh': 42.8, 'temp': 23.7, 'wd': 0.0, 'ws': 0.0, 'ws_scalar': 0.0}","{'gas': {'co': 13502, 'co2': 13264, 'no': 13590, 'no2': 13769, 'o3': 13749}, 'pm': {'pm1': 13212, 'pm10': 13214, 'pm25': 13213}}",6.11,27.67,27.09,1.31,30.3,1.83,535250952,42.8,MOD-00617,23.7,2025-11-06T14:47:37,2025-11-06T06:47:37,https://api.quant-aq.com/v1/devices/MOD-00617/data/535250797
1035.95,788.38,"{'lat': None, 'lon': None}","{'rh': 42.8, 'temp': 23.7, 'wd': 0.0, 'ws': 0.0, 'ws_scalar': 0.0}","{'gas': {'co': 13502, 'co2': 13264, 'no': 13590, 'no2': 13769, 'o3': 13749}, 'pm': {'pm1': 13212, 'pm10': 13214, 'pm25': 13213}}",6.11,28.46,27.09,1.08,23.93,1.81,535250956,42.8,MOD-00617,23.7,2025-11-06T14:46:37,2025-11-06T06:46:37,https://api.quant-aq.com/v1/devices/MOD-00617/data/535250801
1030.22,768.87,"{'lat': None, 'lon': None}","{'rh': 42.2, 'temp': 23.7, 'wd': 0.0, 'ws': 0.0, 'ws_scalar': 0.0}","{'gas': {'co': 13502, 'co2': 13264, 'no': 13590, 'no2': 13769, 'o3': 13749}, 'pm': {'pm1': 13212, 'pm10': 13214, 'pm25': 13213}}",6.0,28.96,26.69,1.28,9.63,1.84,535250957,42.2,MOD-00617,23.7,2025-11-06T14:45:37,2025-11-06T06:45:37,https://api.quant-aq.com/v1/devices/MOD-00617/data/535250799
1038.91,765.01,"{'lat': None, 'lon': None}","{'rh': 42.1, 'temp': 23.7, 'wd': 0.0, 'ws': 0.0, 'ws_scalar': 0.0}","{'gas': {'co': 13502, 'co2': 13264, 'no': 13590, 'no2': 13769, 'o3': 13749}, 'pm': {'pm1': 13212, 'pm10': 13214, 'pm25': 13213}}",5.99,28.49,26.15,1.4,35.78,1.95,535248724,42.1,MOD-00617,23.7,2025-11-06T14:44:37,2025-11-06T06:44:37,https://api.quant-aq.com/v1/devices/MOD-00617/data/535248567
1045.14,765.73,"{'lat': None, 'lon': None}","{'rh': 42.0, 'temp': 23.7, 'wd': 0.0, 'ws': 0.0, 'ws_scalar': 0.0}","{'gas': {'co': 13502, 'co2': 13264, 'no': 13590, 'no2': 13769, 'o3': 13749}, 'pm': {'pm1': 13212, 'pm10': 13214, 'pm25': 13213}}",5.96,28.02,26.18,1.12,20.61,1.65,535248721,42.0,MOD-00617,23.7,2025-11-06T14:43:37,2025-11-06T06:43:37,https://api.quant-aq.com/v1/devices/MOD-00617/data/535248565
1045.82,781.27,"{'lat': None, 'lon': None}","{'rh': 42.2, 'temp': 23.7, 'wd': 0.0, 'ws': 0.0, 'ws_scalar': 0.0}","{'gas': {'co': 13502, 'co2': 13264, 'no': 13590, 'no2': 13769, 'o3': 13749}, 'pm': {'pm1': 13212, 'pm10': 13214, 'pm25': 13213}}",6.02,27.3,26.69,1.13,20.86,1.89,535248722,42.2,MOD-00617,23.7,2025-11-06T14:42:37,2025-11-06T06:42:37,https://api.quant-aq.com/v1/devices/MOD-00617/data/535248566
1044.59,778.62,"{'lat': None, 'lon': None}","{'rh': 42.2, 'temp': 23.7, 'wd': 0.0, 'ws': 0.0, 'ws_scalar': 0.0}","{'gas': {'co': 13502, 'co2': 13264, 'no': 13590, 'no2': 13769, 'o3': 13749}, 'pm': {'pm1': 13212, 'pm10': 13214, 'pm25': 13213}}",6.01,27.78,26.41,1.53,22.87,2.32,535248723,42.2,MOD-00617,23.7,2025-11-06T14:41:37,2025-11-06T06:41:37,https://api.quant-aq.com/v1/devices/MOD-00617/data/535248564
1052.87,775.73,"{'lat': None, 'lon': None}","{'rh': 42.1, 'temp': 23.7, 'wd': 0.0, 'ws': 0.0, 'ws_scalar': 0.0}","{'gas': {'co': 13502, 'co2': 13264, 'no': 13590, 'no2': 13769, 'o3': 13749}, 'pm': {'pm1': 13212, 'pm10': 13214, 'pm25': 13213}}",5.99,27.78,25.87,1.82,3.28,2.31,535246563,42.1,MOD-00617,23.7,2025-11-06T14:40:37,2025-11-06T06:40:37,https://api.quant-aq.com/v1/devices/MOD-00617/data/535246406
1054.51,775.85,"{'lat': None, 'lon': None}","{'rh': 42.1, 'temp': 23.7, 'wd': 0.0, 'ws': 0.0, 'ws_scalar': 0.0}","{'gas': {'co': 13502, 'co2': 13264, 'no': 13590, 'no2': 13769, 'o3': 13749}, 'pm': {'pm1': 13212, 'pm10': 13214, 'pm25': 13213}}",5.99,27.78,26.44,1.47,3.63,2.22,535246560,42.1,MOD-00617,23.7,2025-11-06T14:39:37,2025-11-06T06:39:37,https://api.quant-aq.com/v1/devices/MOD-00617/data/535246403
1056.15,786.45,"{'lat': None, 'lon': None}","{'rh': 42.1, 'temp': 23.7, 'wd': 0.0, 'ws': 0.0, 'ws_scalar': 0.0}","{'gas': {'co': 13502, 'co2': 13264, 'no': 13590, 'no2': 13769, 'o3': 13749}, 'pm': {'pm1': 13212, 'pm10': 13214, 'pm25': 13213}}",5.99,27.07,26.44,1.39,3.6,2.17,535246561,42.1,MOD-00617,23.7,2025-11-06T14:38:37,2025-11-06T06:38:37,https://api.quant-aq.com/v1/devices/MOD-00617/data/535246404
1063.13,787.05,"{'lat': None, 'lon': None}","{'rh': 42.1, 'temp': 23.7, 'wd': 0.0, 'ws': 0.0, 'ws_scalar': 0.0}","{'gas': {'co': 13502, 'co2': 13264, 'no': 13590, 'no2': 13769, 'o3': 13749}, 'pm': {'pm1': 13212, 'pm10': 13214, 'pm25': 13213}}",5.99,27.54,25.87,1.11,16.03,1.98,535246562,42.1,MOD-00617,23.7,2025-11-06T14:37:37,2025-11-06T06:37:37,https://api.quant-aq.com/v1/devices/MOD-00617/data/535246405
1065.52,779.83,"{'lat': None, 'lon': None}","{'rh': 42.2, 'temp': 23.7, 'wd': 0.0, 'ws': 0.0, 'ws_scalar': 0.0}","{'gas': {'co': 13502, 'co2': 13264, 'no': 13590, 'no2': 13769, 'o3': 13749}, 'pm': {'pm1': 13212, 'pm10': 13214, 'pm25': 13213}}",6.01,28.01,26.12,1.2,29.03,2.33,535244336,42.2,MOD-00617,23.7,2025-11-06T14:36:37,2025-11-06T06:36:37,https://api.quant-aq.com/v1/devices/MOD-00617/data/535244181
1066.9,772.24,"{'lat': None, 'lon': None}","{'rh': 42.0, 'temp': 23.7, 'wd': 0.0, 'ws': 0.0, 'ws_scalar': 0.0}","{'gas': {'co': 13502, 'co2': 13264, 'no': 13590, 'no2': 13769, 'o3': 13749}, 'pm': {'pm1': 13212, 'pm10': 13214, 'pm25': 13213}}",5.96,27.31,26.46,0.9,4.48,1.28,535244332,42.0,MOD-00617,23.7,2025-11-06T14:35:37,2025-11-06T06:35:37,https://api.quant-aq.com/v1/devices/MOD-00617/data/535244179
1071.41,771.27,"{'lat': None, 'lon': None}","{'rh': 42.0, 'temp': 23.7, 'wd': 0.0, 'ws': 0.0, 'ws_scalar': 0.0}","{'gas': {'co': 13502, 'co2': 13264, 'no': 13590, 'no2': 13769, 'o3': 13749}, 'pm': {'pm1': 13212, 'pm10': 13214, 'pm25': 13213}}",5.97,27.55,25.33,1.05,17.06,1.42,535244331,42.0,MOD-00617,23.7,2025-11-06T14:34:37,2025-11-06T06:34:37,https://api.quant-aq.com/v1/devices/MOD-00617/data/535244175
1074.36,768.5,"{'lat': None, 'lon': None}","{'rh': 41.9, 'temp': 23.7, 'wd': 0.0, 'ws': 0.0, 'ws_scalar': 0.0}","{'gas': {'co': 13502, 'co2': 13264, 'no': 13590, 'no2': 13769, 'o3': 13749}, 'pm': {'pm1': 13212, 'pm10': 13214, 'pm25': 13213}}",5.21,27.32,26.21,1.15,6.61,1.42,535244329,41.9,MOD-00617,23.7,2025-11-06T14:33:37,2025-11-06T06:33:37,https://api.quant-aq.com/v1/devices/MOD-00617/data/535244173
1086.6,773.68,"{'lat': None, 'lon': None}","{'rh': 42.0, 'temp': 23.7, 'wd': 0.0, 'ws': 0.0, 'ws_scalar': 0.0}","{'gas': {'co': 13502, 'co2': 13264, 'no': 13590, 'no2': 13769, 'o3': 13749}, 'pm': {'pm1': 13212, 'pm10': 13214, 'pm25': 13213}}",5.97,27.55,26.18,0.89,14.58,1.06,535242077,42.0,MOD-00617,23.7,2025-11-06T14:32:37,2025-11-06T06:32:37,https://api.quant-aq.com/v1/devices/MOD-00617/data/535241920
1084.96,779.34,"{'lat': None, 'lon': None}","{'rh': 42.0, 'temp': 23.7, 'wd': 0.0, 'ws': 0.0, 'ws_scalar': 0.0}","{'gas': {'co': 13502, 'co2': 13264, 'no': 13590, 'no2': 13769, 'o3': 13749}, 'pm': {'pm1': 13212, 'pm10': 13214, 'pm25': 13213}}",5.97,28.02,26.46,1.03,6.74,1.2,535242075,42.0,MOD-00617,23.7,2025-11-06T14:31:37,2025-11-06T06:31:37,https://api.quant-aq.com/v1/devices/MOD-00617/data/535241917
1096.04,783.2,"{'lat': None, 'lon': None}","{'rh': 42.0, 'temp': 23.7, 'wd': 0.0, 'ws': 0.0, 'ws_scalar': 0.0}","{'gas': {'co': 13502, 'co2': 13264, 'no': 13590, 'no2': 13769, 'o3': 13749}, 'pm': {'pm1': 13212, 'pm10': 13214, 'pm25': 13213}}",5.96,27.31,26.18,1.02,18.36,1.12,535242076,42.0,MOD-00617,23.7,2025-11-06T14:30:37,2025-11-06T06:30:37,https://api.quant-aq.com/v1/devices/MOD-00617/data/535241919
1102.2,785.01,"{'lat': None, 'lon': None}","{'rh': 42.0, 'temp': 23.7, 'wd': 0.0, 'ws': 0.0, 'ws_scalar': 0.0}","{'gas': {'co': 13502, 'co2': 13264, 'no': 13590, 'no2': 13769, 'o3': 13749}, 'pm': {'pm1': 13212, 'pm10': 13214, 'pm25': 13213}}",5.97,28.02,26.46,1.0,8.69,1.17,535242074,42.0,MOD-00617,23.7,2025-11-06T14:29:37,2025-11-06T06:29:37,https://api.quant-aq.com/v1/devices/MOD-00617/data/535241918
1106.72,779.1,"{'lat': None, 'lon': None}","{'rh': 42.0, 'temp': 23.7, 'wd': 0.0, 'ws': 0.0, 'ws_scalar': 0.0}","{'gas': {'co': 13502, 'co2': 13264, 'no': 13590, 'no2': 13769, 'o3': 13749}, 'pm': {'pm1': 13212, 'pm10': 13214, 'pm25': 13213}}",5.96,27.31,26.18,1.17,14.87,1.34,535239880,42.0,MOD-00617,23.7,2025-11-06T14:28:37,2025-11-06T06:28:37,https://api.quant-aq.com/v1/devices/MOD-00617/data/535239724
1112.05,776.45,"{'lat': None, 'lon': None}","{'rh': 42.0, 'temp': 23.7, 'wd': 0.0, 'ws': 0.0, 'ws_scalar': 0.0}","{'gas': {'co': 13502, 'co2': 13264, 'no': 13590, 'no2': 13769, 'o3': 13749}, 'pm': {'pm1': 13212, 'pm10': 13214, 'pm25': 13213}}",5.96,27.31,26.18,1.29,2.52,1.57,535239881,42.0,MOD-00617,23.7,2025-11-06T14:27:37,2025-11-06T06:27:37,https://api.quant-aq.com/v1/devices/MOD-00617/data/535239723
1121.49,774.17,"{'lat': None, 'lon': None}","{'rh': 42.0, 'temp': 23.7, 'wd': 0.0, 'ws': 0.0, 'ws_scalar': 0.0}","{'gas': {'co': 13502, 'co2': 13264, 'no': 13590, 'no2': 13769, 'o3': 13749}, 'pm': {'pm1': 13212, 'pm10': 13214, 'pm25': 13213}}",5.97,26.6,26.18,1.3,1.54,1.49,535239879,42.0,MOD-00617,23.7,2025-11-06T14:26:37,2025-11-06T06:26:37,https://api.quant-aq.com/v1/devices/MOD-00617/data/535239722
1130.94,775.97,"{'lat': None, 'lon': None}","{'rh': 42.0, 'temp': 23.7, 'wd': 0.0, 'ws': 0.0, 'ws_scalar': 0.0}","{'gas': {'co': 13502, 'co2': 13264, 'no': 13590, 'no2': 13769, 'o3': 13749}, 'pm': {'pm1': 13212, 'pm10': 13214, 'pm25': 13213}}",5.97,27.31,26.18,1.49,13.71,1.68,535239882,42.0,MOD-00617,23.7,2025-11-06T14:25:37,2025-11-06T06:25:37,https://api.quant-aq.com/v1/devices/MOD-00617/data/535239725
1139.56,773.68,"{'lat': None, 'lon': None}","{'rh': 42.0, 'temp': 23.7, 'wd': 0.0, 'ws': 0.0, 'ws_scalar': 0.0}","{'gas': {'co': 13502, 'co2': 13264, 'no': 13590, 'no2': 13769, 'o3': 13749}, 'pm': {'pm1': 13212, 'pm10': 13214, 'pm25': 13213}}",5.97,27.31,25.9,1.44,8.08,1.75,535237641,42.0,MOD-00617,23.7,2025-11-06T14:24:37,2025-11-06T06:24:37,https://api.quant-aq.com/v1/devices/MOD-00617/data/535237484
1142.91,777.06,"{'lat': None, 'lon': None}","{'rh': 41.9, 'temp': 23.7, 'wd': 0.0, 'ws': 0.0, 'ws_scalar': 0.0}","{'gas': {'co': 13502, 'co2': 13264, 'no': 13590, 'no2': 13769, 'o3': 13749}, 'pm': {'pm1': 13212, 'pm10': 13214, 'pm25': 13213}}",5.94,27.32,25.64,1.36,14.12,1.7,535237640,41.9,MOD-00617,23.7,2025-11-06T14:23:37,2025-11-06T06:23:37,https://api.quant-aq.com/v1/devices/MOD-00617/data/535237483
1153.1,778.26,"{'lat': None, 'lon': None}","{'rh': 42.0, 'temp': 23.7, 'wd': 0.0, 'ws': 0.0, 'ws_scalar': 0.0}","{'gas': {'co': 13502, 'co2': 13264, 'no': 13590, 'no2': 13769, 'o3': 13749}, 'pm': {'pm1': 13212, 'pm10': 13214, 'pm25': 13213}}",5.97,27.55,26.18,1.27,2.7,1.62,535237643,42.0,MOD-00617,23.7,2025-11-06T14:22:37,2025-11-06T06:22:37,https://api.quant-aq.com/v1/devices/MOD-00617/data/535237486
1155.98,779.34,"{'lat': None, 'lon': None}","{'rh': 42.0, 'temp': 23.7, 'wd': 0.0, 'ws': 0.0, 'ws_scalar': 0.0}","{'gas': {'co': 13502, 'co2': 13264, 'no': 13590, 'no2': 13769, 'o3': 13749}, 'pm': {'pm1': 13212, 'pm10': 13214, 'pm25': 13213}}",5.96,26.84,26.46,1.24,8.79,1.51,535237642,42.0,MOD-00617,23.7,2025-11-06T14:21:37,2025-11-06T06:21:37,https://api.quant-aq.com/v1/devices/MOD-00617/data/535237485
1169.11,774.17,"{'lat': None, 'lon': None}","{'rh': 42.0, 'temp': 23.7, 'wd': 0.0, 'ws': 0.0, 'ws_scalar': 0.0}","{'gas': {'co': 13502, 'co2': 13264, 'no': 13590, 'no2': 13769, 'o3': 13749}, 'pm': {'pm1': 13212, 'pm10': 13214, 'pm25': 13213}}",5.96,27.31,25.9,1.25,4.55,1.57,535235424,42.0,MOD-00617,23.7,2025-11-06T14:20:37,2025-11-06T06:20:37,https://api.quant-aq.com/v1/devices/MOD-00617/data/535235267
1176.98,769.47,"{'lat': None, 'lon': None}","{'rh': 41.9, 'temp': 23.7, 'wd': 0.0, 'ws': 0.0, 'ws_scalar': 0.0}","{'gas': {'co': 13502, 'co2': 13264, 'no': 13590, 'no2': 13769, 'o3': 13749}, 'pm': {'pm1': 13212, 'pm10': 13214, 'pm25': 13213}}",5.95,27.55,25.64,1.33,1.84,1.56,535235426,41.9,MOD-00617,23.7,2025-11-06T14:19:37,2025-11-06T06:19:37,https://api.quant-aq.com/v1/devices/MOD-00617/data/535235269
1194.08,768.14,"{'lat': None, 'lon': None}","{'rh': 42.1, 'temp': 23.7, 'wd': 0.0, 'ws': 0.0, 'ws_scalar': 0.0}","{'gas': {'co': 13502, 'co2': 13264, 'no': 13590, 'no2': 13769, 'o3': 13749}, 'pm': {'pm1': 13212, 'pm10': 13214, 'pm25': 13213}}",5.99,26.83,26.44,1.42,1.72,1.63,535235425,42.1,MOD-00617,23.7,2025-11-06T14:18:37,2025-11-06T06:18:37,https://api.quant-aq.com/v1/devices/MOD-00617/data/535235268
1194.49,769.35,"{'lat': None, 'lon': None}","{'rh': 42.1, 'temp': 23.7, 'wd': 0.0, 'ws': 0.0, 'ws_scalar': 0.0}","{'gas': {'co': 13502, 'co2': 13264, 'no': 13590, 'no2': 13769, 'o3': 13749}, 'pm': {'pm1': 13212, 'pm10': 13214, 'pm25': 13213}}",5.99,27.54,26.44,1.51,2.74,1.7,535235427,42.1,MOD-00617,23.7,2025-11-06T14:17:37,2025-11-06T06:17:37,https://api.quant-aq.com/v1/devices/MOD-00617/data/535235270
1206.88,770.79,"{'lat': None, 'lon': None}","{'rh': 42.0, 'temp': 23.7, 'wd': 0.0, 'ws': 0.0, 'ws_scalar': 0.0}","{'gas': {'co': 13502, 'co2': 13264, 'no': 13590, 'no2': 13769, 'o3': 13749}, 'pm': {'pm1': 13212, 'pm10': 13214, 'pm25': 13213}}",5.97,27.78,25.9,1.5,1.72,1.72,535233229,42.0,MOD-00617,23.7,2025-11-06T14:16:37,2025-11-06T06:16:37,https://api.quant-aq.com/v1/devices/MOD-00617/data/535233073
1210.09,770.91,"{'lat': None, 'lon': None}","{'rh': 42.1, 'temp': 23.7, 'wd': 0.0, 'ws': 0.0, 'ws_scalar': 0.0}","{'gas': {'co': 13502, 'co2': 13264, 'no': 13590, 'no2': 13769, 'o3': 13749}, 'pm': {'pm1': 13212, 'pm10': 13214, 'pm25': 13213}}",5.99,28.02,26.44,1.33,2.91,1.56,535233230,42.1,MOD-00617,23.7,2025-11-06T14:15:37,2025-11-06T06:15:37,https://api.quant-aq.com/v1/devices/MOD-00617/data/535233072
1224.39,773.92,"{'lat': None, 'lon': None}","{'rh': 42.2, 'temp': 23.7, 'wd': 0.0, 'ws': 0.0, 'ws_scalar': 0.0}","{'gas': {'co': 13502, 'co2': 13264, 'no': 13590, 'no2': 13769, 'o3': 13749}, 'pm': {'pm1': 13212, 'pm10': 13214, 'pm25': 13213}}",6.03,27.07,26.69,1.74,2.54,1.91,535233228,42.2,MOD-00617,23.7,2025-11-06T14:14:37,2025-11-06T06:14:37,https://api.quant-aq.com/v1/devices/MOD-00617/data/535233071
1224.8,767.42,"{'lat': None, 'lon': None}","{'rh': 42.2, 'temp': 23.7, 'wd': 0.0, 'ws': 0.0, 'ws_scalar': 0.0}","{'gas': {'co': 13502, 'co2': 13264, 'no': 13590, 'no2': 13769, 'o3': 13749}, 'pm': {'pm1': 13212, 'pm10': 13214, 'pm25': 13213}}",6.02,28.25,26.69,1.65,4.05,1.92,535233227,42.2,MOD-00617,23.7,2025-11-06T14:13:37,2025-11-06T06:13:37,https://api.quant-aq.com/v1/devices/MOD-00617/data/535233070
1240.13,769.83,"{'lat': None, 'lon': None}","{'rh': 42.0, 'temp': 23.7, 'wd': 0.0, 'ws': 0.0, 'ws_scalar': 0.0}","{'gas': {'co': 13502, 'co2': 13264, 'no': 13590, 'no2': 13769, 'o3': 13749}, 'pm': {'pm1': 13212, 'pm10': 13214, 'pm25': 13213}}",5.97,28.02,25.61,1.8,2.13,2.09,535230926,42.0,MOD-00617,23.7,2025-11-06T14:12:37,2025-11-06T06:12:37,https://api.quant-aq.com/v1/devices/MOD-00617/data/535230769
1244.99,767.78,"{'lat': None, 'lon': None}","{'rh': 42.1, 'temp': 23.7, 'wd': 0.0, 'ws': 0.0, 'ws_scalar': 0.0}","{'gas': {'co': 13502, 'co2': 13264, 'no': 13590, 'no2': 13769, 'o3': 13749}, 'pm': {'pm1': 13212, 'pm10': 13214, 'pm25': 13213}}",5.99,28.25,26.44,1.68,12.78,1.89,535230924,42.1,MOD-00617,23.7,2025-11-06T14:11:37,2025-11-06T06:11:37,https://api.quant-aq.com/v1/devices/MOD-00617/data/535230767
1245.47,773.44,"{'lat': None, 'lon': None}","{'rh': 42.0, 'temp': 23.7, 'wd': 0.0, 'ws': 0.0, 'ws_scalar': 0.0}","{'gas': {'co': 13502, 'co2': 13264, 'no': 13590, 'no2': 13769, 'o3': 13749}, 'pm': {'pm1': 13212, 'pm10': 13214, 'pm25': 13213}}",5.97,27.78,25.33,1.36,4.48,1.58,535230927,42.0,MOD-00617,23.7,2025-11-06T14:10:37,2025-11-06T06:10:37,https://api.quant-aq.com/v1/devices/MOD-00617/data/535230770
1254.09,773.68,"{'lat': None, 'lon': None}","{'rh': 42.0, 'temp': 23.7, 'wd': 0.0, 'ws': 0.0, 'ws_scalar': 0.0}","{'gas': {'co': 13502, 'co2': 13264, 'no': 13590, 'no2': 13769, 'o3': 13749}, 'pm': {'pm1': 13212, 'pm10': 13214, 'pm25': 13213}}",5.98,28.5,25.05,1.24,3.56,1.53,535230925,42.0,MOD-00617,23.7,2025-11-06T14:09:37,2025-11-06T06:09:37,https://api.quant-aq.com/v1/devices/MOD-00617/data/535230768
1255.39,771.88,"{'lat': None, 'lon': None}","{'rh': 41.9, 'temp': 23.7, 'wd': 0.0, 'ws': 0.0, 'ws_scalar': 0.0}","{'gas': {'co': 13502, 'co2': 13264, 'no': 13590, 'no2': 13769, 'o3': 13749}, 'pm': {'pm1': 13212, 'pm10': 13214, 'pm25': 13213}}",5.95,28.03,25.36,1.08,3.55,1.42,535228671,41.9,MOD-00617,23.7,2025-11-06T14:08:37,2025-11-06T06:08:37,https://api.quant-aq.com/v1/devices/MOD-00617/data/535228514
1261.07,771.52,"{'lat': None, 'lon': None}","{'rh': 42.0, 'temp': 23.7, 'wd': 0.0, 'ws': 0.0, 'ws_scalar': 0.0}","{'gas': {'co': 13502, 'co2': 13264, 'no': 13590, 'no2': 13769, 'o3': 13749}, 'pm': {'pm1': 13212, 'pm10': 13214, 'pm25': 13213}}",5.97,27.78,25.61,1.3,3.59,1.5,535228670,42.0,MOD-00617,23.7,2025-11-06T14:07:37,2025-11-06T06:07:37,https://api.quant-aq.com/v1/devices/MOD-00617/data/535228513
1261.89,774.41,"{'lat': None, 'lon': None}","{'rh': 42.0, 'temp': 23.7, 'wd': 0.0, 'ws': 0.0, 'ws_scalar': 0.0}","{'gas': {'co': 13502, 'co2': 13264, 'no': 13590, 'no2': 13769, 'o3': 13749}, 'pm': {'pm1': 13212, 'pm10': 13214, 'pm25': 13213}}",5.97,26.6,25.61,1.11,1.66,1.35,535228672,42.0,MOD-00617,23.7,2025-11-06T14:06:37,2025-11-06T06:06:37,https://api.quant-aq.com/v1/devices/MOD-00617/data/535228515
1270.03,784.04,"{'lat': None, 'lon': None}","{'rh': 42.1, 'temp': 23.7, 'wd': 0.0, 'ws': 0.0, 'ws_scalar': 0.0}","{'gas': {'co': 13502, 'co2': 13264, 'no': 13590, 'no2': 13769, 'o3': 13749}, 'pm': {'pm1': 13212, 'pm10': 13214, 'pm25': 13213}}",6.0,27.31,25.58,1.57,3.08,2.04,535228673,42.1,MOD-00617,23.7,2025-11-06T14:05:37,2025-11-06T06:05:37,https://api.quant-aq.com/v1/devices/MOD-00617/data/535228516
1267.15,776.69,"{'lat': None, 'lon': None}","{'rh': 42.1, 'temp': 23.7, 'wd': 0.0, 'ws': 0.0, 'ws_scalar': 0.0}","{'gas': {'co': 13502, 'co2': 13264, 'no': 13590, 'no2': 13769, 'o3': 13749}, 'pm': {'pm1': 13212, 'pm10': 13214, 'pm25': 13213}}",6.0,27.78,25.3,1.36,3.62,1.69,535226525,42.1,MOD-00617,23.7,2025-11-06T14:04:37,2025-11-06T06:04:37,https://api.quant-aq.com/v1/devices/MOD-00617/data/535226368
1267.63,781.99,"{'lat': None, 'lon': None}","{'rh': 42.0, 'temp': 23.7, 'wd': 0.0, 'ws': 0.0, 'ws_scalar': 0.0}","{'gas': {'co': 13502, 'co2': 13264, 'no': 13590, 'no2': 13769, 'o3': 13749}, 'pm': {'pm1': 13212, 'pm10': 13214, 'pm25': 13213}}",5.98,27.55,25.05,1.36,3.62,1.75,535226523,42.0,MOD-00617,23.7,2025-11-06T14:03:37,2025-11-06T06:03:37,https://api.quant-aq.com/v1/devices/MOD-00617/data/535226366
1269.62,782.36,"{'lat': None, 'lon': None}","{'rh': 42.1, 'temp': 23.7, 'wd': 0.0, 'ws': 0.0, 'ws_scalar': 0.0}","{'gas': {'co': 13502, 'co2': 13264, 'no': 13590, 'no2': 13769, 'o3': 13749}, 'pm': {'pm1': 13212, 'pm10': 13214, 'pm25': 13213}}",6.0,27.31,25.58,1.95,3.36,2.35,535226526,42.1,MOD-00617,23.7,2025-11-06T14:02:37,2025-11-06T06:02:37,https://api.quant-aq.com/v1/devices/MOD-00617/data/535226369
1265.44,787.53,"{'lat': None, 'lon': None}","{'rh': 42.2, 'temp': 23.7, 'wd': 0.0, 'ws': 0.0, 'ws_scalar': 0.0}","{'gas': {'co': 13502, 'co2': 13264, 'no': 13590, 'no2': 13769, 'o3': 13749}, 'pm': {'pm1': 13212, 'pm10': 13214, 'pm25': 13213}}",6.02,26.83,25.27,1.77,2.7,2.09,535226524,42.2,MOD-00617,23.7,2025-11-06T14:01:37,2025-11-06T06:01:37,https://api.quant-aq.com/v1/devices/MOD-00617/data/535226367
1261.34,790.55,"{'lat': None, 'lon': None}","{'rh': 42.2, 'temp': 23.7, 'wd': 0.0, 'ws': 0.0, 'ws_scalar': 0.0}","{'gas': {'co': 13502, 'co2': 13264, 'no': 13590, 'no2': 13769, 'o3': 13749}, 'pm': {'pm1': 13212, 'pm10': 13214, 'pm25': 13213}}",6.03,27.54,25.84,1.85,7.8,2.09,535224321,42.2,MOD-00617,23.7,2025-11-06T14:00:37,2025-11-06T06:00:37,https://api.quant-aq.com/v1/devices/MOD-00617/data/535224164
1270.71,789.22,"{'lat': None, 'lon': None}","{'rh': 42.3, 'temp': 23.7, 'wd': 0.0, 'ws': 0.0, 'ws_scalar': 0.0}","{'gas': {'co': 13502, 'co2': 13264, 'no': 13590, 'no2': 13769, 'o3': 13749}, 'pm': {'pm1': 13212, 'pm10': 13214, 'pm25': 13213}}",6.06,27.3,24.96,1.44,2.37,1.72,535224318,42.3,MOD-00617,23.7,2025-11-06T13:59:37,2025-11-06T05:59:37,https://api.quant-aq.com/v1/devices/MOD-00617/data/535224162
1268.65,791.99,"{'lat': None, 'lon': None}","{'rh': 42.3, 'temp': 23.7, 'wd': 0.0, 'ws': 0.0, 'ws_scalar': 0.0}","{'gas': {'co': 13502, 'co2': 13264, 'no': 13590, 'no2': 13769, 'o3': 13749}, 'pm': {'pm1': 13212, 'pm10': 13214, 'pm25': 13213}}",6.07,27.06,24.96,1.44,2.16,1.64,535224320,42.3,MOD-00617,23.7,2025-11-06T13:58:37,2025-11-06T05:58:37,https://api.quant-aq.com/v1/devices/MOD-00617/data/535224163
1264.55,792.11,"{'lat': None, 'lon': None}","{'rh': 42.3, 'temp': 23.7, 'wd': 0.0, 'ws': 0.0, 'ws_scalar': 0.0}","{'gas': {'co': 13502, 'co2': 13264, 'no': 13590, 'no2': 13769, 'o3': 13749}, 'pm': {'pm1': 13212, 'pm10': 13214, 'pm25': 13213}}",6.06,27.3,24.96,1.58,2.22,1.64,535224319,42.3,MOD-00617,23.7,2025-11-06T13:57:37,2025-11-06T05:57:37,https://api.quant-aq.com/v1/devices/MOD-00617/data/535224161
1259.21,795.73,"{'lat': None, 'lon': None}","{'rh': 42.3, 'temp': 23.7, 'wd': 0.0, 'ws': 0.0, 'ws_scalar': 0.0}","{'gas': {'co': 13502, 'co2': 13264, 'no': 13590, 'no2': 13769, 'o3': 13749}, 'pm': {'pm1': 13212, 'pm10': 13214, 'pm25': 13213}}",6.06,26.82,25.24,1.78,2.54,1.96,535222074,42.3,MOD-00617,23.7,2025-11-06T13:56:37,2025-11-06T05:56:37,https://api.quant-aq.com/v1/devices/MOD-00617/data/535221922
1256.27,800.3,"{'lat': None, 'lon': None}","{'rh': 42.4, 'temp': 23.7, 'wd': 0.0, 'ws': 0.0, 'ws_scalar': 0.0}","{'gas': {'co': 13502, 'co2': 13264, 'no': 13590, 'no2': 13769, 'o3': 13749}, 'pm': {'pm1': 13212, 'pm10': 13214, 'pm25': 13213}}",6.1,26.54,24.36,1.8,2.67,2.07,535222078,42.4,MOD-00617,23.7,2025-11-06T13:55:37,2025-11-06T05:55:37,https://api.quant-aq.com/v1/devices/MOD-00617/data/535221921
1254.55,804.4,"{'lat': None, 'lon': None}","{'rh': 42.5, 'temp': 23.7, 'wd': 0.0, 'ws': 0.0, 'ws_scalar': 0.0}","{'gas': {'co': 13502, 'co2': 13264, 'no': 13590, 'no2': 13769, 'o3': 13749}, 'pm': {'pm1': 13212, 'pm10': 13214, 'pm25': 13213}}",6.1,26.52,24.9,2.02,2.55,2.21,535222080,42.5,MOD-00617,23.7,2025-11-06T13:54:37,2025-11-06T05:54:37,https://api.quant-aq.com/v1/devices/MOD-00617/data/535221924
1255.79,807.77,"{'lat': None, 'lon': None}","{'rh': 42.5, 'temp': 23.7, 'wd': 0.0, 'ws': 0.0, 'ws_scalar': 0.0}","{'gas': {'co': 13502, 'co2': 13264, 'no': 13590, 'no2': 13769, 'o3': 13749}, 'pm': {'pm1': 13212, 'pm10': 13214, 'pm25': 13213}}",6.12,27.29,24.62,1.83,2.08,1.9,535222076,42.5,MOD-00617,23.7,2025-11-06T13:53:37,2025-11-06T05:53:37,https://api.quant-aq.com/v1/devices/MOD-00617/data/535221923
1257.7,815.72,"{'lat': None, 'lon': None}","{'rh': 42.7, 'temp': 23.7, 'wd': 0.0, 'ws': 0.0, 'ws_scalar': 0.0}","{'gas': {'co': 13502, 'co2': 13264, 'no': 13590, 'no2': 13769, 'o3': 13749}, 'pm': {'pm1': 13212, 'pm10': 13214, 'pm25': 13213}}",6.18,27.28,24.84,2.33,3.13,2.42,535219883,42.7,MOD-00617,23.7,2025-11-06T13:52:37,2025-11-06T05:52:37,https://api.quant-aq.com/v1/devices/MOD-00617/data/535219726
1262.28,818.37,"{'lat': None, 'lon': None}","{'rh': 42.6, 'temp': 23.7, 'wd': 0.0, 'ws': 0.0, 'ws_scalar': 0.0}","{'gas': {'co': 13502, 'co2': 13264, 'no': 13590, 'no2': 13769, 'o3': 13749}, 'pm': {'pm1': 13212, 'pm10': 13214, 'pm25': 13213}}",6.16,26.67,24.59,1.9,2.25,2.03,535219881,42.6,MOD-00617,23.7,2025-11-06T13:51:37,2025-11-06T05:51:37,https://api.quant-aq.com/v1/devices/MOD-00617/data/535219724
1264.05,828.61,"{'lat': None, 'lon': None}","{'rh': 43.0, 'temp': 23.7, 'wd': 0.0, 'ws': 0.0, 'ws_scalar': 0.0}","{'gas': {'co': 13502, 'co2': 13264, 'no': 13590, 'no2': 13769, 'o3': 13749}, 'pm': {'pm1': 13212, 'pm10': 13214, 'pm25': 13213}}",6.31,26.09,25.04,2.67,8.41,2.76,535219882,43.0,MOD-00617,23.7,2025-11-06T13:50:37,2025-11-06T05:50:37,https://api.quant-aq.com/v1/devices/MOD-00617/data/535219725
1253.65,825.72,"{'lat': None, 'lon': None}","{'rh': 43.2, 'temp': 23.7, 'wd': 0.0, 'ws': 0.0, 'ws_scalar': 0.0}","{'gas': {'co': 13502, 'co2': 13264, 'no': 13590, 'no2': 13769, 'o3': 13749}, 'pm': {'pm1': 13212, 'pm10': 13214, 'pm25': 13213}}",6.36,26.8,25.27,2.97,3.52,3.16,535219880,43.2,MOD-00617,23.7,2025-11-06T13:49:37,2025-11-06T05:49:37,https://api.quant-aq.com/v1/devices/MOD-00617/data/535219723
1256.11,821.26,"{'lat': None, 'lon': None}","{'rh': 43.2, 'temp': 23.7, 'wd': 0.0, 'ws': 0.0, 'ws_scalar': 0.0}","{'gas': {'co': 13502, 'co2': 13264, 'no': 13590, 'no2': 13769, 'o3': 13749}, 'pm': {'pm1': 13212, 'pm10': 13214, 'pm25': 13213}}",6.26,26.82,24.7,2.89,4.72,2.92,535217678,43.2,MOD-00617,23.7,2025-11-06T13:48:37,2025-11-06T05:48:37,https://api.quant-aq.com/v1/devices/MOD-00617/data/535217521
1258.71,823.43,"{'lat': None, 'lon': None}","{'rh': 43.0, 'temp': 23.7, 'wd': 0.0, 'ws': 0.0, 'ws_scalar': 0.0}","{'gas': {'co': 13502, 'co2': 13264, 'no': 13590, 'no2': 13769, 'o3': 13749}, 'pm': {'pm1': 13212, 'pm10': 13214, 'pm25': 13213}}",6.27,18.78,25.33,2.41,13.07,2.57,535217674,43.0,MOD-00617,23.7,2025-11-06T13:47:37,2025-11-06T05:47:37,https://api.quant-aq.com/v1/devices/MOD-00617/data/535217518
1252.97,825.11,"{'lat': None, 'lon': None}","{'rh': 43.0, 'temp': 23.7, 'wd': 0.0, 'ws': 0.0, 'ws_scalar': 0.0}","{'gas': {'co': 13502, 'co2': 13264, 'no': 13590, 'no2': 13769, 'o3': 13749}, 'pm': {'pm1': 13212, 'pm10': 13214, 'pm25': 13213}}",6.23,26.09,25.33,1.8,4.42,1.91,535217677,43.0,MOD-00617,23.7,2025-11-06T13:46:37,2025-11-06T05:46:37,https://api.quant-aq.com/v1/devices/MOD-00617/data/535217519
1259.2,823.07,"{'lat': None, 'lon': None}","{'rh': 42.9, 'temp': 23.7, 'wd': 0.0, 'ws': 0.0, 'ws_scalar': 0.0}","{'gas': {'co': 13502, 'co2': 13264, 'no': 13590, 'no2': 13769, 'o3': 13749}, 'pm': {'pm1': 13212, 'pm10': 13214, 'pm25': 13213}}",6.23,26.91,24.78,1.36,8.8,1.59,535217679,42.9,MOD-00617,23.7,2025-11-06T13:45:37,2025-11-06T05:45:37,https://api.quant-aq.com/v1/devices/MOD-00617/data/535217522
1267.41,825.84,"{'lat': None, 'lon': None}","{'rh': 42.9, 'temp': 23.7, 'wd': 0.0, 'ws': 0.0, 'ws_scalar': 0.0}","{'gas': {'co': 13502, 'co2': 13264, 'no': 13590, 'no2': 13769, 'o3': 13749}, 'pm': {'pm1': 13212, 'pm10': 13214, 'pm25': 13213}}",6.24,26.54,24.78,1.36,1.52,1.52,535215470,42.9,MOD-00617,23.7,2025-11-06T13:44:37,2025-11-06T05:44:37,https://api.quant-aq.com/v1/devices/MOD-00617/data/535215313
1264.6,823.19,"{'lat': None, 'lon': None}","{'rh': 42.8, 'temp': 23.7, 'wd': 0.0, 'ws': 0.0, 'ws_scalar': 0.0}","{'gas': {'co': 13502, 'co2': 13264, 'no': 13590, 'no2': 13769, 'o3': 13749}, 'pm': {'pm1': 13212, 'pm10': 13214, 'pm25': 13213}}",6.25,26.59,24.24,0.88,1.53,1.03,535215472,42.8,MOD-00617,23.7,2025-11-06T13:43:37,2025-11-06T05:43:37,https://api.quant-aq.com/v1/devices/MOD-00617/data/535215314
1272.81,825.72,"{'lat': None, 'lon': None}","{'rh': 42.8, 'temp': 23.7, 'wd': 0.0, 'ws': 0.0, 'ws_scalar': 0.0}","{'gas': {'co': 13502, 'co2': 13264, 'no': 13590, 'no2': 13769, 'o3': 13749}, 'pm': {'pm1': 13212, 'pm10': 13214, 'pm25': 13213}}",6.22,26.68,23.96,0.7,1.16,0.86,535215469,42.8,MOD-00617,23.7,2025-11-06T13:42:37,2025-11-06T05:42:37,https://api.quant-aq.com/v1/devices/MOD-00617/data/535215312
1273.56,826.8,"{'lat': None, 'lon': None}","{'rh': 42.9, 'temp': 23.7, 'wd': 0.0, 'ws': 0.0, 'ws_scalar': 0.0}","{'gas': {'co': 13502, 'co2': 13264, 'no': 13590, 'no2': 13769, 'o3': 13749}, 'pm': {'pm1': 13212, 'pm10': 13214, 'pm25': 13213}}",6.26,26.02,24.78,1.02,1.47,1.15,535215471,42.9,MOD-00617,23.7,2025-11-06T13:41:37,2025-11-06T05:41:37,https://api.quant-aq.com/v1/devices/MOD-00617/data/535215315
1275.21,828.97,"{'lat': None, 'lon': None}","{'rh': 42.9, 'temp': 23.7, 'wd': 0.0, 'ws': 0.0, 'ws_scalar': 0.0}","{'gas': {'co': 13502, 'co2': 13264, 'no': 13590, 'no2': 13769, 'o3': 13749}, 'pm': {'pm1': 13212, 'pm10': 13214, 'pm25': 13213}}",6.23,26.23,25.07,0.73,0.91,0.87,535215468,42.9,MOD-00617,23.7,2025-11-06T13:40:37,2025-11-06T05:40:37,https://api.quant-aq.com/v1/devices/MOD-00617/data/535215311
1272.4,825.72,"{'lat': None, 'lon': None}","{'rh': 42.8, 'temp': 23.7, 'wd': 0.0, 'ws': 0.0, 'ws_scalar': 0.0}","{'gas': {'co': 13502, 'co2': 13264, 'no': 13590, 'no2': 13769, 'o3': 13749}, 'pm': {'pm1': 13212, 'pm10': 13214, 'pm25': 13213}}",6.2,26.04,24.24,0.82,1.31,0.94,535212711,42.8,MOD-00617,23.7,2025-11-06T13:39:37,2025-11-06T05:39:37,https://api.quant-aq.com/v1/devices/MOD-00617/data/535212554
1274.05,824.99,"{'lat': None, 'lon': None}","{'rh': 42.8, 'temp': 23.7, 'wd': 0.0, 'ws': 0.0, 'ws_scalar': 0.0}","{'gas': {'co': 13502, 'co2': 13264, 'no': 13590, 'no2': 13769, 'o3': 13749}, 'pm': {'pm1': 13212, 'pm10': 13214, 'pm25': 13213}}",6.23,26.68,24.81,0.9,2.94,1.06,535212708,42.8,MOD-00617,23.7,2025-11-06T13:38:37,2025-11-06T05:38:37,https://api.quant-aq.com/v1/devices/MOD-00617/data/535212551
1281.02,828.97,"{'lat': None, 'lon': None}","{'rh': 42.8, 'temp': 23.7, 'wd': 0.0, 'ws': 0.0, 'ws_scalar': 0.0}","{'gas': {'co': 13502, 'co2': 13264, 'no': 13590, 'no2': 13769, 'o3': 13749}, 'pm': {'pm1': 13212, 'pm10': 13214, 'pm25': 13213}}",6.23,26.04,24.24,0.96,3.78,1.11,535212709,42.8,MOD-00617,23.7,2025-11-06T13:37:37,2025-11-06T05:37:37,https://api.quant-aq.com/v1/devices/MOD-00617/data/535212552
1277.67,824.87,"{'lat': None, 'lon': None}","{'rh': 42.9, 'temp': 23.7, 'wd': 0.0, 'ws': 0.0, 'ws_scalar': 0.0}","{'gas': {'co': 13502, 'co2': 13264, 'no': 13590, 'no2': 13769, 'o3': 13749}, 'pm': {'pm1': 13212, 'pm10': 13214, 'pm25': 13213}}",6.23,26.23,24.78,0.99,2.38,1.11,535212707,42.9,MOD-00617,23.7,2025-11-06T13:36:37,2025-11-06T05:36:37,https://api.quant-aq.com/v1/devices/MOD-00617/data/535212550
1282.6,829.81,"{'lat': None, 'lon': None}","{'rh': 42.9, 'temp': 23.7, 'wd': 0.0, 'ws': 0.0, 'ws_scalar': 0.0}","{'gas': {'co': 13502, 'co2': 13264, 'no': 13590, 'no2': 13769, 'o3': 13749}, 'pm': {'pm1': 13212, 'pm10': 13214, 'pm25': 13213}}",6.24,16.65,24.78,0.71,1.0,0.8,535212706,42.9,MOD-00617,23.7,2025-11-06T13:35:37,2025-11-06T05:35:37,https://api.quant-aq.com/v1/devices/MOD-00617/data/535212549
1278.56,825.72,"{'lat': None, 'lon': None}","{'rh': 42.8, 'temp': 23.7, 'wd': 0.0, 'ws': 0.0, 'ws_scalar': 0.0}","{'gas': {'co': 13502, 'co2': 13264, 'no': 13590, 'no2': 13769, 'o3': 13749}, 'pm': {'pm1': 13212, 'pm10': 13214, 'pm25': 13213}}",6.22,26.25,23.96,0.87,3.22,1.11,535209991,42.8,MOD-00617,23.7,2025-11-06T13:34:37,2025-11-06T05:34:37,https://api.quant-aq.com/v1/devices/MOD-00617/data/535209834
1284.24,825.11,"{'lat': None, 'lon': None}","{'rh': 42.9, 'temp': 23.7, 'wd': 0.0, 'ws': 0.0, 'ws_scalar': 0.0}","{'gas': {'co': 13502, 'co2': 13264, 'no': 13590, 'no2': 13769, 'o3': 13749}, 'pm': {'pm1': 13212, 'pm10': 13214, 'pm25': 13213}}",6.21,26.02,24.5,0.66,12.75,0.94,535209989,42.9,MOD-00617,23.7,2025-11-06T13:33:37,2025-11-06T05:33:37,https://api.quant-aq.com/v1/devices/MOD-00617/data/535209832
1289.64,829.81,"{'lat': None, 'lon': None}","{'rh': 42.8, 'temp': 23.7, 'wd': 0.0, 'ws': 0.0, 'ws_scalar': 0.0}","{'gas': {'co': 13502, 'co2': 13264, 'no': 13590, 'no2': 13769, 'o3': 13749}, 'pm': {'pm1': 13212, 'pm10': 13214, 'pm25': 13213}}",6.2,16.02,24.81,0.65,1.25,0.86,535209990,42.8,MOD-00617,23.7,2025-11-06T13:32:37,2025-11-06T05:32:37,https://api.quant-aq.com/v1/devices/MOD-00617/data/535209833
1290.47,823.55,"{'lat': None, 'lon': None}","{'rh': 42.8, 'temp': 23.7, 'wd': 0.0, 'ws': 0.0, 'ws_scalar': 0.0}","{'gas': {'co': 13502, 'co2': 13264, 'no': 13590, 'no2': 13769, 'o3': 13749}, 'pm': {'pm1': 13212, 'pm10': 13214, 'pm25': 13213}}",6.22,25.8,24.81,0.79,1.47,0.98,535209987,42.8,MOD-00617,23.7,2025-11-06T13:31:37,2025-11-06T05:31:37,https://api.quant-aq.com/v1/devices/MOD-00617/data/535209831
1293.0,819.81,"{'lat': None, 'lon': None}","{'rh': 42.7, 'temp': 23.7, 'wd': 0.0, 'ws': 0.0, 'ws_scalar': 0.0}","{'gas': {'co': 13502, 'co2': 13264, 'no': 13590, 'no2': 13769, 'o3': 13749}, 'pm': {'pm1': 13212, 'pm10': 13214, 'pm25': 13213}}",6.18,15.94,24.27,0.61,0.82,0.82,535209985,42.7,MOD-00617,23.7,2025-11-06T13:30:37,2025-11-06T05:30:37,https://api.quant-aq.com/v1/devices/MOD-00617/data/535209830
1306.48,821.5,"{'lat': None, 'lon': None}","{'rh': 42.8, 'temp': 23.7, 'wd': 0.0, 'ws': 0.0, 'ws_scalar': 0.0}","{'gas': {'co': 13502, 'co2': 13264, 'no': 13590, 'no2': 13769, 'o3': 13749}, 'pm': {'pm1': 13212, 'pm10': 13214, 'pm25': 13213}}",6.18,15.34,23.96,0.69,1.64,0.85,535207214,42.8,MOD-00617,23.7,2025-11-06T13:29:37,2025-11-06T05:29:37,https://api.quant-aq.com/v1/devices/MOD-00617/data/535207057
1308.05,822.71,"{'lat': None, 'lon': None}","{'rh': 42.9, 'temp': 23.7, 'wd': 0.0, 'ws': 0.0, 'ws_scalar': 0.0}","{'gas': {'co': 13502, 'co2': 13264, 'no': 13590, 'no2': 13769, 'o3': 13749}, 'pm': {'pm1': 13212, 'pm10': 13214, 'pm25': 13213}}",6.23,26.02,24.78,0.46,16.25,0.58,535207211,42.9,MOD-00617,23.7,2025-11-06T13:28:37,2025-11-06T05:28:37,https://api.quant-aq.com/v1/devices/MOD-00617/data/535207055
1305.24,816.08,"{'lat': None, 'lon': None}","{'rh': 42.8, 'temp': 23.7, 'wd': 0.0, 'ws': 0.0, 'ws_scalar': 0.0}","{'gas': {'co': 13502, 'co2': 13264, 'no': 13590, 'no2': 13769, 'o3': 13749}, 'pm': {'pm1': 13212, 'pm10': 13214, 'pm25': 13213}}",6.2,14.59,24.24,0.59,3.23,0.73,535207210,42.8,MOD-00617,23.7,2025-11-06T13:27:37,2025-11-06T05:27:37,https://api.quant-aq.com/v1/devices/MOD-00617/data/535207054
1309.35,822.58,"{'lat': None, 'lon': None}","{'rh': 42.8, 'temp': 23.7, 'wd': 0.0, 'ws': 0.0, 'ws_scalar': 0.0}","{'gas': {'co': 13502, 'co2': 13264, 'no': 13590, 'no2': 13769, 'o3': 13749}, 'pm': {'pm1': 13212, 'pm10': 13214, 'pm25': 13213}}",6.2,13.88,23.96,0.72,0.88,0.88,535207213,42.8,MOD-00617,23.7,2025-11-06T13:26:37,2025-11-06T05:26:37,https://api.quant-aq.com/v1/devices/MOD-00617/data/535207056
1319.61,825.72,"{'lat': None, 'lon': None}","{'rh': 42.8, 'temp': 23.7, 'wd': 0.0, 'ws': 0.0, 'ws_scalar': 0.0}","{'gas': {'co': 13502, 'co2': 13264, 'no': 13590, 'no2': 13769, 'o3': 13749}, 'pm': {'pm1': 13212, 'pm10': 13214, 'pm25': 13213}}",6.19,25.8,23.67,0.79,1.59,0.99,535205001,42.8,MOD-00617,23.7,2025-11-06T13:25:37,2025-11-06T05:25:37,https://api.quant-aq.com/v1/devices/MOD-00617/data/535204845
1322.49,822.22,"{'lat': None, 'lon': None}","{'rh': 42.8, 'temp': 23.7, 'wd': 0.0, 'ws': 0.0, 'ws_scalar': 0.0}","{'gas': {'co': 13502, 'co2': 13264, 'no': 13590, 'no2': 13769, 'o3': 13749}, 'pm': {'pm1': 13212, 'pm10': 13214, 'pm25': 13213}}",6.19,12.73,24.81,0.55,0.97,0.74,535205000,42.8,MOD-00617,23.7,2025-11-06T13:24:37,2025-11-06T05:24:37,https://api.quant-aq.com/v1/devices/MOD-00617/data/535204843
1330.62,824.27,"{'lat': None, 'lon': None}","{'rh': 42.9, 'temp': 23.7, 'wd': 0.0, 'ws': 0.0, 'ws_scalar': 0.0}","{'gas': {'co': 13502, 'co2': 13264, 'no': 13590, 'no2': 13769, 'o3': 13749}, 'pm': {'pm1': 13212, 'pm10': 13214, 'pm25': 13213}}",6.23,15.44,24.21,0.61,1.34,0.8,535204998,42.9,MOD-00617,23.7,2025-11-06T13:23:37,2025-11-06T05:23:37,https://api.quant-aq.com/v1/devices/MOD-00617/data/535204841
1331.86,827.64,"{'lat': None, 'lon': None}","{'rh': 42.9, 'temp': 23.7, 'wd': 0.0, 'ws': 0.0, 'ws_scalar': 0.0}","{'gas': {'co': 13502, 'co2': 13264, 'no': 13590, 'no2': 13769, 'o3': 13749}, 'pm': {'pm1': 13212, 'pm10': 13214, 'pm25': 13213}}",6.2,13.35,24.5,0.57,2.97,0.81,535204999,42.9,MOD-00617,23.7,2025-11-06T13:22:37,2025-11-06T05:22:37,https://api.quant-aq.com/v1/devices/MOD-00617/data/535204842
1346.22,823.07,"{'lat': None, 'lon': None}","{'rh': 42.9, 'temp': 23.7, 'wd': 0.0, 'ws': 0.0, 'ws_scalar': 0.0}","{'gas': {'co': 13502, 'co2': 13264, 'no': 13590, 'no2': 13769, 'o3': 13749}, 'pm': {'pm1': 13212, 'pm10': 13214, 'pm25': 13213}}",6.21,13.87,24.21,0.58,11.58,0.8,535204997,42.9,MOD-00617,23.7,2025-11-06T13:21:37,2025-11-06T05:21:37,https://api.quant-aq.com/v1/devices/MOD-00617/data/535204840
1353.61,825.72,"{'lat': None, 'lon': None}","{'rh': 42.9, 'temp': 23.7, 'wd': 0.0, 'ws': 0.0, 'ws_scalar': 0.0}","{'gas': {'co': 13502, 'co2': 13264, 'no': 13590, 'no2': 13769, 'o3': 13749}, 'pm': {'pm1': 13212, 'pm10': 13214, 'pm25': 13213}}",6.2,13.96,24.5,0.45,1.59,0.56,535202253,42.9,MOD-00617,23.7,2025-11-06T13:20:37,2025-11-06T05:20:37,https://api.quant-aq.com/v1/devices/MOD-00617/data/535202096
1357.72,822.95,"{'lat': None, 'lon': None}","{'rh': 42.9, 'temp': 23.7, 'wd': 0.0, 'ws': 0.0, 'ws_scalar': 0.0}","{'gas': {'co': 13502, 'co2': 13264, 'no': 13590, 'no2': 13769, 'o3': 13749}, 'pm': {'pm1': 13212, 'pm10': 13214, 'pm25': 13213}}",6.21,13.96,23.93,0.56,0.78,0.73,535202251,42.9,MOD-00617,23.7,2025-11-06T13:19:37,2025-11-06T05:19:37,https://api.quant-aq.com/v1/devices/MOD-00617/data/535202094
1361.41,821.98,"{'lat': None, 'lon': None}","{'rh': 42.9, 'temp': 23.7, 'wd': 0.0, 'ws': 0.0, 'ws_scalar': 0.0}","{'gas': {'co': 13502, 'co2': 13264, 'no': 13590, 'no2': 13769, 'o3': 13749}, 'pm': {'pm1': 13212, 'pm10': 13214, 'pm25': 13213}}",6.24,12.8,24.5,0.59,11.23,0.68,535202249,42.9,MOD-00617,23.7,2025-11-06T13:18:37,2025-11-06T05:18:37,https://api.quant-aq.com/v1/devices/MOD-00617/data/535202092
1369.62,822.46,"{'lat': None, 'lon': None}","{'rh': 42.9, 'temp': 23.7, 'wd': 0.0, 'ws': 0.0, 'ws_scalar': 0.0}","{'gas': {'co': 13502, 'co2': 13264, 'no': 13590, 'no2': 13769, 'o3': 13749}, 'pm': {'pm1': 13212, 'pm10': 13214, 'pm25': 13213}}",6.17,13.33,24.21,0.42,1.37,0.6,535202252,42.9,MOD-00617,23.7,2025-11-06T13:17:37,2025-11-06T05:17:37,https://api.quant-aq.com/v1/devices/MOD-00617/data/535202095
1376.6,819.09,"{'lat': None, 'lon': None}","{'rh': 42.9, 'temp': 23.7, 'wd': 0.0, 'ws': 0.0, 'ws_scalar': 0.0}","{'gas': {'co': 13502, 'co2': 13264, 'no': 13590, 'no2': 13769, 'o3': 13749}, 'pm': {'pm1': 13212, 'pm10': 13214, 'pm25': 13213}}",6.2,12.8,23.93,0.47,2.42,0.57,535202250,42.9,MOD-00617,23.7,2025-11-06T13:16:37,2025-11-06T05:16:37,https://api.quant-aq.com/v1/devices/MOD-00617/data/535202093
1379.89,822.1,"{'lat': None, 'lon': None}","{'rh': 42.9, 'temp': 23.7, 'wd': 0.0, 'ws': 0.0, 'ws_scalar': 0.0}","{'gas': {'co': 13502, 'co2': 13264, 'no': 13590, 'no2': 13769, 'o3': 13749}, 'pm': {'pm1': 13212, 'pm10': 13214, 'pm25': 13213}}",6.21,13.87,23.93,0.79,2.11,0.88,535199499,42.9,MOD-00617,23.7,2025-11-06T13:15:37,2025-11-06T05:15:37,https://api.quant-aq.com/v1/devices/MOD-00617/data/535199342
1392.95,825.48,"{'lat': None, 'lon': None}","{'rh': 43.0, 'temp': 23.7, 'wd': 0.0, 'ws': 0.0, 'ws_scalar': 0.0}","{'gas': {'co': 13502, 'co2': 13264, 'no': 13590, 'no2': 13769, 'o3': 13749}, 'pm': {'pm1': 13212, 'pm10': 13214, 'pm25': 13213}}",6.23,14.17,24.18,0.4,0.71,0.48,535199496,43.0,MOD-00617,23.7,2025-11-06T13:14:37,2025-11-06T05:14:37,https://api.quant-aq.com/v1/devices/MOD-00617/data/535199340
1406.43,826.92,"{'lat': None, 'lon': None}","{'rh': 43.1, 'temp': 23.7, 'wd': 0.0, 'ws': 0.0, 'ws_scalar': 0.0}","{'gas': {'co': 13502, 'co2': 13264, 'no': 13590, 'no2': 13769, 'o3': 13749}, 'pm': {'pm1': 13212, 'pm10': 13214, 'pm25': 13213}}",6.21,14.5,24.44,0.54,1.58,0.59,535199498,43.1,MOD-00617,23.7,2025-11-06T13:13:37,2025-11-06T05:13:37,https://api.quant-aq.com/v1/devices/MOD-00617/data/535199341
1400.68,827.64,"{'lat': None, 'lon': None}","{'rh': 43.1, 'temp': 23.7, 'wd': 0.0, 'ws': 0.0, 'ws_scalar': 0.0}","{'gas': {'co': 13502, 'co2': 13264, 'no': 13590, 'no2': 13769, 'o3': 13749}, 'pm': {'pm1': 13212, 'pm10': 13214, 'pm25': 13213}}",6.21,11.36,24.44,0.28,7.3,0.32,535199497,43.1,MOD-00617,23.7,2025-11-06T13:12:37,2025-11-06T05:12:37,https://api.quant-aq.com/v1/devices/MOD-00617/data/535199339
1411.76,824.27,"{'lat': None, 'lon': None}","{'rh': 43.1, 'temp': 23.7, 'wd': 0.0, 'ws': 0.0, 'ws_scalar': 0.0}","{'gas': {'co': 13502, 'co2': 13264, 'no': 13590, 'no2': 13769, 'o3': 13749}, 'pm': {'pm1': 13212, 'pm10': 13214, 'pm25': 13213}}",6.15,14.5,24.44,0.36,0.45,0.45,535199500,43.1,MOD-00617,23.7,2025-11-06T13:11:37,2025-11-06T05:11:37,https://api.quant-aq.com/v1/devices/MOD-00617/data/535199343
1414.23,821.26,"{'lat': None, 'lon': None}","{'rh': 43.1, 'temp': 23.7, 'wd': 0.0, 'ws': 0.0, 'ws_scalar': 0.0}","{'gas': {'co': 13502, 'co2': 13264, 'no': 13590, 'no2': 13769, 'o3': 13749}, 'pm': {'pm1': 13212, 'pm10': 13214, 'pm25': 13213}}",6.21,15.31,23.87,0.5,0.51,0.51,535196773,43.1,MOD-00617,23.7,2025-11-06T13:10:37,2025-11-06T05:10:37,https://api.quant-aq.com/v1/devices/MOD-00617/data/535196616
1417.51,825.96,"{'lat': None, 'lon': None}","{'rh': 43.1, 'temp': 23.7, 'wd': 0.0, 'ws': 0.0, 'ws_scalar': 0.0}","{'gas': {'co': 13502, 'co2': 13264, 'no': 13590, 'no2': 13769, 'o3': 13749}, 'pm': {'pm1': 13212, 'pm10': 13214, 'pm25': 13213}}",6.25,11.82,24.16,0.33,2.15,0.35,535196771,43.1,MOD-00617,23.7,2025-11-06T13:09:37,2025-11-06T05:09:37,https://api.quant-aq.com/v1/devices/MOD-00617/data/535196614
1429.42,827.28,"{'lat': None, 'lon': None}","{'rh': 43.1, 'temp': 23.7, 'wd': 0.0, 'ws': 0.0, 'ws_scalar': 0.0}","{'gas': {'co': 13502, 'co2': 13264, 'no': 13590, 'no2': 13769, 'o3': 13749}, 'pm': {'pm1': 13212, 'pm10': 13214, 'pm25': 13213}}",6.21,15.31,24.44,0.37,0.39,0.39,535196775,43.1,MOD-00617,23.7,2025-11-06T13:08:37,2025-11-06T05:08:37,https://api.quant-aq.com/v1/devices/MOD-00617/data/535196618
1430.24,822.1,"{'lat': None, 'lon': None}","{'rh': 43.1, 'temp': 23.7, 'wd': 0.0, 'ws': 0.0, 'ws_scalar': 0.0}","{'gas': {'co': 13502, 'co2': 13264, 'no': 13590, 'no2': 13769, 'o3': 13749}, 'pm': {'pm1': 13212, 'pm10': 13214, 'pm25': 13213}}",6.21,11.82,24.16,0.37,0.88,0.38,535196772,43.1,MOD-00617,23.7,2025-11-06T13:07:37,2025-11-06T05:07:37,https://api.quant-aq.com/v1/devices/MOD-00617/data/535196615
1436.8,821.26,"{'lat': None, 'lon': None}","{'rh': 43.1, 'temp': 23.7, 'wd': 0.0, 'ws': 0.0, 'ws_scalar': 0.0}","{'gas': {'co': 13502, 'co2': 13264, 'no': 13590, 'no2': 13769, 'o3': 13749}, 'pm': {'pm1': 13212, 'pm10': 13214, 'pm25': 13213}}",6.25,11.82,24.73,0.2,0.73,0.21,535196774,43.1,MOD-00617,23.7,2025-11-06T13:06:37,2025-11-06T05:06:37,https://api.quant-aq.com/v1/devices/MOD-00617/data/535196617
1442.55,825.35,"{'lat': None, 'lon': None}","{'rh': 43.1, 'temp': 23.7, 'wd': 0.0, 'ws': 0.0, 'ws_scalar': 0.0}","{'gas': {'co': 13502, 'co2': 13264, 'no': 13590, 'no2': 13769, 'o3': 13749}, 'pm': {'pm1': 13212, 'pm10': 13214, 'pm25': 13213}}",6.21,11.82,23.87,0.23,0.29,0.29,535193979,43.1,MOD-00617,23.7,2025-11-06T13:05:37,2025-11-06T05:05:37,https://api.quant-aq.com/v1/devices/MOD-00617/data/535193823
1440.84,827.76,"{'lat': None, 'lon': None}","{'rh': 43.2, 'temp': 23.7, 'wd': 0.0, 'ws': 0.0, 'ws_scalar': 0.0}","{'gas': {'co': 13502, 'co2': 13264, 'no': 13590, 'no2': 13769, 'o3': 13749}, 'pm': {'pm1': 13212, 'pm10': 13214, 'pm25': 13213}}",6.24,13.66,24.13,0.39,1.17,0.47,535193982,43.2,MOD-00617,23.7,2025-11-06T13:04:37,2025-11-06T05:04:37,https://api.quant-aq.com/v1/devices/MOD-00617/data/535193825
1442.89,829.57,"{'lat': None, 'lon': None}","{'rh': 43.2, 'temp': 23.7, 'wd': 0.0, 'ws': 0.0, 'ws_scalar': 0.0}","{'gas': {'co': 13502, 'co2': 13264, 'no': 13590, 'no2': 13769, 'o3': 13749}, 'pm': {'pm1': 13212, 'pm10': 13214, 'pm25': 13213}}",6.21,13.66,24.13,0.38,0.67,0.44,535193980,43.2,MOD-00617,23.7,2025-11-06T13:03:37,2025-11-06T05:03:37,https://api.quant-aq.com/v1/devices/MOD-00617/data/535193822
1438.38,826.08,"{'lat': None, 'lon': None}","{'rh': 43.2, 'temp': 23.7, 'wd': 0.0, 'ws': 0.0, 'ws_scalar': 0.0}","{'gas': {'co': 13502, 'co2': 13264, 'no': 13590, 'no2': 13769, 'o3': 13749}, 'pm': {'pm1': 13212, 'pm10': 13214, 'pm25': 13213}}",6.23,13.66,23.84,0.37,0.41,0.41,535193981,43.2,MOD-00617,23.7,2025-11-06T13:02:37,2025-11-06T05:02:37,https://api.quant-aq.com/v1/devices/MOD-00617/data/535193824
1433.45,823.55,"{'lat': None, 'lon': None}","{'rh': 43.2, 'temp': 23.7, 'wd': 0.0, 'ws': 0.0, 'ws_scalar': 0.0}","{'gas': {'co': 13502, 'co2': 13264, 'no': 13590, 'no2': 13769, 'o3': 13749}, 'pm': {'pm1': 13212, 'pm10': 13214, 'pm25': 13213}}",6.21,10.61,24.7,0.4,0.52,0.48,535193983,43.2,MOD-00617,23.7,2025-11-06T13:01:37,2025-11-06T05:01:37,https://api.quant-aq.com/v1/devices/MOD-00617/data/535193826
1433.79,828.37,"{'lat': None, 'lon': None}","{'rh': 43.3, 'temp': 23.7, 'wd': 0.0, 'ws': 0.0, 'ws_scalar': 0.0}","{'gas': {'co': 13502, 'co2': 13264, 'no': 13590, 'no2': 13769, 'o3': 13749}, 'pm': {'pm1': 13212, 'pm10': 13214, 'pm25': 13213}}",6.24,10.67,24.1,0.41,0.51,0.47,535191211,43.3,MOD-00617,23.7,2025-11-06T13:00:37,2025-11-06T05:00:37,https://api.quant-aq.com/v1/devices/MOD-00617/data/535191052
1434.61,826.08,"{'lat': None, 'lon': None}","{'rh': 43.3, 'temp': 23.7, 'wd': 0.0, 'ws': 0.0, 'ws_scalar': 0.0}","{'gas': {'co': 13502, 'co2': 13264, 'no': 13590, 'no2': 13769, 'o3': 13749}, 'pm': {'pm1': 13212, 'pm10': 13214, 'pm25': 13213}}",6.24,10.67,24.38,0.46,10.65,0.55,535191210,43.3,MOD-00617,23.7,2025-11-06T12:59:37,2025-11-06T04:59:37,https://api.quant-aq.com/v1/devices/MOD-00617/data/535191055
1432.97,825.72,"{'lat': None, 'lon': None}","{'rh': 43.3, 'temp': 23.7, 'wd': 0.0, 'ws': 0.0, 'ws_scalar': 0.0}","{'gas': {'co': 13502, 'co2': 13264, 'no': 13590, 'no2': 13769, 'o3': 13749}, 'pm': {'pm1': 13212, 'pm10': 13214, 'pm25': 13213}}",6.24,10.67,24.67,0.37,1.02,0.51,535191209,43.3,MOD-00617,23.7,2025-11-06T12:58:37,2025-11-06T04:58:37,https://api.quant-aq.com/v1/devices/MOD-00617/data/535191053
1429.27,821.86,"{'lat': None, 'lon': None}","{'rh': 43.3, 'temp': 23.7, 'wd': 0.0, 'ws': 0.0, 'ws_scalar': 0.0}","{'gas': {'co': 13502, 'co2': 13264, 'no': 13590, 'no2': 13769, 'o3': 13749}, 'pm': {'pm1': 13212, 'pm10': 13214, 'pm25': 13213}}",6.24,10.67,24.1,0.39,0.46,0.46,535191212,43.3,MOD-00617,23.7,2025-11-06T12:57:37,2025-11-06T04:57:37,https://api.quant-aq.com/v1/devices/MOD-00617/data/535191054
1422.7,819.93,"{'lat': None, 'lon': None}","{'rh': 43.3, 'temp': 23.7, 'wd': 0.0, 'ws': 0.0, 'ws_scalar': 0.0}","{'gas': {'co': 13502, 'co2': 13264, 'no': 13590, 'no2': 13769, 'o3': 13749}, 'pm': {'pm1': 13212, 'pm10': 13214, 'pm25': 13213}}",6.26,14.25,24.38,0.4,5.92,0.45,535191208,43.3,MOD-00617,23.7,2025-11-06T12:56:37,2025-11-06T04:56:37,https://api.quant-aq.com/v1/devices/MOD-00617/data/535191051
1417.37,819.33,"{'lat': None, 'lon': None}","{'rh': 43.3, 'temp': 23.7, 'wd': 0.0, 'ws': 0.0, 'ws_scalar': 0.0}","{'gas': {'co': 13502, 'co2': 13264, 'no': 13590, 'no2': 13769, 'o3': 13749}, 'pm': {'pm1': 13212, 'pm10': 13214, 'pm25': 13213}}",6.24,10.58,23.81,0.57,6.04,0.62,535188438,43.3,MOD-00617,23.7,2025-11-06T12:55:37,2025-11-06T04:55:37,https://api.quant-aq.com/v1/devices/MOD-00617/data/535188281
1413.67,820.3,"{'lat': None, 'lon': None}","{'rh': 43.3, 'temp': 23.7, 'wd': 0.0, 'ws': 0.0, 'ws_scalar': 0.0}","{'gas': {'co': 13502, 'co2': 13264, 'no': 13590, 'no2': 13769, 'o3': 13749}, 'pm': {'pm1': 13212, 'pm10': 13214, 'pm25': 13213}}",6.24,10.58,24.1,0.36,0.57,0.48,535188439,43.3,MOD-00617,23.7,2025-11-06T12:54:37,2025-11-06T04:54:37,https://api.quant-aq.com/v1/devices/MOD-00617/data/535188282
1409.98,819.81,"{'lat': None, 'lon': None}","{'rh': 43.3, 'temp': 23.7, 'wd': 0.0, 'ws': 0.0, 'ws_scalar': 0.0}","{'gas': {'co': 13502, 'co2': 13264, 'no': 13590, 'no2': 13769, 'o3': 13749}, 'pm': {'pm1': 13212, 'pm10': 13214, 'pm25': 13213}}",6.26,10.67,24.1,0.41,0.51,0.51,535188436,43.3,MOD-00617,23.7,2025-11-06T12:53:37,2025-11-06T04:53:37,https://api.quant-aq.com/v1/devices/MOD-00617/data/535188278
1406.21,820.9,"{'lat': None, 'lon': None}","{'rh': 43.4, 'temp': 23.7, 'wd': 0.0, 'ws': 0.0, 'ws_scalar': 0.0}","{'gas': {'co': 13502, 'co2': 13264, 'no': 13590, 'no2': 13769, 'o3': 13749}, 'pm': {'pm1': 13212, 'pm10': 13214, 'pm25': 13213}}",6.29,10.54,24.07,0.35,12.99,0.44,535188435,43.4,MOD-00617,23.7,2025-11-06T12:52:37,2025-11-06T04:52:37,https://api.quant-aq.com/v1/devices/MOD-00617/data/535188279
1409.5,822.46,"{'lat': None, 'lon': None}","{'rh': 43.4, 'temp': 23.7, 'wd': 0.0, 'ws': 0.0, 'ws_scalar': 0.0}","{'gas': {'co': 13502, 'co2': 13264, 'no': 13590, 'no2': 13769, 'o3': 13749}, 'pm': {'pm1': 13212, 'pm10': 13214, 'pm25': 13213}}",6.95,10.63,24.07,0.33,0.43,0.39,535188437,43.4,MOD-00617,23.7,2025-11-06T12:51:37,2025-11-06T04:51:37,https://api.quant-aq.com/v1/devices/MOD-00617/data/535188280
1411.48,827.4,"{'lat': None, 'lon': None}","{'rh': 43.5, 'temp': 23.7, 'wd': 0.0, 'ws': 0.0, 'ws_scalar': 0.0}","{'gas': {'co': 13502, 'co2': 13264, 'no': 13590, 'no2': 13769, 'o3': 13749}, 'pm': {'pm1': 13212, 'pm10': 13214, 'pm25': 13213}}",6.93,11.17,24.32,0.4,3.41,0.48,535185671,43.5,MOD-00617,23.7,2025-11-06T12:50:37,2025-11-06T04:50:37,https://api.quant-aq.com/v1/devices/MOD-00617/data/535185514
1418.46,823.55,"{'lat': None, 'lon': None}","{'rh': 43.5, 'temp': 23.7, 'wd': 0.0, 'ws': 0.0, 'ws_scalar': 0.0}","{'gas': {'co': 13502, 'co2': 13264, 'no': 13590, 'no2': 13769, 'o3': 13749}, 'pm': {'pm1': 13212, 'pm10': 13214, 'pm25': 13213}}",7.0,10.49,24.04,0.59,0.92,0.73,535185672,43.5,MOD-00617,23.7,2025-11-06T12:49:37,2025-11-06T04:49:37,https://api.quant-aq.com/v1/devices/MOD-00617/data/535185517
1425.03,820.78,"{'lat': None, 'lon': None}","{'rh': 43.5, 'temp': 23.7, 'wd': 0.0, 'ws': 0.0, 'ws_scalar': 0.0}","{'gas': {'co': 13502, 'co2': 13264, 'no': 13590, 'no2': 13769, 'o3': 13749}, 'pm': {'pm1': 13212, 'pm10': 13214, 'pm25': 13213}}",6.98,11.18,24.04,0.51,0.73,0.64,535185664,43.5,MOD-00617,23.7,2025-11-06T12:48:37,2025-11-06T04:48:37,https://api.quant-aq.com/v1/devices/MOD-00617/data/535185509
1438.64,818.85,"{'lat': None, 'lon': None}","{'rh': 43.4, 'temp': 23.7, 'wd': 0.0, 'ws': 0.0, 'ws_scalar': 0.0}","{'gas': {'co': 13502, 'co2': 13264, 'no': 13590, 'no2': 13769, 'o3': 13749}, 'pm': {'pm1': 13212, 'pm10': 13214, 'pm25': 13213}}",6.92,10.48,24.92,0.46,0.54,0.54,535185667,43.4,MOD-00617,23.7,2025-11-06T12:47:37,2025-11-06T04:47:37,https://api.quant-aq.com/v1/devices/MOD-00617/data/535185512
1443.09,823.31,"{'lat': None, 'lon': None}","{'rh': 43.5, 'temp': 23.7, 'wd': 0.0, 'ws': 0.0, 'ws_scalar': 0.0}","{'gas': {'co': 13502, 'co2': 13264, 'no': 13590, 'no2': 13769, 'o3': 13749}, 'pm': {'pm1': 13212, 'pm10': 13214, 'pm25': 13213}}",6.96,11.17,23.75,0.57,7.27,0.72,535185665,43.5,MOD-00617,23.7,2025-11-06T12:46:37,2025-11-06T04:46:37,https://api.quant-aq.com/v1/devices/MOD-00617/data/535185508
1450.48,819.09,"{'lat': None, 'lon': None}","{'rh': 43.5, 'temp': 23.7, 'wd': 0.0, 'ws': 0.0, 'ws_scalar': 0.0}","{'gas': {'co': 13502, 'co2': 13264, 'no': 13590, 'no2': 13769, 'o3': 13749}, 'pm': {'pm1': 13212, 'pm10': 13214, 'pm25': 13213}}",6.98,11.17,23.75,0.43,2.67,0.65,535182826,43.5,MOD-00617,23.7,2025-11-06T12:45:37,2025-11-06T04:45:37,https://api.quant-aq.com/v1/devices/MOD-00617/data/535182669
1457.05,817.16,"{'lat': None, 'lon': None}","{'rh': 43.5, 'temp': 23.7, 'wd': 0.0, 'ws': 0.0, 'ws_scalar': 0.0}","{'gas': {'co': 13502, 'co2': 13264, 'no': 13590, 'no2': 13769, 'o3': 13749}, 'pm': {'pm1': 13212, 'pm10': 13214, 'pm25': 13213}}",6.94,10.49,24.32,0.6,0.65,0.65,535182827,43.5,MOD-00617,23.7,2025-11-06T12:44:37,2025-11-06T04:44:37,https://api.quant-aq.com/v1/devices/MOD-00617/data/535182670
1471.34,820.42,"{'lat': None, 'lon': None}","{'rh': 43.6, 'temp': 23.7, 'wd': 0.0, 'ws': 0.0, 'ws_scalar': 0.0}","{'gas': {'co': 13502, 'co2': 13264, 'no': 13590, 'no2': 13769, 'o3': 13749}, 'pm': {'pm1': 13212, 'pm10': 13214, 'pm25': 13213}}",6.96,10.49,24.01,0.63,10.94,0.76,535182828,43.6,MOD-00617,23.7,2025-11-06T12:43:37,2025-11-06T04:43:37,https://api.quant-aq.com/v1/devices/MOD-00617/data/535182673
1479.55,821.62,"{'lat': None, 'lon': None}","{'rh': 43.6, 'temp': 23.7, 'wd': 0.0, 'ws': 0.0, 'ws_scalar': 0.0}","{'gas': {'co': 13502, 'co2': 13264, 'no': 13590, 'no2': 13769, 'o3': 13749}, 'pm': {'pm1': 13212, 'pm10': 13214, 'pm25': 13213}}",6.33,10.43,24.01,0.64,0.94,0.86,535182825,43.6,MOD-00617,23.7,2025-11-06T12:42:37,2025-11-06T04:42:37,https://api.quant-aq.com/v1/devices/MOD-00617/data/535182667
1480.78,817.65,"{'lat': None, 'lon': None}","{'rh': 43.6, 'temp': 23.7, 'wd': 0.0, 'ws': 0.0, 'ws_scalar': 0.0}","{'gas': {'co': 13502, 'co2': 13264, 'no': 13590, 'no2': 13769, 'o3': 13749}, 'pm': {'pm1': 13212, 'pm10': 13214, 'pm25': 13213}}",6.98,10.43,24.01,0.82,11.31,0.93,535182824,43.6,MOD-00617,23.7,2025-11-06T12:41:37,2025-11-06T04:41:37,https://api.quant-aq.com/v1/devices/MOD-00617/data/535182668
1492.92,825.6,"{'lat': None, 'lon': None}","{'rh': 43.7, 'temp': 23.6, 'wd': 0.0, 'ws': 0.0, 'ws_scalar': 0.0}","{'gas': {'co': 13502, 'co2': 13264, 'no': 13590, 'no2': 13769, 'o3': 13749}, 'pm': {'pm1': 13212, 'pm10': 13214, 'pm25': 13213}}",7.02,10.18,23.97,0.58,1.09,0.68,535180100,43.7,MOD-00617,23.6,2025-11-06T12:40:37,2025-11-06T04:40:37,https://api.quant-aq.com/v1/devices/MOD-00617/data/535179944
1501.13,822.46,"{'lat': None, 'lon': None}","{'rh': 43.7, 'temp': 23.6, 'wd': 0.0, 'ws': 0.0, 'ws_scalar': 0.0}","{'gas': {'co': 13502, 'co2': 13264, 'no': 13590, 'no2': 13769, 'o3': 13749}, 'pm': {'pm1': 13212, 'pm10': 13214, 'pm25': 13213}}",6.39,10.87,23.97,0.48,3.65,0.65,535180101,43.7,MOD-00617,23.6,2025-11-06T12:39:37,2025-11-06T04:39:37,https://api.quant-aq.com/v1/devices/MOD-00617/data/535179943
1504.93,821.26,"{'lat': None, 'lon': None}","{'rh': 43.7, 'temp': 23.7, 'wd': 0.0, 'ws': 0.0, 'ws_scalar': 0.0}","{'gas': {'co': 13502, 'co2': 13264, 'no': 13590, 'no2': 13769, 'o3': 13749}, 'pm': {'pm1': 13212, 'pm10': 13214, 'pm25': 13213}}",6.41,9.82,23.98,0.49,0.66,0.66,535180102,43.7,MOD-00617,23.7,2025-11-06T12:38:37,2025-11-06T04:38:37,https://api.quant-aq.com/v1/devices/MOD-00617/data/535179945
1518.71,825.84,"{'lat': None, 'lon': None}","{'rh': 43.8, 'temp': 23.6, 'wd': 0.0, 'ws': 0.0, 'ws_scalar': 0.0}","{'gas': {'co': 13502, 'co2': 13264, 'no': 13590, 'no2': 13769, 'o3': 13749}, 'pm': {'pm1': 13212, 'pm10': 13214, 'pm25': 13213}}",6.42,9.52,24.22,0.46,1.17,0.67,535180099,43.8,MOD-00617,23.6,2025-11-06T12:37:37,2025-11-06T04:37:37,https://api.quant-aq.com/v1/devices/MOD-00617/data/535179941
1520.35,820.78,"{'lat': None, 'lon': None}","{'rh': 43.8, 'temp': 23.6, 'wd': 0.0, 'ws': 0.0, 'ws_scalar': 0.0}","{'gas': {'co': 13502, 'co2': 13264, 'no': 13590, 'no2': 13769, 'o3': 13749}, 'pm': {'pm1': 13212, 'pm10': 13214, 'pm25': 13213}}",6.42,9.52,23.94,0.68,0.98,0.9,535180098,43.8,MOD-00617,23.6,2025-11-06T12:36:37,2025-11-06T04:36:37,https://api.quant-aq.com/v1/devices/MOD-00617/data/535179942
1526.1,823.67,"{'lat': None, 'lon': None}","{'rh': 43.8, 'temp': 23.6, 'wd': 0.0, 'ws': 0.0, 'ws_scalar': 0.0}","{'gas': {'co': 13502, 'co2': 13264, 'no': 13590, 'no2': 13769, 'o3': 13749}, 'pm': {'pm1': 13212, 'pm10': 13214, 'pm25': 13213}}",7.0,11.68,23.94,0.59,1.21,0.8,535177365,43.8,MOD-00617,23.6,2025-11-06T12:35:37,2025-11-06T04:35:37,https://api.quant-aq.com/v1/devices/MOD-00617/data/535177209
1531.85,825.48,"{'lat': None, 'lon': None}","{'rh': 43.8, 'temp': 23.6, 'wd': 0.0, 'ws': 0.0, 'ws_scalar': 0.0}","{'gas': {'co': 13502, 'co2': 13264, 'no': 13590, 'no2': 13769, 'o3': 13749}, 'pm': {'pm1': 13212, 'pm10': 13214, 'pm25': 13213}}",7.0,9.52,23.94,0.59,0.77,0.73,535177363,43.8,MOD-00617,23.6,2025-11-06T12:34:37,2025-11-06T04:34:37,https://api.quant-aq.com/v1/devices/MOD-00617/data/535177206
1533.08,818.85,"{'lat': None, 'lon': None}","{'rh': 43.8, 'temp': 23.6, 'wd': 0.0, 'ws': 0.0, 'ws_scalar': 0.0}","{'gas': {'co': 13502, 'co2': 13264, 'no': 13590, 'no2': 13769, 'o3': 13749}, 'pm': {'pm1': 13212, 'pm10': 13214, 'pm25': 13213}}",7.0,11.75,24.51,0.54,1.74,0.82,535177364,43.8,MOD-00617,23.6,2025-11-06T12:33:37,2025-11-06T04:33:37,https://api.quant-aq.com/v1/devices/MOD-00617/data/535177207
1539.24,823.55,"{'lat': None, 'lon': None}","{'rh': 43.8, 'temp': 23.6, 'wd': 0.0, 'ws': 0.0, 'ws_scalar': 0.0}","{'gas': {'co': 13502, 'co2': 13264, 'no': 13590, 'no2': 13769, 'o3': 13749}, 'pm': {'pm1': 13212, 'pm10': 13214, 'pm25': 13213}}",6.38,9.44,24.22,0.73,1.29,1.02,535177362,43.8,MOD-00617,23.6,2025-11-06T12:32:37,2025-11-06T04:32:37,https://api.quant-aq.com/v1/devices/MOD-00617/data/535177205
1539.99,825.72,"{'lat': None, 'lon': None}","{'rh': 43.9, 'temp': 23.6, 'wd': 0.0, 'ws': 0.0, 'ws_scalar': 0.0}","{'gas': {'co': 13502, 'co2': 13264, 'no': 13590, 'no2': 13769, 'o3': 13749}, 'pm': {'pm1': 13212, 'pm10': 13214, 'pm25': 13213}}",6.4,10.75,24.19,0.54,1.49,0.75,535177366,43.9,MOD-00617,23.6,2025-11-06T12:31:37,2025-11-06T04:31:37,https://api.quant-aq.com/v1/devices/MOD-00617/data/535177208
1541.63,829.33,"{'lat': None, 'lon': None}","{'rh': 43.9, 'temp': 23.6, 'wd': 0.0, 'ws': 0.0, 'ws_scalar': 0.0}","{'gas': {'co': 13502, 'co2': 13264, 'no': 13590, 'no2': 13769, 'o3': 13749}, 'pm': {'pm1': 13212, 'pm10': 13214, 'pm25': 13213}}",6.4,10.75,24.48,0.6,0.69,0.69,535174565,43.9,MOD-00617,23.6,2025-11-06T12:30:37,2025-11-06T04:30:37,https://api.quant-aq.com/v1/devices/MOD-00617/data/535174410
1542.04,823.55,"{'lat': None, 'lon': None}","{'rh': 43.9, 'temp': 23.6, 'wd': 0.0, 'ws': 0.0, 'ws_scalar': 0.0}","{'gas': {'co': 13502, 'co2': 13264, 'no': 13590, 'no2': 13769, 'o3': 13749}, 'pm': {'pm1': 13212, 'pm10': 13214, 'pm25': 13213}}",6.43,10.57,24.19,0.64,1.29,0.74,535174567,43.9,MOD-00617,23.6,2025-11-06T12:29:37,2025-11-06T04:29:37,https://api.quant-aq.com/v1/devices/MOD-00617/data/535174411
1537.93,823.67,"{'lat': None, 'lon': None}","{'rh': 43.9, 'temp': 23.6, 'wd': 0.0, 'ws': 0.0, 'ws_scalar': 0.0}","{'gas': {'co': 13502, 'co2': 13264, 'no': 13590, 'no2': 13769, 'o3': 13749}, 'pm': {'pm1': 13212, 'pm10': 13214, 'pm25': 13213}}",6.43,10.93,23.91,0.61,2.72,0.73,535174564,43.9,MOD-00617,23.6,2025-11-06T12:28:37,2025-11-06T04:28:37,https://api.quant-aq.com/v1/devices/MOD-00617/data/535174407
1541.97,820.42,"{'lat': None, 'lon': None}","{'rh': 44.0, 'temp': 23.6, 'wd': 0.0, 'ws': 0.0, 'ws_scalar': 0.0}","{'gas': {'co': 13502, 'co2': 13264, 'no': 13590, 'no2': 13769, 'o3': 13749}, 'pm': {'pm1': 13212, 'pm10': 13214, 'pm25': 13213}}",6.4,11.32,24.45,0.48,0.61,0.61,535174566,44.0,MOD-00617,23.6,2025-11-06T12:27:37,2025-11-06T04:27:37,https://api.quant-aq.com/v1/devices/MOD-00617/data/535174409
1534.58,823.31,"{'lat': None, 'lon': None}","{'rh': 44.0, 'temp': 23.6, 'wd': 0.0, 'ws': 0.0, 'ws_scalar': 0.0}","{'gas': {'co': 13502, 'co2': 13264, 'no': 13590, 'no2': 13769, 'o3': 13749}, 'pm': {'pm1': 13212, 'pm10': 13214, 'pm25': 13213}}",6.38,11.32,24.17,0.7,0.76,0.76,535174563,44.0,MOD-00617,23.6,2025-11-06T12:26:37,2025-11-06T04:26:37,https://api.quant-aq.com/v1/devices/MOD-00617/data/535174406
1536.63,823.19,"{'lat': None, 'lon': None}","{'rh': 44.0, 'temp': 23.6, 'wd': 0.0, 'ws': 0.0, 'ws_scalar': 0.0}","{'gas': {'co': 13502, 'co2': 13264, 'no': 13590, 'no2': 13769, 'o3': 13749}, 'pm': {'pm1': 13212, 'pm10': 13214, 'pm25': 13213}}",6.43,10.65,23.88,0.56,1.06,0.75,535171808,44.0,MOD-00617,23.6,2025-11-06T12:25:37,2025-11-06T04:25:37,https://api.quant-aq.com/v1/devices/MOD-00617/data/535171651
1520.48,826.56,"{'lat': None, 'lon': None}","{'rh': 44.2, 'temp': 23.6, 'wd': 0.0, 'ws': 0.0, 'ws_scalar': 0.0}","{'gas': {'co': 13502, 'co2': 13264, 'no': 13590, 'no2': 13769, 'o3': 13749}, 'pm': {'pm1': 13212, 'pm10': 13214, 'pm25': 13213}}",6.4,14.69,24.11,0.52,1.22,0.63,535171810,44.2,MOD-00617,23.6,2025-11-06T12:24:37,2025-11-06T04:24:37,https://api.quant-aq.com/v1/devices/MOD-00617/data/535171653
1516.86,816.68,"{'lat': None, 'lon': None}","{'rh': 44.1, 'temp': 23.6, 'wd': 0.0, 'ws': 0.0, 'ws_scalar': 0.0}","{'gas': {'co': 13502, 'co2': 13264, 'no': 13590, 'no2': 13769, 'o3': 13749}, 'pm': {'pm1': 13212, 'pm10': 13214, 'pm25': 13213}}",6.38,10.96,23.85,0.52,1.7,0.6,535171805,44.1,MOD-00617,23.6,2025-11-06T12:23:37,2025-11-06T04:23:37,https://api.quant-aq.com/v1/devices/MOD-00617/data/535171648
1508.24,823.79,"{'lat': None, 'lon': None}","{'rh': 44.1, 'temp': 23.6, 'wd': 0.0, 'ws': 0.0, 'ws_scalar': 0.0}","{'gas': {'co': 13502, 'co2': 13264, 'no': 13590, 'no2': 13769, 'o3': 13749}, 'pm': {'pm1': 13212, 'pm10': 13214, 'pm25': 13213}}",6.4,10.18,25.0,0.41,23.98,0.53,535171807,44.1,MOD-00617,23.6,2025-11-06T12:22:37,2025-11-06T04:22:37,https://api.quant-aq.com/v1/devices/MOD-00617/data/535171650
1504.54,821.02,"{'lat': None, 'lon': None}","{'rh': 44.1, 'temp': 23.6, 'wd': 0.0, 'ws': 0.0, 'ws_scalar': 0.0}","{'gas': {'co': 13502, 'co2': 13264, 'no': 13590, 'no2': 13769, 'o3': 13749}, 'pm': {'pm1': 13212, 'pm10': 13214, 'pm25': 13213}}",6.43,10.96,24.42,0.53,1.5,0.63,535171806,44.1,MOD-00617,23.6,2025-11-06T12:21:37,2025-11-06T04:21:37,https://api.quant-aq.com/v1/devices/MOD-00617/data/535171649
1494.62,828.49,"{'lat': None, 'lon': None}","{'rh': 44.2, 'temp': 23.6, 'wd': 0.0, 'ws': 0.0, 'ws_scalar': 0.0}","{'gas': {'co': 13502, 'co2': 13264, 'no': 13590, 'no2': 13769, 'o3': 13749}, 'pm': {'pm1': 13212, 'pm10': 13214, 'pm25': 13213}}",6.43,11.17,24.11,0.56,2.07,0.64,535169069,44.2,MOD-00617,23.6,2025-11-06T12:20:37,2025-11-06T04:20:37,https://api.quant-aq.com/v1/devices/MOD-00617/data/535168912
1490.92,824.39,"{'lat': None, 'lon': None}","{'rh': 44.2, 'temp': 23.6, 'wd': 0.0, 'ws': 0.0, 'ws_scalar': 0.0}","{'gas': {'co': 13502, 'co2': 13264, 'no': 13590, 'no2': 13769, 'o3': 13749}, 'pm': {'pm1': 13212, 'pm10': 13214, 'pm25': 13213}}",6.4,11.17,23.82,0.52,0.58,0.58,535169070,44.2,MOD-00617,23.6,2025-11-06T12:19:37,2025-11-06T04:19:37,https://api.quant-aq.com/v1/devices/MOD-00617/data/535168913
1489.69,829.81,"{'lat': None, 'lon': None}","{'rh': 44.2, 'temp': 23.6, 'wd': 0.0, 'ws': 0.0, 'ws_scalar': 0.0}","{'gas': {'co': 13502, 'co2': 13264, 'no': 13590, 'no2': 13769, 'o3': 13749}, 'pm': {'pm1': 13212, 'pm10': 13214, 'pm25': 13213}}",6.36,11.17,24.39,0.46,4.22,0.52,535169067,44.2,MOD-00617,23.6,2025-11-06T12:18:37,2025-11-06T04:18:37,https://api.quant-aq.com/v1/devices/MOD-00617/data/535168911
1490.51,830.29,"{'lat': None, 'lon': None}","{'rh': 44.2, 'temp': 23.6, 'wd': 0.0, 'ws': 0.0, 'ws_scalar': 0.0}","{'gas': {'co': 13502, 'co2': 13264, 'no': 13590, 'no2': 13769, 'o3': 13749}, 'pm': {'pm1': 13212, 'pm10': 13214, 'pm25': 13213}}",6.38,10.36,24.11,0.45,2.49,0.55,535169066,44.2,MOD-00617,23.6,2025-11-06T12:17:37,2025-11-06T04:17:37,https://api.quant-aq.com/v1/devices/MOD-00617/data/535168909
1488.39,829.69,"{'lat': None, 'lon': None}","{'rh': 44.3, 'temp': 23.6, 'wd': 0.0, 'ws': 0.0, 'ws_scalar': 0.0}","{'gas': {'co': 13502, 'co2': 13264, 'no': 13590, 'no2': 13769, 'o3': 13749}, 'pm': {'pm1': 13212, 'pm10': 13214, 'pm25': 13213}}",6.4,11.17,24.37,0.6,0.76,0.72,535169068,44.3,MOD-00617,23.6,2025-11-06T12:16:37,2025-11-06T04:16:37,https://api.quant-aq.com/v1/devices/MOD-00617/data/535168910
1492.15,822.34,"{'lat': None, 'lon': None}","{'rh': 44.2, 'temp': 23.6, 'wd': 0.0, 'ws': 0.0, 'ws_scalar': 0.0}","{'gas': {'co': 13502, 'co2': 13264, 'no': 13590, 'no2': 13769, 'o3': 13749}, 'pm': {'pm1': 13212, 'pm10': 13214, 'pm25': 13213}}",6.38,10.36,24.39,0.8,0.85,0.85,535166273,44.2,MOD-00617,23.6,2025-11-06T12:15:37,2025-11-06T04:15:37,https://api.quant-aq.com/v1/devices/MOD-00617/data/535166116
1495.44,821.86,"{'lat': None, 'lon': None}","{'rh': 44.2, 'temp': 23.6, 'wd': 0.0, 'ws': 0.0, 'ws_scalar': 0.0}","{'gas': {'co': 13502, 'co2': 13264, 'no': 13590, 'no2': 13769, 'o3': 13749}, 'pm': {'pm1': 13212, 'pm10': 13214, 'pm25': 13213}}",6.43,11.17,24.39,0.67,0.82,0.77,535166275,44.2,MOD-00617,23.6,2025-11-06T12:14:37,2025-11-06T04:14:37,https://api.quant-aq.com/v1/devices/MOD-00617/data/535166117
1491.33,825.6,"{'lat': None, 'lon': None}","{'rh': 44.2, 'temp': 23.6, 'wd': 0.0, 'ws': 0.0, 'ws_scalar': 0.0}","{'gas': {'co': 13502, 'co2': 13264, 'no': 13590, 'no2': 13769, 'o3': 13749}, 'pm': {'pm1': 13212, 'pm10': 13214, 'pm25': 13213}}",6.4,8.68,24.39,0.8,1.17,0.95,535166272,44.2,MOD-00617,23.6,2025-11-06T12:13:37,2025-11-06T04:13:37,https://api.quant-aq.com/v1/devices/MOD-00617/data/535166115
1491.67,823.79,"{'lat': None, 'lon': None}","{'rh': 44.3, 'temp': 23.6, 'wd': 0.0, 'ws': 0.0, 'ws_scalar': 0.0}","{'gas': {'co': 13502, 'co2': 13264, 'no': 13590, 'no2': 13769, 'o3': 13749}, 'pm': {'pm1': 13212, 'pm10': 13214, 'pm25': 13213}}",6.4,11.89,24.08,0.63,0.97,0.73,535166271,44.3,MOD-00617,23.6,2025-11-06T12:12:37,2025-11-06T04:12:37,https://api.quant-aq.com/v1/devices/MOD-00617/data/535166114
1489.69,824.03,"{'lat': None, 'lon': None}","{'rh': 44.2, 'temp': 23.6, 'wd': 0.0, 'ws': 0.0, 'ws_scalar': 0.0}","{'gas': {'co': 13502, 'co2': 13264, 'no': 13590, 'no2': 13769, 'o3': 13749}, 'pm': {'pm1': 13212, 'pm10': 13214, 'pm25': 13213}}",6.45,10.84,24.39,0.45,0.52,0.52,535166274,44.2,MOD-00617,23.6,2025-11-06T12:11:37,2025-11-06T04:11:37,https://api.quant-aq.com/v1/devices/MOD-00617/data/535166118
1485.93,822.46,"{'lat': None, 'lon': None}","{'rh': 44.3, 'temp': 23.6, 'wd': 0.0, 'ws': 0.0, 'ws_scalar': 0.0}","{'gas': {'co': 13502, 'co2': 13264, 'no': 13590, 'no2': 13769, 'o3': 13749}, 'pm': {'pm1': 13212, 'pm10': 13214, 'pm25': 13213}}",6.42,8.82,24.08,0.7,0.81,0.77,535163500,44.3,MOD-00617,23.6,2025-11-06T12:10:37,2025-11-06T04:10:37,https://api.quant-aq.com/v1/devices/MOD-00617/data/535163341
1487.09,827.4,"{'lat': None, 'lon': None}","{'rh': 44.4, 'temp': 23.6, 'wd': 0.0, 'ws': 0.0, 'ws_scalar': 0.0}","{'gas': {'co': 13502, 'co2': 13264, 'no': 13590, 'no2': 13769, 'o3': 13749}, 'pm': {'pm1': 13212, 'pm10': 13214, 'pm25': 13213}}",6.39,11.44,24.91,0.57,3.05,0.67,535163497,44.4,MOD-00617,23.6,2025-11-06T12:09:37,2025-11-06T04:09:37,https://api.quant-aq.com/v1/devices/MOD-00617/data/535163340
1478.88,824.39,"{'lat': None, 'lon': None}","{'rh': 44.4, 'temp': 23.6, 'wd': 0.0, 'ws': 0.0, 'ws_scalar': 0.0}","{'gas': {'co': 13502, 'co2': 13264, 'no': 13590, 'no2': 13769, 'o3': 13749}, 'pm': {'pm1': 13212, 'pm10': 13214, 'pm25': 13213}}",6.37,11.44,24.34,0.54,1.15,0.61,535163496,44.4,MOD-00617,23.6,2025-11-06T12:08:37,2025-11-06T04:08:37,https://api.quant-aq.com/v1/devices/MOD-00617/data/535163339
1481.34,824.51,"{'lat': None, 'lon': None}","{'rh': 44.4, 'temp': 23.6, 'wd': 0.0, 'ws': 0.0, 'ws_scalar': 0.0}","{'gas': {'co': 13502, 'co2': 13264, 'no': 13590, 'no2': 13769, 'o3': 13749}, 'pm': {'pm1': 13212, 'pm10': 13214, 'pm25': 13213}}",6.39,10.97,24.62,0.5,11.67,0.56,535163498,44.4,MOD-00617,23.6,2025-11-06T12:07:37,2025-11-06T04:07:37,https://api.quant-aq.com/v1/devices/MOD-00617/data/535163342
1468.2,826.44,"{'lat': None, 'lon': None}","{'rh': 44.4, 'temp': 23.6, 'wd': 0.0, 'ws': 0.0, 'ws_scalar': 0.0}","{'gas': {'co': 13502, 'co2': 13264, 'no': 13590, 'no2': 13769, 'o3': 13749}, 'pm': {'pm1': 13212, 'pm10': 13214, 'pm25': 13213}}",6.42,11.87,24.34,0.48,0.66,0.62,535163499,44.4,MOD-00617,23.6,2025-11-06T12:06:37,2025-11-06T04:06:37,https://api.quant-aq.com/v1/devices/MOD-00617/data/535163343
1463.69,823.07,"{'lat': None, 'lon': None}","{'rh': 44.4, 'temp': 23.6, 'wd': 0.0, 'ws': 0.0, 'ws_scalar': 0.0}","{'gas': {'co': 13502, 'co2': 13264, 'no': 13590, 'no2': 13769, 'o3': 13749}, 'pm': {'pm1': 13212, 'pm10': 13214, 'pm25': 13213}}",6.39,11.79,23.76,0.67,7.19,0.83,535160714,44.4,MOD-00617,23.6,2025-11-06T12:05:37,2025-11-06T04:05:37,https://api.quant-aq.com/v1/devices/MOD-00617/data/535160561
1459.17,824.03,"{'lat': None, 'lon': None}","{'rh': 44.4, 'temp': 23.6, 'wd': 0.0, 'ws': 0.0, 'ws_scalar': 0.0}","{'gas': {'co': 13502, 'co2': 13264, 'no': 13590, 'no2': 13769, 'o3': 13749}, 'pm': {'pm1': 13212, 'pm10': 13214, 'pm25': 13213}}",6.39,11.79,24.91,0.53,0.91,0.67,535160712,44.4,MOD-00617,23.6,2025-11-06T12:04:37,2025-11-06T04:04:37,https://api.quant-aq.com/v1/devices/MOD-00617/data/535160554
1448.5,825.96,"{'lat': None, 'lon': None}","{'rh': 44.4, 'temp': 23.6, 'wd': 0.0, 'ws': 0.0, 'ws_scalar': 0.0}","{'gas': {'co': 13502, 'co2': 13264, 'no': 13590, 'no2': 13769, 'o3': 13749}, 'pm': {'pm1': 13212, 'pm10': 13214, 'pm25': 13213}}",6.39,11.79,24.91,0.74,1.4,0.8,535160715,44.4,MOD-00617,23.6,2025-11-06T12:03:37,2025-11-06T04:03:37,https://api.quant-aq.com/v1/devices/MOD-00617/data/535160558
1448.09,826.44,"{'lat': None, 'lon': None}","{'rh': 44.4, 'temp': 23.6, 'wd': 0.0, 'ws': 0.0, 'ws_scalar': 0.0}","{'gas': {'co': 13502, 'co2': 13264, 'no': 13590, 'no2': 13769, 'o3': 13749}, 'pm': {'pm1': 13212, 'pm10': 13214, 'pm25': 13213}}",6.39,10.97,24.62,0.58,1.67,0.76,535160716,44.4,MOD-00617,23.6,2025-11-06T12:02:37,2025-11-06T04:02:37,https://api.quant-aq.com/v1/devices/MOD-00617/data/535160559
1439.4,826.44,"{'lat': None, 'lon': None}","{'rh': 44.5, 'temp': 23.6, 'wd': 0.0, 'ws': 0.0, 'ws_scalar': 0.0}","{'gas': {'co': 13502, 'co2': 13264, 'no': 13590, 'no2': 13769, 'o3': 13749}, 'pm': {'pm1': 13212, 'pm10': 13214, 'pm25': 13213}}",6.8,12.07,24.02,0.85,1.18,0.95,535160713,44.5,MOD-00617,23.6,2025-11-06T12:01:37,2025-11-06T04:01:37,https://api.quant-aq.com/v1/devices/MOD-00617/data/535160556
1425.85,828.73,"{'lat': None, 'lon': None}","{'rh': 44.5, 'temp': 23.6, 'wd': 0.0, 'ws': 0.0, 'ws_scalar': 0.0}","{'gas': {'co': 13502, 'co2': 13264, 'no': 13590, 'no2': 13769, 'o3': 13749}, 'pm': {'pm1': 13212, 'pm10': 13214, 'pm25': 13213}}",6.78,11.47,24.31,0.74,14.66,0.82,535158003,44.5,MOD-00617,23.6,2025-11-06T12:00:37,2025-11-06T04:00:37,https://api.quant-aq.com/v1/devices/MOD-00617/data/535157846
1417.98,828.49,"{'lat': None, 'lon': None}","{'rh': 44.6, 'temp': 23.6, 'wd': 0.0, 'ws': 0.0, 'ws_scalar': 0.0}","{'gas': {'co': 13502, 'co2': 13264, 'no': 13590, 'no2': 13769, 'o3': 13749}, 'pm': {'pm1': 13212, 'pm10': 13214, 'pm25': 13213}}",6.77,12.37,24.28,0.75,6.35,0.88,535158001,44.6,MOD-00617,23.6,2025-11-06T11:59:37,2025-11-06T03:59:37,https://api.quant-aq.com/v1/devices/MOD-00617/data/535157844
1406.48,831.14,"{'lat': None, 'lon': None}","{'rh': 44.6, 'temp': 23.6, 'wd': 0.0, 'ws': 0.0, 'ws_scalar': 0.0}","{'gas': {'co': 13502, 'co2': 13264, 'no': 13590, 'no2': 13769, 'o3': 13749}, 'pm': {'pm1': 13212, 'pm10': 13214, 'pm25': 13213}}",6.82,12.17,24.57,0.93,1.94,1.06,535158002,44.6,MOD-00617,23.6,2025-11-06T11:58:37,2025-11-06T03:58:37,https://api.quant-aq.com/v1/devices/MOD-00617/data/535157845
1390.06,830.53,"{'lat': None, 'lon': None}","{'rh': 44.6, 'temp': 23.6, 'wd': 0.0, 'ws': 0.0, 'ws_scalar': 0.0}","{'gas': {'co': 13502, 'co2': 13264, 'no': 13590, 'no2': 13769, 'o3': 13749}, 'pm': {'pm1': 13212, 'pm10': 13214, 'pm25': 13213}}",6.84,12.37,23.7,0.73,6.93,0.91,535158004,44.6,MOD-00617,23.6,2025-11-06T11:57:37,2025-11-06T03:57:37,https://api.quant-aq.com/v1/devices/MOD-00617/data/535157847
1371.52,828.61,"{'lat': None, 'lon': None}","{'rh': 44.7, 'temp': 23.6, 'wd': 0.0, 'ws': 0.0, 'ws_scalar': 0.0}","{'gas': {'co': 13502, 'co2': 13264, 'no': 13590, 'no2': 13769, 'o3': 13749}, 'pm': {'pm1': 13212, 'pm10': 13214, 'pm25': 13213}}",6.77,12.09,24.54,0.8,2.54,0.95,535155828,44.7,MOD-00617,23.6,2025-11-06T11:56:37,2025-11-06T03:56:37,https://api.quant-aq.com/v1/devices/MOD-00617/data/535155671
1351.07,826.92,"{'lat': None, 'lon': None}","{'rh': 44.6, 'temp': 23.6, 'wd': 0.0, 'ws': 0.0, 'ws_scalar': 0.0}","{'gas': {'co': 13502, 'co2': 13264, 'no': 13590, 'no2': 13769, 'o3': 13749}, 'pm': {'pm1': 13212, 'pm10': 13214, 'pm25': 13213}}",6.79,12.37,24.28,0.85,3.64,0.96,535155827,44.6,MOD-00617,23.6,2025-11-06T11:55:37,2025-11-06T03:55:37,https://api.quant-aq.com/v1/devices/MOD-00617/data/535155670
1329.95,835.47,"{'lat': None, 'lon': None}","{'rh': 44.7, 'temp': 23.5, 'wd': 0.0, 'ws': 0.0, 'ws_scalar': 0.0}","{'gas': {'co': 13502, 'co2': 13264, 'no': 13590, 'no2': 13769, 'o3': 13749}, 'pm': {'pm1': 13212, 'pm10': 13214, 'pm25': 13213}}",6.79,11.88,24.82,1.24,1.38,1.34,535155825,44.7,MOD-00617,23.5,2025-11-06T11:54:37,2025-11-06T03:54:37,https://api.quant-aq.com/v1/devices/MOD-00617/data/535155668
1311.89,833.55,"{'lat': None, 'lon': None}","{'rh': 44.7, 'temp': 23.5, 'wd': 0.0, 'ws': 0.0, 'ws_scalar': 0.0}","{'gas': {'co': 13502, 'co2': 13264, 'no': 13590, 'no2': 13769, 'o3': 13749}, 'pm': {'pm1': 13212, 'pm10': 13214, 'pm25': 13213}}",6.77,11.76,24.82,0.98,3.48,1.11,535155826,44.7,MOD-00617,23.5,2025-11-06T11:53:37,2025-11-06T03:53:37,https://api.quant-aq.com/v1/devices/MOD-00617/data/535155669
1295.33,843.42,"{'lat': None, 'lon': None}","{'rh': 44.9, 'temp': 23.5, 'wd': 0.0, 'ws': 0.0, 'ws_scalar': 0.0}","{'gas': {'co': 13502, 'co2': 13264, 'no': 13590, 'no2': 13769, 'o3': 13749}, 'pm': {'pm1': 13212, 'pm10': 13214, 'pm25': 13213}}",6.73,11.81,23.89,0.92,2.22,1.24,535153581,44.9,MOD-00617,23.5,2025-11-06T11:52:37,2025-11-06T03:52:37,https://api.quant-aq.com/v1/devices/MOD-00617/data/535153425
1275.21,834.99,"{'lat': None, 'lon': None}","{'rh': 44.9, 'temp': 23.5, 'wd': 0.0, 'ws': 0.0, 'ws_scalar': 0.0}","{'gas': {'co': 13502, 'co2': 13264, 'no': 13590, 'no2': 13769, 'o3': 13749}, 'pm': {'pm1': 13212, 'pm10': 13214, 'pm25': 13213}}",6.75,11.9,24.47,0.91,11.92,1.21,535153582,44.9,MOD-00617,23.5,2025-11-06T11:51:37,2025-11-06T03:51:37,https://api.quant-aq.com/v1/devices/MOD-00617/data/535153424
1264.2,842.82,"{'lat': None, 'lon': None}","{'rh': 44.8, 'temp': 23.5, 'wd': 0.0, 'ws': 0.0, 'ws_scalar': 0.0}","{'gas': {'co': 13502, 'co2': 13264, 'no': 13590, 'no2': 13769, 'o3': 13749}, 'pm': {'pm1': 13212, 'pm10': 13214, 'pm25': 13213}}",6.73,11.41,24.79,1.08,2.34,1.29,535153580,44.8,MOD-00617,23.5,2025-11-06T11:50:37,2025-11-06T03:50:37,https://api.quant-aq.com/v1/devices/MOD-00617/data/535153423
1260.43,838.24,"{'lat': None, 'lon': None}","{'rh': 44.9, 'temp': 23.5, 'wd': 0.0, 'ws': 0.0, 'ws_scalar': 0.0}","{'gas': {'co': 13502, 'co2': 13264, 'no': 13590, 'no2': 13769, 'o3': 13749}, 'pm': {'pm1': 13212, 'pm10': 13214, 'pm25': 13213}}",6.73,11.97,24.18,0.89,1.86,1.07,535153583,44.9,MOD-00617,23.5,2025-11-06T11:49:37,2025-11-06T03:49:37,https://api.quant-aq.com/v1/devices/MOD-00617/data/535153426
1252.22,839.21,"{'lat': None, 'lon': None}","{'rh': 44.9, 'temp': 23.5, 'wd': 0.0, 'ws': 0.0, 'ws_scalar': 0.0}","{'gas': {'co': 13502, 'co2': 13264, 'no': 13590, 'no2': 13769, 'o3': 13749}, 'pm': {'pm1': 13212, 'pm10': 13214, 'pm25': 13213}}",6.73,11.79,24.47,1.28,1.48,1.4,535151357,44.9,MOD-00617,23.5,2025-11-06T11:48:37,2025-11-06T03:48:37,https://api.quant-aq.com/v1/devices/MOD-00617/data/535151201
1249.28,842.58,"{'lat': None, 'lon': None}","{'rh': 45.0, 'temp': 23.5, 'wd': 0.0, 'ws': 0.0, 'ws_scalar': 0.0}","{'gas': {'co': 13502, 'co2': 13264, 'no': 13590, 'no2': 13769, 'o3': 13749}, 'pm': {'pm1': 13212, 'pm10': 13214, 'pm25': 13213}}",6.71,11.82,24.73,0.85,9.35,0.89,535151358,45.0,MOD-00617,23.5,2025-11-06T11:47:37,2025-11-06T03:47:37,https://api.quant-aq.com/v1/devices/MOD-00617/data/535151200
1255.51,826.56,"{'lat': None, 'lon': None}","{'rh': 44.9, 'temp': 23.5, 'wd': 0.0, 'ws': 0.0, 'ws_scalar': 0.0}","{'gas': {'co': 13502, 'co2': 13264, 'no': 13590, 'no2': 13769, 'o3': 13749}, 'pm': {'pm1': 13212, 'pm10': 13214, 'pm25': 13213}}",6.73,11.9,24.47,0.98,1.63,1.07,535151359,44.9,MOD-00617,23.5,2025-11-06T11:46:37,2025-11-06T03:46:37,https://api.quant-aq.com/v1/devices/MOD-00617/data/535151204
1251.4,833.3,"{'lat': None, 'lon': None}","{'rh': 44.9, 'temp': 23.5, 'wd': 0.0, 'ws': 0.0, 'ws_scalar': 0.0}","{'gas': {'co': 13502, 'co2': 13264, 'no': 13590, 'no2': 13769, 'o3': 13749}, 'pm': {'pm1': 13212, 'pm10': 13214, 'pm25': 13213}}",6.71,11.79,24.47,1.06,1.1,1.1,535151356,44.9,MOD-00617,23.5,2025-11-06T11:45:37,2025-11-06T03:45:37,https://api.quant-aq.com/v1/devices/MOD-00617/data/535151199
1255.44,835.95,"{'lat': None, 'lon': None}","{'rh': 45.0, 'temp': 23.5, 'wd': 0.0, 'ws': 0.0, 'ws_scalar': 0.0}","{'gas': {'co': 13502, 'co2': 13264, 'no': 13590, 'no2': 13769, 'o3': 13749}, 'pm': {'pm1': 13212, 'pm10': 13214, 'pm25': 13213}}",6.71,11.87,24.73,1.05,6.47,1.06,535151360,45.0,MOD-00617,23.5,2025-11-06T11:44:37,2025-11-06T03:44:37,https://api.quant-aq.com/v1/devices/MOD-00617/data/535151202
1256.26,831.62,"{'lat': None, 'lon': None}","{'rh': 45.0, 'temp': 23.5, 'wd': 0.0, 'ws': 0.0, 'ws_scalar': 0.0}","{'gas': {'co': 13502, 'co2': 13264, 'no': 13590, 'no2': 13769, 'o3': 13749}, 'pm': {'pm1': 13212, 'pm10': 13214, 'pm25': 13213}}",6.69,11.58,24.44,1.24,1.5,1.37,535148563,45.0,MOD-00617,23.5,2025-11-06T11:43:37,2025-11-06T03:43:37,https://api.quant-aq.com/v1/devices/MOD-00617/data/535148405
1261.25,829.93,"{'lat': None, 'lon': None}","{'rh': 44.9, 'temp': 23.5, 'wd': 0.0, 'ws': 0.0, 'ws_scalar': 0.0}","{'gas': {'co': 13502, 'co2': 13264, 'no': 13590, 'no2': 13769, 'o3': 13749}, 'pm': {'pm1': 13212, 'pm10': 13214, 'pm25': 13213}}",6.71,11.81,24.76,0.81,0.82,0.82,535148562,44.9,MOD-00617,23.5,2025-11-06T11:42:37,2025-11-06T03:42:37,https://api.quant-aq.com/v1/devices/MOD-00617/data/535148406
1270.7,830.17,"{'lat': None, 'lon': None}","{'rh': 44.9, 'temp': 23.5, 'wd': 0.0, 'ws': 0.0, 'ws_scalar': 0.0}","{'gas': {'co': 13502, 'co2': 13264, 'no': 13590, 'no2': 13769, 'o3': 13749}, 'pm': {'pm1': 13212, 'pm10': 13214, 'pm25': 13213}}",6.71,11.81,24.47,0.7,0.74,0.74,535148561,44.9,MOD-00617,23.5,2025-11-06T11:41:37,2025-11-06T03:41:37,https://api.quant-aq.com/v1/devices/MOD-00617/data/535148404
1271.93,831.74,"{'lat': None, 'lon': None}","{'rh': 44.9, 'temp': 23.5, 'wd': 0.0, 'ws': 0.0, 'ws_scalar': 0.0}","{'gas': {'co': 13502, 'co2': 13264, 'no': 13590, 'no2': 13769, 'o3': 13749}, 'pm': {'pm1': 13212, 'pm10': 13214, 'pm25': 13213}}",6.75,11.79,24.47,0.77,2.86,0.82,535148559,44.9,MOD-00617,23.5,2025-11-06T11:40:37,2025-11-06T03:40:37,https://api.quant-aq.com/v1/devices/MOD-00617/data/535148402
1278.5,831.5,"{'lat': None, 'lon': None}","{'rh': 44.9, 'temp': 23.5, 'wd': 0.0, 'ws': 0.0, 'ws_scalar': 0.0}","{'gas': {'co': 13502, 'co2': 13264, 'no': 13590, 'no2': 13769, 'o3': 13749}, 'pm': {'pm1': 13212, 'pm10': 13214, 'pm25': 13213}}",6.71,11.81,24.18,0.92,6.15,0.98,535148560,44.9,MOD-00617,23.5,2025-11-06T11:39:37,2025-11-06T03:39:37,https://api.quant-aq.com/v1/devices/MOD-00617/data/535148403
1282.53,836.2,"{'lat': None, 'lon': None}","{'rh': 45.0, 'temp': 23.5, 'wd': 0.0, 'ws': 0.0, 'ws_scalar': 0.0}","{'gas': {'co': 13502, 'co2': 13264, 'no': 13590, 'no2': 13769, 'o3': 13749}, 'pm': {'pm1': 13212, 'pm10': 13214, 'pm25': 13213}}",6.71,11.82,25.31,0.79,6.8,0.83,535145841,45.0,MOD-00617,23.5,2025-11-06T11:38:37,2025-11-06T03:38:37,https://api.quant-aq.com/v1/devices/MOD-00617/data/535145684
1282.53,837.88,"{'lat': None, 'lon': None}","{'rh': 45.0, 'temp': 23.5, 'wd': 0.0, 'ws': 0.0, 'ws_scalar': 0.0}","{'gas': {'co': 13502, 'co2': 13264, 'no': 13590, 'no2': 13769, 'o3': 13749}, 'pm': {'pm1': 13212, 'pm10': 13214, 'pm25': 13213}}",6.69,11.87,24.15,0.7,7.93,0.78,535145842,45.0,MOD-00617,23.5,2025-11-06T11:37:37,2025-11-06T03:37:37,https://api.quant-aq.com/v1/devices/MOD-00617/data/535145685
1291.9,838.48,"{'lat': None, 'lon': None}","{'rh': 45.1, 'temp': 23.5, 'wd': 0.0, 'ws': 0.0, 'ws_scalar': 0.0}","{'gas': {'co': 13502, 'co2': 13264, 'no': 13590, 'no2': 13769, 'o3': 13749}, 'pm': {'pm1': 13212, 'pm10': 13214, 'pm25': 13213}}",6.7,11.82,24.7,0.64,0.69,0.69,535145839,45.1,MOD-00617,23.5,2025-11-06T11:36:37,2025-11-06T03:36:37,https://api.quant-aq.com/v1/devices/MOD-00617/data/535145681
1291.08,835.35,"{'lat': None, 'lon': None}","{'rh': 45.1, 'temp': 23.5, 'wd': 0.0, 'ws': 0.0, 'ws_scalar': 0.0}","{'gas': {'co': 13502, 'co2': 13264, 'no': 13590, 'no2': 13769, 'o3': 13749}, 'pm': {'pm1': 13212, 'pm10': 13214, 'pm25': 13213}}",6.23,11.26,24.41,0.94,2.82,0.98,535145840,45.1,MOD-00617,23.5,2025-11-06T11:35:37,2025-11-06T03:35:37,https://api.quant-aq.com/v1/devices/MOD-00617/data/535145683
1299.29,833.79,"{'lat': None, 'lon': None}","{'rh': 45.1, 'temp': 23.5, 'wd': 0.0, 'ws': 0.0, 'ws_scalar': 0.0}","{'gas': {'co': 13502, 'co2': 13264, 'no': 13590, 'no2': 13769, 'o3': 13749}, 'pm': {'pm1': 13212, 'pm10': 13214, 'pm25': 13213}}",6.7,11.77,24.12,0.82,0.85,0.85,535145838,45.1,MOD-00617,23.5,2025-11-06T11:34:37,2025-11-06T03:34:37,https://api.quant-aq.com/v1/devices/MOD-00617/data/535145682
1296.42,831.14,"{'lat': None, 'lon': None}","{'rh': 45.1, 'temp': 23.5, 'wd': 0.0, 'ws': 0.0, 'ws_scalar': 0.0}","{'gas': {'co': 13502, 'co2': 13264, 'no': 13590, 'no2': 13769, 'o3': 13749}, 'pm': {'pm1': 13212, 'pm10': 13214, 'pm25': 13213}}",6.68,11.52,24.99,0.69,0.7,0.7,535143053,45.1,MOD-00617,23.5,2025-11-06T11:33:37,2025-11-06T03:33:37,https://api.quant-aq.com/v1/devices/MOD-00617/data/535142900
1296.01,830.77,"{'lat': None, 'lon': None}","{'rh': 45.1, 'temp': 23.5, 'wd': 0.0, 'ws': 0.0, 'ws_scalar': 0.0}","{'gas': {'co': 13502, 'co2': 13264, 'no': 13590, 'no2': 13769, 'o3': 13749}, 'pm': {'pm1': 13212, 'pm10': 13214, 'pm25': 13213}}",6.23,11.77,24.99,1.08,1.11,1.11,535143052,45.1,MOD-00617,23.5,2025-11-06T11:32:37,2025-11-06T03:32:37,https://api.quant-aq.com/v1/devices/MOD-00617/data/535142896
1301.75,826.92,"{'lat': None, 'lon': None}","{'rh': 45.1, 'temp': 23.5, 'wd': 0.0, 'ws': 0.0, 'ws_scalar': 0.0}","{'gas': {'co': 13502, 'co2': 13264, 'no': 13590, 'no2': 13769, 'o3': 13749}, 'pm': {'pm1': 13212, 'pm10': 13214, 'pm25': 13213}}",6.68,11.67,24.99,0.86,1.52,0.96,535143050,45.1,MOD-00617,23.5,2025-11-06T11:31:37,2025-11-06T03:31:37,https://api.quant-aq.com/v1/devices/MOD-00617/data/535142895
1305.45,828.37,"{'lat': None, 'lon': None}","{'rh': 45.1, 'temp': 23.5, 'wd': 0.0, 'ws': 0.0, 'ws_scalar': 0.0}","{'gas': {'co': 13502, 'co2': 13264, 'no': 13590, 'no2': 13769, 'o3': 13749}, 'pm': {'pm1': 13212, 'pm10': 13214, 'pm25': 13213}}",6.23,10.88,24.7,1.01,1.61,1.05,535143049,45.1,MOD-00617,23.5,2025-11-06T11:30:37,2025-11-06T03:30:37,https://api.quant-aq.com/v1/devices/MOD-00617/data/535142892
1306.27,834.27,"{'lat': None, 'lon': None}","{'rh': 45.1, 'temp': 23.5, 'wd': 0.0, 'ws': 0.0, 'ws_scalar': 0.0}","{'gas': {'co': 13502, 'co2': 13264, 'no': 13590, 'no2': 13769, 'o3': 13749}, 'pm': {'pm1': 13212, 'pm10': 13214, 'pm25': 13213}}",6.23,11.77,24.12,0.92,0.93,0.93,535143051,45.1,MOD-00617,23.5,2025-11-06T11:29:37,2025-11-06T03:29:37,https://api.quant-aq.com/v1/devices/MOD-00617/data/535142893
1310.71,831.74,"{'lat': None, 'lon': None}","{'rh': 45.2, 'temp': 23.5, 'wd': 0.0, 'ws': 0.0, 'ws_scalar': 0.0}","{'gas': {'co': 13502, 'co2': 13264, 'no': 13590, 'no2': 13769, 'o3': 13749}, 'pm': {'pm1': 13212, 'pm10': 13214, 'pm25': 13213}}",6.63,11.58,24.67,0.83,1.06,0.89,535140335,45.2,MOD-00617,23.5,2025-11-06T11:28:37,2025-11-06T03:28:37,https://api.quant-aq.com/v1/devices/MOD-00617/data/535140178
1309.55,829.81,"{'lat': None, 'lon': None}","{'rh': 45.1, 'temp': 23.5, 'wd': 0.0, 'ws': 0.0, 'ws_scalar': 0.0}","{'gas': {'co': 13502, 'co2': 13264, 'no': 13590, 'no2': 13769, 'o3': 13749}, 'pm': {'pm1': 13212, 'pm10': 13214, 'pm25': 13213}}",6.68,11.82,24.7,0.78,10.81,0.8,535140331,45.1,MOD-00617,23.5,2025-11-06T11:27:37,2025-11-06T03:27:37,https://api.quant-aq.com/v1/devices/MOD-00617/data/535140174
1306.2,833.91,"{'lat': None, 'lon': None}","{'rh': 45.2, 'temp': 23.5, 'wd': 0.0, 'ws': 0.0, 'ws_scalar': 0.0}","{'gas': {'co': 13502, 'co2': 13264, 'no': 13590, 'no2': 13769, 'o3': 13749}, 'pm': {'pm1': 13212, 'pm10': 13214, 'pm25': 13213}}",6.67,11.67,24.96,0.89,0.89,0.89,535140332,45.2,MOD-00617,23.5,2025-11-06T11:26:37,2025-11-06T03:26:37,https://api.quant-aq.com/v1/devices/MOD-00617/data/535140175
1310.71,830.41,"{'lat': None, 'lon': None}","{'rh': 45.2, 'temp': 23.5, 'wd': 0.0, 'ws': 0.0, 'ws_scalar': 0.0}","{'gas': {'co': 13502, 'co2': 13264, 'no': 13590, 'no2': 13769, 'o3': 13749}, 'pm': {'pm1': 13212, 'pm10': 13214, 'pm25': 13213}}",6.2,11.43,24.96,0.92,1.2,0.97,535140333,45.2,MOD-00617,23.5,2025-11-06T11:25:37,2025-11-06T03:25:37,https://api.quant-aq.com/v1/devices/MOD-00617/data/535140177
1307.5,831.5,"{'lat': None, 'lon': None}","{'rh': 45.1, 'temp': 23.5, 'wd': 0.0, 'ws': 0.0, 'ws_scalar': 0.0}","{'gas': {'co': 13502, 'co2': 13264, 'no': 13590, 'no2': 13769, 'o3': 13749}, 'pm': {'pm1': 13212, 'pm10': 13214, 'pm25': 13213}}",6.7,11.52,24.41,1.29,1.68,1.31,535140334,45.1,MOD-00617,23.5,2025-11-06T11:24:37,2025-11-06T03:24:37,https://api.quant-aq.com/v1/devices/MOD-00617/data/535140176
1301.34,829.93,"{'lat': None, 'lon': None}","{'rh': 45.1, 'temp': 23.5, 'wd': 0.0, 'ws': 0.0, 'ws_scalar': 0.0}","{'gas': {'co': 13502, 'co2': 13264, 'no': 13590, 'no2': 13769, 'o3': 13749}, 'pm': {'pm1': 13212, 'pm10': 13214, 'pm25': 13213}}",6.66,11.77,24.41,1.0,1.1,1.06,535137531,45.1,MOD-00617,23.5,2025-11-06T11:23:37,2025-11-06T03:23:37,https://api.quant-aq.com/v1/devices/MOD-00617/data/535137374
1304.97,840.17,"{'lat': None, 'lon': None}","{'rh': 45.2, 'temp': 23.5, 'wd': 0.0, 'ws': 0.0, 'ws_scalar': 0.0}","{'gas': {'co': 13502, 'co2': 13264, 'no': 13590, 'no2': 13769, 'o3': 13749}, 'pm': {'pm1': 13212, 'pm10': 13214, 'pm25': 13213}}",6.63,11.58,24.38,0.93,1.49,0.97,535137532,45.2,MOD-00617,23.5,2025-11-06T11:22:37,2025-11-06T03:22:37,https://api.quant-aq.com/v1/devices/MOD-00617/data/535137376
1304.56,834.51,"{'lat': None, 'lon': None}","{'rh': 45.2, 'temp': 23.5, 'wd': 0.0, 'ws': 0.0, 'ws_scalar': 0.0}","{'gas': {'co': 13502, 'co2': 13264, 'no': 13590, 'no2': 13769, 'o3': 13749}, 'pm': {'pm1': 13212, 'pm10': 13214, 'pm25': 13213}}",6.63,11.58,24.67,0.76,2.7,0.79,535137529,45.2,MOD-00617,23.5,2025-11-06T11:21:37,2025-11-06T03:21:37,https://api.quant-aq.com/v1/devices/MOD-00617/data/535137372
1304.56,840.05,"{'lat': None, 'lon': None}","{'rh': 45.2, 'temp': 23.5, 'wd': 0.0, 'ws': 0.0, 'ws_scalar': 0.0}","{'gas': {'co': 13502, 'co2': 13264, 'no': 13590, 'no2': 13769, 'o3': 13749}, 'pm': {'pm1': 13212, 'pm10': 13214, 'pm25': 13213}}",6.16,11.43,25.25,0.78,0.82,0.82,535137533,45.2,MOD-00617,23.5,2025-11-06T11:20:37,2025-11-06T03:20:37,https://api.quant-aq.com/v1/devices/MOD-00617/data/535137373
1294.22,839.57,"{'lat': None, 'lon': None}","{'rh': 45.3, 'temp': 23.5, 'wd': 0.0, 'ws': 0.0, 'ws_scalar': 0.0}","{'gas': {'co': 13502, 'co2': 13264, 'no': 13590, 'no2': 13769, 'o3': 13749}, 'pm': {'pm1': 13212, 'pm10': 13214, 'pm25': 13213}}",6.15,11.46,24.64,0.96,6.22,0.97,535137530,45.3,MOD-00617,23.5,2025-11-06T11:19:37,2025-11-06T03:19:37,https://api.quant-aq.com/v1/devices/MOD-00617/data/535137375
1301.61,846.19,"{'lat': None, 'lon': None}","{'rh': 45.3, 'temp': 23.5, 'wd': 0.0, 'ws': 0.0, 'ws_scalar': 0.0}","{'gas': {'co': 13502, 'co2': 13264, 'no': 13590, 'no2': 13769, 'o3': 13749}, 'pm': {'pm1': 13212, 'pm10': 13214, 'pm25': 13213}}",6.14,11.32,25.51,1.09,1.15,1.15,535134813,45.3,MOD-00617,23.5,2025-11-06T11:18:37,2025-11-06T03:18:37,https://api.quant-aq.com/v1/devices/MOD-00617/data/535134660
1301.68,841.62,"{'lat': None, 'lon': None}","{'rh': 45.2, 'temp': 23.5, 'wd': 0.0, 'ws': 0.0, 'ws_scalar': 0.0}","{'gas': {'co': 13502, 'co2': 13264, 'no': 13590, 'no2': 13769, 'o3': 13749}, 'pm': {'pm1': 13212, 'pm10': 13214, 'pm25': 13213}}",6.18,11.73,24.67,1.37,1.38,1.38,535134820,45.2,MOD-00617,23.5,2025-11-06T11:17:37,2025-11-06T03:17:37,https://api.quant-aq.com/v1/devices/MOD-00617/data/535134665
1296.01,822.95,"{'lat': None, 'lon': None}","{'rh': 45.1, 'temp': 23.5, 'wd': 0.0, 'ws': 0.0, 'ws_scalar': 0.0}","{'gas': {'co': 13502, 'co2': 13264, 'no': 13590, 'no2': 13769, 'o3': 13749}, 'pm': {'pm1': 13212, 'pm10': 13214, 'pm25': 13213}}",6.21,11.52,24.7,1.11,1.25,1.2,535134818,45.1,MOD-00617,23.5,2025-11-06T11:16:37,2025-11-06T03:16:37,https://api.quant-aq.com/v1/devices/MOD-00617/data/535134664
1303.88,816.2,"{'lat': None, 'lon': None}","{'rh': 45.0, 'temp': 23.5, 'wd': 0.0, 'ws': 0.0, 'ws_scalar': 0.0}","{'gas': {'co': 13502, 'co2': 13264, 'no': 13590, 'no2': 13769, 'o3': 13749}, 'pm': {'pm1': 13212, 'pm10': 13214, 'pm25': 13213}}",6.21,11.58,24.44,1.3,1.31,1.31,535134816,45.0,MOD-00617,23.5,2025-11-06T11:15:37,2025-11-06T03:15:37,https://api.quant-aq.com/v1/devices/MOD-00617/data/535134662
1308.8,817.53,"{'lat': None, 'lon': None}","{'rh': 45.0, 'temp': 23.5, 'wd': 0.0, 'ws': 0.0, 'ws_scalar': 0.0}","{'gas': {'co': 13502, 'co2': 13264, 'no': 13590, 'no2': 13769, 'o3': 13749}, 'pm': {'pm1': 13212, 'pm10': 13214, 'pm25': 13213}}",6.23,11.82,23.86,1.1,1.63,1.14,535134811,45.0,MOD-00617,23.5,2025-11-06T11:14:37,2025-11-06T03:14:37,https://api.quant-aq.com/v1/devices/MOD-00617/data/535134657
1319.4,824.75,"{'lat': None, 'lon': None}","{'rh': 45.1, 'temp': 23.5, 'wd': 0.0, 'ws': 0.0, 'ws_scalar': 0.0}","{'gas': {'co': 13502, 'co2': 13264, 'no': 13590, 'no2': 13769, 'o3': 13749}, 'pm': {'pm1': 13212, 'pm10': 13214, 'pm25': 13213}}",6.19,11.67,24.7,1.11,1.14,1.14,535131998,45.1,MOD-00617,23.5,2025-11-06T11:13:37,2025-11-06T03:13:37,https://api.quant-aq.com/v1/devices/MOD-00617/data/535131837
1312.77,830.17,"{'lat': None, 'lon': None}","{'rh': 45.2, 'temp': 23.5, 'wd': 0.0, 'ws': 0.0, 'ws_scalar': 0.0}","{'gas': {'co': 13502, 'co2': 13264, 'no': 13590, 'no2': 13769, 'o3': 13749}, 'pm': {'pm1': 13212, 'pm10': 13214, 'pm25': 13213}}",6.18,11.67,24.96,1.42,7.32,1.52,535131990,45.2,MOD-00617,23.5,2025-11-06T11:12:37,2025-11-06T03:12:37,https://api.quant-aq.com/v1/devices/MOD-00617/data/535131833
1317.35,822.46,"{'lat': None, 'lon': None}","{'rh': 45.1, 'temp': 23.5, 'wd': 0.0, 'ws': 0.0, 'ws_scalar': 0.0}","{'gas': {'co': 13502, 'co2': 13264, 'no': 13590, 'no2': 13769, 'o3': 13749}, 'pm': {'pm1': 13212, 'pm10': 13214, 'pm25': 13213}}",6.21,11.77,24.7,1.13,3.1,1.19,535131979,45.1,MOD-00617,23.5,2025-11-06T11:11:37,2025-11-06T03:11:37,https://api.quant-aq.com/v1/devices/MOD-00617/data/535131824
1315.71,825.6,"{'lat': None, 'lon': None}","{'rh': 45.1, 'temp': 23.5, 'wd': 0.0, 'ws': 0.0, 'ws_scalar': 0.0}","{'gas': {'co': 13502, 'co2': 13264, 'no': 13590, 'no2': 13769, 'o3': 13749}, 'pm': {'pm1': 13212, 'pm10': 13214, 'pm25': 13213}}",6.19,11.52,24.99,1.06,1.27,1.09,535131978,45.1,MOD-00617,23.5,2025-11-06T11:10:37,2025-11-06T03:10:37,https://api.quant-aq.com/v1/devices/MOD-00617/data/535131820
1317.42,823.31,"{'lat': None, 'lon': None}","{'rh': 45.0, 'temp': 23.5, 'wd': 0.0, 'ws': 0.0, 'ws_scalar': 0.0}","{'gas': {'co': 13502, 'co2': 13264, 'no': 13590, 'no2': 13769, 'o3': 13749}, 'pm': {'pm1': 13212, 'pm10': 13214, 'pm25': 13213}}",6.23,11.34,24.44,1.07,1.11,1.11,535131977,45.0,MOD-00617,23.5,2025-11-06T11:09:37,2025-11-06T03:09:37,https://api.quant-aq.com/v1/devices/MOD-00617/data/535131821
1317.76,826.68,"{'lat': None, 'lon': None}","{'rh': 45.1, 'temp': 23.5, 'wd': 0.0, 'ws': 0.0, 'ws_scalar': 0.0}","{'gas': {'co': 13502, 'co2': 13264, 'no': 13590, 'no2': 13769, 'o3': 13749}, 'pm': {'pm1': 13212, 'pm10': 13214, 'pm25': 13213}}",6.19,11.82,24.99,0.99,1.1,1.06,535129220,45.1,MOD-00617,23.5,2025-11-06T11:08:37,2025-11-06T03:08:37,https://api.quant-aq.com/v1/devices/MOD-00617/data/535129063
1318.99,828.49,"{'lat': None, 'lon': None}","{'rh': 45.1, 'temp': 23.5, 'wd': 0.0, 'ws': 0.0, 'ws_scalar': 0.0}","{'gas': {'co': 13502, 'co2': 13264, 'no': 13590, 'no2': 13769, 'o3': 13749}, 'pm': {'pm1': 13212, 'pm10': 13214, 'pm25': 13213}}",6.68,11.77,24.41,1.2,1.26,1.26,535129221,45.1,MOD-00617,23.5,2025-11-06T11:07:37,2025-11-06T03:07:37,https://api.quant-aq.com/v1/devices/MOD-00617/data/535129064
1317.76,828.0,"{'lat': None, 'lon': None}","{'rh': 45.1, 'temp': 23.5, 'wd': 0.0, 'ws': 0.0, 'ws_scalar': 0.0}","{'gas': {'co': 13502, 'co2': 13264, 'no': 13590, 'no2': 13769, 'o3': 13749}, 'pm': {'pm1': 13212, 'pm10': 13214, 'pm25': 13213}}",6.23,11.84,24.41,1.56,2.27,1.65,535129218,45.1,MOD-00617,23.5,2025-11-06T11:06:37,2025-11-06T03:06:37,https://api.quant-aq.com/v1/devices/MOD-00617/data/535129061
1314.55,828.85,"{'lat': None, 'lon': None}","{'rh': 45.0, 'temp': 23.5, 'wd': 0.0, 'ws': 0.0, 'ws_scalar': 0.0}","{'gas': {'co': 13502, 'co2': 13264, 'no': 13590, 'no2': 13769, 'o3': 13749}, 'pm': {'pm1': 13212, 'pm10': 13214, 'pm25': 13213}}",6.19,10.99,25.02,1.17,1.44,1.25,535129219,45.0,MOD-00617,23.5,2025-11-06T11:05:37,2025-11-06T03:05:37,https://api.quant-aq.com/v1/devices/MOD-00617/data/535129062
1320.23,836.68,"{'lat': None, 'lon': None}","{'rh': 45.1, 'temp': 23.5, 'wd': 0.0, 'ws': 0.0, 'ws_scalar': 0.0}","{'gas': {'co': 13502, 'co2': 13264, 'no': 13590, 'no2': 13769, 'o3': 13749}, 'pm': {'pm1': 13212, 'pm10': 13214, 'pm25': 13213}}",6.21,11.82,24.41,1.1,6.41,1.16,535129217,45.1,MOD-00617,23.5,2025-11-06T11:04:37,2025-11-06T03:04:37,https://api.quant-aq.com/v1/devices/MOD-00617/data/535129060
1310.78,831.26,"{'lat': None, 'lon': None}","{'rh': 45.1, 'temp': 23.5, 'wd': 0.0, 'ws': 0.0, 'ws_scalar': 0.0}","{'gas': {'co': 13502, 'co2': 13264, 'no': 13590, 'no2': 13769, 'o3': 13749}, 'pm': {'pm1': 13212, 'pm10': 13214, 'pm25': 13213}}",6.23,11.52,24.7,0.91,1.54,0.98,535126434,45.1,MOD-00617,23.5,2025-11-06T11:03:37,2025-11-06T03:03:37,https://api.quant-aq.com/v1/devices/MOD-00617/data/535126279
1307.98,826.44,"{'lat': None, 'lon': None}","{'rh': 45.0, 'temp': 23.5, 'wd': 0.0, 'ws': 0.0, 'ws_scalar': 0.0}","{'gas': {'co': 13502, 'co2': 13264, 'no': 13590, 'no2': 13769, 'o3': 13749}, 'pm': {'pm1': 13212, 'pm10': 13214, 'pm25': 13213}}",6.23,11.82,24.44,1.08,1.62,1.1,535126430,45.0,MOD-00617,23.5,2025-11-06T11:02:37,2025-11-06T03:02:37,https://api.quant-aq.com/v1/devices/MOD-00617/data/535126275
1320.71,826.2,"{'lat': None, 'lon': None}","{'rh': 45.0, 'temp': 23.5, 'wd': 0.0, 'ws': 0.0, 'ws_scalar': 0.0}","{'gas': {'co': 13502, 'co2': 13264, 'no': 13590, 'no2': 13769, 'o3': 13749}, 'pm': {'pm1': 13212, 'pm10': 13214, 'pm25': 13213}}",6.25,11.73,24.73,1.32,1.43,1.39,535126428,45.0,MOD-00617,23.5,2025-11-06T11:01:37,2025-11-06T03:01:37,https://api.quant-aq.com/v1/devices/MOD-00617/data/535126271
1315.3,828.0,"{'lat': None, 'lon': None}","{'rh': 45.1, 'temp': 23.5, 'wd': 0.0, 'ws': 0.0, 'ws_scalar': 0.0}","{'gas': {'co': 13502, 'co2': 13264, 'no': 13590, 'no2': 13769, 'o3': 13749}, 'pm': {'pm1': 13212, 'pm10': 13214, 'pm25': 13213}}",6.14,11.67,24.7,0.92,1.16,0.97,535126431,45.1,MOD-00617,23.5,2025-11-06T11:00:37,2025-11-06T03:00:37,https://api.quant-aq.com/v1/devices/MOD-00617/data/535126273
1326.79,827.52,"{'lat': None, 'lon': None}","{'rh': 45.1, 'temp': 23.5, 'wd': 0.0, 'ws': 0.0, 'ws_scalar': 0.0}","{'gas': {'co': 13502, 'co2': 13264, 'no': 13590, 'no2': 13769, 'o3': 13749}, 'pm': {'pm1': 13212, 'pm10': 13214, 'pm25': 13213}}",6.66,11.77,24.99,0.96,4.79,1.03,535126429,45.1,MOD-00617,23.5,2025-11-06T10:59:37,2025-11-06T02:59:37,https://api.quant-aq.com/v1/devices/MOD-00617/data/535126272
1331.79,822.34,"{'lat': None, 'lon': None}","{'rh': 45.0, 'temp': 23.5, 'wd': 0.0, 'ws': 0.0, 'ws_scalar': 0.0}","{'gas': {'co': 13502, 'co2': 13264, 'no': 13590, 'no2': 13769, 'o3': 13749}, 'pm': {'pm1': 13212, 'pm10': 13214, 'pm25': 13213}}",6.23,11.34,24.73,0.67,6.02,0.72,535123687,45.0,MOD-00617,23.5,2025-11-06T10:58:37,2025-11-06T02:58:37,https://api.quant-aq.com/v1/devices/MOD-00617/data/535123531
1339.59,816.56,"{'lat': None, 'lon': None}","{'rh': 45.0, 'temp': 23.5, 'wd': 0.0, 'ws': 0.0, 'ws_scalar': 0.0}","{'gas': {'co': 13502, 'co2': 13264, 'no': 13590, 'no2': 13769, 'o3': 13749}, 'pm': {'pm1': 13212, 'pm10': 13214, 'pm25': 13213}}",6.25,11.87,24.73,0.79,1.37,0.83,535123688,45.0,MOD-00617,23.5,2025-11-06T10:57:37,2025-11-06T02:57:37,https://api.quant-aq.com/v1/devices/MOD-00617/data/535123530
1349.03,823.07,"{'lat': None, 'lon': None}","{'rh': 45.0, 'temp': 23.5, 'wd': 0.0, 'ws': 0.0, 'ws_scalar': 0.0}","{'gas': {'co': 13502, 'co2': 13264, 'no': 13590, 'no2': 13769, 'o3': 13749}, 'pm': {'pm1': 13212, 'pm10': 13214, 'pm25': 13213}}",6.69,11.82,24.73,0.74,1.3,0.78,535123689,45.0,MOD-00617,23.5,2025-11-06T10:56:37,2025-11-06T02:56:37,https://api.quant-aq.com/v1/devices/MOD-00617/data/535123532
1361.69,825.72,"{'lat': None, 'lon': None}","{'rh': 45.1, 'temp': 23.5, 'wd': 0.0, 'ws': 0.0, 'ws_scalar': 0.0}","{'gas': {'co': 13502, 'co2': 13264, 'no': 13590, 'no2': 13769, 'o3': 13749}, 'pm': {'pm1': 13212, 'pm10': 13214, 'pm25': 13213}}",6.66,11.77,24.12,0.85,0.86,0.86,535123686,45.1,MOD-00617,23.5,2025-11-06T10:55:37,2025-11-06T02:55:37,https://api.quant-aq.com/v1/devices/MOD-00617/data/535123529
1365.04,825.84,"{'lat': None, 'lon': None}","{'rh': 45.0, 'temp': 23.5, 'wd': 0.0, 'ws': 0.0, 'ws_scalar': 0.0}","{'gas': {'co': 13502, 'co2': 13264, 'no': 13590, 'no2': 13769, 'o3': 13749}, 'pm': {'pm1': 13212, 'pm10': 13214, 'pm25': 13213}}",6.23,11.82,25.02,0.89,0.93,0.93,535123690,45.0,MOD-00617,23.5,2025-11-06T10:54:37,2025-11-06T02:54:37,https://api.quant-aq.com/v1/devices/MOD-00617/data/535123533
1382.28,827.16,"{'lat': None, 'lon': None}","{'rh': 45.0, 'temp': 23.5, 'wd': 0.0, 'ws': 0.0, 'ws_scalar': 0.0}","{'gas': {'co': 13502, 'co2': 13264, 'no': 13590, 'no2': 13769, 'o3': 13749}, 'pm': {'pm1': 13212, 'pm10': 13214, 'pm25': 13213}}",6.71,11.82,24.44,0.88,4.9,0.96,535120882,45.0,MOD-00617,23.5,2025-11-06T10:53:37,2025-11-06T02:53:37,https://api.quant-aq.com/v1/devices/MOD-00617/data/535120733
1387.14,823.91,"{'lat': None, 'lon': None}","{'rh': 45.1, 'temp': 23.5, 'wd': 0.0, 'ws': 0.0, 'ws_scalar': 0.0}","{'gas': {'co': 13502, 'co2': 13264, 'no': 13590, 'no2': 13769, 'o3': 13749}, 'pm': {'pm1': 13212, 'pm10': 13214, 'pm25': 13213}}",6.68,11.77,24.7,0.84,0.86,0.86,535120885,45.1,MOD-00617,23.5,2025-11-06T10:52:37,2025-11-06T02:52:37,https://api.quant-aq.com/v1/devices/MOD-00617/data/535120735
1394.19,824.87,"{'lat': None, 'lon': None}","{'rh': 45.0, 'temp': 23.5, 'wd': 0.0, 'ws': 0.0, 'ws_scalar': 0.0}","{'gas': {'co': 13502, 'co2': 13264, 'no': 13590, 'no2': 13769, 'o3': 13749}, 'pm': {'pm1': 13212, 'pm10': 13214, 'pm25': 13213}}",6.25,11.82,25.02,1.01,1.87,1.14,535120879,45.0,MOD-00617,23.5,2025-11-06T10:51:37,2025-11-06T02:51:37,https://api.quant-aq.com/v1/devices/MOD-00617/data/535120726
1408.63,825.35,"{'lat': None, 'lon': None}","{'rh': 44.9, 'temp': 23.5, 'wd': 0.0, 'ws': 0.0, 'ws_scalar': 0.0}","{'gas': {'co': 13502, 'co2': 13264, 'no': 13590, 'no2': 13769, 'o3': 13749}, 'pm': {'pm1': 13212, 'pm10': 13214, 'pm25': 13213}}",6.69,11.95,24.76,0.77,3.1,0.79,535120887,44.9,MOD-00617,23.5,2025-11-06T10:50:37,2025-11-06T02:50:37,https://api.quant-aq.com/v1/devices/MOD-00617/data/535120737
1416.09,819.09,"{'lat': None, 'lon': None}","{'rh': 44.8, 'temp': 23.5, 'wd': 0.0, 'ws': 0.0, 'ws_scalar': 0.0}","{'gas': {'co': 13502, 'co2': 13264, 'no': 13590, 'no2': 13769, 'o3': 13749}, 'pm': {'pm1': 13212, 'pm10': 13214, 'pm25': 13213}}",6.75,11.83,24.5,1.05,3.18,1.11,535120880,44.8,MOD-00617,23.5,2025-11-06T10:49:37,2025-11-06T02:49:37,https://api.quant-aq.com/v1/devices/MOD-00617/data/535120729
1422.73,821.98,"{'lat': None, 'lon': None}","{'rh': 44.7, 'temp': 23.5, 'wd': 0.0, 'ws': 0.0, 'ws_scalar': 0.0}","{'gas': {'co': 13502, 'co2': 13264, 'no': 13590, 'no2': 13769, 'o3': 13749}, 'pm': {'pm1': 13212, 'pm10': 13214, 'pm25': 13213}}",6.77,11.76,24.53,0.92,1.8,1.0,535118144,44.7,MOD-00617,23.5,2025-11-06T10:48:37,2025-11-06T02:48:37,https://api.quant-aq.com/v1/devices/MOD-00617/data/535117987
1433.03,821.86,"{'lat': None, 'lon': None}","{'rh': 44.8, 'temp': 23.6, 'wd': 0.0, 'ws': 0.0, 'ws_scalar': 0.0}","{'gas': {'co': 13502, 'co2': 13264, 'no': 13590, 'no2': 13769, 'o3': 13749}, 'pm': {'pm1': 13212, 'pm10': 13214, 'pm25': 13213}}",6.81,12.83,24.8,0.8,0.91,0.87,535118142,44.8,MOD-00617,23.6,2025-11-06T10:47:37,2025-11-06T02:47:37,https://api.quant-aq.com/v1/devices/MOD-00617/data/535117985
1453.14,826.08,"{'lat': None, 'lon': None}","{'rh': 44.8, 'temp': 23.6, 'wd': 0.0, 'ws': 0.0, 'ws_scalar': 0.0}","{'gas': {'co': 13502, 'co2': 13264, 'no': 13590, 'no2': 13769, 'o3': 13749}, 'pm': {'pm1': 13212, 'pm10': 13214, 'pm25': 13213}}",6.31,12.59,24.8,1.04,3.87,1.11,535118143,44.8,MOD-00617,23.6,2025-11-06T10:46:37,2025-11-06T02:46:37,https://api.quant-aq.com/v1/devices/MOD-00617/data/535117986
1461.76,823.79,"{'lat': None, 'lon': None}","{'rh': 44.8, 'temp': 23.6, 'wd': 0.0, 'ws': 0.0, 'ws_scalar': 0.0}","{'gas': {'co': 13502, 'co2': 13264, 'no': 13590, 'no2': 13769, 'o3': 13749}, 'pm': {'pm1': 13212, 'pm10': 13214, 'pm25': 13213}}",6.76,12.83,25.09,1.03,1.75,1.05,535118141,44.8,MOD-00617,23.6,2025-11-06T10:45:37,2025-11-06T02:45:37,https://api.quant-aq.com/v1/devices/MOD-00617/data/535117984
1472.92,820.3,"{'lat': None, 'lon': None}","{'rh': 44.7, 'temp': 23.6, 'wd': 0.0, 'ws': 0.0, 'ws_scalar': 0.0}","{'gas': {'co': 13502, 'co2': 13264, 'no': 13590, 'no2': 13769, 'o3': 13749}, 'pm': {'pm1': 13212, 'pm10': 13214, 'pm25': 13213}}",6.77,12.69,24.54,0.74,6.22,0.84,535118140,44.7,MOD-00617,23.6,2025-11-06T10:44:37,2025-11-06T02:44:37,https://api.quant-aq.com/v1/devices/MOD-00617/data/535117983
1484.0,812.59,"{'lat': None, 'lon': None}","{'rh': 44.7, 'temp': 23.6, 'wd': 0.0, 'ws': 0.0, 'ws_scalar': 0.0}","{'gas': {'co': 13502, 'co2': 13264, 'no': 13590, 'no2': 13769, 'o3': 13749}, 'pm': {'pm1': 13212, 'pm10': 13214, 'pm25': 13213}}",6.31,12.3,24.83,0.75,1.28,0.76,535115431,44.7,MOD-00617,23.6,2025-11-06T10:43:37,2025-11-06T02:43:37,https://api.quant-aq.com/v1/devices/MOD-00617/data/535115274
1492.28,809.94,"{'lat': None, 'lon': None}","{'rh': 44.6, 'temp': 23.6, 'wd': 0.0, 'ws': 0.0, 'ws_scalar': 0.0}","{'gas': {'co': 13502, 'co2': 13264, 'no': 13590, 'no2': 13769, 'o3': 13749}, 'pm': {'pm1': 13212, 'pm10': 13214, 'pm25': 13213}}",6.32,11.93,24.57,0.94,11.12,0.98,535115429,44.6,MOD-00617,23.6,2025-11-06T10:42:37,2025-11-06T02:42:37,https://api.quant-aq.com/v1/devices/MOD-00617/data/535115272
1495.57,814.39,"{'lat': None, 'lon': None}","{'rh': 44.6, 'temp': 23.6, 'wd': 0.0, 'ws': 0.0, 'ws_scalar': 0.0}","{'gas': {'co': 13502, 'co2': 13264, 'no': 13590, 'no2': 13769, 'o3': 13749}, 'pm': {'pm1': 13212, 'pm10': 13214, 'pm25': 13213}}",6.79,11.93,24.57,0.73,0.77,0.77,535115433,44.6,MOD-00617,23.6,2025-11-06T10:41:37,2025-11-06T02:41:37,https://api.quant-aq.com/v1/devices/MOD-00617/data/535115276
1502.13,816.44,"{'lat': None, 'lon': None}","{'rh': 44.6, 'temp': 23.6, 'wd': 0.0, 'ws': 0.0, 'ws_scalar': 0.0}","{'gas': {'co': 13502, 'co2': 13264, 'no': 13590, 'no2': 13769, 'o3': 13749}, 'pm': {'pm1': 13212, 'pm10': 13214, 'pm25': 13213}}",6.79,12.17,23.99,0.72,0.82,0.78,535115432,44.6,MOD-00617,23.6,2025-11-06T10:40:37,2025-11-06T02:40:37,https://api.quant-aq.com/v1/devices/MOD-00617/data/535115275
1515.68,816.68,"{'lat': None, 'lon': None}","{'rh': 44.6, 'temp': 23.6, 'wd': 0.0, 'ws': 0.0, 'ws_scalar': 0.0}","{'gas': {'co': 13502, 'co2': 13264, 'no': 13590, 'no2': 13769, 'o3': 13749}, 'pm': {'pm1': 13212, 'pm10': 13214, 'pm25': 13213}}",6.79,11.69,24.57,1.01,1.02,1.02,535115430,44.6,MOD-00617,23.6,2025-11-06T10:39:37,2025-11-06T02:39:37,https://api.quant-aq.com/v1/devices/MOD-00617/data/535115273
1523.41,815.72,"{'lat': None, 'lon': None}","{'rh': 44.7, 'temp': 23.6, 'wd': 0.0, 'ws': 0.0, 'ws_scalar': 0.0}","{'gas': {'co': 13502, 'co2': 13264, 'no': 13590, 'no2': 13769, 'o3': 13749}, 'pm': {'pm1': 13212, 'pm10': 13214, 'pm25': 13213}}",6.77,12.69,24.54,0.92,1.43,0.93,535112691,44.7,MOD-00617,23.6,2025-11-06T10:38:37,2025-11-06T02:38:37,https://api.quant-aq.com/v1/devices/MOD-00617/data/535112534
1525.53,817.53,"{'lat': None, 'lon': None}","{'rh': 44.6, 'temp': 23.6, 'wd': 0.0, 'ws': 0.0, 'ws_scalar': 0.0}","{'gas': {'co': 13502, 'co2': 13264, 'no': 13590, 'no2': 13769, 'o3': 13749}, 'pm': {'pm1': 13212, 'pm10': 13214, 'pm25': 13213}}",6.82,11.69,24.57,0.81,1.39,0.86,535112688,44.6,MOD-00617,23.6,2025-11-06T10:37:37,2025-11-06T02:37:37,https://api.quant-aq.com/v1/devices/MOD-00617/data/535112531
1529.23,823.67,"{'lat': None, 'lon': None}","{'rh': 44.6, 'temp': 23.6, 'wd': 0.0, 'ws': 0.0, 'ws_scalar': 0.0}","{'gas': {'co': 13502, 'co2': 13264, 'no': 13590, 'no2': 13769, 'o3': 13749}, 'pm': {'pm1': 13212, 'pm10': 13214, 'pm25': 13213}}",6.79,11.69,24.57,0.59,0.66,0.66,535112690,44.6,MOD-00617,23.6,2025-11-06T10:36:37,2025-11-06T02:36:37,https://api.quant-aq.com/v1/devices/MOD-00617/data/535112533
1531.62,823.31,"{'lat': None, 'lon': None}","{'rh': 44.7, 'temp': 23.6, 'wd': 0.0, 'ws': 0.0, 'ws_scalar': 0.0}","{'gas': {'co': 13502, 'co2': 13264, 'no': 13590, 'no2': 13769, 'o3': 13749}, 'pm': {'pm1': 13212, 'pm10': 13214, 'pm25': 13213}}",6.77,12.3,24.83,0.83,2.91,0.86,535112689,44.7,MOD-00617,23.6,2025-11-06T10:35:37,2025-11-06T02:35:37,https://api.quant-aq.com/v1/devices/MOD-00617/data/535112532
1533.26,823.67,"{'lat': None, 'lon': None}","{'rh': 44.7, 'temp': 23.6, 'wd': 0.0, 'ws': 0.0, 'ws_scalar': 0.0}","{'gas': {'co': 13502, 'co2': 13264, 'no': 13590, 'no2': 13769, 'o3': 13749}, 'pm': {'pm1': 13212, 'pm10': 13214, 'pm25': 13213}}",6.82,12.51,24.25,0.6,3.0,0.64,535112687,44.7,MOD-00617,23.6,2025-11-06T10:34:37,2025-11-06T02:34:37,https://api.quant-aq.com/v1/devices/MOD-00617/data/535112530
1534.49,827.28,"{'lat': None, 'lon': None}","{'rh': 44.7, 'temp': 23.6, 'wd': 0.0, 'ws': 0.0, 'ws_scalar': 0.0}","{'gas': {'co': 13502, 'co2': 13264, 'no': 13590, 'no2': 13769, 'o3': 13749}, 'pm': {'pm1': 13212, 'pm10': 13214, 'pm25': 13213}}",6.8,12.3,24.83,0.76,4.12,0.78,535109889,44.7,MOD-00617,23.6,2025-11-06T10:33:37,2025-11-06T02:33:37,https://api.quant-aq.com/v1/devices/MOD-00617/data/535109732
1531.69,822.34,"{'lat': None, 'lon': None}","{'rh': 44.6, 'temp': 23.6, 'wd': 0.0, 'ws': 0.0, 'ws_scalar': 0.0}","{'gas': {'co': 13502, 'co2': 13264, 'no': 13590, 'no2': 13769, 'o3': 13749}, 'pm': {'pm1': 13212, 'pm10': 13214, 'pm25': 13213}}",6.84,11.93,24.85,0.74,1.42,0.75,535109885,44.6,MOD-00617,23.6,2025-11-06T10:32:37,2025-11-06T02:32:37,https://api.quant-aq.com/v1/devices/MOD-00617/data/535109730
1521.36,823.91,"{'lat': None, 'lon': None}","{'rh': 44.7, 'temp': 23.6, 'wd': 0.0, 'ws': 0.0, 'ws_scalar': 0.0}","{'gas': {'co': 13502, 'co2': 13264, 'no': 13590, 'no2': 13769, 'o3': 13749}, 'pm': {'pm1': 13212, 'pm10': 13214, 'pm25': 13213}}",6.8,12.69,24.54,0.75,2.63,0.78,535109888,44.7,MOD-00617,23.6,2025-11-06T10:31:37,2025-11-06T02:31:37,https://api.quant-aq.com/v1/devices/MOD-00617/data/535109731
1511.58,826.56,"{'lat': None, 'lon': None}","{'rh': 44.6, 'temp': 23.6, 'wd': 0.0, 'ws': 0.0, 'ws_scalar': 0.0}","{'gas': {'co': 13502, 'co2': 13264, 'no': 13590, 'no2': 13769, 'o3': 13749}, 'pm': {'pm1': 13212, 'pm10': 13214, 'pm25': 13213}}",6.84,11.51,24.28,0.73,1.02,0.8,535109883,44.6,MOD-00617,23.6,2025-11-06T10:30:37,2025-11-06T02:30:37,https://api.quant-aq.com/v1/devices/MOD-00617/data/535109728
1499.78,828.97,"{'lat': None, 'lon': None}","{'rh': 44.6, 'temp': 23.7, 'wd': 0.0, 'ws': 0.0, 'ws_scalar': 0.0}","{'gas': {'co': 13502, 'co2': 13264, 'no': 13590, 'no2': 13769, 'o3': 13749}, 'pm': {'pm1': 13212, 'pm10': 13214, 'pm25': 13213}}",6.85,12.76,24.58,0.83,0.84,0.84,535109881,44.6,MOD-00617,23.7,2025-11-06T10:29:37,2025-11-06T02:29:37,https://api.quant-aq.com/v1/devices/MOD-00617/data/535109726
1490.27,833.91,"{'lat': None, 'lon': None}","{'rh': 44.7, 'temp': 23.7, 'wd': 0.0, 'ws': 0.0, 'ws_scalar': 0.0}","{'gas': {'co': 13502, 'co2': 13264, 'no': 13590, 'no2': 13769, 'o3': 13749}, 'pm': {'pm1': 13212, 'pm10': 13214, 'pm25': 13213}}",6.78,13.89,24.26,0.76,0.81,0.81,535107160,44.7,MOD-00617,23.7,2025-11-06T10:28:37,2025-11-06T02:28:37,https://api.quant-aq.com/v1/devices/MOD-00617/data/535107003
1466.05,831.62,"{'lat': None, 'lon': None}","{'rh': 44.7, 'temp': 23.7, 'wd': 0.0, 'ws': 0.0, 'ws_scalar': 0.0}","{'gas': {'co': 13502, 'co2': 13264, 'no': 13590, 'no2': 13769, 'o3': 13749}, 'pm': {'pm1': 13212, 'pm10': 13214, 'pm25': 13213}}",6.86,14.15,25.12,0.67,1.39,0.68,535107159,44.7,MOD-00617,23.7,2025-11-06T10:27:37,2025-11-06T02:27:37,https://api.quant-aq.com/v1/devices/MOD-00617/data/535107000
1453.39,826.56,"{'lat': None, 'lon': None}","{'rh': 44.6, 'temp': 23.7, 'wd': 0.0, 'ws': 0.0, 'ws_scalar': 0.0}","{'gas': {'co': 13502, 'co2': 13264, 'no': 13590, 'no2': 13769, 'o3': 13749}, 'pm': {'pm1': 13212, 'pm10': 13214, 'pm25': 13213}}",6.37,12.76,24.58,0.78,0.82,0.82,535107157,44.6,MOD-00617,23.7,2025-11-06T10:26:37,2025-11-06T02:26:37,https://api.quant-aq.com/v1/devices/MOD-00617/data/535107001
1448.46,829.93,"{'lat': None, 'lon': None}","{'rh': 44.6, 'temp': 23.7, 'wd': 0.0, 'ws': 0.0, 'ws_scalar': 0.0}","{'gas': {'co': 13502, 'co2': 13264, 'no': 13590, 'no2': 13769, 'o3': 13749}, 'pm': {'pm1': 13212, 'pm10': 13214, 'pm25': 13213}}",6.85,12.49,24.58,0.68,0.7,0.7,535107158,44.6,MOD-00617,23.7,2025-11-06T10:25:37,2025-11-06T02:25:37,https://api.quant-aq.com/v1/devices/MOD-00617/data/535107002
1433.69,839.69,"{'lat': None, 'lon': None}","{'rh': 44.6, 'temp': 23.7, 'wd': 0.0, 'ws': 0.0, 'ws_scalar': 0.0}","{'gas': {'co': 13502, 'co2': 13264, 'no': 13590, 'no2': 13769, 'o3': 13749}, 'pm': {'pm1': 13212, 'pm10': 13214, 'pm25': 13213}}",6.85,13.05,24.58,0.71,0.93,0.75,535107156,44.6,MOD-00617,23.7,2025-11-06T10:24:37,2025-11-06T02:24:37,https://api.quant-aq.com/v1/devices/MOD-00617/data/535106999
1419.73,835.11,"{'lat': None, 'lon': None}","{'rh': 44.6, 'temp': 23.7, 'wd': 0.0, 'ws': 0.0, 'ws_scalar': 0.0}","{'gas': {'co': 13502, 'co2': 13264, 'no': 13590, 'no2': 13769, 'o3': 13749}, 'pm': {'pm1': 13212, 'pm10': 13214, 'pm25': 13213}}",6.88,13.05,24.86,0.69,0.73,0.73,535104404,44.6,MOD-00617,23.7,2025-11-06T10:23:37,2025-11-06T02:23:37,https://api.quant-aq.com/v1/devices/MOD-00617/data/535104248
1413.91,837.4,"{'lat': None, 'lon': None}","{'rh': 44.7, 'temp': 23.7, 'wd': 0.0, 'ws': 0.0, 'ws_scalar': 0.0}","{'gas': {'co': 13502, 'co2': 13264, 'no': 13590, 'no2': 13769, 'o3': 13749}, 'pm': {'pm1': 13212, 'pm10': 13214, 'pm25': 13213}}",6.86,14.15,24.55,0.71,0.86,0.77,535104407,44.7,MOD-00617,23.7,2025-11-06T10:22:37,2025-11-06T02:22:37,https://api.quant-aq.com/v1/devices/MOD-00617/data/535104250
1416.03,833.91,"{'lat': None, 'lon': None}","{'rh': 44.6, 'temp': 23.7, 'wd': 0.0, 'ws': 0.0, 'ws_scalar': 0.0}","{'gas': {'co': 13502, 'co2': 13264, 'no': 13590, 'no2': 13769, 'o3': 13749}, 'pm': {'pm1': 13212, 'pm10': 13214, 'pm25': 13213}}",6.85,13.3,24.86,0.69,0.73,0.73,535104405,44.6,MOD-00617,23.7,2025-11-06T10:21:37,2025-11-06T02:21:37,https://api.quant-aq.com/v1/devices/MOD-00617/data/535104249
1413.64,834.15,"{'lat': None, 'lon': None}","{'rh': 44.5, 'temp': 23.7, 'wd': 0.0, 'ws': 0.0, 'ws_scalar': 0.0}","{'gas': {'co': 13502, 'co2': 13264, 'no': 13590, 'no2': 13769, 'o3': 13749}, 'pm': {'pm1': 13212, 'pm10': 13214, 'pm25': 13213}}",6.83,12.22,24.61,0.72,1.11,0.73,535104406,44.5,MOD-00617,23.7,2025-11-06T10:20:37,2025-11-06T02:20:37,https://api.quant-aq.com/v1/devices/MOD-00617/data/535104247
1418.91,833.06,"{'lat': None, 'lon': None}","{'rh': 44.6, 'temp': 23.7, 'wd': 0.0, 'ws': 0.0, 'ws_scalar': 0.0}","{'gas': {'co': 13502, 'co2': 13264, 'no': 13590, 'no2': 13769, 'o3': 13749}, 'pm': {'pm1': 13212, 'pm10': 13214, 'pm25': 13213}}",6.91,13.3,24.58,0.74,0.77,0.77,535104403,44.6,MOD-00617,23.7,2025-11-06T10:19:37,2025-11-06T02:19:37,https://api.quant-aq.com/v1/devices/MOD-00617/data/535104246
1430.06,823.55,"{'lat': None, 'lon': None}","{'rh': 44.5, 'temp': 23.7, 'wd': 0.0, 'ws': 0.0, 'ws_scalar': 0.0}","{'gas': {'co': 13502, 'co2': 13264, 'no': 13590, 'no2': 13769, 'o3': 13749}, 'pm': {'pm1': 13212, 'pm10': 13214, 'pm25': 13213}}",6.89,12.22,24.89,0.83,1.38,0.86,535101636,44.5,MOD-00617,23.7,2025-11-06T10:18:37,2025-11-06T02:18:37,https://api.quant-aq.com/v1/devices/MOD-00617/data/535101479
1434.99,827.28,"{'lat': None, 'lon': None}","{'rh': 44.5, 'temp': 23.7, 'wd': 0.0, 'ws': 0.0, 'ws_scalar': 0.0}","{'gas': {'co': 13502, 'co2': 13264, 'no': 13590, 'no2': 13769, 'o3': 13749}, 'pm': {'pm1': 13212, 'pm10': 13214, 'pm25': 13213}}",6.86,12.93,24.61,0.83,0.91,0.86,535101635,44.5,MOD-00617,23.7,2025-11-06T10:17:37,2025-11-06T02:17:37,https://api.quant-aq.com/v1/devices/MOD-00617/data/535101480
1440.33,828.37,"{'lat': None, 'lon': None}","{'rh': 44.5, 'temp': 23.7, 'wd': 0.0, 'ws': 0.0, 'ws_scalar': 0.0}","{'gas': {'co': 13502, 'co2': 13264, 'no': 13590, 'no2': 13769, 'o3': 13749}, 'pm': {'pm1': 13212, 'pm10': 13214, 'pm25': 13213}}",6.99,12.49,24.61,0.8,0.82,0.82,535101634,44.5,MOD-00617,23.7,2025-11-06T10:16:37,2025-11-06T02:16:37,https://api.quant-aq.com/v1/devices/MOD-00617/data/535101476
1453.46,828.0,"{'lat': None, 'lon': None}","{'rh': 44.5, 'temp': 23.7, 'wd': 0.0, 'ws': 0.0, 'ws_scalar': 0.0}","{'gas': {'co': 13502, 'co2': 13264, 'no': 13590, 'no2': 13769, 'o3': 13749}, 'pm': {'pm1': 13212, 'pm10': 13214, 'pm25': 13213}}",6.95,12.22,24.32,0.93,1.2,0.96,535101633,44.5,MOD-00617,23.7,2025-11-06T10:15:37,2025-11-06T02:15:37,https://api.quant-aq.com/v1/devices/MOD-00617/data/535101478
1464.4,841.98,"{'lat': None, 'lon': None}","{'rh': 44.7, 'temp': 23.7, 'wd': 0.0, 'ws': 0.0, 'ws_scalar': 0.0}","{'gas': {'co': 13502, 'co2': 13264, 'no': 13590, 'no2': 13769, 'o3': 13749}, 'pm': {'pm1': 13212, 'pm10': 13214, 'pm25': 13213}}",6.96,13.89,24.26,1.04,1.15,1.11,535101637,44.7,MOD-00617,23.7,2025-11-06T10:14:37,2025-11-06T02:14:37,https://api.quant-aq.com/v1/devices/MOD-00617/data/535101477
1463.65,838.24,"{'lat': None, 'lon': None}","{'rh': 44.6, 'temp': 23.7, 'wd': 0.0, 'ws': 0.0, 'ws_scalar': 0.0}","{'gas': {'co': 13502, 'co2': 13264, 'no': 13590, 'no2': 13769, 'o3': 13749}, 'pm': {'pm1': 13212, 'pm10': 13214, 'pm25': 13213}}",6.97,13.55,24.58,0.72,0.82,0.78,535098846,44.6,MOD-00617,23.7,2025-11-06T10:13:37,2025-11-06T02:13:37,https://api.quant-aq.com/v1/devices/MOD-00617/data/535098689
1471.86,836.44,"{'lat': None, 'lon': None}","{'rh': 44.6, 'temp': 23.7, 'wd': 0.0, 'ws': 0.0, 'ws_scalar': 0.0}","{'gas': {'co': 13502, 'co2': 13264, 'no': 13590, 'no2': 13769, 'o3': 13749}, 'pm': {'pm1': 13212, 'pm10': 13214, 'pm25': 13213}}",6.94,13.3,24.58,0.81,0.81,0.81,535098847,44.6,MOD-00617,23.7,2025-11-06T10:12:37,2025-11-06T02:12:37,https://api.quant-aq.com/v1/devices/MOD-00617/data/535098690
1476.79,835.11,"{'lat': None, 'lon': None}","{'rh': 44.6, 'temp': 23.7, 'wd': 0.0, 'ws': 0.0, 'ws_scalar': 0.0}","{'gas': {'co': 13502, 'co2': 13264, 'no': 13590, 'no2': 13769, 'o3': 13749}, 'pm': {'pm1': 13212, 'pm10': 13214, 'pm25': 13213}}",6.94,13.55,24.58,0.72,0.73,0.73,535098845,44.6,MOD-00617,23.7,2025-11-06T10:11:37,2025-11-06T02:11:37,https://api.quant-aq.com/v1/devices/MOD-00617/data/535098686
1479.66,842.1,"{'lat': None, 'lon': None}","{'rh': 44.6, 'temp': 23.7, 'wd': 0.0, 'ws': 0.0, 'ws_scalar': 0.0}","{'gas': {'co': 13502, 'co2': 13264, 'no': 13590, 'no2': 13769, 'o3': 13749}, 'pm': {'pm1': 13212, 'pm10': 13214, 'pm25': 13213}}",7.01,13.47,24.58,0.85,0.93,0.89,535098844,44.6,MOD-00617,23.7,2025-11-06T10:10:37,2025-11-06T02:10:37,https://api.quant-aq.com/v1/devices/MOD-00617/data/535098687
1480.0,841.98,"{'lat': None, 'lon': None}","{'rh': 44.7, 'temp': 23.7, 'wd': 0.0, 'ws': 0.0, 'ws_scalar': 0.0}","{'gas': {'co': 13502, 'co2': 13264, 'no': 13590, 'no2': 13769, 'o3': 13749}, 'pm': {'pm1': 13212, 'pm10': 13214, 'pm25': 13213}}",6.92,14.21,24.26,0.87,1.67,0.92,535098843,44.7,MOD-00617,23.7,2025-11-06T10:09:37,2025-11-06T02:09:37,https://api.quant-aq.com/v1/devices/MOD-00617/data/535098688
1487.05,840.29,"{'lat': None, 'lon': None}","{'rh': 44.6, 'temp': 23.7, 'wd': 0.0, 'ws': 0.0, 'ws_scalar': 0.0}","{'gas': {'co': 13502, 'co2': 13264, 'no': 13590, 'no2': 13769, 'o3': 13749}, 'pm': {'pm1': 13212, 'pm10': 13214, 'pm25': 13213}}",6.97,13.47,24.29,1.11,1.32,1.13,535096136,44.6,MOD-00617,23.7,2025-11-06T10:08:37,2025-11-06T02:08:37,https://api.quant-aq.com/v1/devices/MOD-00617/data/535095979
1487.39,853.78,"{'lat': None, 'lon': None}","{'rh': 44.7, 'temp': 23.7, 'wd': 0.0, 'ws': 0.0, 'ws_scalar': 0.0}","{'gas': {'co': 13502, 'co2': 13264, 'no': 13590, 'no2': 13769, 'o3': 13749}, 'pm': {'pm1': 13212, 'pm10': 13214, 'pm25': 13213}}",6.92,14.25,24.55,1.01,2.94,1.03,535096132,44.7,MOD-00617,23.7,2025-11-06T10:07:37,2025-11-06T02:07:37,https://api.quant-aq.com/v1/devices/MOD-00617/data/535095975
1483.7,842.7,"{'lat': None, 'lon': None}","{'rh': 44.7, 'temp': 23.7, 'wd': 0.0, 'ws': 0.0, 'ws_scalar': 0.0}","{'gas': {'co': 13502, 'co2': 13264, 'no': 13590, 'no2': 13769, 'o3': 13749}, 'pm': {'pm1': 13212, 'pm10': 13214, 'pm25': 13213}}",6.96,14.21,24.26,0.72,0.79,0.74,535096133,44.7,MOD-00617,23.7,2025-11-06T10:06:37,2025-11-06T02:06:37,https://api.quant-aq.com/v1/devices/MOD-00617/data/535095976
1480.41,841.98,"{'lat': None, 'lon': None}","{'rh': 44.7, 'temp': 23.7, 'wd': 0.0, 'ws': 0.0, 'ws_scalar': 0.0}","{'gas': {'co': 13502, 'co2': 13264, 'no': 13590, 'no2': 13769, 'o3': 13749}, 'pm': {'pm1': 13212, 'pm10': 13214, 'pm25': 13213}}",6.92,14.25,25.12,0.95,1.04,0.99,535096134,44.7,MOD-00617,23.7,2025-11-06T10:05:37,2025-11-06T02:05:37,https://api.quant-aq.com/v1/devices/MOD-00617/data/535095977
1480.41,840.53,"{'lat': None, 'lon': None}","{'rh': 44.7, 'temp': 23.7, 'wd': 0.0, 'ws': 0.0, 'ws_scalar': 0.0}","{'gas': {'co': 13502, 'co2': 13264, 'no': 13590, 'no2': 13769, 'o3': 13749}, 'pm': {'pm1': 13212, 'pm10': 13214, 'pm25': 13213}}",6.92,14.21,24.84,0.77,0.86,0.82,535096135,44.7,MOD-00617,23.7,2025-11-06T10:04:37,2025-11-06T02:04:37,https://api.quant-aq.com/v1/devices/MOD-00617/data/535095978
1473.43,841.49,"{'lat': None, 'lon': None}","{'rh': 44.7, 'temp': 23.7, 'wd': 0.0, 'ws': 0.0, 'ws_scalar': 0.0}","{'gas': {'co': 13502, 'co2': 13264, 'no': 13590, 'no2': 13769, 'o3': 13749}, 'pm': {'pm1': 13212, 'pm10': 13214, 'pm25': 13213}}",6.96,14.25,24.55,1.18,1.4,1.22,535093334,44.7,MOD-00617,23.7,2025-11-06T10:03:37,2025-11-06T02:03:37,https://api.quant-aq.com/v1/devices/MOD-00617/data/535093177
1470.15,848.0,"{'lat': None, 'lon': None}","{'rh': 44.7, 'temp': 23.7, 'wd': 0.0, 'ws': 0.0, 'ws_scalar': 0.0}","{'gas': {'co': 13502, 'co2': 13264, 'no': 13590, 'no2': 13769, 'o3': 13749}, 'pm': {'pm1': 13212, 'pm10': 13214, 'pm25': 13213}}",6.96,14.21,24.26,1.06,1.18,1.14,535093332,44.7,MOD-00617,23.7,2025-11-06T10:02:37,2025-11-06T02:02:37,https://api.quant-aq.com/v1/devices/MOD-00617/data/535093174
1469.33,846.07,"{'lat': None, 'lon': None}","{'rh': 44.7, 'temp': 23.7, 'wd': 0.0, 'ws': 0.0, 'ws_scalar': 0.0}","{'gas': {'co': 13502, 'co2': 13264, 'no': 13590, 'no2': 13769, 'o3': 13749}, 'pm': {'pm1': 13212, 'pm10': 13214, 'pm25': 13213}}",6.96,14.25,24.55,0.96,1.17,1.09,535093329,44.7,MOD-00617,23.7,2025-11-06T10:01:37,2025-11-06T02:01:37,https://api.quant-aq.com/v1/devices/MOD-00617/data/535093172
1462.83,847.76,"{'lat': None, 'lon': None}","{'rh': 44.6, 'temp': 23.7, 'wd': 0.0, 'ws': 0.0, 'ws_scalar': 0.0}","{'gas': {'co': 13502, 'co2': 13264, 'no': 13590, 'no2': 13769, 'o3': 13749}, 'pm': {'pm1': 13212, 'pm10': 13214, 'pm25': 13213}}",7.01,12.76,24.58,1.13,1.61,1.3,535093330,44.6,MOD-00617,23.7,2025-11-06T10:00:37,2025-11-06T02:00:37,https://api.quant-aq.com/v1/devices/MOD-00617/data/535093173
1455.03,845.23,"{'lat': None, 'lon': None}","{'rh': 44.6, 'temp': 23.7, 'wd': 0.0, 'ws': 0.0, 'ws_scalar': 0.0}","{'gas': {'co': 13502, 'co2': 13264, 'no': 13590, 'no2': 13769, 'o3': 13749}, 'pm': {'pm1': 13212, 'pm10': 13214, 'pm25': 13213}}",7.01,13.55,24.58,0.73,0.92,0.75,535093328,44.6,MOD-00617,23.7,2025-11-06T09:59:37,2025-11-06T01:59:37,https://api.quant-aq.com/v1/devices/MOD-00617/data/535093171
1438.95,840.77,"{'lat': None, 'lon': None}","{'rh': 44.7, 'temp': 23.7, 'wd': 0.0, 'ws': 0.0, 'ws_scalar': 0.0}","{'gas': {'co': 13502, 'co2': 13264, 'no': 13590, 'no2': 13769, 'o3': 13749}, 'pm': {'pm1': 13212, 'pm10': 13214, 'pm25': 13213}}",6.98,14.1,24.26,1.01,2.82,1.02,535090594,44.7,MOD-00617,23.7,2025-11-06T09:58:37,2025-11-06T01:58:37,https://api.quant-aq.com/v1/devices/MOD-00617/data/535090439
1436.08,845.59,"{'lat': None, 'lon': None}","{'rh': 44.7, 'temp': 23.7, 'wd': 0.0, 'ws': 0.0, 'ws_scalar': 0.0}","{'gas': {'co': 13502, 'co2': 13264, 'no': 13590, 'no2': 13769, 'o3': 13749}, 'pm': {'pm1': 13212, 'pm10': 13214, 'pm25': 13213}}",6.96,14.1,23.68,1.04,1.2,1.11,535090592,44.7,MOD-00617,23.7,2025-11-06T09:57:37,2025-11-06T01:57:37,https://api.quant-aq.com/v1/devices/MOD-00617/data/535090435
1429.51,844.26,"{'lat': None, 'lon': None}","{'rh': 44.7, 'temp': 23.7, 'wd': 0.0, 'ws': 0.0, 'ws_scalar': 0.0}","{'gas': {'co': 13502, 'co2': 13264, 'no': 13590, 'no2': 13769, 'o3': 13749}, 'pm': {'pm1': 13212, 'pm10': 13214, 'pm25': 13213}}",6.92,14.21,24.84,0.89,0.91,0.91,535090596,44.7,MOD-00617,23.7,2025-11-06T09:56:37,2025-11-06T01:56:37,https://api.quant-aq.com/v1/devices/MOD-00617/data/535090440
1422.12,846.43,"{'lat': None, 'lon': None}","{'rh': 44.7, 'temp': 23.7, 'wd': 0.0, 'ws': 0.0, 'ws_scalar': 0.0}","{'gas': {'co': 13502, 'co2': 13264, 'no': 13590, 'no2': 13769, 'o3': 13749}, 'pm': {'pm1': 13212, 'pm10': 13214, 'pm25': 13213}}",6.92,13.09,24.55,1.11,1.2,1.16,535090595,44.7,MOD-00617,23.7,2025-11-06T09:55:37,2025-11-06T01:55:37,https://api.quant-aq.com/v1/devices/MOD-00617/data/535090441
1411.86,848.6,"{'lat': None, 'lon': None}","{'rh': 44.7, 'temp': 23.7, 'wd': 0.0, 'ws': 0.0, 'ws_scalar': 0.0}","{'gas': {'co': 13502, 'co2': 13264, 'no': 13590, 'no2': 13769, 'o3': 13749}, 'pm': {'pm1': 13212, 'pm10': 13214, 'pm25': 13213}}",6.98,14.25,23.97,0.89,0.93,0.93,535090593,44.7,MOD-00617,23.7,2025-11-06T09:54:37,2025-11-06T01:54:37,https://api.quant-aq.com/v1/devices/MOD-00617/data/535090436
1413.09,846.07,"{'lat': None, 'lon': None}","{'rh': 44.7, 'temp': 23.7, 'wd': 0.0, 'ws': 0.0, 'ws_scalar': 0.0}","{'gas': {'co': 13502, 'co2': 13264, 'no': 13590, 'no2': 13769, 'o3': 13749}, 'pm': {'pm1': 13212, 'pm10': 13214, 'pm25': 13213}}",6.92,14.21,23.97,1.01,1.55,1.03,535087841,44.7,MOD-00617,23.7,2025-11-06T09:53:37,2025-11-06T01:53:37,https://api.quant-aq.com/v1/devices/MOD-00617/data/535087684
1417.2,849.32,"{'lat': None, 'lon': None}","{'rh': 44.7, 'temp': 23.7, 'wd': 0.0, 'ws': 0.0, 'ws_scalar': 0.0}","{'gas': {'co': 13502, 'co2': 13264, 'no': 13590, 'no2': 13769, 'o3': 13749}, 'pm': {'pm1': 13212, 'pm10': 13214, 'pm25': 13213}}",6.98,14.15,24.84,1.05,3.43,1.06,535087842,44.7,MOD-00617,23.7,2025-11-06T09:52:37,2025-11-06T01:52:37,https://api.quant-aq.com/v1/devices/MOD-00617/data/535087685
1411.45,848.48,"{'lat': None, 'lon': None}","{'rh': 44.7, 'temp': 23.7, 'wd': 0.0, 'ws': 0.0, 'ws_scalar': 0.0}","{'gas': {'co': 13502, 'co2': 13264, 'no': 13590, 'no2': 13769, 'o3': 13749}, 'pm': {'pm1': 13212, 'pm10': 13214, 'pm25': 13213}}",6.96,14.25,24.26,0.83,0.85,0.85,535087839,44.7,MOD-00617,23.7,2025-11-06T09:51:37,2025-11-06T01:51:37,https://api.quant-aq.com/v1/devices/MOD-00617/data/535087681
1415.55,849.81,"{'lat': None, 'lon': None}","{'rh': 44.7, 'temp': 23.7, 'wd': 0.0, 'ws': 0.0, 'ws_scalar': 0.0}","{'gas': {'co': 13502, 'co2': 13264, 'no': 13590, 'no2': 13769, 'o3': 13749}, 'pm': {'pm1': 13212, 'pm10': 13214, 'pm25': 13213}}",6.96,14.25,24.84,0.91,1.19,0.97,535087837,44.7,MOD-00617,23.7,2025-11-06T09:50:37,2025-11-06T01:50:37,https://api.quant-aq.com/v1/devices/MOD-00617/data/535087680
1418.43,847.76,"{'lat': None, 'lon': None}","{'rh': 44.7, 'temp': 23.7, 'wd': 0.0, 'ws': 0.0, 'ws_scalar': 0.0}","{'gas': {'co': 13502, 'co2': 13264, 'no': 13590, 'no2': 13769, 'o3': 13749}, 'pm': {'pm1': 13212, 'pm10': 13214, 'pm25': 13213}}",6.92,14.21,24.55,0.76,0.94,0.85,535087836,44.7,MOD-00617,23.7,2025-11-06T09:49:37,2025-11-06T01:49:37,https://api.quant-aq.com/v1/devices/MOD-00617/data/535087679
1420.48,838.12,"{'lat': None, 'lon': None}","{'rh': 44.7, 'temp': 23.7, 'wd': 0.0, 'ws': 0.0, 'ws_scalar': 0.0}","{'gas': {'co': 13502, 'co2': 13264, 'no': 13590, 'no2': 13769, 'o3': 13749}, 'pm': {'pm1': 13212, 'pm10': 13214, 'pm25': 13213}}",7.28,14.15,24.55,0.94,0.96,0.96,535085090,44.7,MOD-00617,23.7,2025-11-06T09:48:37,2025-11-06T01:48:37,https://api.quant-aq.com/v1/devices/MOD-00617/data/535084933
1419.73,849.56,"{'lat': None, 'lon': None}","{'rh': 44.6, 'temp': 23.7, 'wd': 0.0, 'ws': 0.0, 'ws_scalar': 0.0}","{'gas': {'co': 13502, 'co2': 13264, 'no': 13590, 'no2': 13769, 'o3': 13749}, 'pm': {'pm1': 13212, 'pm10': 13214, 'pm25': 13213}}",6.97,13.55,24.29,1.13,1.15,1.15,535085089,44.6,MOD-00617,23.7,2025-11-06T09:47:37,2025-11-06T01:47:37,https://api.quant-aq.com/v1/devices/MOD-00617/data/535084932
1424.17,838.24,"{'lat': None, 'lon': None}","{'rh': 44.7, 'temp': 23.7, 'wd': 0.0, 'ws': 0.0, 'ws_scalar': 0.0}","{'gas': {'co': 13502, 'co2': 13264, 'no': 13590, 'no2': 13769, 'o3': 13749}, 'pm': {'pm1': 13212, 'pm10': 13214, 'pm25': 13213}}",6.92,14.25,24.55,1.03,1.04,1.04,535085087,44.7,MOD-00617,23.7,2025-11-06T09:46:37,2025-11-06T01:46:37,https://api.quant-aq.com/v1/devices/MOD-00617/data/535084930
1427.12,834.03,"{'lat': None, 'lon': None}","{'rh': 44.6, 'temp': 23.7, 'wd': 0.0, 'ws': 0.0, 'ws_scalar': 0.0}","{'gas': {'co': 13502, 'co2': 13264, 'no': 13590, 'no2': 13769, 'o3': 13749}, 'pm': {'pm1': 13212, 'pm10': 13214, 'pm25': 13213}}",7.01,13.05,24.0,0.89,0.98,0.94,535085086,44.6,MOD-00617,23.7,2025-11-06T09:45:37,2025-11-06T01:45:37,https://api.quant-aq.com/v1/devices/MOD-00617/data/535084929
1413.16,831.98,"{'lat': None, 'lon': None}","{'rh': 44.6, 'temp': 23.7, 'wd': 0.0, 'ws': 0.0, 'ws_scalar': 0.0}","{'gas': {'co': 13502, 'co2': 13264, 'no': 13590, 'no2': 13769, 'o3': 13749}, 'pm': {'pm1': 13212, 'pm10': 13214, 'pm25': 13213}}",6.97,12.49,24.86,0.75,6.64,0.82,535085088,44.6,MOD-00617,23.7,2025-11-06T09:44:37,2025-11-06T01:44:37,https://api.quant-aq.com/v1/devices/MOD-00617/data/535084931
1414.39,833.79,"{'lat': None, 'lon': None}","{'rh': 44.6, 'temp': 23.7, 'wd': 0.0, 'ws': 0.0, 'ws_scalar': 0.0}","{'gas': {'co': 13502, 'co2': 13264, 'no': 13590, 'no2': 13769, 'o3': 13749}, 'pm': {'pm1': 13212, 'pm10': 13214, 'pm25': 13213}}",6.94,13.3,24.0,0.79,0.93,0.85,535082299,44.6,MOD-00617,23.7,2025-11-06T09:43:37,2025-11-06T01:43:37,https://api.quant-aq.com/v1/devices/MOD-00617/data/535082142
1420.55,837.16,"{'lat': None, 'lon': None}","{'rh': 44.6, 'temp': 23.7, 'wd': 0.0, 'ws': 0.0, 'ws_scalar': 0.0}","{'gas': {'co': 13502, 'co2': 13264, 'no': 13590, 'no2': 13769, 'o3': 13749}, 'pm': {'pm1': 13212, 'pm10': 13214, 'pm25': 13213}}",6.91,13.3,24.29,0.65,1.18,0.66,535082298,44.6,MOD-00617,23.7,2025-11-06T09:42:37,2025-11-06T01:42:37,https://api.quant-aq.com/v1/devices/MOD-00617/data/535082143
1411.11,836.32,"{'lat': None, 'lon': None}","{'rh': 44.6, 'temp': 23.7, 'wd': 0.0, 'ws': 0.0, 'ws_scalar': 0.0}","{'gas': {'co': 13502, 'co2': 13264, 'no': 13590, 'no2': 13769, 'o3': 13749}, 'pm': {'pm1': 13212, 'pm10': 13214, 'pm25': 13213}}",6.97,13.3,24.58,0.89,2.85,0.95,535082296,44.6,MOD-00617,23.7,2025-11-06T09:41:37,2025-11-06T01:41:37,https://api.quant-aq.com/v1/devices/MOD-00617/data/535082139
1409.47,834.27,"{'lat': None, 'lon': None}","{'rh': 44.6, 'temp': 23.7, 'wd': 0.0, 'ws': 0.0, 'ws_scalar': 0.0}","{'gas': {'co': 13502, 'co2': 13264, 'no': 13590, 'no2': 13769, 'o3': 13749}, 'pm': {'pm1': 13212, 'pm10': 13214, 'pm25': 13213}}",6.97,12.76,24.29,1.1,3.07,1.18,535082300,44.6,MOD-00617,23.7,2025-11-06T09:40:37,2025-11-06T01:40:37,https://api.quant-aq.com/v1/devices/MOD-00617/data/535082141
1400.44,838.36,"{'lat': None, 'lon': None}","{'rh': 44.6, 'temp': 23.7, 'wd': 0.0, 'ws': 0.0, 'ws_scalar': 0.0}","{'gas': {'co': 13502, 'co2': 13264, 'no': 13590, 'no2': 13769, 'o3': 13749}, 'pm': {'pm1': 13212, 'pm10': 13214, 'pm25': 13213}}",7.01,13.55,24.58,1.01,3.5,1.07,535082297,44.6,MOD-00617,23.7,2025-11-06T09:39:37,2025-11-06T01:39:37,https://api.quant-aq.com/v1/devices/MOD-00617/data/535082140
1391.4,836.07,"{'lat': None, 'lon': None}","{'rh': 44.6, 'temp': 23.7, 'wd': 0.0, 'ws': 0.0, 'ws_scalar': 0.0}","{'gas': {'co': 13502, 'co2': 13264, 'no': 13590, 'no2': 13769, 'o3': 13749}, 'pm': {'pm1': 13212, 'pm10': 13214, 'pm25': 13213}}",6.97,13.3,24.58,0.92,11.34,0.97,535079498,44.6,MOD-00617,23.7,2025-11-06T09:38:37,2025-11-06T01:38:37,https://api.quant-aq.com/v1/devices/MOD-00617/data/535079342
1390.99,834.87,"{'lat': None, 'lon': None}","{'rh': 44.6, 'temp': 23.7, 'wd': 0.0, 'ws': 0.0, 'ws_scalar': 0.0}","{'gas': {'co': 13502, 'co2': 13264, 'no': 13590, 'no2': 13769, 'o3': 13749}, 'pm': {'pm1': 13212, 'pm10': 13214, 'pm25': 13213}}",6.97,13.55,24.29,0.85,6.17,0.87,535079495,44.6,MOD-00617,23.7,2025-11-06T09:37:37,2025-11-06T01:37:37,https://api.quant-aq.com/v1/devices/MOD-00617/data/535079338
1383.19,832.34,"{'lat': None, 'lon': None}","{'rh': 44.6, 'temp': 23.7, 'wd': 0.0, 'ws': 0.0, 'ws_scalar': 0.0}","{'gas': {'co': 13502, 'co2': 13264, 'no': 13590, 'no2': 13769, 'o3': 13749}, 'pm': {'pm1': 13212, 'pm10': 13214, 'pm25': 13213}}",6.97,13.3,24.29,0.9,0.99,0.94,535079494,44.6,MOD-00617,23.7,2025-11-06T09:36:37,2025-11-06T01:36:37,https://api.quant-aq.com/v1/devices/MOD-00617/data/535079336
1377.45,830.77,"{'lat': None, 'lon': None}","{'rh': 44.6, 'temp': 23.7, 'wd': 0.0, 'ws': 0.0, 'ws_scalar': 0.0}","{'gas': {'co': 13502, 'co2': 13264, 'no': 13590, 'no2': 13769, 'o3': 13749}, 'pm': {'pm1': 13212, 'pm10': 13214, 'pm25': 13213}}",6.97,13.3,24.0,1.0,1.55,1.05,535079492,44.6,MOD-00617,23.7,2025-11-06T09:35:37,2025-11-06T01:35:37,https://api.quant-aq.com/v1/devices/MOD-00617/data/535079335
1375.39,834.39,"{'lat': None, 'lon': None}","{'rh': 44.6, 'temp': 23.7, 'wd': 0.0, 'ws': 0.0, 'ws_scalar': 0.0}","{'gas': {'co': 13502, 'co2': 13264, 'no': 13590, 'no2': 13769, 'o3': 13749}, 'pm': {'pm1': 13212, 'pm10': 13214, 'pm25': 13213}}",6.97,13.05,24.29,1.06,1.08,1.08,535079493,44.6,MOD-00617,23.7,2025-11-06T09:34:37,2025-11-06T01:34:37,https://api.quant-aq.com/v1/devices/MOD-00617/data/535079337
1380.32,833.91,"{'lat': None, 'lon': None}","{'rh': 44.6, 'temp': 23.7, 'wd': 0.0, 'ws': 0.0, 'ws_scalar': 0.0}","{'gas': {'co': 13502, 'co2': 13264, 'no': 13590, 'no2': 13769, 'o3': 13749}, 'pm': {'pm1': 13212, 'pm10': 13214, 'pm25': 13213}}",6.97,13.05,24.29,0.8,3.15,0.85,535076720,44.6,MOD-00617,23.7,2025-11-06T09:33:37,2025-11-06T01:33:37,https://api.quant-aq.com/v1/devices/MOD-00617/data/535076563
1390.99,831.74,"{'lat': None, 'lon': None}","{'rh': 44.6, 'temp': 23.7, 'wd': 0.0, 'ws': 0.0, 'ws_scalar': 0.0}","{'gas': {'co': 13502, 'co2': 13264, 'no': 13590, 'no2': 13769, 'o3': 13749}, 'pm': {'pm1': 13212, 'pm10': 13214, 'pm25': 13213}}",7.01,13.47,24.29,1.02,1.04,1.04,535076719,44.6,MOD-00617,23.7,2025-11-06T09:32:37,2025-11-06T01:32:37,https://api.quant-aq.com/v1/devices/MOD-00617/data/535076561
1393.46,833.67,"{'lat': None, 'lon': None}","{'rh': 44.6, 'temp': 23.7, 'wd': 0.0, 'ws': 0.0, 'ws_scalar': 0.0}","{'gas': {'co': 13502, 'co2': 13264, 'no': 13590, 'no2': 13769, 'o3': 13749}, 'pm': {'pm1': 13212, 'pm10': 13214, 'pm25': 13213}}",6.94,13.47,24.29,1.01,6.14,1.04,535076722,44.6,MOD-00617,23.7,2025-11-06T09:31:37,2025-11-06T01:31:37,https://api.quant-aq.com/v1/devices/MOD-00617/data/535076568
1400.85,835.35,"{'lat': None, 'lon': None}","{'rh': 44.6, 'temp': 23.7, 'wd': 0.0, 'ws': 0.0, 'ws_scalar': 0.0}","{'gas': {'co': 13502, 'co2': 13264, 'no': 13590, 'no2': 13769, 'o3': 13749}, 'pm': {'pm1': 13212, 'pm10': 13214, 'pm25': 13213}}",7.05,13.47,24.86,1.11,1.38,1.16,535076721,44.6,MOD-00617,23.7,2025-11-06T09:30:37,2025-11-06T01:30:37,https://api.quant-aq.com/v1/devices/MOD-00617/data/535076567
1406.18,838.6,"{'lat': None, 'lon': None}","{'rh': 44.6, 'temp': 23.7, 'wd': 0.0, 'ws': 0.0, 'ws_scalar': 0.0}","{'gas': {'co': 13502, 'co2': 13264, 'no': 13590, 'no2': 13769, 'o3': 13749}, 'pm': {'pm1': 13212, 'pm10': 13214, 'pm25': 13213}}",7.01,13.3,24.0,1.02,1.23,1.06,535076718,44.6,MOD-00617,23.7,2025-11-06T09:29:37,2025-11-06T01:29:37,https://api.quant-aq.com/v1/devices/MOD-00617/data/535076562
1413.91,841.13,"{'lat': None, 'lon': None}","{'rh': 44.7, 'temp': 23.7, 'wd': 0.0, 'ws': 0.0, 'ws_scalar': 0.0}","{'gas': {'co': 13502, 'co2': 13264, 'no': 13590, 'no2': 13769, 'o3': 13749}, 'pm': {'pm1': 13212, 'pm10': 13214, 'pm25': 13213}}",6.96,13.89,23.97,1.18,1.22,1.22,535073918,44.7,MOD-00617,23.7,2025-11-06T09:28:37,2025-11-06T01:28:37,https://api.quant-aq.com/v1/devices/MOD-00617/data/535073761
1423.35,839.33,"{'lat': None, 'lon': None}","{'rh': 44.7, 'temp': 23.7, 'wd': 0.0, 'ws': 0.0, 'ws_scalar': 0.0}","{'gas': {'co': 13502, 'co2': 13264, 'no': 13590, 'no2': 13769, 'o3': 13749}, 'pm': {'pm1': 13212, 'pm10': 13214, 'pm25': 13213}}",6.98,14.15,24.55,1.13,1.8,1.14,535073919,44.7,MOD-00617,23.7,2025-11-06T09:27:37,2025-11-06T01:27:37,https://api.quant-aq.com/v1/devices/MOD-00617/data/535073762
1428.28,839.57,"{'lat': None, 'lon': None}","{'rh': 44.7, 'temp': 23.7, 'wd': 0.0, 'ws': 0.0, 'ws_scalar': 0.0}","{'gas': {'co': 13502, 'co2': 13264, 'no': 13590, 'no2': 13769, 'o3': 13749}, 'pm': {'pm1': 13212, 'pm10': 13214, 'pm25': 13213}}",6.98,14.25,24.26,1.06,1.25,1.07,535073917,44.7,MOD-00617,23.7,2025-11-06T09:26:37,2025-11-06T01:26:37,https://api.quant-aq.com/v1/devices/MOD-00617/data/535073760
1441.42,841.25,"{'lat': None, 'lon': None}","{'rh': 44.7, 'temp': 23.7, 'wd': 0.0, 'ws': 0.0, 'ws_scalar': 0.0}","{'gas': {'co': 13502, 'co2': 13264, 'no': 13590, 'no2': 13769, 'o3': 13749}, 'pm': {'pm1': 13212, 'pm10': 13214, 'pm25': 13213}}",6.96,14.25,23.97,1.21,1.72,1.25,535073921,44.7,MOD-00617,23.7,2025-11-06T09:25:37,2025-11-06T01:25:37,https://api.quant-aq.com/v1/devices/MOD-00617/data/535073764
1445.93,839.57,"{'lat': None, 'lon': None}","{'rh': 44.7, 'temp': 23.7, 'wd': 0.0, 'ws': 0.0, 'ws_scalar': 0.0}","{'gas': {'co': 13502, 'co2': 13264, 'no': 13590, 'no2': 13769, 'o3': 13749}, 'pm': {'pm1': 13212, 'pm10': 13214, 'pm25': 13213}}",6.98,14.25,23.97,1.3,1.38,1.34,535073920,44.7,MOD-00617,23.7,2025-11-06T09:24:37,2025-11-06T01:24:37,https://api.quant-aq.com/v1/devices/MOD-00617/data/535073763
1458.25,843.78,"{'lat': None, 'lon': None}","{'rh': 44.7, 'temp': 23.7, 'wd': 0.0, 'ws': 0.0, 'ws_scalar': 0.0}","{'gas': {'co': 13502, 'co2': 13264, 'no': 13590, 'no2': 13769, 'o3': 13749}, 'pm': {'pm1': 13212, 'pm10': 13214, 'pm25': 13213}}",6.96,14.25,23.97,1.36,1.56,1.38,535071118,44.7,MOD-00617,23.7,2025-11-06T09:23:37,2025-11-06T01:23:37,https://api.quant-aq.com/v1/devices/MOD-00617/data/535070962
1460.64,845.83,"{'lat': None, 'lon': None}","{'rh': 44.8, 'temp': 23.7, 'wd': 0.0, 'ws': 0.0, 'ws_scalar': 0.0}","{'gas': {'co': 13502, 'co2': 13264, 'no': 13590, 'no2': 13769, 'o3': 13749}, 'pm': {'pm1': 13212, 'pm10': 13214, 'pm25': 13213}}",7.25,15.23,23.65,1.14,1.16,1.16,535071116,44.8,MOD-00617,23.7,2025-11-06T09:22:37,2025-11-06T01:22:37,https://api.quant-aq.com/v1/devices/MOD-00617/data/535070959
1461.46,845.95,"{'lat': None, 'lon': None}","{'rh': 44.8, 'temp': 23.7, 'wd': 0.0, 'ws': 0.0, 'ws_scalar': 0.0}","{'gas': {'co': 13502, 'co2': 13264, 'no': 13590, 'no2': 13769, 'o3': 13749}, 'pm': {'pm1': 13212, 'pm10': 13214, 'pm25': 13213}}",6.96,15.23,24.23,1.32,1.6,1.38,535071114,44.8,MOD-00617,23.7,2025-11-06T09:21:37,2025-11-06T01:21:37,https://api.quant-aq.com/v1/devices/MOD-00617/data/535070958
1465.56,849.2,"{'lat': None, 'lon': None}","{'rh': 44.8, 'temp': 23.7, 'wd': 0.0, 'ws': 0.0, 'ws_scalar': 0.0}","{'gas': {'co': 13502, 'co2': 13264, 'no': 13590, 'no2': 13769, 'o3': 13749}, 'pm': {'pm1': 13212, 'pm10': 13214, 'pm25': 13213}}",6.9,15.23,24.23,1.42,1.45,1.45,535071112,44.8,MOD-00617,23.7,2025-11-06T09:20:37,2025-11-06T01:20:37,https://api.quant-aq.com/v1/devices/MOD-00617/data/535070954
1476.24,845.11,"{'lat': None, 'lon': None}","{'rh': 44.8, 'temp': 23.7, 'wd': 0.0, 'ws': 0.0, 'ws_scalar': 0.0}","{'gas': {'co': 13502, 'co2': 13264, 'no': 13590, 'no2': 13769, 'o3': 13749}, 'pm': {'pm1': 13212, 'pm10': 13214, 'pm25': 13213}}",7.22,15.23,23.94,1.18,1.23,1.23,535071111,44.8,MOD-00617,23.7,2025-11-06T09:19:37,2025-11-06T01:19:37,https://api.quant-aq.com/v1/devices/MOD-00617/data/535070955
1475.01,844.26,"{'lat': None, 'lon': None}","{'rh': 44.8, 'temp': 23.7, 'wd': 0.0, 'ws': 0.0, 'ws_scalar': 0.0}","{'gas': {'co': 13502, 'co2': 13264, 'no': 13590, 'no2': 13769, 'o3': 13749}, 'pm': {'pm1': 13212, 'pm10': 13214, 'pm25': 13213}}",6.93,15.23,24.23,1.12,2.88,1.14,535068340,44.8,MOD-00617,23.7,2025-11-06T09:18:37,2025-11-06T01:18:37,https://api.quant-aq.com/v1/devices/MOD-00617/data/535068183
1482.81,845.71,"{'lat': None, 'lon': None}","{'rh': 44.8, 'temp': 23.7, 'wd': 0.0, 'ws': 0.0, 'ws_scalar': 0.0}","{'gas': {'co': 13502, 'co2': 13264, 'no': 13590, 'no2': 13769, 'o3': 13749}, 'pm': {'pm1': 13212, 'pm10': 13214, 'pm25': 13213}}",6.96,15.01,23.94,1.24,3.13,1.29,535068338,44.8,MOD-00617,23.7,2025-11-06T09:17:37,2025-11-06T01:17:37,https://api.quant-aq.com/v1/devices/MOD-00617/data/535068181
1486.5,843.78,"{'lat': None, 'lon': None}","{'rh': 44.8, 'temp': 23.7, 'wd': 0.0, 'ws': 0.0, 'ws_scalar': 0.0}","{'gas': {'co': 13502, 'co2': 13264, 'no': 13590, 'no2': 13769, 'o3': 13749}, 'pm': {'pm1': 13212, 'pm10': 13214, 'pm25': 13213}}",7.25,15.23,24.23,1.16,12.52,1.2,535068337,44.8,MOD-00617,23.7,2025-11-06T09:16:37,2025-11-06T01:16:37,https://api.quant-aq.com/v1/devices/MOD-00617/data/535068180
1493.89,842.34,"{'lat': None, 'lon': None}","{'rh': 44.8, 'temp': 23.7, 'wd': 0.0, 'ws': 0.0, 'ws_scalar': 0.0}","{'gas': {'co': 13502, 'co2': 13264, 'no': 13590, 'no2': 13769, 'o3': 13749}, 'pm': {'pm1': 13212, 'pm10': 13214, 'pm25': 13213}}",6.96,15.27,23.94,1.55,2.42,1.57,535068335,44.8,MOD-00617,23.7,2025-11-06T09:15:37,2025-11-06T01:15:37,https://api.quant-aq.com/v1/devices/MOD-00617/data/535068179
1485.75,840.89,"{'lat': None, 'lon': None}","{'rh': 44.7, 'temp': 23.7, 'wd': 0.0, 'ws': 0.0, 'ws_scalar': 0.0}","{'gas': {'co': 13502, 'co2': 13264, 'no': 13590, 'no2': 13769, 'o3': 13749}, 'pm': {'pm1': 13212, 'pm10': 13214, 'pm25': 13213}}",7.24,13.95,23.68,1.47,2.36,1.51,535068336,44.7,MOD-00617,23.7,2025-11-06T09:14:37,2025-11-06T01:14:37,https://api.quant-aq.com/v1/devices/MOD-00617/data/535068178
1493.07,838.84,"{'lat': None, 'lon': None}","{'rh': 44.8, 'temp': 23.7, 'wd': 0.0, 'ws': 0.0, 'ws_scalar': 0.0}","{'gas': {'co': 13502, 'co2': 13264, 'no': 13590, 'no2': 13769, 'o3': 13749}, 'pm': {'pm1': 13212, 'pm10': 13214, 'pm25': 13213}}",7.25,15.01,23.94,1.28,1.29,1.29,535065598,44.8,MOD-00617,23.7,2025-11-06T09:13:37,2025-11-06T01:13:37,https://api.quant-aq.com/v1/devices/MOD-00617/data/535065441
1492.66,836.07,"{'lat': None, 'lon': None}","{'rh': 44.8, 'temp': 23.7, 'wd': 0.0, 'ws': 0.0, 'ws_scalar': 0.0}","{'gas': {'co': 13502, 'co2': 13264, 'no': 13590, 'no2': 13769, 'o3': 13749}, 'pm': {'pm1': 13212, 'pm10': 13214, 'pm25': 13213}}",6.93,15.23,24.52,1.22,2.97,1.23,535065597,44.8,MOD-00617,23.7,2025-11-06T09:12:37,2025-11-06T01:12:37,https://api.quant-aq.com/v1/devices/MOD-00617/data/535065440
1495.94,833.79,"{'lat': None, 'lon': None}","{'rh': 44.8, 'temp': 23.7, 'wd': 0.0, 'ws': 0.0, 'ws_scalar': 0.0}","{'gas': {'co': 13502, 'co2': 13264, 'no': 13590, 'no2': 13769, 'o3': 13749}, 'pm': {'pm1': 13212, 'pm10': 13214, 'pm25': 13213}}",6.96,20.31,23.94,1.25,6.25,1.32,535065596,44.8,MOD-00617,23.7,2025-11-06T09:11:37,2025-11-06T01:11:37,https://api.quant-aq.com/v1/devices/MOD-00617/data/535065438
1495.12,845.59,"{'lat': None, 'lon': None}","{'rh': 44.8, 'temp': 23.7, 'wd': 0.0, 'ws': 0.0, 'ws_scalar': 0.0}","{'gas': {'co': 13502, 'co2': 13264, 'no': 13590, 'no2': 13769, 'o3': 13749}, 'pm': {'pm1': 13212, 'pm10': 13214, 'pm25': 13213}}",6.9,20.31,23.94,1.35,1.61,1.39,535065595,44.8,MOD-00617,23.7,2025-11-06T09:10:37,2025-11-06T01:10:37,https://api.quant-aq.com/v1/devices/MOD-00617/data/535065439
1481.98,843.66,"{'lat': None, 'lon': None}","{'rh': 44.8, 'temp': 23.7, 'wd': 0.0, 'ws': 0.0, 'ws_scalar': 0.0}","{'gas': {'co': 13502, 'co2': 13264, 'no': 13590, 'no2': 13769, 'o3': 13749}, 'pm': {'pm1': 13212, 'pm10': 13214, 'pm25': 13213}}",6.96,15.23,23.94,1.25,1.56,1.3,535065594,44.8,MOD-00617,23.7,2025-11-06T09:09:37,2025-11-06T01:09:37,https://api.quant-aq.com/v1/devices/MOD-00617/data/535065437
1491.36,845.71,"{'lat': None, 'lon': None}","{'rh': 44.9, 'temp': 23.7, 'wd': 0.0, 'ws': 0.0, 'ws_scalar': 0.0}","{'gas': {'co': 13502, 'co2': 13264, 'no': 13590, 'no2': 13769, 'o3': 13749}, 'pm': {'pm1': 13212, 'pm10': 13214, 'pm25': 13213}}",6.93,21.79,23.91,1.13,1.33,1.14,535062851,44.9,MOD-00617,23.7,2025-11-06T09:08:37,2025-11-06T01:08:37,https://api.quant-aq.com/v1/devices/MOD-00617/data/535062695
1483.56,848.36,"{'lat': None, 'lon': None}","{'rh': 44.9, 'temp': 23.7, 'wd': 0.0, 'ws': 0.0, 'ws_scalar': 0.0}","{'gas': {'co': 13502, 'co2': 13264, 'no': 13590, 'no2': 13769, 'o3': 13749}, 'pm': {'pm1': 13212, 'pm10': 13214, 'pm25': 13213}}",7.19,19.77,23.34,1.1,1.69,1.19,535062849,44.9,MOD-00617,23.7,2025-11-06T09:07:37,2025-11-06T01:07:37,https://api.quant-aq.com/v1/devices/MOD-00617/data/535062691
1483.48,857.03,"{'lat': None, 'lon': None}","{'rh': 45.0, 'temp': 23.7, 'wd': 0.0, 'ws': 0.0, 'ws_scalar': 0.0}","{'gas': {'co': 13502, 'co2': 13264, 'no': 13590, 'no2': 13769, 'o3': 13749}, 'pm': {'pm1': 13212, 'pm10': 13214, 'pm25': 13213}}",6.9,16.34,24.17,1.2,7.04,1.28,535062853,45.0,MOD-00617,23.7,2025-11-06T09:06:37,2025-11-06T01:06:37,https://api.quant-aq.com/v1/devices/MOD-00617/data/535062697
1478.15,853.06,"{'lat': None, 'lon': None}","{'rh': 45.0, 'temp': 23.7, 'wd': 0.0, 'ws': 0.0, 'ws_scalar': 0.0}","{'gas': {'co': 13502, 'co2': 13264, 'no': 13590, 'no2': 13769, 'o3': 13749}, 'pm': {'pm1': 13212, 'pm10': 13214, 'pm25': 13213}}",6.91,17.73,24.17,1.18,1.18,1.18,535062845,45.0,MOD-00617,23.7,2025-11-06T09:05:37,2025-11-06T01:05:37,https://api.quant-aq.com/v1/devices/MOD-00617/data/535062689
1469.12,863.05,"{'lat': None, 'lon': None}","{'rh': 45.0, 'temp': 23.7, 'wd': 0.0, 'ws': 0.0, 'ws_scalar': 0.0}","{'gas': {'co': 13502, 'co2': 13264, 'no': 13590, 'no2': 13769, 'o3': 13749}, 'pm': {'pm1': 13212, 'pm10': 13214, 'pm25': 13213}}",6.94,18.36,24.17,1.14,1.28,1.24,535062847,45.0,MOD-00617,23.7,2025-11-06T09:04:37,2025-11-06T01:04:37,https://api.quant-aq.com/v1/devices/MOD-00617/data/535062693
1465.42,857.15,"{'lat': None, 'lon': None}","{'rh': 45.0, 'temp': 23.7, 'wd': 0.0, 'ws': 0.0, 'ws_scalar': 0.0}","{'gas': {'co': 13502, 'co2': 13264, 'no': 13590, 'no2': 13769, 'o3': 13749}, 'pm': {'pm1': 13212, 'pm10': 13214, 'pm25': 13213}}",6.91,18.36,23.88,1.36,1.43,1.39,535060005,45.0,MOD-00617,23.7,2025-11-06T09:03:37,2025-11-06T01:03:37,https://api.quant-aq.com/v1/devices/MOD-00617/data/535059847
1467.06,852.82,"{'lat': None, 'lon': None}","{'rh': 45.0, 'temp': 23.7, 'wd': 0.0, 'ws': 0.0, 'ws_scalar': 0.0}","{'gas': {'co': 13502, 'co2': 13264, 'no': 13590, 'no2': 13769, 'o3': 13749}, 'pm': {'pm1': 13212, 'pm10': 13214, 'pm25': 13213}}",6.9,17.73,24.46,1.39,1.47,1.42,535060003,45.0,MOD-00617,23.7,2025-11-06T09:02:37,2025-11-06T01:02:37,https://api.quant-aq.com/v1/devices/MOD-00617/data/535059848
1468.71,848.48,"{'lat': None, 'lon': None}","{'rh': 45.0, 'temp': 23.7, 'wd': 0.0, 'ws': 0.0, 'ws_scalar': 0.0}","{'gas': {'co': 13502, 'co2': 13264, 'no': 13590, 'no2': 13769, 'o3': 13749}, 'pm': {'pm1': 13212, 'pm10': 13214, 'pm25': 13213}}",6.84,18.36,23.88,1.32,1.53,1.35,535060007,45.0,MOD-00617,23.7,2025-11-06T09:01:37,2025-11-06T01:01:37,https://api.quant-aq.com/v1/devices/MOD-00617/data/535059850
1446.54,848.84,"{'lat': None, 'lon': None}","{'rh': 45.0, 'temp': 23.7, 'wd': 0.0, 'ws': 0.0, 'ws_scalar': 0.0}","{'gas': {'co': 13502, 'co2': 13264, 'no': 13590, 'no2': 13769, 'o3': 13749}, 'pm': {'pm1': 13212, 'pm10': 13214, 'pm25': 13213}}",6.78,20.93,24.17,0.93,11.1,0.96,535060004,45.0,MOD-00617,23.7,2025-11-06T09:00:37,2025-11-06T01:00:37,https://api.quant-aq.com/v1/devices/MOD-00617/data/535059846
1446.13,848.48,"{'lat': None, 'lon': None}","{'rh': 45.0, 'temp': 23.7, 'wd': 0.0, 'ws': 0.0, 'ws_scalar': 0.0}","{'gas': {'co': 13502, 'co2': 13264, 'no': 13590, 'no2': 13769, 'o3': 13749}, 'pm': {'pm1': 13212, 'pm10': 13214, 'pm25': 13213}}",6.87,17.73,24.17,0.98,1.01,1.01,535060006,45.0,MOD-00617,23.7,2025-11-06T08:59:37,2025-11-06T00:59:37,https://api.quant-aq.com/v1/devices/MOD-00617/data/535059849
1440.38,852.21,"{'lat': None, 'lon': None}","{'rh': 45.0, 'temp': 23.7, 'wd': 0.0, 'ws': 0.0, 'ws_scalar': 0.0}","{'gas': {'co': 13502, 'co2': 13264, 'no': 13590, 'no2': 13769, 'o3': 13749}, 'pm': {'pm1': 13212, 'pm10': 13214, 'pm25': 13213}}",6.9,18.36,23.59,0.99,6.14,1.05,535057281,45.0,MOD-00617,23.7,2025-11-06T08:58:37,2025-11-06T00:58:37,https://api.quant-aq.com/v1/devices/MOD-00617/data/535057125
1438.74,856.19,"{'lat': None, 'lon': None}","{'rh': 45.0, 'temp': 23.7, 'wd': 0.0, 'ws': 0.0, 'ws_scalar': 0.0}","{'gas': {'co': 13502, 'co2': 13264, 'no': 13590, 'no2': 13769, 'o3': 13749}, 'pm': {'pm1': 13212, 'pm10': 13214, 'pm25': 13213}}",6.9,17.73,24.75,1.31,1.34,1.34,535057279,45.0,MOD-00617,23.7,2025-11-06T08:57:37,2025-11-06T00:57:37,https://api.quant-aq.com/v1/devices/MOD-00617/data/535057123
1430.53,856.43,"{'lat': None, 'lon': None}","{'rh': 45.0, 'temp': 23.7, 'wd': 0.0, 'ws': 0.0, 'ws_scalar': 0.0}","{'gas': {'co': 13502, 'co2': 13264, 'no': 13590, 'no2': 13769, 'o3': 13749}, 'pm': {'pm1': 13212, 'pm10': 13214, 'pm25': 13213}}",6.9,18.36,24.46,1.17,1.87,1.29,535057278,45.0,MOD-00617,23.7,2025-11-06T08:56:37,2025-11-06T00:56:37,https://api.quant-aq.com/v1/devices/MOD-00617/data/535057121
1420.27,849.93,"{'lat': None, 'lon': None}","{'rh': 45.0, 'temp': 23.7, 'wd': 0.0, 'ws': 0.0, 'ws_scalar': 0.0}","{'gas': {'co': 13502, 'co2': 13264, 'no': 13590, 'no2': 13769, 'o3': 13749}, 'pm': {'pm1': 13212, 'pm10': 13214, 'pm25': 13213}}",6.9,17.02,24.17,1.15,1.83,1.26,535057280,45.0,MOD-00617,23.7,2025-11-06T08:55:37,2025-11-06T00:55:37,https://api.quant-aq.com/v1/devices/MOD-00617/data/535057122
1422.73,852.21,"{'lat': None, 'lon': None}","{'rh': 45.0, 'temp': 23.7, 'wd': 0.0, 'ws': 0.0, 'ws_scalar': 0.0}","{'gas': {'co': 13502, 'co2': 13264, 'no': 13590, 'no2': 13769, 'o3': 13749}, 'pm': {'pm1': 13212, 'pm10': 13214, 'pm25': 13213}}",6.91,17.02,23.88,1.28,1.91,1.34,535057277,45.0,MOD-00617,23.7,2025-11-06T08:54:37,2025-11-06T00:54:37,https://api.quant-aq.com/v1/devices/MOD-00617/data/535057120
1413.22,854.02,"{'lat': None, 'lon': None}","{'rh': 45.1, 'temp': 23.7, 'wd': 0.0, 'ws': 0.0, 'ws_scalar': 0.0}","{'gas': {'co': 13502, 'co2': 13264, 'no': 13590, 'no2': 13769, 'o3': 13749}, 'pm': {'pm1': 13212, 'pm10': 13214, 'pm25': 13213}}",6.83,16.68,24.14,1.23,1.27,1.27,535054547,45.1,MOD-00617,23.7,2025-11-06T08:53:37,2025-11-06T00:53:37,https://api.quant-aq.com/v1/devices/MOD-00617/data/535054390
1419.03,851.49,"{'lat': None, 'lon': None}","{'rh': 45.0, 'temp': 23.7, 'wd': 0.0, 'ws': 0.0, 'ws_scalar': 0.0}","{'gas': {'co': 13502, 'co2': 13264, 'no': 13590, 'no2': 13769, 'o3': 13749}, 'pm': {'pm1': 13212, 'pm10': 13214, 'pm25': 13213}}",6.9,17.02,23.88,1.08,1.29,1.11,535054546,45.0,MOD-00617,23.7,2025-11-06T08:52:37,2025-11-06T00:52:37,https://api.quant-aq.com/v1/devices/MOD-00617/data/535054389
1419.11,848.6,"{'lat': None, 'lon': None}","{'rh': 44.9, 'temp': 23.7, 'wd': 0.0, 'ws': 0.0, 'ws_scalar': 0.0}","{'gas': {'co': 13502, 'co2': 13264, 'no': 13590, 'no2': 13769, 'o3': 13749}, 'pm': {'pm1': 13212, 'pm10': 13214, 'pm25': 13213}}",7.19,19.77,24.2,1.11,1.17,1.17,535054544,44.9,MOD-00617,23.7,2025-11-06T08:51:37,2025-11-06T00:51:37,https://api.quant-aq.com/v1/devices/MOD-00617/data/535054387
1417.8,851.13,"{'lat': None, 'lon': None}","{'rh': 45.0, 'temp': 23.7, 'wd': 0.0, 'ws': 0.0, 'ws_scalar': 0.0}","{'gas': {'co': 13502, 'co2': 13264, 'no': 13590, 'no2': 13769, 'o3': 13749}, 'pm': {'pm1': 13212, 'pm10': 13214, 'pm25': 13213}}",6.9,17.73,23.88,1.47,1.65,1.47,535054545,45.0,MOD-00617,23.7,2025-11-06T08:50:37,2025-11-06T00:50:37,https://api.quant-aq.com/v1/devices/MOD-00617/data/535054388
1425.67,847.28,"{'lat': None, 'lon': None}","{'rh': 44.9, 'temp': 23.7, 'wd': 0.0, 'ws': 0.0, 'ws_scalar': 0.0}","{'gas': {'co': 13502, 'co2': 13264, 'no': 13590, 'no2': 13769, 'o3': 13749}, 'pm': {'pm1': 13212, 'pm10': 13214, 'pm25': 13213}}",6.93,19.38,23.91,1.25,3.44,1.29,535054543,44.9,MOD-00617,23.7,2025-11-06T08:49:37,2025-11-06T00:49:37,https://api.quant-aq.com/v1/devices/MOD-00617/data/535054386
1425.6,848.48,"{'lat': None, 'lon': None}","{'rh': 45.0, 'temp': 23.7, 'wd': 0.0, 'ws': 0.0, 'ws_scalar': 0.0}","{'gas': {'co': 13502, 'co2': 13264, 'no': 13590, 'no2': 13769, 'o3': 13749}, 'pm': {'pm1': 13212, 'pm10': 13214, 'pm25': 13213}}",6.91,17.73,24.46,1.35,1.4,1.4,535051766,45.0,MOD-00617,23.7,2025-11-06T08:48:37,2025-11-06T00:48:37,https://api.quant-aq.com/v1/devices/MOD-00617/data/535051609
1432.17,849.68,"{'lat': None, 'lon': None}","{'rh': 45.0, 'temp': 23.7, 'wd': 0.0, 'ws': 0.0, 'ws_scalar': 0.0}","{'gas': {'co': 13502, 'co2': 13264, 'no': 13590, 'no2': 13769, 'o3': 13749}, 'pm': {'pm1': 13212, 'pm10': 13214, 'pm25': 13213}}",6.9,17.73,23.88,0.98,5.85,1.04,535051767,45.0,MOD-00617,23.7,2025-11-06T08:47:37,2025-11-06T00:47:37,https://api.quant-aq.com/v1/devices/MOD-00617/data/535051610
1428.48,849.81,"{'lat': None, 'lon': None}","{'rh': 45.0, 'temp': 23.7, 'wd': 0.0, 'ws': 0.0, 'ws_scalar': 0.0}","{'gas': {'co': 13502, 'co2': 13264, 'no': 13590, 'no2': 13769, 'o3': 13749}, 'pm': {'pm1': 13212, 'pm10': 13214, 'pm25': 13213}}",6.84,17.73,24.17,1.14,11.0,1.17,535051765,45.0,MOD-00617,23.7,2025-11-06T08:46:37,2025-11-06T00:46:37,https://api.quant-aq.com/v1/devices/MOD-00617/data/535051608
1431.35,854.98,"{'lat': None, 'lon': None}","{'rh': 45.0, 'temp': 23.7, 'wd': 0.0, 'ws': 0.0, 'ws_scalar': 0.0}","{'gas': {'co': 13502, 'co2': 13264, 'no': 13590, 'no2': 13769, 'o3': 13749}, 'pm': {'pm1': 13212, 'pm10': 13214, 'pm25': 13213}}",6.9,17.73,23.88,1.48,3.32,1.52,535051764,45.0,MOD-00617,23.7,2025-11-06T08:45:37,2025-11-06T00:45:37,https://api.quant-aq.com/v1/devices/MOD-00617/data/535051607
1437.44,858.6,"{'lat': None, 'lon': None}","{'rh': 45.1, 'temp': 23.7, 'wd': 0.0, 'ws': 0.0, 'ws_scalar': 0.0}","{'gas': {'co': 13502, 'co2': 13264, 'no': 13590, 'no2': 13769, 'o3': 13749}, 'pm': {'pm1': 13212, 'pm10': 13214, 'pm25': 13213}}",6.83,16.68,23.85,1.23,18.54,1.3,535051763,45.1,MOD-00617,23.7,2025-11-06T08:44:37,2025-11-06T00:44:37,https://api.quant-aq.com/v1/devices/MOD-00617/data/535051606
1438.26,857.75,"{'lat': None, 'lon': None}","{'rh': 45.1, 'temp': 23.7, 'wd': 0.0, 'ws': 0.0, 'ws_scalar': 0.0}","{'gas': {'co': 13502, 'co2': 13264, 'no': 13590, 'no2': 13769, 'o3': 13749}, 'pm': {'pm1': 13212, 'pm10': 13214, 'pm25': 13213}}",6.83,17.33,23.85,1.26,1.3,1.3,535048938,45.1,MOD-00617,23.7,2025-11-06T08:43:37,2025-11-06T00:43:37,https://api.quant-aq.com/v1/devices/MOD-00617/data/535048781
1442.77,858.96,"{'lat': None, 'lon': None}","{'rh': 45.1, 'temp': 23.7, 'wd': 0.0, 'ws': 0.0, 'ws_scalar': 0.0}","{'gas': {'co': 13502, 'co2': 13264, 'no': 13590, 'no2': 13769, 'o3': 13749}, 'pm': {'pm1': 13212, 'pm10': 13214, 'pm25': 13213}}",6.83,15.54,23.85,1.14,1.67,1.17,535048940,45.1,MOD-00617,23.7,2025-11-06T08:42:37,2025-11-06T00:42:37,https://api.quant-aq.com/v1/devices/MOD-00617/data/535048784
1436.62,855.83,"{'lat': None, 'lon': None}","{'rh': 45.1, 'temp': 23.7, 'wd': 0.0, 'ws': 0.0, 'ws_scalar': 0.0}","{'gas': {'co': 13502, 'co2': 13264, 'no': 13590, 'no2': 13769, 'o3': 13749}, 'pm': {'pm1': 13212, 'pm10': 13214, 'pm25': 13213}}",6.83,16.06,24.14,1.26,1.27,1.27,535048937,45.1,MOD-00617,23.7,2025-11-06T08:41:37,2025-11-06T00:41:37,https://api.quant-aq.com/v1/devices/MOD-00617/data/535048779
1440.31,858.96,"{'lat': None, 'lon': None}","{'rh': 45.1, 'temp': 23.7, 'wd': 0.0, 'ws': 0.0, 'ws_scalar': 0.0}","{'gas': {'co': 13502, 'co2': 13264, 'no': 13590, 'no2': 13769, 'o3': 13749}, 'pm': {'pm1': 13212, 'pm10': 13214, 'pm25': 13213}}",6.87,17.33,24.14,0.98,1.04,1.04,535048939,45.1,MOD-00617,23.7,2025-11-06T08:40:37,2025-11-06T00:40:37,https://api.quant-aq.com/v1/devices/MOD-00617/data/535048782
1441.13,856.19,"{'lat': None, 'lon': None}","{'rh': 45.1, 'temp': 23.7, 'wd': 0.0, 'ws': 0.0, 'ws_scalar': 0.0}","{'gas': {'co': 13502, 'co2': 13264, 'no': 13590, 'no2': 13769, 'o3': 13749}, 'pm': {'pm1': 13212, 'pm10': 13214, 'pm25': 13213}}",6.83,16.68,24.43,0.98,1.17,1.08,535048936,45.1,MOD-00617,23.7,2025-11-06T08:39:37,2025-11-06T00:39:37,https://api.quant-aq.com/v1/devices/MOD-00617/data/535048780
1442.84,860.04,"{'lat': None, 'lon': None}","{'rh': 45.0, 'temp': 23.7, 'wd': 0.0, 'ws': 0.0, 'ws_scalar': 0.0}","{'gas': {'co': 13502, 'co2': 13264, 'no': 13590, 'no2': 13769, 'o3': 13749}, 'pm': {'pm1': 13212, 'pm10': 13214, 'pm25': 13213}}",6.94,17.73,23.59,1.18,1.97,1.26,535046207,45.0,MOD-00617,23.7,2025-11-06T08:38:37,2025-11-06T00:38:37,https://api.quant-aq.com/v1/devices/MOD-00617/data/535046050
1448.11,855.59,"{'lat': None, 'lon': None}","{'rh': 45.1, 'temp': 23.7, 'wd': 0.0, 'ws': 0.0, 'ws_scalar': 0.0}","{'gas': {'co': 13502, 'co2': 13264, 'no': 13590, 'no2': 13769, 'o3': 13749}, 'pm': {'pm1': 13212, 'pm10': 13214, 'pm25': 13213}}",6.87,15.54,23.57,1.12,6.35,1.18,535046206,45.1,MOD-00617,23.7,2025-11-06T08:37:37,2025-11-06T00:37:37,https://api.quant-aq.com/v1/devices/MOD-00617/data/535046049
1446.88,852.21,"{'lat': None, 'lon': None}","{'rh': 45.1, 'temp': 23.7, 'wd': 0.0, 'ws': 0.0, 'ws_scalar': 0.0}","{'gas': {'co': 13502, 'co2': 13264, 'no': 13590, 'no2': 13769, 'o3': 13749}, 'pm': {'pm1': 13212, 'pm10': 13214, 'pm25': 13213}}",6.83,15.12,24.14,1.26,3.51,1.31,535046205,45.1,MOD-00617,23.7,2025-11-06T08:36:37,2025-11-06T00:36:37,https://api.quant-aq.com/v1/devices/MOD-00617/data/535046048
1446.54,851.01,"{'lat': None, 'lon': None}","{'rh': 45.0, 'temp': 23.7, 'wd': 0.0, 'ws': 0.0, 'ws_scalar': 0.0}","{'gas': {'co': 13502, 'co2': 13264, 'no': 13590, 'no2': 13769, 'o3': 13749}, 'pm': {'pm1': 13212, 'pm10': 13214, 'pm25': 13213}}",6.9,17.73,23.88,1.46,1.65,1.57,535046204,45.0,MOD-00617,23.7,2025-11-06T08:35:37,2025-11-06T00:35:37,https://api.quant-aq.com/v1/devices/MOD-00617/data/535046042
1452.14,861.49,"{'lat': None, 'lon': None}","{'rh': 45.2, 'temp': 23.7, 'wd': 0.0, 'ws': 0.0, 'ws_scalar': 0.0}","{'gas': {'co': 13502, 'co2': 13264, 'no': 13590, 'no2': 13769, 'o3': 13749}, 'pm': {'pm1': 13212, 'pm10': 13214, 'pm25': 13213}}",6.82,15.17,24.11,1.43,1.48,1.48,535046196,45.2,MOD-00617,23.7,2025-11-06T08:34:37,2025-11-06T00:34:37,https://api.quant-aq.com/v1/devices/MOD-00617/data/535046038
1452.96,859.44,"{'lat': None, 'lon': None}","{'rh': 45.2, 'temp': 23.7, 'wd': 0.0, 'ws': 0.0, 'ws_scalar': 0.0}","{'gas': {'co': 13502, 'co2': 13264, 'no': 13590, 'no2': 13769, 'o3': 13749}, 'pm': {'pm1': 13212, 'pm10': 13214, 'pm25': 13213}}",6.78,15.58,24.11,1.12,3.3,1.24,535043417,45.2,MOD-00617,23.7,2025-11-06T08:33:37,2025-11-06T00:33:37,https://api.quant-aq.com/v1/devices/MOD-00617/data/535043260
1454.27,857.15,"{'lat': None, 'lon': None}","{'rh': 45.1, 'temp': 23.7, 'wd': 0.0, 'ws': 0.0, 'ws_scalar': 0.0}","{'gas': {'co': 13502, 'co2': 13264, 'no': 13590, 'no2': 13769, 'o3': 13749}, 'pm': {'pm1': 13212, 'pm10': 13214, 'pm25': 13213}}",6.87,17.33,24.43,1.26,3.59,1.28,535043418,45.1,MOD-00617,23.7,2025-11-06T08:32:37,2025-11-06T00:32:37,https://api.quant-aq.com/v1/devices/MOD-00617/data/535043261
1460.35,861.97,"{'lat': None, 'lon': None}","{'rh': 45.2, 'temp': 23.7, 'wd': 0.0, 'ws': 0.0, 'ws_scalar': 0.0}","{'gas': {'co': 13502, 'co2': 13264, 'no': 13590, 'no2': 13769, 'o3': 13749}, 'pm': {'pm1': 13212, 'pm10': 13214, 'pm25': 13213}}",6.9,15.58,24.11,1.2,2.02,1.3,535043416,45.2,MOD-00617,23.7,2025-11-06T08:31:37,2025-11-06T00:31:37,https://api.quant-aq.com/v1/devices/MOD-00617/data/535043259
1455.84,859.68,"{'lat': None, 'lon': None}","{'rh': 45.2, 'temp': 23.7, 'wd': 0.0, 'ws': 0.0, 'ws_scalar': 0.0}","{'gas': {'co': 13502, 'co2': 13264, 'no': 13590, 'no2': 13769, 'o3': 13749}, 'pm': {'pm1': 13212, 'pm10': 13214, 'pm25': 13213}}",6.82,15.58,23.82,1.38,1.64,1.43,535043415,45.2,MOD-00617,23.7,2025-11-06T08:30:37,2025-11-06T00:30:37,https://api.quant-aq.com/v1/devices/MOD-00617/data/535043258
1467.33,857.15,"{'lat': None, 'lon': None}","{'rh': 45.2, 'temp': 23.7, 'wd': 0.0, 'ws': 0.0, 'ws_scalar': 0.0}","{'gas': {'co': 13502, 'co2': 13264, 'no': 13590, 'no2': 13769, 'o3': 13749}, 'pm': {'pm1': 13212, 'pm10': 13214, 'pm25': 13213}}",6.82,14.83,24.11,1.17,3.06,1.22,535043419,45.2,MOD-00617,23.7,2025-11-06T08:29:37,2025-11-06T00:29:37,https://api.quant-aq.com/v1/devices/MOD-00617/data/535043262
1455.02,856.07,"{'lat': None, 'lon': None}","{'rh': 45.2, 'temp': 23.7, 'wd': 0.0, 'ws': 0.0, 'ws_scalar': 0.0}","{'gas': {'co': 13502, 'co2': 13264, 'no': 13590, 'no2': 13769, 'o3': 13749}, 'pm': {'pm1': 13212, 'pm10': 13214, 'pm25': 13213}}",6.82,15.58,24.11,1.18,1.22,1.22,535040646,45.2,MOD-00617,23.7,2025-11-06T08:28:37,2025-11-06T00:28:37,https://api.quant-aq.com/v1/devices/MOD-00617/data/535040489
1464.53,852.33,"{'lat': None, 'lon': None}","{'rh': 45.1, 'temp': 23.7, 'wd': 0.0, 'ws': 0.0, 'ws_scalar': 0.0}","{'gas': {'co': 13502, 'co2': 13264, 'no': 13590, 'no2': 13769, 'o3': 13749}, 'pm': {'pm1': 13212, 'pm10': 13214, 'pm25': 13213}}",6.9,16.06,23.85,1.08,6.21,1.12,535040644,45.1,MOD-00617,23.7,2025-11-06T08:27:37,2025-11-06T00:27:37,https://api.quant-aq.com/v1/devices/MOD-00617/data/535040487
1470.62,859.8,"{'lat': None, 'lon': None}","{'rh': 45.2, 'temp': 23.7, 'wd': 0.0, 'ws': 0.0, 'ws_scalar': 0.0}","{'gas': {'co': 13502, 'co2': 13264, 'no': 13590, 'no2': 13769, 'o3': 13749}, 'pm': {'pm1': 13212, 'pm10': 13214, 'pm25': 13213}}",6.82,16.07,23.82,1.11,1.36,1.18,535040642,45.2,MOD-00617,23.7,2025-11-06T08:26:37,2025-11-06T00:26:37,https://api.quant-aq.com/v1/devices/MOD-00617/data/535040485
1460.35,857.88,"{'lat': None, 'lon': None}","{'rh': 45.2, 'temp': 23.7, 'wd': 0.0, 'ws': 0.0, 'ws_scalar': 0.0}","{'gas': {'co': 13502, 'co2': 13264, 'no': 13590, 'no2': 13769, 'o3': 13749}, 'pm': {'pm1': 13212, 'pm10': 13214, 'pm25': 13213}}",6.82,15.58,24.4,0.99,16.17,1.03,535040641,45.2,MOD-00617,23.7,2025-11-06T08:25:37,2025-11-06T00:25:37,https://api.quant-aq.com/v1/devices/MOD-00617/data/535040484
1466.92,856.67,"{'lat': None, 'lon': None}","{'rh': 45.2, 'temp': 23.7, 'wd': 0.0, 'ws': 0.0, 'ws_scalar': 0.0}","{'gas': {'co': 13502, 'co2': 13264, 'no': 13590, 'no2': 13769, 'o3': 13749}, 'pm': {'pm1': 13212, 'pm10': 13214, 'pm25': 13213}}",6.86,16.58,24.11,1.06,1.34,1.12,535040643,45.2,MOD-00617,23.7,2025-11-06T08:24:37,2025-11-06T00:24:37,https://api.quant-aq.com/v1/devices/MOD-00617/data/535040486
1460.35,857.03,"{'lat': None, 'lon': None}","{'rh': 45.2, 'temp': 23.7, 'wd': 0.0, 'ws': 0.0, 'ws_scalar': 0.0}","{'gas': {'co': 13502, 'co2': 13264, 'no': 13590, 'no2': 13769, 'o3': 13749}, 'pm': {'pm1': 13212, 'pm10': 13214, 'pm25': 13213}}",6.79,15.58,23.82,1.26,2.75,1.33,535037846,45.2,MOD-00617,23.7,2025-11-06T08:23:37,2025-11-06T00:23:37,https://api.quant-aq.com/v1/devices/MOD-00617/data/535037690
1450.5,854.86,"{'lat': None, 'lon': None}","{'rh': 45.2, 'temp': 23.7, 'wd': 0.0, 'ws': 0.0, 'ws_scalar': 0.0}","{'gas': {'co': 13502, 'co2': 13264, 'no': 13590, 'no2': 13769, 'o3': 13749}, 'pm': {'pm1': 13212, 'pm10': 13214, 'pm25': 13213}}",6.78,16.07,23.54,0.94,1.04,1.0,535037845,45.2,MOD-00617,23.7,2025-11-06T08:22:37,2025-11-06T00:22:37,https://api.quant-aq.com/v1/devices/MOD-00617/data/535037689
1450.09,863.78,"{'lat': None, 'lon': None}","{'rh': 45.2, 'temp': 23.7, 'wd': 0.0, 'ws': 0.0, 'ws_scalar': 0.0}","{'gas': {'co': 13502, 'co2': 13264, 'no': 13590, 'no2': 13769, 'o3': 13749}, 'pm': {'pm1': 13212, 'pm10': 13214, 'pm25': 13213}}",6.82,16.58,24.4,1.03,1.42,1.15,535037844,45.2,MOD-00617,23.7,2025-11-06T08:21:37,2025-11-06T00:21:37,https://api.quant-aq.com/v1/devices/MOD-00617/data/535037687
1446.33,864.14,"{'lat': None, 'lon': None}","{'rh': 45.3, 'temp': 23.7, 'wd': 0.0, 'ws': 0.0, 'ws_scalar': 0.0}","{'gas': {'co': 13502, 'co2': 13264, 'no': 13590, 'no2': 13769, 'o3': 13749}, 'pm': {'pm1': 13212, 'pm10': 13214, 'pm25': 13213}}",6.72,15.65,23.8,1.09,6.31,1.18,535037843,45.3,MOD-00617,23.7,2025-11-06T08:20:37,2025-11-06T00:20:37,https://api.quant-aq.com/v1/devices/MOD-00617/data/535037686
1443.04,863.66,"{'lat': None, 'lon': None}","{'rh': 45.3, 'temp': 23.7, 'wd': 0.0, 'ws': 0.0, 'ws_scalar': 0.0}","{'gas': {'co': 13502, 'co2': 13264, 'no': 13590, 'no2': 13769, 'o3': 13749}, 'pm': {'pm1': 13212, 'pm10': 13214, 'pm25': 13213}}",6.78,11.97,24.08,0.95,7.95,1.03,535037847,45.3,MOD-00617,23.7,2025-11-06T08:19:37,2025-11-06T00:19:37,https://api.quant-aq.com/v1/devices/MOD-00617/data/535037688
1431.89,871.24,"{'lat': None, 'lon': None}","{'rh': 45.4, 'temp': 23.7, 'wd': 0.0, 'ws': 0.0, 'ws_scalar': 0.0}","{'gas': {'co': 13502, 'co2': 13264, 'no': 13590, 'no2': 13769, 'o3': 13749}, 'pm': {'pm1': 13212, 'pm10': 13214, 'pm25': 13213}}",6.67,13.89,24.35,1.34,1.62,1.41,535035068,45.4,MOD-00617,23.7,2025-11-06T08:18:37,2025-11-06T00:18:37,https://api.quant-aq.com/v1/devices/MOD-00617/data/535034911
1430.66,865.58,"{'lat': None, 'lon': None}","{'rh': 45.4, 'temp': 23.7, 'wd': 0.0, 'ws': 0.0, 'ws_scalar': 0.0}","{'gas': {'co': 13502, 'co2': 13264, 'no': 13590, 'no2': 13769, 'o3': 13749}, 'pm': {'pm1': 13212, 'pm10': 13214, 'pm25': 13213}}",6.69,13.74,24.63,1.17,1.78,1.22,535035066,45.4,MOD-00617,23.7,2025-11-06T08:17:37,2025-11-06T00:17:37,https://api.quant-aq.com/v1/devices/MOD-00617/data/535034910
1411.77,866.31,"{'lat': None, 'lon': None}","{'rh': 45.4, 'temp': 23.7, 'wd': 0.0, 'ws': 0.0, 'ws_scalar': 0.0}","{'gas': {'co': 13502, 'co2': 13264, 'no': 13590, 'no2': 13769, 'o3': 13749}, 'pm': {'pm1': 13212, 'pm10': 13214, 'pm25': 13213}}",6.67,13.74,23.77,1.1,2.22,1.16,535035065,45.4,MOD-00617,23.7,2025-11-06T08:16:37,2025-11-06T00:16:37,https://api.quant-aq.com/v1/devices/MOD-00617/data/535034908
1396.17,859.92,"{'lat': None, 'lon': None}","{'rh': 45.4, 'temp': 23.7, 'wd': 0.0, 'ws': 0.0, 'ws_scalar': 0.0}","{'gas': {'co': 13502, 'co2': 13264, 'no': 13590, 'no2': 13769, 'o3': 13749}, 'pm': {'pm1': 13212, 'pm10': 13214, 'pm25': 13213}}",6.62,14.06,24.63,1.32,7.58,1.42,535035067,45.4,MOD-00617,23.7,2025-11-06T08:15:37,2025-11-06T00:15:37,https://api.quant-aq.com/v1/devices/MOD-00617/data/535034909
1387.96,860.04,"{'lat': None, 'lon': None}","{'rh': 45.4, 'temp': 23.7, 'wd': 0.0, 'ws': 0.0, 'ws_scalar': 0.0}","{'gas': {'co': 13502, 'co2': 13264, 'no': 13590, 'no2': 13769, 'o3': 13749}, 'pm': {'pm1': 13212, 'pm10': 13214, 'pm25': 13213}}",6.69,14.06,24.06,1.09,1.15,1.15,535035063,45.4,MOD-00617,23.7,2025-11-06T08:14:37,2025-11-06T00:14:37,https://api.quant-aq.com/v1/devices/MOD-00617/data/535034905
1368.26,859.92,"{'lat': None, 'lon': None}","{'rh': 45.4, 'temp': 23.7, 'wd': 0.0, 'ws': 0.0, 'ws_scalar': 0.0}","{'gas': {'co': 13502, 'co2': 13264, 'no': 13590, 'no2': 13769, 'o3': 13749}, 'pm': {'pm1': 13212, 'pm10': 13214, 'pm25': 13213}}",6.67,13.89,24.35,0.95,1.06,1.02,535032232,45.4,MOD-00617,23.7,2025-11-06T08:13:37,2025-11-06T00:13:37,https://api.quant-aq.com/v1/devices/MOD-00617/data/535032075
1345.2,868.47,"{'lat': None, 'lon': None}","{'rh': 45.5, 'temp': 23.7, 'wd': 0.0, 'ws': 0.0, 'ws_scalar': 0.0}","{'gas': {'co': 13502, 'co2': 13264, 'no': 13590, 'no2': 13769, 'o3': 13749}, 'pm': {'pm1': 13212, 'pm10': 13214, 'pm25': 13213}}",6.61,13.16,24.03,1.05,1.66,1.11,535032235,45.5,MOD-00617,23.7,2025-11-06T08:12:37,2025-11-06T00:12:37,https://api.quant-aq.com/v1/devices/MOD-00617/data/535032080
1325.49,868.23,"{'lat': None, 'lon': None}","{'rh': 45.5, 'temp': 23.7, 'wd': 0.0, 'ws': 0.0, 'ws_scalar': 0.0}","{'gas': {'co': 13502, 'co2': 13264, 'no': 13590, 'no2': 13769, 'o3': 13749}, 'pm': {'pm1': 13212, 'pm10': 13214, 'pm25': 13213}}",6.61,13.08,24.32,0.97,7.71,1.11,535032233,45.5,MOD-00617,23.7,2025-11-06T08:11:37,2025-11-06T00:11:37,https://api.quant-aq.com/v1/devices/MOD-00617/data/535032077
1302.92,863.17,"{'lat': None, 'lon': None}","{'rh': 45.5, 'temp': 23.7, 'wd': 0.0, 'ws': 0.0, 'ws_scalar': 0.0}","{'gas': {'co': 13502, 'co2': 13264, 'no': 13590, 'no2': 13769, 'o3': 13749}, 'pm': {'pm1': 13212, 'pm10': 13214, 'pm25': 13213}}",6.57,13.12,24.61,1.11,1.93,1.28,535032231,45.5,MOD-00617,23.7,2025-11-06T08:10:37,2025-11-06T00:10:37,https://api.quant-aq.com/v1/devices/MOD-00617/data/535032074
1270.08,865.1,"{'lat': None, 'lon': None}","{'rh': 45.5, 'temp': 23.7, 'wd': 0.0, 'ws': 0.0, 'ws_scalar': 0.0}","{'gas': {'co': 13502, 'co2': 13264, 'no': 13590, 'no2': 13769, 'o3': 13749}, 'pm': {'pm1': 13212, 'pm10': 13214, 'pm25': 13213}}",6.59,13.12,24.03,1.3,5.8,1.4,535032234,45.5,MOD-00617,23.7,2025-11-06T08:09:37,2025-11-06T00:09:37,https://api.quant-aq.com/v1/devices/MOD-00617/data/535032078
1251.6,864.74,"{'lat': None, 'lon': None}","{'rh': 45.5, 'temp': 23.7, 'wd': 0.0, 'ws': 0.0, 'ws_scalar': 0.0}","{'gas': {'co': 13502, 'co2': 13264, 'no': 13590, 'no2': 13769, 'o3': 13749}, 'pm': {'pm1': 13212, 'pm10': 13214, 'pm25': 13213}}",6.59,13.08,24.03,1.41,2.28,1.68,535029487,45.5,MOD-00617,23.7,2025-11-06T08:08:37,2025-11-06T00:08:37,https://api.quant-aq.com/v1/devices/MOD-00617/data/535029333
1237.65,866.07,"{'lat': None, 'lon': None}","{'rh': 45.5, 'temp': 23.7, 'wd': 0.0, 'ws': 0.0, 'ws_scalar': 0.0}","{'gas': {'co': 13502, 'co2': 13264, 'no': 13590, 'no2': 13769, 'o3': 13749}, 'pm': {'pm1': 13212, 'pm10': 13214, 'pm25': 13213}}",6.61,13.11,24.61,1.24,2.18,1.4,535029481,45.5,MOD-00617,23.7,2025-11-06T08:07:37,2025-11-06T00:07:37,https://api.quant-aq.com/v1/devices/MOD-00617/data/535029325
1224.03,872.33,"{'lat': None, 'lon': None}","{'rh': 45.6, 'temp': 23.7, 'wd': 0.0, 'ws': 0.0, 'ws_scalar': 0.0}","{'gas': {'co': 13502, 'co2': 13264, 'no': 13590, 'no2': 13769, 'o3': 13749}, 'pm': {'pm1': 13212, 'pm10': 13214, 'pm25': 13213}}",6.5,12.61,23.71,0.97,2.13,1.22,535029484,45.6,MOD-00617,23.7,2025-11-06T08:06:37,2025-11-06T00:06:37,https://api.quant-aq.com/v1/devices/MOD-00617/data/535029332
1204.25,875.58,"{'lat': None, 'lon': None}","{'rh': 45.7, 'temp': 23.7, 'wd': 0.0, 'ws': 0.0, 'ws_scalar': 0.0}","{'gas': {'co': 13502, 'co2': 13264, 'no': 13590, 'no2': 13769, 'o3': 13749}, 'pm': {'pm1': 13212, 'pm10': 13214, 'pm25': 13213}}",6.06,15.03,24.26,1.39,4.69,1.55,535029482,45.7,MOD-00617,23.7,2025-11-06T08:05:37,2025-11-06T00:05:37,https://api.quant-aq.com/v1/devices/MOD-00617/data/535029327
1198.09,882.81,"{'lat': None, 'lon': None}","{'rh': 45.7, 'temp': 23.7, 'wd': 0.0, 'ws': 0.0, 'ws_scalar': 0.0}","{'gas': {'co': 13502, 'co2': 13264, 'no': 13590, 'no2': 13769, 'o3': 13749}, 'pm': {'pm1': 13212, 'pm10': 13214, 'pm25': 13213}}",6.07,12.28,24.55,1.19,3.56,1.42,535027236,45.7,MOD-00617,23.7,2025-11-06T08:04:37,2025-11-06T00:04:37,https://api.quant-aq.com/v1/devices/MOD-00617/data/535027080
1196.79,878.71,"{'lat': None, 'lon': None}","{'rh': 45.8, 'temp': 23.7, 'wd': 0.0, 'ws': 0.0, 'ws_scalar': 0.0}","{'gas': {'co': 13502, 'co2': 13264, 'no': 13590, 'no2': 13769, 'o3': 13749}, 'pm': {'pm1': 13212, 'pm10': 13214, 'pm25': 13213}}",6.0,12.0,24.81,1.52,13.24,1.87,535027237,45.8,MOD-00617,23.7,2025-11-06T08:03:37,2025-11-06T00:03:37,https://api.quant-aq.com/v1/devices/MOD-00617/data/535027079
1184.55,872.33,"{'lat': None, 'lon': None}","{'rh': 45.7, 'temp': 23.7, 'wd': 0.0, 'ws': 0.0, 'ws_scalar': 0.0}","{'gas': {'co': 13502, 'co2': 13264, 'no': 13590, 'no2': 13769, 'o3': 13749}, 'pm': {'pm1': 13212, 'pm10': 13214, 'pm25': 13213}}",6.06,12.53,24.55,1.16,8.64,1.55,535027235,45.7,MOD-00617,23.7,2025-11-06T08:02:37,2025-11-06T00:02:37,https://api.quant-aq.com/v1/devices/MOD-00617/data/535027078
1180.03,869.8,"{'lat': None, 'lon': None}","{'rh': 45.7, 'temp': 23.7, 'wd': 0.0, 'ws': 0.0, 'ws_scalar': 0.0}","{'gas': {'co': 13502, 'co2': 13264, 'no': 13590, 'no2': 13769, 'o3': 13749}, 'pm': {'pm1': 13212, 'pm10': 13214, 'pm25': 13213}}",6.06,12.28,24.55,1.18,1.93,1.54,535027234,45.7,MOD-00617,23.7,2025-11-06T08:01:37,2025-11-06T00:01:37,https://api.quant-aq.com/v1/devices/MOD-00617/data/535027077
1177.16,873.53,"{'lat': None, 'lon': None}","{'rh': 45.7, 'temp': 23.7, 'wd': 0.0, 'ws': 0.0, 'ws_scalar': 0.0}","{'gas': {'co': 13502, 'co2': 13264, 'no': 13590, 'no2': 13769, 'o3': 13749}, 'pm': {'pm1': 13212, 'pm10': 13214, 'pm25': 13213}}",6.5,15.03,24.55,1.34,3.36,1.71,535025015,45.7,MOD-00617,23.7,2025-11-06T08:00:37,2025-11-06T00:00:37,https://api.quant-aq.com/v1/devices/MOD-00617/data/535024858
1154.1,875.46,"{'lat': None, 'lon': None}","{'rh': 45.8, 'temp': 23.7, 'wd': 0.0, 'ws': 0.0, 'ws_scalar': 0.0}","{'gas': {'co': 13502, 'co2': 13264, 'no': 13590, 'no2': 13769, 'o3': 13749}, 'pm': {'pm1': 13212, 'pm10': 13214, 'pm25': 13213}}",6.01,12.83,24.23,1.66,19.52,2.31,535025013,45.8,MOD-00617,23.7,2025-11-06T07:59:37,2025-11-05T23:59:37,https://api.quant-aq.com/v1/devices/MOD-00617/data/535024855
1150.82,870.88,"{'lat': None, 'lon': None}","{'rh': 45.8, 'temp': 23.7, 'wd': 0.0, 'ws': 0.0, 'ws_scalar': 0.0}","{'gas': {'co': 13502, 'co2': 13264, 'no': 13590, 'no2': 13769, 'o3': 13749}, 'pm': {'pm1': 13212, 'pm10': 13214, 'pm25': 13213}}",6.0,12.0,24.52,1.55,27.25,2.8,535025014,45.8,MOD-00617,23.7,2025-11-06T07:58:37,2025-11-05T23:58:37,https://api.quant-aq.com/v1/devices/MOD-00617/data/535024857
1142.34,860.04,"{'lat': None, 'lon': None}","{'rh': 45.6, 'temp': 23.7, 'wd': 0.0, 'ws': 0.0, 'ws_scalar': 0.0}","{'gas': {'co': 13502, 'co2': 13264, 'no': 13590, 'no2': 13769, 'o3': 13749}, 'pm': {'pm1': 13212, 'pm10': 13214, 'pm25': 13213}}",6.53,16.15,24.0,1.4,34.34,2.14,535025012,45.6,MOD-00617,23.7,2025-11-06T07:57:37,2025-11-05T23:57:37,https://api.quant-aq.com/v1/devices/MOD-00617/data/535024856
1149.1,880.76,"{'lat': None, 'lon': None}","{'rh': 45.9, 'temp': 23.7, 'wd': 0.0, 'ws': 0.0, 'ws_scalar': 0.0}","{'gas': {'co': 13502, 'co2': 13264, 'no': 13590, 'no2': 13769, 'o3': 13749}, 'pm': {'pm1': 13212, 'pm10': 13214, 'pm25': 13213}}",6.02,11.73,24.78,1.21,36.28,1.47,535022814,45.9,MOD-00617,23.7,2025-11-06T07:56:37,2025-11-05T23:56:37,https://api.quant-aq.com/v1/devices/MOD-00617/data/535022657
1146.94,880.28,"{'lat': None, 'lon': None}","{'rh': 45.9, 'temp': 23.6, 'wd': 0.0, 'ws': 0.0, 'ws_scalar': 0.0}","{'gas': {'co': 13502, 'co2': 13264, 'no': 13590, 'no2': 13769, 'o3': 13749}, 'pm': {'pm1': 13212, 'pm10': 13214, 'pm25': 13213}}",6.32,10.71,24.77,1.38,21.31,1.59,535022813,45.9,MOD-00617,23.6,2025-11-06T07:55:37,2025-11-05T23:55:37,https://api.quant-aq.com/v1/devices/MOD-00617/data/535022656
1137.5,880.88,"{'lat': None, 'lon': None}","{'rh': 45.9, 'temp': 23.6, 'wd': 0.0, 'ws': 0.0, 'ws_scalar': 0.0}","{'gas': {'co': 13502, 'co2': 13264, 'no': 13590, 'no2': 13769, 'o3': 13749}, 'pm': {'pm1': 13212, 'pm10': 13214, 'pm25': 13213}}",5.93,10.61,24.77,1.43,9.27,1.94,535022812,45.9,MOD-00617,23.6,2025-11-06T07:54:37,2025-11-05T23:54:37,https://api.quant-aq.com/v1/devices/MOD-00617/data/535022655
1137.5,868.23,"{'lat': None, 'lon': None}","{'rh': 45.9, 'temp': 23.6, 'wd': 0.0, 'ws': 0.0, 'ws_scalar': 0.0}","{'gas': {'co': 13502, 'co2': 13264, 'no': 13590, 'no2': 13769, 'o3': 13749}, 'pm': {'pm1': 13212, 'pm10': 13214, 'pm25': 13213}}",6.32,10.61,24.77,1.5,20.45,1.95,535022811,45.9,MOD-00617,23.6,2025-11-06T07:53:37,2025-11-05T23:53:37,https://api.quant-aq.com/v1/devices/MOD-00617/data/535022654
1140.37,864.26,"{'lat': None, 'lon': None}","{'rh': 45.9, 'temp': 23.6, 'wd': 0.0, 'ws': 0.0, 'ws_scalar': 0.0}","{'gas': {'co': 13502, 'co2': 13264, 'no': 13590, 'no2': 13769, 'o3': 13749}, 'pm': {'pm1': 13212, 'pm10': 13214, 'pm25': 13213}}",5.95,10.51,25.06,1.51,26.26,2.13,535020562,45.9,MOD-00617,23.6,2025-11-06T07:52:37,2025-11-05T23:52:37,https://api.quant-aq.com/v1/devices/MOD-00617/data/535020406
1133.06,853.42,"{'lat': None, 'lon': None}","{'rh': 45.8, 'temp': 23.6, 'wd': 0.0, 'ws': 0.0, 'ws_scalar': 0.0}","{'gas': {'co': 13502, 'co2': 13264, 'no': 13590, 'no2': 13769, 'o3': 13749}, 'pm': {'pm1': 13212, 'pm10': 13214, 'pm25': 13213}}",6.0,10.83,24.51,1.69,15.42,2.13,535020563,45.8,MOD-00617,23.6,2025-11-06T07:51:37,2025-11-05T23:51:37,https://api.quant-aq.com/v1/devices/MOD-00617/data/535020405
1126.9,849.32,"{'lat': None, 'lon': None}","{'rh': 45.8, 'temp': 23.6, 'wd': 0.0, 'ws': 0.0, 'ws_scalar': 0.0}","{'gas': {'co': 13502, 'co2': 13264, 'no': 13590, 'no2': 13769, 'o3': 13749}, 'pm': {'pm1': 13212, 'pm10': 13214, 'pm25': 13213}}",6.39,10.53,24.8,1.95,54.45,2.29,535020564,45.8,MOD-00617,23.6,2025-11-06T07:50:37,2025-11-05T23:50:37,https://api.quant-aq.com/v1/devices/MOD-00617/data/535020407
1123.2,847.88,"{'lat': None, 'lon': None}","{'rh': 45.8, 'temp': 23.6, 'wd': 0.0, 'ws': 0.0, 'ws_scalar': 0.0}","{'gas': {'co': 13502, 'co2': 13264, 'no': 13590, 'no2': 13769, 'o3': 13749}, 'pm': {'pm1': 13212, 'pm10': 13214, 'pm25': 13213}}",6.39,10.83,23.93,1.75,18.0,2.19,535020561,45.8,MOD-00617,23.6,2025-11-06T07:49:37,2025-11-05T23:49:37,https://api.quant-aq.com/v1/devices/MOD-00617/data/535020404
1129.43,848.0,"{'lat': None, 'lon': None}","{'rh': 45.7, 'temp': 23.6, 'wd': 0.0, 'ws': 0.0, 'ws_scalar': 0.0}","{'gas': {'co': 13502, 'co2': 13264, 'no': 13590, 'no2': 13769, 'o3': 13749}, 'pm': {'pm1': 13212, 'pm10': 13214, 'pm25': 13213}}",6.45,11.12,24.25,1.47,15.92,1.78,535018336,45.7,MOD-00617,23.6,2025-11-06T07:48:37,2025-11-05T23:48:37,https://api.quant-aq.com/v1/devices/MOD-00617/data/535018178
1131.75,854.62,"{'lat': None, 'lon': None}","{'rh': 45.9, 'temp': 23.6, 'wd': 0.0, 'ws': 0.0, 'ws_scalar': 0.0}","{'gas': {'co': 13502, 'co2': 13264, 'no': 13590, 'no2': 13769, 'o3': 13749}, 'pm': {'pm1': 13212, 'pm10': 13214, 'pm25': 13213}}",6.31,10.35,24.48,1.64,2.92,1.98,535018335,45.9,MOD-00617,23.6,2025-11-06T07:47:37,2025-11-05T23:47:37,https://api.quant-aq.com/v1/devices/MOD-00617/data/535018177
1131.81,866.67,"{'lat': None, 'lon': None}","{'rh': 46.4, 'temp': 23.6, 'wd': 0.0, 'ws': 0.0, 'ws_scalar': 0.0}","{'gas': {'co': 13502, 'co2': 13264, 'no': 13590, 'no2': 13769, 'o3': 13749}, 'pm': {'pm1': 13212, 'pm10': 13214, 'pm25': 13213}}",4.88,8.64,25.5,1.51,12.59,1.84,535018333,46.4,MOD-00617,23.6,2025-11-06T07:46:37,2025-11-05T23:46:37,https://api.quant-aq.com/v1/devices/MOD-00617/data/535018179
1123.74,860.4,"{'lat': None, 'lon': None}","{'rh': 46.2, 'temp': 23.6, 'wd': 0.0, 'ws': 0.0, 'ws_scalar': 0.0}","{'gas': {'co': 13502, 'co2': 13264, 'no': 13590, 'no2': 13769, 'o3': 13749}, 'pm': {'pm1': 13212, 'pm10': 13214, 'pm25': 13213}}",5.6,11.21,25.56,1.7,13.31,2.02,535018332,46.2,MOD-00617,23.6,2025-11-06T07:45:37,2025-11-05T23:45:37,https://api.quant-aq.com/v1/devices/MOD-00617/data/535018175
1120.53,852.7,"{'lat': None, 'lon': None}","{'rh': 46.1, 'temp': 23.6, 'wd': 0.0, 'ws': 0.0, 'ws_scalar': 0.0}","{'gas': {'co': 13502, 'co2': 13264, 'no': 13590, 'no2': 13769, 'o3': 13749}, 'pm': {'pm1': 13212, 'pm10': 13214, 'pm25': 13213}}",5.75,10.61,25.3,1.61,3.93,1.95,535016080,46.1,MOD-00617,23.6,2025-11-06T07:44:37,2025-11-05T23:44:37,https://api.quant-aq.com/v1/devices/MOD-00617/data/535015923
1110.34,846.55,"{'lat': None, 'lon': None}","{'rh': 46.0, 'temp': 23.6, 'wd': 0.0, 'ws': 0.0, 'ws_scalar': 0.0}","{'gas': {'co': 13502, 'co2': 13264, 'no': 13590, 'no2': 13769, 'o3': 13749}, 'pm': {'pm1': 13212, 'pm10': 13214, 'pm25': 13213}}",5.94,10.78,24.74,1.99,10.6,2.3,535016081,46.0,MOD-00617,23.6,2025-11-06T07:43:37,2025-11-05T23:43:37,https://api.quant-aq.com/v1/devices/MOD-00617/data/535015925
1102.27,833.18,"{'lat': None, 'lon': None}","{'rh': 45.8, 'temp': 23.6, 'wd': 0.0, 'ws': 0.0, 'ws_scalar': 0.0}","{'gas': {'co': 13502, 'co2': 13264, 'no': 13590, 'no2': 13769, 'o3': 13749}, 'pm': {'pm1': 13212, 'pm10': 13214, 'pm25': 13213}}",6.39,10.6,25.09,1.81,6.07,2.12,535016083,45.8,MOD-00617,23.6,2025-11-06T07:42:37,2025-11-05T23:42:37,https://api.quant-aq.com/v1/devices/MOD-00617/data/535015926
1106.85,829.33,"{'lat': None, 'lon': None}","{'rh': 45.7, 'temp': 23.6, 'wd': 0.0, 'ws': 0.0, 'ws_scalar': 0.0}","{'gas': {'co': 13502, 'co2': 13264, 'no': 13590, 'no2': 13769, 'o3': 13749}, 'pm': {'pm1': 13212, 'pm10': 13214, 'pm25': 13213}}",6.45,10.05,25.41,2.04,15.11,2.31,535016082,45.7,MOD-00617,23.6,2025-11-06T07:41:37,2025-11-05T23:41:37,https://api.quant-aq.com/v1/devices/MOD-00617/data/535015924
1101.93,824.75,"{'lat': None, 'lon': None}","{'rh': 45.7, 'temp': 23.6, 'wd': 0.0, 'ws': 0.0, 'ws_scalar': 0.0}","{'gas': {'co': 13502, 'co2': 13264, 'no': 13590, 'no2': 13769, 'o3': 13749}, 'pm': {'pm1': 13212, 'pm10': 13214, 'pm25': 13213}}",6.45,10.05,24.54,1.78,21.18,2.45,535013875,45.7,MOD-00617,23.6,2025-11-06T07:40:37,2025-11-05T23:40:37,https://api.quant-aq.com/v1/devices/MOD-00617/data/535013723
1103.23,823.79,"{'lat': None, 'lon': None}","{'rh': 45.6, 'temp': 23.6, 'wd': 0.0, 'ws': 0.0, 'ws_scalar': 0.0}","{'gas': {'co': 13502, 'co2': 13264, 'no': 13590, 'no2': 13769, 'o3': 13749}, 'pm': {'pm1': 13212, 'pm10': 13214, 'pm25': 13213}}",6.49,11.34,24.86,1.62,6.83,2.13,535013872,45.6,MOD-00617,23.6,2025-11-06T07:39:37,2025-11-05T23:39:37,https://api.quant-aq.com/v1/devices/MOD-00617/data/535013716
1098.23,831.5,"{'lat': None, 'lon': None}","{'rh': 45.7, 'temp': 23.6, 'wd': 0.0, 'ws': 0.0, 'ws_scalar': 0.0}","{'gas': {'co': 13502, 'co2': 13264, 'no': 13590, 'no2': 13769, 'o3': 13749}, 'pm': {'pm1': 13212, 'pm10': 13214, 'pm25': 13213}}",6.45,11.12,25.12,1.72,12.71,2.01,535013873,45.7,MOD-00617,23.6,2025-11-06T07:38:37,2025-11-05T23:38:37,https://api.quant-aq.com/v1/devices/MOD-00617/data/535013717
1080.99,821.02,"{'lat': None, 'lon': None}","{'rh': 45.7, 'temp': 23.6, 'wd': 0.0, 'ws': 0.0, 'ws_scalar': 0.0}","{'gas': {'co': 13502, 'co2': 13264, 'no': 13590, 'no2': 13769, 'o3': 13749}, 'pm': {'pm1': 13212, 'pm10': 13214, 'pm25': 13213}}",6.06,10.05,24.83,1.49,16.72,1.8,535013874,45.7,MOD-00617,23.6,2025-11-06T07:37:37,2025-11-05T23:37:37,https://api.quant-aq.com/v1/devices/MOD-00617/data/535013719
1077.85,794.76,"{'lat': None, 'lon': None}","{'rh': 45.5, 'temp': 23.6, 'wd': 0.0, 'ws': 0.0, 'ws_scalar': 0.0}","{'gas': {'co': 13502, 'co2': 13264, 'no': 13590, 'no2': 13769, 'o3': 13749}, 'pm': {'pm1': 13212, 'pm10': 13214, 'pm25': 13213}}",6.54,12.04,24.6,1.65,8.41,2.01,535011681,45.5,MOD-00617,23.6,2025-11-06T07:36:37,2025-11-05T23:36:37,https://api.quant-aq.com/v1/devices/MOD-00617/data/535011525
1077.85,799.7,"{'lat': None, 'lon': None}","{'rh': 45.5, 'temp': 23.6, 'wd': 0.0, 'ws': 0.0, 'ws_scalar': 0.0}","{'gas': {'co': 13502, 'co2': 13264, 'no': 13590, 'no2': 13769, 'o3': 13749}, 'pm': {'pm1': 13212, 'pm10': 13214, 'pm25': 13213}}",6.54,11.5,24.89,1.82,3.14,2.1,535011682,45.5,MOD-00617,23.6,2025-11-06T07:35:37,2025-11-05T23:35:37,https://api.quant-aq.com/v1/devices/MOD-00617/data/535011524
1062.66,794.4,"{'lat': None, 'lon': None}","{'rh': 45.5, 'temp': 23.6, 'wd': 0.0, 'ws': 0.0, 'ws_scalar': 0.0}","{'gas': {'co': 13502, 'co2': 13264, 'no': 13590, 'no2': 13769, 'o3': 13749}, 'pm': {'pm1': 13212, 'pm10': 13214, 'pm25': 13213}}",6.55,12.04,24.6,1.73,3.82,1.91,535011679,45.5,MOD-00617,23.6,2025-11-06T07:34:37,2025-11-05T23:34:37,https://api.quant-aq.com/v1/devices/MOD-00617/data/535011523
1063.14,794.76,"{'lat': None, 'lon': None}","{'rh': 45.4, 'temp': 23.6, 'wd': 0.0, 'ws': 0.0, 'ws_scalar': 0.0}","{'gas': {'co': 13502, 'co2': 13264, 'no': 13590, 'no2': 13769, 'o3': 13749}, 'pm': {'pm1': 13212, 'pm10': 13214, 'pm25': 13213}}",6.62,11.69,24.91,1.74,2.1,2.02,535011680,45.4,MOD-00617,23.6,2025-11-06T07:33:37,2025-11-05T23:33:37,https://api.quant-aq.com/v1/devices/MOD-00617/data/535011522
1052.4,799.82,"{'lat': None, 'lon': None}","{'rh': 45.5, 'temp': 23.6, 'wd': 0.0, 'ws': 0.0, 'ws_scalar': 0.0}","{'gas': {'co': 13502, 'co2': 13264, 'no': 13590, 'no2': 13769, 'o3': 13749}, 'pm': {'pm1': 13212, 'pm10': 13214, 'pm25': 13213}}",6.55,11.49,24.89,2.08,6.86,2.27,535009423,45.5,MOD-00617,23.6,2025-11-06T07:32:37,2025-11-05T23:32:37,https://api.quant-aq.com/v1/devices/MOD-00617/data/535009266
1053.22,790.06,"{'lat': None, 'lon': None}","{'rh': 45.5, 'temp': 23.6, 'wd': 0.0, 'ws': 0.0, 'ws_scalar': 0.0}","{'gas': {'co': 13502, 'co2': 13264, 'no': 13590, 'no2': 13769, 'o3': 13749}, 'pm': {'pm1': 13212, 'pm10': 13214, 'pm25': 13213}}",6.55,12.04,24.6,1.88,24.97,2.21,535009422,45.5,MOD-00617,23.6,2025-11-06T07:31:37,2025-11-05T23:31:37,https://api.quant-aq.com/v1/devices/MOD-00617/data/535009265
1042.55,788.98,"{'lat': None, 'lon': None}","{'rh': 45.5, 'temp': 23.6, 'wd': 0.0, 'ws': 0.0, 'ws_scalar': 0.0}","{'gas': {'co': 13502, 'co2': 13264, 'no': 13590, 'no2': 13769, 'o3': 13749}, 'pm': {'pm1': 13212, 'pm10': 13214, 'pm25': 13213}}",6.55,11.5,24.6,2.19,3.93,2.54,535009421,45.5,MOD-00617,23.6,2025-11-06T07:30:37,2025-11-05T23:30:37,https://api.quant-aq.com/v1/devices/MOD-00617/data/535009264
1038.44,788.86,"{'lat': None, 'lon': None}","{'rh': 45.5, 'temp': 23.6, 'wd': 0.0, 'ws': 0.0, 'ws_scalar': 0.0}","{'gas': {'co': 13502, 'co2': 13264, 'no': 13590, 'no2': 13769, 'o3': 13749}, 'pm': {'pm1': 13212, 'pm10': 13214, 'pm25': 13213}}",6.54,12.04,24.6,2.3,10.78,2.51,535009420,45.5,MOD-00617,23.6,2025-11-06T07:29:37,2025-11-05T23:29:37,https://api.quant-aq.com/v1/devices/MOD-00617/data/535009263
1024.55,780.07,"{'lat': None, 'lon': None}","{'rh': 45.4, 'temp': 23.6, 'wd': 0.0, 'ws': 0.0, 'ws_scalar': 0.0}","{'gas': {'co': 13502, 'co2': 13264, 'no': 13590, 'no2': 13769, 'o3': 13749}, 'pm': {'pm1': 13212, 'pm10': 13214, 'pm25': 13213}}",6.58,12.19,24.62,2.15,3.63,2.49,535007205,45.4,MOD-00617,23.6,2025-11-06T07:28:37,2025-11-05T23:28:37,https://api.quant-aq.com/v1/devices/MOD-00617/data/535007060
1020.52,771.27,"{'lat': None, 'lon': None}","{'rh': 45.3, 'temp': 23.6, 'wd': 0.0, 'ws': 0.0, 'ws_scalar': 0.0}","{'gas': {'co': 13502, 'co2': 13264, 'no': 13590, 'no2': 13769, 'o3': 13749}, 'pm': {'pm1': 13212, 'pm10': 13214, 'pm25': 13213}}",6.65,11.84,24.07,2.08,18.79,2.55,535007204,45.3,MOD-00617,23.6,2025-11-06T07:27:37,2025-11-05T23:27:37,https://api.quant-aq.com/v1/devices/MOD-00617/data/535007056
1018.25,788.14,"{'lat': None, 'lon': None}","{'rh': 45.6, 'temp': 23.6, 'wd': 0.0, 'ws': 0.0, 'ws_scalar': 0.0}","{'gas': {'co': 13502, 'co2': 13264, 'no': 13590, 'no2': 13769, 'o3': 13749}, 'pm': {'pm1': 13212, 'pm10': 13214, 'pm25': 13213}}",6.49,11.34,25.15,2.14,5.09,2.36,535007207,45.6,MOD-00617,23.6,2025-11-06T07:26:37,2025-11-05T23:26:37,https://api.quant-aq.com/v1/devices/MOD-00617/data/535007059
1014.7,773.32,"{'lat': None, 'lon': None}","{'rh': 45.4, 'temp': 23.6, 'wd': 0.0, 'ws': 0.0, 'ws_scalar': 0.0}","{'gas': {'co': 13502, 'co2': 13264, 'no': 13590, 'no2': 13769, 'o3': 13749}, 'pm': {'pm1': 13212, 'pm10': 13214, 'pm25': 13213}}",6.58,12.17,24.91,2.14,2.97,2.36,535007206,45.4,MOD-00617,23.6,2025-11-06T07:25:37,2025-11-05T23:25:37,https://api.quant-aq.com/v1/devices/MOD-00617/data/535007058
1009.71,781.87,"{'lat': None, 'lon': None}","{'rh': 45.5, 'temp': 23.6, 'wd': 0.0, 'ws': 0.0, 'ws_scalar': 0.0}","{'gas': {'co': 13502, 'co2': 13264, 'no': 13590, 'no2': 13769, 'o3': 13749}, 'pm': {'pm1': 13212, 'pm10': 13214, 'pm25': 13213}}",6.54,12.05,25.18,1.98,3.71,2.26,535004915,45.5,MOD-00617,23.6,2025-11-06T07:24:37,2025-11-05T23:24:37,https://api.quant-aq.com/v1/devices/MOD-00617/data/535004768
1003.28,759.11,"{'lat': None, 'lon': None}","{'rh': 45.3, 'temp': 23.6, 'wd': 0.0, 'ws': 0.0, 'ws_scalar': 0.0}","{'gas': {'co': 13502, 'co2': 13264, 'no': 13590, 'no2': 13769, 'o3': 13749}, 'pm': {'pm1': 13212, 'pm10': 13214, 'pm25': 13213}}",6.63,11.84,25.52,2.03,15.88,2.46,535004916,45.3,MOD-00617,23.6,2025-11-06T07:23:37,2025-11-05T23:23:37,https://api.quant-aq.com/v1/devices/MOD-00617/data/535004769
1000.48,751.64,"{'lat': None, 'lon': None}","{'rh': 45.2, 'temp': 23.6, 'wd': 0.0, 'ws': 0.0, 'ws_scalar': 0.0}","{'gas': {'co': 13502, 'co2': 13264, 'no': 13590, 'no2': 13769, 'o3': 13749}, 'pm': {'pm1': 13212, 'pm10': 13214, 'pm25': 13213}}",6.65,12.57,25.26,2.01,4.6,2.44,535004914,45.2,MOD-00617,23.6,2025-11-06T07:22:37,2025-11-05T23:22:37,https://api.quant-aq.com/v1/devices/MOD-00617/data/535004767
992.75,734.9,"{'lat': None, 'lon': None}","{'rh': 45.1, 'temp': 23.6, 'wd': 0.0, 'ws': 0.0, 'ws_scalar': 0.0}","{'gas': {'co': 13502, 'co2': 13264, 'no': 13590, 'no2': 13769, 'o3': 13749}, 'pm': {'pm1': 13212, 'pm10': 13214, 'pm25': 13213}}",6.72,12.15,23.84,1.94,3.08,2.25,535004913,45.1,MOD-00617,23.6,2025-11-06T07:21:37,2025-11-05T23:21:37,https://api.quant-aq.com/v1/devices/MOD-00617/data/535004766
996.03,733.46,"{'lat': None, 'lon': None}","{'rh': 45.1, 'temp': 23.6, 'wd': 0.0, 'ws': 0.0, 'ws_scalar': 0.0}","{'gas': {'co': 13502, 'co2': 13264, 'no': 13590, 'no2': 13769, 'o3': 13749}, 'pm': {'pm1': 13212, 'pm10': 13214, 'pm25': 13213}}",6.7,12.15,24.71,1.98,9.21,2.37,535002735,45.1,MOD-00617,23.6,2025-11-06T07:20:37,2025-11-05T23:20:37,https://api.quant-aq.com/v1/devices/MOD-00617/data/535002588
994.73,724.06,"{'lat': None, 'lon': None}","{'rh': 45.2, 'temp': 23.6, 'wd': 0.0, 'ws': 0.0, 'ws_scalar': 0.0}","{'gas': {'co': 13502, 'co2': 13264, 'no': 13590, 'no2': 13769, 'o3': 13749}, 'pm': {'pm1': 13212, 'pm10': 13214, 'pm25': 13213}}",6.69,12.08,25.26,2.54,3.28,2.73,535002737,45.2,MOD-00617,23.6,2025-11-06T07:19:37,2025-11-05T23:19:37,https://api.quant-aq.com/v1/devices/MOD-00617/data/535002590
994.8,718.88,"{'lat': None, 'lon': None}","{'rh': 45.1, 'temp': 23.6, 'wd': 0.0, 'ws': 0.0, 'ws_scalar': 0.0}","{'gas': {'co': 13502, 'co2': 13264, 'no': 13590, 'no2': 13769, 'o3': 13749}, 'pm': {'pm1': 13212, 'pm10': 13214, 'pm25': 13213}}",6.72,12.33,25.0,2.31,4.39,2.57,535002736,45.1,MOD-00617,23.6,2025-11-06T07:18:37,2025-11-05T23:18:37,https://api.quant-aq.com/v1/devices/MOD-00617/data/535002589
995.62,714.91,"{'lat': None, 'lon': None}","{'rh': 45.1, 'temp': 23.6, 'wd': 0.0, 'ws': 0.0, 'ws_scalar': 0.0}","{'gas': {'co': 13502, 'co2': 13264, 'no': 13590, 'no2': 13769, 'o3': 13749}, 'pm': {'pm1': 13212, 'pm10': 13214, 'pm25': 13213}}",6.72,12.33,25.29,2.4,12.86,2.69,535002734,45.1,MOD-00617,23.6,2025-11-06T07:17:37,2025-11-05T23:17:37,https://api.quant-aq.com/v1/devices/MOD-00617/data/535002587
1004.24,712.38,"{'lat': None, 'lon': None}","{'rh': 45.1, 'temp': 23.6, 'wd': 0.0, 'ws': 0.0, 'ws_scalar': 0.0}","{'gas': {'co': 13502, 'co2': 13264, 'no': 13590, 'no2': 13769, 'o3': 13749}, 'pm': {'pm1': 13212, 'pm10': 13214, 'pm25': 13213}}",6.78,12.33,24.42,2.64,2.86,2.86,535000471,45.1,MOD-00617,23.6,2025-11-06T07:16:37,2025-11-05T23:16:37,https://api.quant-aq.com/v1/devices/MOD-00617/data/535000324
1007.53,705.75,"{'lat': None, 'lon': None}","{'rh': 45.1, 'temp': 23.6, 'wd': 0.0, 'ws': 0.0, 'ws_scalar': 0.0}","{'gas': {'co': 13502, 'co2': 13264, 'no': 13590, 'no2': 13769, 'o3': 13749}, 'pm': {'pm1': 13212, 'pm10': 13214, 'pm25': 13213}}",6.72,15.48,24.13,2.28,7.43,2.34,535000473,45.1,MOD-00617,23.6,2025-11-06T07:15:37,2025-11-05T23:15:37,https://api.quant-aq.com/v1/devices/MOD-00617/data/535000326
1003.49,705.27,"{'lat': None, 'lon': None}","{'rh': 45.0, 'temp': 23.6, 'wd': 0.0, 'ws': 0.0, 'ws_scalar': 0.0}","{'gas': {'co': 13502, 'co2': 13264, 'no': 13590, 'no2': 13769, 'o3': 13749}, 'pm': {'pm1': 13212, 'pm10': 13214, 'pm25': 13213}}",6.73,12.85,24.74,1.94,2.01,2.01,535000474,45.0,MOD-00617,23.6,2025-11-06T07:14:37,2025-11-05T23:14:37,https://api.quant-aq.com/v1/devices/MOD-00617/data/535000327
1012.86,707.68,"{'lat': None, 'lon': None}","{'rh': 45.1, 'temp': 23.6, 'wd': 0.0, 'ws': 0.0, 'ws_scalar': 0.0}","{'gas': {'co': 13502, 'co2': 13264, 'no': 13590, 'no2': 13769, 'o3': 13749}, 'pm': {'pm1': 13212, 'pm10': 13214, 'pm25': 13213}}",6.75,12.2,24.71,2.31,2.44,2.4,535000470,45.1,MOD-00617,23.6,2025-11-06T07:13:37,2025-11-05T23:13:37,https://api.quant-aq.com/v1/devices/MOD-00617/data/535000323
1007.94,705.27,"{'lat': None, 'lon': None}","{'rh': 45.1, 'temp': 23.6, 'wd': 0.0, 'ws': 0.0, 'ws_scalar': 0.0}","{'gas': {'co': 13502, 'co2': 13264, 'no': 13590, 'no2': 13769, 'o3': 13749}, 'pm': {'pm1': 13212, 'pm10': 13214, 'pm25': 13213}}",6.75,12.63,24.71,2.24,4.09,2.29,535000472,45.1,MOD-00617,23.6,2025-11-06T07:12:37,2025-11-05T23:12:37,https://api.quant-aq.com/v1/devices/MOD-00617/data/535000325
1011.97,705.03,"{'lat': None, 'lon': None}","{'rh': 45.2, 'temp': 23.6, 'wd': 0.0, 'ws': 0.0, 'ws_scalar': 0.0}","{'gas': {'co': 13502, 'co2': 13264, 'no': 13590, 'no2': 13769, 'o3': 13749}, 'pm': {'pm1': 13212, 'pm10': 13214, 'pm25': 13213}}",6.67,15.12,24.39,2.18,2.22,2.22,534997495,45.2,MOD-00617,23.6,2025-11-06T07:11:37,2025-11-05T23:11:37,https://api.quant-aq.com/v1/devices/MOD-00617/data/534997347
1015.33,704.55,"{'lat': None, 'lon': None}","{'rh': 45.1, 'temp': 23.6, 'wd': 0.0, 'ws': 0.0, 'ws_scalar': 0.0}","{'gas': {'co': 13502, 'co2': 13264, 'no': 13590, 'no2': 13769, 'o3': 13749}, 'pm': {'pm1': 13212, 'pm10': 13214, 'pm25': 13213}}",6.72,15.48,24.42,2.21,2.35,2.31,534997496,45.1,MOD-00617,23.6,2025-11-06T07:10:37,2025-11-05T23:10:37,https://api.quant-aq.com/v1/devices/MOD-00617/data/534997349
1018.95,705.87,"{'lat': None, 'lon': None}","{'rh': 45.2, 'temp': 23.6, 'wd': 0.0, 'ws': 0.0, 'ws_scalar': 0.0}","{'gas': {'co': 13502, 'co2': 13264, 'no': 13590, 'no2': 13769, 'o3': 13749}, 'pm': {'pm1': 13212, 'pm10': 13214, 'pm25': 13213}}",6.71,12.05,24.68,2.41,2.53,2.5,534997497,45.2,MOD-00617,23.6,2025-11-06T07:09:37,2025-11-05T23:09:37,https://api.quant-aq.com/v1/devices/MOD-00617/data/534997350
1022.13,703.46,"{'lat': None, 'lon': None}","{'rh': 45.2, 'temp': 23.5, 'wd': 0.0, 'ws': 0.0, 'ws_scalar': 0.0}","{'gas': {'co': 13502, 'co2': 13264, 'no': 13590, 'no2': 13769, 'o3': 13749}, 'pm': {'pm1': 13212, 'pm10': 13214, 'pm25': 13213}}",6.67,14.21,24.96,2.21,2.26,2.26,534997494,45.2,MOD-00617,23.5,2025-11-06T07:08:37,2025-11-05T23:08:37,https://api.quant-aq.com/v1/devices/MOD-00617/data/534997348
1029.85,699.85,"{'lat': None, 'lon': None}","{'rh': 45.3, 'temp': 23.5, 'wd': 0.0, 'ws': 0.0, 'ws_scalar': 0.0}","{'gas': {'co': 13502, 'co2': 13264, 'no': 13590, 'no2': 13769, 'o3': 13749}, 'pm': {'pm1': 13212, 'pm10': 13214, 'pm25': 13213}}",6.65,13.95,24.35,2.03,2.77,2.08,534997498,45.3,MOD-00617,23.5,2025-11-06T07:07:37,2025-11-05T23:07:37,https://api.quant-aq.com/v1/devices/MOD-00617/data/534997351
1031.01,702.86,"{'lat': None, 'lon': None}","{'rh': 45.4, 'temp': 23.5, 'wd': 0.0, 'ws': 0.0, 'ws_scalar': 0.0}","{'gas': {'co': 13502, 'co2': 13264, 'no': 13590, 'no2': 13769, 'o3': 13749}, 'pm': {'pm1': 13212, 'pm10': 13214, 'pm25': 13213}}",6.12,11.44,24.61,2.17,2.26,2.26,534994463,45.4,MOD-00617,23.5,2025-11-06T07:06:37,2025-11-05T23:06:37,https://api.quant-aq.com/v1/devices/MOD-00617/data/534994316
1029.89,702.98,"{'lat': None, 'lon': None}","{'rh': 45.4, 'temp': 23.6, 'wd': 0.0, 'ws': 0.0, 'ws_scalar': 0.0}","{'gas': {'co': 13502, 'co2': 13264, 'no': 13590, 'no2': 13769, 'o3': 13749}, 'pm': {'pm1': 13212, 'pm10': 13214, 'pm25': 13213}}",6.58,12.18,24.91,2.31,2.53,2.36,534994461,45.4,MOD-00617,23.6,2025-11-06T07:05:37,2025-11-05T23:05:37,https://api.quant-aq.com/v1/devices/MOD-00617/data/534994314
1034.48,703.22,"{'lat': None, 'lon': None}","{'rh': 45.3, 'temp': 23.6, 'wd': 0.0, 'ws': 0.0, 'ws_scalar': 0.0}","{'gas': {'co': 13502, 'co2': 13264, 'no': 13590, 'no2': 13769, 'o3': 13749}, 'pm': {'pm1': 13212, 'pm10': 13214, 'pm25': 13213}}",6.61,12.31,24.65,2.6,2.69,2.65,534994462,45.3,MOD-00617,23.6,2025-11-06T07:04:37,2025-11-05T23:04:37,https://api.quant-aq.com/v1/devices/MOD-00617/data/534994315
1040.46,701.54,"{'lat': None, 'lon': None}","{'rh': 45.4, 'temp': 23.5, 'wd': 0.0, 'ws': 0.0, 'ws_scalar': 0.0}","{'gas': {'co': 13502, 'co2': 13264, 'no': 13590, 'no2': 13769, 'o3': 13749}, 'pm': {'pm1': 13212, 'pm10': 13214, 'pm25': 13213}}",6.59,11.97,24.9,2.71,12.61,2.78,534994460,45.4,MOD-00617,23.5,2025-11-06T07:03:37,2025-11-05T23:03:37,https://api.quant-aq.com/v1/devices/MOD-00617/data/534994313
1047.47,704.07,"{'lat': None, 'lon': None}","{'rh': 45.5, 'temp': 23.6, 'wd': 0.0, 'ws': 0.0, 'ws_scalar': 0.0}","{'gas': {'co': 13502, 'co2': 13264, 'no': 13590, 'no2': 13769, 'o3': 13749}, 'pm': {'pm1': 13212, 'pm10': 13214, 'pm25': 13213}}",6.54,12.05,24.6,2.64,23.37,2.81,534994459,45.5,MOD-00617,23.6,2025-11-06T07:02:37,2025-11-05T23:02:37,https://api.quant-aq.com/v1/devices/MOD-00617/data/534994312
1051.1,704.91,"{'lat': None, 'lon': None}","{'rh': 45.6, 'temp': 23.6, 'wd': 0.0, 'ws': 0.0, 'ws_scalar': 0.0}","{'gas': {'co': 13502, 'co2': 13264, 'no': 13590, 'no2': 13769, 'o3': 13749}, 'pm': {'pm1': 13212, 'pm10': 13214, 'pm25': 13213}}",6.08,10.88,24.86,2.68,12.84,2.8,534991676,45.6,MOD-00617,23.6,2025-11-06T07:01:37,2025-11-05T23:01:37,https://api.quant-aq.com/v1/devices/MOD-00617/data/534991529
1051.51,703.71,"{'lat': None, 'lon': None}","{'rh': 45.6, 'temp': 23.6, 'wd': 0.0, 'ws': 0.0, 'ws_scalar': 0.0}","{'gas': {'co': 13502, 'co2': 13264, 'no': 13590, 'no2': 13769, 'o3': 13749}, 'pm': {'pm1': 13212, 'pm10': 13214, 'pm25': 13213}}",6.49,11.54,24.57,2.64,13.08,2.7,534991677,45.6,MOD-00617,23.6,2025-11-06T07:00:37,2025-11-05T23:00:37,https://api.quant-aq.com/v1/devices/MOD-00617/data/534991530
1060.06,704.67,"{'lat': None, 'lon': None}","{'rh': 45.7, 'temp': 23.6, 'wd': 0.0, 'ws': 0.0, 'ws_scalar': 0.0}","{'gas': {'co': 13502, 'co2': 13264, 'no': 13590, 'no2': 13769, 'o3': 13749}, 'pm': {'pm1': 13212, 'pm10': 13214, 'pm25': 13213}}",6.06,10.79,25.41,2.62,5.36,2.67,534991675,45.7,MOD-00617,23.6,2025-11-06T06:59:37,2025-11-05T22:59:37,https://api.quant-aq.com/v1/devices/MOD-00617/data/534991528
1065.32,707.08,"{'lat': None, 'lon': None}","{'rh': 45.8, 'temp': 23.6, 'wd': 0.0, 'ws': 0.0, 'ws_scalar': 0.0}","{'gas': {'co': 13502, 'co2': 13264, 'no': 13590, 'no2': 13769, 'o3': 13749}, 'pm': {'pm1': 13212, 'pm10': 13214, 'pm25': 13213}}",6.0,12.56,24.8,2.79,17.77,2.83,534991674,45.8,MOD-00617,23.6,2025-11-06T06:58:37,2025-11-05T22:58:37,https://api.quant-aq.com/v1/devices/MOD-00617/data/534991527
1068.61,707.56,"{'lat': None, 'lon': None}","{'rh': 45.8, 'temp': 23.6, 'wd': 0.0, 'ws': 0.0, 'ws_scalar': 0.0}","{'gas': {'co': 13502, 'co2': 13264, 'no': 13590, 'no2': 13769, 'o3': 13749}, 'pm': {'pm1': 13212, 'pm10': 13214, 'pm25': 13213}}",6.39,24.49,25.09,3.09,9.56,3.11,534989430,45.8,MOD-00617,23.6,2025-11-06T06:57:37,2025-11-05T22:57:37,https://api.quant-aq.com/v1/devices/MOD-00617/data/534989283
1072.23,708.04,"{'lat': None, 'lon': None}","{'rh': 45.9, 'temp': 23.6, 'wd': 0.0, 'ws': 0.0, 'ws_scalar': 0.0}","{'gas': {'co': 13502, 'co2': 13264, 'no': 13590, 'no2': 13769, 'o3': 13749}, 'pm': {'pm1': 13212, 'pm10': 13214, 'pm25': 13213}}",5.95,12.47,25.06,2.4,3.62,2.52,534989427,45.9,MOD-00617,23.6,2025-11-06T06:56:37,2025-11-05T22:56:37,https://api.quant-aq.com/v1/devices/MOD-00617/data/534989280
1075.03,709.12,"{'lat': None, 'lon': None}","{'rh': 46.0, 'temp': 23.6, 'wd': 0.0, 'ws': 0.0, 'ws_scalar': 0.0}","{'gas': {'co': 13502, 'co2': 13264, 'no': 13590, 'no2': 13769, 'o3': 13749}, 'pm': {'pm1': 13212, 'pm10': 13214, 'pm25': 13213}}",5.89,12.1,25.32,2.81,9.51,2.84,534989428,46.0,MOD-00617,23.6,2025-11-06T06:55:37,2025-11-05T22:55:37,https://api.quant-aq.com/v1/devices/MOD-00617/data/534989281
1081.94,711.9,"{'lat': None, 'lon': None}","{'rh': 46.1, 'temp': 23.6, 'wd': 0.0, 'ws': 0.0, 'ws_scalar': 0.0}","{'gas': {'co': 13502, 'co2': 13264, 'no': 13590, 'no2': 13769, 'o3': 13749}, 'pm': {'pm1': 13212, 'pm10': 13214, 'pm25': 13213}}",5.65,12.1,25.59,2.69,8.29,2.7,534989426,46.1,MOD-00617,23.6,2025-11-06T06:54:37,2025-11-05T22:54:37,https://api.quant-aq.com/v1/devices/MOD-00617/data/534989279
1075.78,707.08,"{'lat': None, 'lon': None}","{'rh': 46.1, 'temp': 23.6, 'wd': 0.0, 'ws': 0.0, 'ws_scalar': 0.0}","{'gas': {'co': 13502, 'co2': 13264, 'no': 13590, 'no2': 13769, 'o3': 13749}, 'pm': {'pm1': 13212, 'pm10': 13214, 'pm25': 13213}}",5.78,12.1,25.59,2.9,4.76,2.93,534989429,46.1,MOD-00617,23.6,2025-11-06T06:53:37,2025-11-05T22:53:37,https://api.quant-aq.com/v1/devices/MOD-00617/data/534989282
1075.78,709.97,"{'lat': None, 'lon': None}","{'rh': 46.1, 'temp': 23.6, 'wd': 0.0, 'ws': 0.0, 'ws_scalar': 0.0}","{'gas': {'co': 13502, 'co2': 13264, 'no': 13590, 'no2': 13769, 'o3': 13749}, 'pm': {'pm1': 13212, 'pm10': 13214, 'pm25': 13213}}",5.65,12.57,25.3,2.71,5.15,2.78,534986707,46.1,MOD-00617,23.6,2025-11-06T06:52:37,2025-11-05T22:52:37,https://api.quant-aq.com/v1/devices/MOD-00617/data/534986560
1090.56,708.4,"{'lat': None, 'lon': None}","{'rh': 46.1, 'temp': 23.6, 'wd': 0.0, 'ws': 0.0, 'ws_scalar': 0.0}","{'gas': {'co': 13502, 'co2': 13264, 'no': 13590, 'no2': 13769, 'o3': 13749}, 'pm': {'pm1': 13212, 'pm10': 13214, 'pm25': 13213}}",5.78,25.25,25.88,2.62,4.97,2.66,534986706,46.1,MOD-00617,23.6,2025-11-06T06:51:37,2025-11-05T22:51:37,https://api.quant-aq.com/v1/devices/MOD-00617/data/534986559
1092.54,706.11,"{'lat': None, 'lon': None}","{'rh': 46.2, 'temp': 23.6, 'wd': 0.0, 'ws': 0.0, 'ws_scalar': 0.0}","{'gas': {'co': 13502, 'co2': 13264, 'no': 13590, 'no2': 13769, 'o3': 13749}, 'pm': {'pm1': 13212, 'pm10': 13214, 'pm25': 13213}}",5.01,26.19,25.85,3.05,3.1,3.1,534986705,46.2,MOD-00617,23.6,2025-11-06T06:50:37,2025-11-05T22:50:37,https://api.quant-aq.com/v1/devices/MOD-00617/data/534986558
1094.18,708.4,"{'lat': None, 'lon': None}","{'rh': 46.2, 'temp': 23.6, 'wd': 0.0, 'ws': 0.0, 'ws_scalar': 0.0}","{'gas': {'co': 13502, 'co2': 13264, 'no': 13590, 'no2': 13769, 'o3': 13749}, 'pm': {'pm1': 13212, 'pm10': 13214, 'pm25': 13213}}",5.01,12.04,25.56,3.13,3.18,3.18,534986704,46.2,MOD-00617,23.6,2025-11-06T06:49:37,2025-11-05T22:49:37,https://api.quant-aq.com/v1/devices/MOD-00617/data/534986557
1100.68,713.58,"{'lat': None, 'lon': None}","{'rh': 46.3, 'temp': 23.6, 'wd': 0.0, 'ws': 0.0, 'ws_scalar': 0.0}","{'gas': {'co': 13502, 'co2': 13264, 'no': 13590, 'no2': 13769, 'o3': 13749}, 'pm': {'pm1': 13212, 'pm10': 13214, 'pm25': 13213}}",5.95,10.66,25.82,3.13,3.21,3.21,534986703,46.3,MOD-00617,23.6,2025-11-06T06:48:37,2025-11-05T22:48:37,https://api.quant-aq.com/v1/devices/MOD-00617/data/534986556
1105.95,710.93,"{'lat': None, 'lon': None}","{'rh': 46.4, 'temp': 23.6, 'wd': 0.0, 'ws': 0.0, 'ws_scalar': 0.0}","{'gas': {'co': 13502, 'co2': 13264, 'no': 13590, 'no2': 13769, 'o3': 13749}, 'pm': {'pm1': 13212, 'pm10': 13214, 'pm25': 13213}}",4.88,13.62,25.79,2.86,2.93,2.93,534983877,46.4,MOD-00617,23.6,2025-11-06T06:47:37,2025-11-05T22:47:37,https://api.quant-aq.com/v1/devices/MOD-00617/data/534983730
1111.69,709.73,"{'lat': None, 'lon': None}","{'rh': 46.4, 'temp': 23.6, 'wd': 0.0, 'ws': 0.0, 'ws_scalar': 0.0}","{'gas': {'co': 13502, 'co2': 13264, 'no': 13590, 'no2': 13769, 'o3': 13749}, 'pm': {'pm1': 13212, 'pm10': 13214, 'pm25': 13213}}",4.89,13.25,26.09,3.02,3.07,3.07,534983878,46.4,MOD-00617,23.6,2025-11-06T06:46:37,2025-11-05T22:46:37,https://api.quant-aq.com/v1/devices/MOD-00617/data/534983731
1123.19,711.9,"{'lat': None, 'lon': None}","{'rh': 46.4, 'temp': 23.6, 'wd': 0.0, 'ws': 0.0, 'ws_scalar': 0.0}","{'gas': {'co': 13502, 'co2': 13264, 'no': 13590, 'no2': 13769, 'o3': 13749}, 'pm': {'pm1': 13212, 'pm10': 13214, 'pm25': 13213}}",4.88,13.62,26.38,3.17,3.31,3.27,534983875,46.4,MOD-00617,23.6,2025-11-06T06:45:37,2025-11-05T22:45:37,https://api.quant-aq.com/v1/devices/MOD-00617/data/534983728
1119.94,712.98,"{'lat': None, 'lon': None}","{'rh': 46.5, 'temp': 23.7, 'wd': 0.0, 'ws': 0.0, 'ws_scalar': 0.0}","{'gas': {'co': 13502, 'co2': 13264, 'no': 13590, 'no2': 13769, 'o3': 13749}, 'pm': {'pm1': 13212, 'pm10': 13214, 'pm25': 13213}}",4.68,13.5,26.36,3.23,5.03,3.3,534983874,46.5,MOD-00617,23.7,2025-11-06T06:44:37,2025-11-05T22:44:37,https://api.quant-aq.com/v1/devices/MOD-00617/data/534983727
1132.26,713.22,"{'lat': None, 'lon': None}","{'rh': 46.5, 'temp': 23.7, 'wd': 0.0, 'ws': 0.0, 'ws_scalar': 0.0}","{'gas': {'co': 13502, 'co2': 13264, 'no': 13590, 'no2': 13769, 'o3': 13749}, 'pm': {'pm1': 13212, 'pm10': 13214, 'pm25': 13213}}",4.66,14.34,26.65,3.31,3.39,3.39,534983876,46.5,MOD-00617,23.7,2025-11-06T06:43:37,2025-11-05T22:43:37,https://api.quant-aq.com/v1/devices/MOD-00617/data/534983729
1134.65,715.63,"{'lat': None, 'lon': None}","{'rh': 46.6, 'temp': 23.7, 'wd': 0.0, 'ws': 0.0, 'ws_scalar': 0.0}","{'gas': {'co': 13502, 'co2': 13264, 'no': 13590, 'no2': 13769, 'o3': 13749}, 'pm': {'pm1': 13212, 'pm10': 13214, 'pm25': 13213}}",4.64,10.93,26.91,3.24,3.28,3.28,534981094,46.6,MOD-00617,23.7,2025-11-06T06:42:37,2025-11-05T22:42:37,https://api.quant-aq.com/v1/devices/MOD-00617/data/534980947
1146.48,719.72,"{'lat': None, 'lon': None}","{'rh': 46.7, 'temp': 23.7, 'wd': 0.0, 'ws': 0.0, 'ws_scalar': 0.0}","{'gas': {'co': 13502, 'co2': 13264, 'no': 13590, 'no2': 13769, 'o3': 13749}, 'pm': {'pm1': 13212, 'pm10': 13214, 'pm25': 13213}}",4.58,14.22,26.59,3.21,3.48,3.3,534981095,46.7,MOD-00617,23.7,2025-11-06T06:41:37,2025-11-05T22:41:37,https://api.quant-aq.com/v1/devices/MOD-00617/data/534980948
1155.1,722.01,"{'lat': None, 'lon': None}","{'rh': 46.7, 'temp': 23.7, 'wd': 0.0, 'ws': 0.0, 'ws_scalar': 0.0}","{'gas': {'co': 13502, 'co2': 13264, 'no': 13590, 'no2': 13769, 'o3': 13749}, 'pm': {'pm1': 13212, 'pm10': 13214, 'pm25': 13213}}",4.59,13.46,27.18,3.54,3.59,3.59,534981096,46.7,MOD-00617,23.7,2025-11-06T06:40:37,2025-11-05T22:40:37,https://api.quant-aq.com/v1/devices/MOD-00617/data/534980949
1160.78,719.72,"{'lat': None, 'lon': None}","{'rh': 46.8, 'temp': 23.7, 'wd': 0.0, 'ws': 0.0, 'ws_scalar': 0.0}","{'gas': {'co': 13502, 'co2': 13264, 'no': 13590, 'no2': 13769, 'o3': 13749}, 'pm': {'pm1': 13212, 'pm10': 13214, 'pm25': 13213}}",4.57,13.79,27.44,3.43,3.94,3.49,534981097,46.8,MOD-00617,23.7,2025-11-06T06:39:37,2025-11-05T22:39:37,https://api.quant-aq.com/v1/devices/MOD-00617/data/534980950
1170.56,725.26,"{'lat': None, 'lon': None}","{'rh': 46.9, 'temp': 23.7, 'wd': 0.0, 'ws': 0.0, 'ws_scalar': 0.0}","{'gas': {'co': 13502, 'co2': 13264, 'no': 13590, 'no2': 13769, 'o3': 13749}, 'pm': {'pm1': 13212, 'pm10': 13214, 'pm25': 13213}}",4.53,21.79,27.12,4.23,4.49,4.37,534981093,46.9,MOD-00617,23.7,2025-11-06T06:38:37,2025-11-05T22:38:37,https://api.quant-aq.com/v1/devices/MOD-00617/data/534980946
1166.04,724.42,"{'lat': None, 'lon': None}","{'rh': 46.9, 'temp': 23.7, 'wd': 0.0, 'ws': 0.0, 'ws_scalar': 0.0}","{'gas': {'co': 13502, 'co2': 13264, 'no': 13590, 'no2': 13769, 'o3': 13749}, 'pm': {'pm1': 13212, 'pm10': 13214, 'pm25': 13213}}",4.54,28.76,27.71,4.02,4.09,4.09,534978297,46.9,MOD-00617,23.7,2025-11-06T06:37:37,2025-11-05T22:37:37,https://api.quant-aq.com/v1/devices/MOD-00617/data/534978150
1183.29,727.55,"{'lat': None, 'lon': None}","{'rh': 46.9, 'temp': 23.7, 'wd': 0.0, 'ws': 0.0, 'ws_scalar': 0.0}","{'gas': {'co': 13502, 'co2': 13264, 'no': 13590, 'no2': 13769, 'o3': 13749}, 'pm': {'pm1': 13212, 'pm10': 13214, 'pm25': 13213}}",4.52,10.46,27.71,3.94,4.35,4.06,534978298,46.9,MOD-00617,23.7,2025-11-06T06:36:37,2025-11-05T22:36:37,https://api.quant-aq.com/v1/devices/MOD-00617/data/534978152
1191.35,726.71,"{'lat': None, 'lon': None}","{'rh': 47.1, 'temp': 23.7, 'wd': 0.0, 'ws': 0.0, 'ws_scalar': 0.0}","{'gas': {'co': 13502, 'co2': 13264, 'no': 13590, 'no2': 13769, 'o3': 13749}, 'pm': {'pm1': 13212, 'pm10': 13214, 'pm25': 13213}}",4.44,14.25,27.65,4.14,4.2,4.2,534978296,47.1,MOD-00617,23.7,2025-11-06T06:35:37,2025-11-05T22:35:37,https://api.quant-aq.com/v1/devices/MOD-00617/data/534978149
1197.44,732.01,"{'lat': None, 'lon': None}","{'rh': 47.2, 'temp': 23.7, 'wd': 0.0, 'ws': 0.0, 'ws_scalar': 0.0}","{'gas': {'co': 13502, 'co2': 13264, 'no': 13590, 'no2': 13769, 'o3': 13749}, 'pm': {'pm1': 13212, 'pm10': 13214, 'pm25': 13213}}",4.42,29.23,28.5,4.5,4.59,4.59,534978300,47.2,MOD-00617,23.7,2025-11-06T06:34:37,2025-11-05T22:34:37,https://api.quant-aq.com/v1/devices/MOD-00617/data/534978153
1202.06,734.42,"{'lat': None, 'lon': None}","{'rh': 47.2, 'temp': 23.8, 'wd': 0.0, 'ws': 0.0, 'ws_scalar': 0.0}","{'gas': {'co': 13502, 'co2': 13264, 'no': 13590, 'no2': 13769, 'o3': 13749}, 'pm': {'pm1': 13212, 'pm10': 13214, 'pm25': 13213}}",4.52,29.71,28.8,5.03,5.27,5.1,534978299,47.2,MOD-00617,23.8,2025-11-06T06:33:37,2025-11-05T22:33:37,https://api.quant-aq.com/v1/devices/MOD-00617/data/534978151
1216.02,734.54,"{'lat': None, 'lon': None}","{'rh': 47.2, 'temp': 23.8, 'wd': 0.0, 'ws': 0.0, 'ws_scalar': 0.0}","{'gas': {'co': 13502, 'co2': 13264, 'no': 13590, 'no2': 13769, 'o3': 13749}, 'pm': {'pm1': 13212, 'pm10': 13214, 'pm25': 13213}}",4.51,29.71,29.09,5.18,6.18,5.33,534975516,47.2,MOD-00617,23.8,2025-11-06T06:32:37,2025-11-05T22:32:37,https://api.quant-aq.com/v1/devices/MOD-00617/data/534975369
1219.64,740.2,"{'lat': None, 'lon': None}","{'rh': 47.3, 'temp': 23.8, 'wd': 0.0, 'ws': 0.0, 'ws_scalar': 0.0}","{'gas': {'co': 13502, 'co2': 13264, 'no': 13590, 'no2': 13769, 'o3': 13749}, 'pm': {'pm1': 13212, 'pm10': 13214, 'pm25': 13213}}",4.49,29.7,29.65,2.59,2.76,2.71,534975518,47.3,MOD-00617,23.8,2025-11-06T06:31:37,2025-11-05T22:31:37,https://api.quant-aq.com/v1/devices/MOD-00617/data/534975372
1231.89,743.93,"{'lat': None, 'lon': None}","{'rh': 47.4, 'temp': 23.8, 'wd': 0.0, 'ws': 0.0, 'ws_scalar': 0.0}","{'gas': {'co': 13502, 'co2': 13264, 'no': 13590, 'no2': 13769, 'o3': 13749}, 'pm': {'pm1': 13212, 'pm10': 13214, 'pm25': 13213}}",3.64,30.41,29.04,2.23,24.1,2.33,534975517,47.4,MOD-00617,23.8,2025-11-06T06:30:37,2025-11-05T22:30:37,https://api.quant-aq.com/v1/devices/MOD-00617/data/534975370
1237.85,740.2,"{'lat': None, 'lon': None}","{'rh': 47.1, 'temp': 23.8, 'wd': 0.0, 'ws': 0.0, 'ws_scalar': 0.0}","{'gas': {'co': 13502, 'co2': 13264, 'no': 13590, 'no2': 13769, 'o3': 13749}, 'pm': {'pm1': 13212, 'pm10': 13214, 'pm25': 13213}}",4.52,30.18,29.12,2.12,2.32,2.23,534975519,47.1,MOD-00617,23.8,2025-11-06T06:29:37,2025-11-05T22:29:37,https://api.quant-aq.com/v1/devices/MOD-00617/data/534975371
1243.6,740.56,"{'lat': None, 'lon': None}","{'rh': 47.1, 'temp': 23.8, 'wd': 0.0, 'ws': 0.0, 'ws_scalar': 0.0}","{'gas': {'co': 13502, 'co2': 13264, 'no': 13590, 'no2': 13769, 'o3': 13749}, 'pm': {'pm1': 13212, 'pm10': 13214, 'pm25': 13213}}",4.51,29.47,28.83,2.24,2.32,2.32,534973303,47.1,MOD-00617,23.8,2025-11-06T06:28:37,2025-11-05T22:28:37,https://api.quant-aq.com/v1/devices/MOD-00617/data/534973156
1251.4,740.92,"{'lat': None, 'lon': None}","{'rh': 47.1, 'temp': 23.8, 'wd': 0.0, 'ws': 0.0, 'ws_scalar': 0.0}","{'gas': {'co': 13502, 'co2': 13264, 'no': 13590, 'no2': 13769, 'o3': 13749}, 'pm': {'pm1': 13212, 'pm10': 13214, 'pm25': 13213}}",4.51,30.66,30.29,2.03,6.91,2.1,534973304,47.1,MOD-00617,23.8,2025-11-06T06:27:37,2025-11-05T22:27:37,https://api.quant-aq.com/v1/devices/MOD-00617/data/534973157
1261.94,741.65,"{'lat': None, 'lon': None}","{'rh': 46.7, 'temp': 23.8, 'wd': 0.0, 'ws': 0.0, 'ws_scalar': 0.0}","{'gas': {'co': 13502, 'co2': 13264, 'no': 13590, 'no2': 13769, 'o3': 13749}, 'pm': {'pm1': 13212, 'pm10': 13214, 'pm25': 13213}}",4.51,29.96,28.93,1.94,2.19,2.12,534973302,46.7,MOD-00617,23.8,2025-11-06T06:26:37,2025-11-05T22:26:37,https://api.quant-aq.com/v1/devices/MOD-00617/data/534973155
1268.85,742.25,"{'lat': None, 'lon': None}","{'rh': 46.8, 'temp': 23.8, 'wd': 0.0, 'ws': 0.0, 'ws_scalar': 0.0}","{'gas': {'co': 13502, 'co2': 13264, 'no': 13590, 'no2': 13769, 'o3': 13749}, 'pm': {'pm1': 13212, 'pm10': 13214, 'pm25': 13213}}",4.45,29.49,28.91,2.2,2.43,2.35,534973300,46.8,MOD-00617,23.8,2025-11-06T06:25:37,2025-11-05T22:25:37,https://api.quant-aq.com/v1/devices/MOD-00617/data/534973153
1276.24,746.94,"{'lat': None, 'lon': None}","{'rh': 46.8, 'temp': 23.8, 'wd': 0.0, 'ws': 0.0, 'ws_scalar': 0.0}","{'gas': {'co': 13502, 'co2': 13264, 'no': 13590, 'no2': 13769, 'o3': 13749}, 'pm': {'pm1': 13212, 'pm10': 13214, 'pm25': 13213}}",4.51,29.72,28.61,1.61,1.89,1.77,534973301,46.8,MOD-00617,23.8,2025-11-06T06:24:37,2025-11-05T22:24:37,https://api.quant-aq.com/v1/devices/MOD-00617/data/534973154
1281.24,746.58,"{'lat': None, 'lon': None}","{'rh': 46.7, 'temp': 23.8, 'wd': 0.0, 'ws': 0.0, 'ws_scalar': 0.0}","{'gas': {'co': 13502, 'co2': 13264, 'no': 13590, 'no2': 13769, 'o3': 13749}, 'pm': {'pm1': 13212, 'pm10': 13214, 'pm25': 13213}}",4.54,29.49,28.64,2.04,12.02,2.22,534970501,46.7,MOD-00617,23.8,2025-11-06T06:23:37,2025-11-05T22:23:37,https://api.quant-aq.com/v1/devices/MOD-00617/data/534970354
1297.8,754.17,"{'lat': None, 'lon': None}","{'rh': 46.5, 'temp': 23.8, 'wd': 0.0, 'ws': 0.0, 'ws_scalar': 0.0}","{'gas': {'co': 13502, 'co2': 13264, 'no': 13590, 'no2': 13769, 'o3': 13749}, 'pm': {'pm1': 13212, 'pm10': 13214, 'pm25': 13213}}",5.61,28.5,28.4,2.17,3.61,2.38,534970500,46.5,MOD-00617,23.8,2025-11-06T06:22:37,2025-11-05T22:22:37,https://api.quant-aq.com/v1/devices/MOD-00617/data/534970353
1294.62,757.54,"{'lat': None, 'lon': None}","{'rh': 46.5, 'temp': 23.9, 'wd': 0.0, 'ws': 0.0, 'ws_scalar': 0.0}","{'gas': {'co': 13502, 'co2': 13264, 'no': 13590, 'no2': 13769, 'o3': 13749}, 'pm': {'pm1': 13212, 'pm10': 13214, 'pm25': 13213}}",5.8,28.8,27.83,2.26,2.59,2.47,534970502,46.5,MOD-00617,23.9,2025-11-06T06:21:37,2025-11-05T22:21:37,https://api.quant-aq.com/v1/devices/MOD-00617/data/534970355
1308.65,762.72,"{'lat': None, 'lon': None}","{'rh': 46.4, 'temp': 23.9, 'wd': 0.0, 'ws': 0.0, 'ws_scalar': 0.0}","{'gas': {'co': 13502, 'co2': 13264, 'no': 13590, 'no2': 13769, 'o3': 13749}, 'pm': {'pm1': 13212, 'pm10': 13214, 'pm25': 13213}}",5.91,29.27,27.85,2.07,2.23,2.23,534970503,46.4,MOD-00617,23.9,2025-11-06T06:20:37,2025-11-05T22:20:37,https://api.quant-aq.com/v1/devices/MOD-00617/data/534970356
1314.33,762.6,"{'lat': None, 'lon': None}","{'rh': 46.5, 'temp': 23.9, 'wd': 0.0, 'ws': 0.0, 'ws_scalar': 0.0}","{'gas': {'co': 13502, 'co2': 13264, 'no': 13590, 'no2': 13769, 'o3': 13749}, 'pm': {'pm1': 13212, 'pm10': 13214, 'pm25': 13213}}",5.9,28.49,28.12,2.3,2.67,2.55,534968222,46.5,MOD-00617,23.9,2025-11-06T06:19:37,2025-11-05T22:19:37,https://api.quant-aq.com/v1/devices/MOD-00617/data/534968075
1317.82,765.61,"{'lat': None, 'lon': None}","{'rh': 46.2, 'temp': 23.9, 'wd': 0.0, 'ws': 0.0, 'ws_scalar': 0.0}","{'gas': {'co': 13502, 'co2': 13264, 'no': 13590, 'no2': 13769, 'o3': 13749}, 'pm': {'pm1': 13212, 'pm10': 13214, 'pm25': 13213}}",6.2,11.05,26.16,2.61,12.7,2.79,534968223,46.2,MOD-00617,23.9,2025-11-06T06:18:37,2025-11-05T22:18:37,https://api.quant-aq.com/v1/devices/MOD-00617/data/534968076
1322.48,772.72,"{'lat': None, 'lon': None}","{'rh': 46.0, 'temp': 23.9, 'wd': 0.0, 'ws': 0.0, 'ws_scalar': 0.0}","{'gas': {'co': 13502, 'co2': 13264, 'no': 13590, 'no2': 13769, 'o3': 13749}, 'pm': {'pm1': 13212, 'pm10': 13214, 'pm25': 13213}}",7.06,14.23,25.64,2.6,7.99,2.72,534968221,46.0,MOD-00617,23.9,2025-11-06T06:17:37,2025-11-05T22:17:37,https://api.quant-aq.com/v1/devices/MOD-00617/data/534968074
1337.26,768.75,"{'lat': None, 'lon': None}","{'rh': 46.0, 'temp': 23.9, 'wd': 0.0, 'ws': 0.0, 'ws_scalar': 0.0}","{'gas': {'co': 13502, 'co2': 13264, 'no': 13590, 'no2': 13769, 'o3': 13749}, 'pm': {'pm1': 13212, 'pm10': 13214, 'pm25': 13213}}",7.03,14.46,25.64,2.24,4.83,2.45,534968224,46.0,MOD-00617,23.9,2025-11-06T06:16:37,2025-11-05T22:16:37,https://api.quant-aq.com/v1/devices/MOD-00617/data/534968077
1336.92,769.47,"{'lat': None, 'lon': None}","{'rh': 45.9, 'temp': 23.9, 'wd': 0.0, 'ws': 0.0, 'ws_scalar': 0.0}","{'gas': {'co': 13502, 'co2': 13264, 'no': 13590, 'no2': 13769, 'o3': 13749}, 'pm': {'pm1': 13212, 'pm10': 13214, 'pm25': 13213}}",7.13,13.92,24.22,1.98,2.21,2.12,534966005,45.9,MOD-00617,23.9,2025-11-06T06:15:37,2025-11-05T22:15:37,https://api.quant-aq.com/v1/devices/MOD-00617/data/534965858
1344.86,771.88,"{'lat': None, 'lon': None}","{'rh': 45.7, 'temp': 23.9, 'wd': 0.0, 'ws': 0.0, 'ws_scalar': 0.0}","{'gas': {'co': 13502, 'co2': 13264, 'no': 13590, 'no2': 13769, 'o3': 13749}, 'pm': {'pm1': 13212, 'pm10': 13214, 'pm25': 13213}}",7.21,19.91,23.7,2.23,3.12,2.34,534966006,45.7,MOD-00617,23.9,2025-11-06T06:14:37,2025-11-05T22:14:37,https://api.quant-aq.com/v1/devices/MOD-00617/data/534965859
1352.25,778.5,"{'lat': None, 'lon': None}","{'rh': 45.7, 'temp': 23.9, 'wd': 0.0, 'ws': 0.0, 'ws_scalar': 0.0}","{'gas': {'co': 13502, 'co2': 13264, 'no': 13590, 'no2': 13769, 'o3': 13749}, 'pm': {'pm1': 13212, 'pm10': 13214, 'pm25': 13213}}",7.21,19.79,23.41,2.36,8.71,2.64,534966003,45.7,MOD-00617,23.9,2025-11-06T06:13:37,2025-11-05T22:13:37,https://api.quant-aq.com/v1/devices/MOD-00617/data/534965856
1354.3,776.94,"{'lat': None, 'lon': None}","{'rh': 45.7, 'temp': 23.9, 'wd': 0.0, 'ws': 0.0, 'ws_scalar': 0.0}","{'gas': {'co': 13502, 'co2': 13264, 'no': 13590, 'no2': 13769, 'o3': 13749}, 'pm': {'pm1': 13212, 'pm10': 13214, 'pm25': 13213}}",7.2,19.76,23.7,2.26,3.26,2.45,534966004,45.7,MOD-00617,23.9,2025-11-06T06:12:37,2025-11-05T22:12:37,https://api.quant-aq.com/v1/devices/MOD-00617/data/534965857
1359.23,784.04,"{'lat': None, 'lon': None}","{'rh': 45.7, 'temp': 23.9, 'wd': 0.0, 'ws': 0.0, 'ws_scalar': 0.0}","{'gas': {'co': 13502, 'co2': 13264, 'no': 13590, 'no2': 13769, 'o3': 13749}, 'pm': {'pm1': 13212, 'pm10': 13214, 'pm25': 13213}}",7.21,19.73,23.7,2.52,8.17,2.67,534963798,45.7,MOD-00617,23.9,2025-11-06T06:11:37,2025-11-05T22:11:37,https://api.quant-aq.com/v1/devices/MOD-00617/data/534963651
1370.13,785.85,"{'lat': None, 'lon': None}","{'rh': 45.8, 'temp': 23.8, 'wd': 0.0, 'ws': 0.0, 'ws_scalar': 0.0}","{'gas': {'co': 13502, 'co2': 13264, 'no': 13590, 'no2': 13769, 'o3': 13749}, 'pm': {'pm1': 13212, 'pm10': 13214, 'pm25': 13213}}",7.1,13.37,23.66,2.08,3.96,2.33,534963795,45.8,MOD-00617,23.8,2025-11-06T06:10:37,2025-11-05T22:10:37,https://api.quant-aq.com/v1/devices/MOD-00617/data/534963647
1372.6,784.28,"{'lat': None, 'lon': None}","{'rh': 45.8, 'temp': 23.8, 'wd': 0.0, 'ws': 0.0, 'ws_scalar': 0.0}","{'gas': {'co': 13502, 'co2': 13264, 'no': 13590, 'no2': 13769, 'o3': 13749}, 'pm': {'pm1': 13212, 'pm10': 13214, 'pm25': 13213}}",7.11,15.05,24.24,2.65,3.82,2.77,534963797,45.8,MOD-00617,23.8,2025-11-06T06:09:37,2025-11-05T22:09:37,https://api.quant-aq.com/v1/devices/MOD-00617/data/534963648
1376.29,787.53,"{'lat': None, 'lon': None}","{'rh': 45.8, 'temp': 23.8, 'wd': 0.0, 'ws': 0.0, 'ws_scalar': 0.0}","{'gas': {'co': 13502, 'co2': 13264, 'no': 13590, 'no2': 13769, 'o3': 13749}, 'pm': {'pm1': 13212, 'pm10': 13214, 'pm25': 13213}}",7.11,15.33,23.37,1.98,2.39,2.16,534963793,45.8,MOD-00617,23.8,2025-11-06T06:08:37,2025-11-05T22:08:37,https://api.quant-aq.com/v1/devices/MOD-00617/data/534963649
1377.93,788.62,"{'lat': None, 'lon': None}","{'rh': 45.8, 'temp': 23.8, 'wd': 0.0, 'ws': 0.0, 'ws_scalar': 0.0}","{'gas': {'co': 13502, 'co2': 13264, 'no': 13590, 'no2': 13769, 'o3': 13749}, 'pm': {'pm1': 13212, 'pm10': 13214, 'pm25': 13213}}",7.11,13.48,23.66,2.01,2.34,2.26,534961525,45.8,MOD-00617,23.8,2025-11-06T06:07:37,2025-11-05T22:07:37,https://api.quant-aq.com/v1/devices/MOD-00617/data/534961378
1378.76,788.74,"{'lat': None, 'lon': None}","{'rh': 45.8, 'temp': 23.8, 'wd': 0.0, 'ws': 0.0, 'ws_scalar': 0.0}","{'gas': {'co': 13502, 'co2': 13264, 'no': 13590, 'no2': 13769, 'o3': 13749}, 'pm': {'pm1': 13212, 'pm10': 13214, 'pm25': 13213}}",7.1,15.64,23.66,1.97,2.78,2.1,534961526,45.8,MOD-00617,23.8,2025-11-06T06:06:37,2025-11-05T22:06:37,https://api.quant-aq.com/v1/devices/MOD-00617/data/534961380
1375.06,790.91,"{'lat': None, 'lon': None}","{'rh': 45.8, 'temp': 23.8, 'wd': 0.0, 'ws': 0.0, 'ws_scalar': 0.0}","{'gas': {'co': 13502, 'co2': 13264, 'no': 13590, 'no2': 13769, 'o3': 13749}, 'pm': {'pm1': 13212, 'pm10': 13214, 'pm25': 13213}}",7.11,15.05,23.95,2.13,2.29,2.25,534961527,45.8,MOD-00617,23.8,2025-11-06T06:05:37,2025-11-05T22:05:37,https://api.quant-aq.com/v1/devices/MOD-00617/data/534961379
1381.63,794.4,"{'lat': None, 'lon': None}","{'rh': 45.8, 'temp': 23.8, 'wd': 0.0, 'ws': 0.0, 'ws_scalar': 0.0}","{'gas': {'co': 13502, 'co2': 13264, 'no': 13590, 'no2': 13769, 'o3': 13749}, 'pm': {'pm1': 13212, 'pm10': 13214, 'pm25': 13213}}",7.1,15.64,23.37,2.36,2.84,2.58,534961524,45.8,MOD-00617,23.8,2025-11-06T06:04:37,2025-11-05T22:04:37,https://api.quant-aq.com/v1/devices/MOD-00617/data/534961377
1379.09,796.57,"{'lat': None, 'lon': None}","{'rh': 45.9, 'temp': 23.8, 'wd': 0.0, 'ws': 0.0, 'ws_scalar': 0.0}","{'gas': {'co': 13502, 'co2': 13264, 'no': 13590, 'no2': 13769, 'o3': 13749}, 'pm': {'pm1': 13212, 'pm10': 13214, 'pm25': 13213}}",7.0,12.14,23.63,2.12,5.67,2.31,534959304,45.9,MOD-00617,23.8,2025-11-06T06:03:37,2025-11-05T22:03:37,https://api.quant-aq.com/v1/devices/MOD-00617/data/534959157
1384.84,795.97,"{'lat': None, 'lon': None}","{'rh': 45.9, 'temp': 23.8, 'wd': 0.0, 'ws': 0.0, 'ws_scalar': 0.0}","{'gas': {'co': 13502, 'co2': 13264, 'no': 13590, 'no2': 13769, 'o3': 13749}, 'pm': {'pm1': 13212, 'pm10': 13214, 'pm25': 13213}}",7.12,12.97,23.34,2.26,2.89,2.42,534959305,45.9,MOD-00617,23.8,2025-11-06T06:02:37,2025-11-05T22:02:37,https://api.quant-aq.com/v1/devices/MOD-00617/data/534959158
1382.38,793.56,"{'lat': None, 'lon': None}","{'rh': 45.9, 'temp': 23.8, 'wd': 0.0, 'ws': 0.0, 'ws_scalar': 0.0}","{'gas': {'co': 13502, 'co2': 13264, 'no': 13590, 'no2': 13769, 'o3': 13749}, 'pm': {'pm1': 13212, 'pm10': 13214, 'pm25': 13213}}",7.12,12.97,23.92,2.34,2.57,2.53,534959303,45.9,MOD-00617,23.8,2025-11-06T06:01:37,2025-11-05T22:01:37,https://api.quant-aq.com/v1/devices/MOD-00617/data/534959156
1380.33,794.04,"{'lat': None, 'lon': None}","{'rh': 45.9, 'temp': 23.8, 'wd': 0.0, 'ws': 0.0, 'ws_scalar': 0.0}","{'gas': {'co': 13502, 'co2': 13264, 'no': 13590, 'no2': 13769, 'o3': 13749}, 'pm': {'pm1': 13212, 'pm10': 13214, 'pm25': 13213}}",7.12,12.14,23.05,2.11,3.57,2.28,534959302,45.9,MOD-00617,23.8,2025-11-06T06:00:37,2025-11-05T22:00:37,https://api.quant-aq.com/v1/devices/MOD-00617/data/534959155
1379.92,788.98,"{'lat': None, 'lon': None}","{'rh': 45.9, 'temp': 23.8, 'wd': 0.0, 'ws': 0.0, 'ws_scalar': 0.0}","{'gas': {'co': 13502, 'co2': 13264, 'no': 13590, 'no2': 13769, 'o3': 13749}, 'pm': {'pm1': 13212, 'pm10': 13214, 'pm25': 13213}}",7.0,12.14,23.92,2.29,12.69,2.43,534957127,45.9,MOD-00617,23.8,2025-11-06T05:59:37,2025-11-05T21:59:37,https://api.quant-aq.com/v1/devices/MOD-00617/data/534956979
1381.97,789.46,"{'lat': None, 'lon': None}","{'rh': 45.9, 'temp': 23.8, 'wd': 0.0, 'ws': 0.0, 'ws_scalar': 0.0}","{'gas': {'co': 13502, 'co2': 13264, 'no': 13590, 'no2': 13769, 'o3': 13749}, 'pm': {'pm1': 13212, 'pm10': 13214, 'pm25': 13213}}",7.13,12.14,23.63,2.46,2.57,2.57,534957126,45.9,MOD-00617,23.8,2025-11-06T05:58:37,2025-11-05T21:58:37,https://api.quant-aq.com/v1/devices/MOD-00617/data/534956980
1381.15,794.28,"{'lat': None, 'lon': None}","{'rh': 45.9, 'temp': 23.8, 'wd': 0.0, 'ws': 0.0, 'ws_scalar': 0.0}","{'gas': {'co': 13502, 'co2': 13264, 'no': 13590, 'no2': 13769, 'o3': 13749}, 'pm': {'pm1': 13212, 'pm10': 13214, 'pm25': 13213}}",7.13,12.14,23.34,2.33,9.55,2.46,534957128,45.9,MOD-00617,23.8,2025-11-06T05:57:37,2025-11-05T21:57:37,https://api.quant-aq.com/v1/devices/MOD-00617/data/534956981
1385.25,795.0,"{'lat': None, 'lon': None}","{'rh': 45.9, 'temp': 23.8, 'wd': 0.0, 'ws': 0.0, 'ws_scalar': 0.0}","{'gas': {'co': 13502, 'co2': 13264, 'no': 13590, 'no2': 13769, 'o3': 13749}, 'pm': {'pm1': 13212, 'pm10': 13214, 'pm25': 13213}}",7.1,12.19,23.34,1.97,2.58,2.06,534957125,45.9,MOD-00617,23.8,2025-11-06T05:56:37,2025-11-05T21:56:37,https://api.quant-aq.com/v1/devices/MOD-00617/data/534956978
1387.64,794.64,"{'lat': None, 'lon': None}","{'rh': 46.0, 'temp': 23.8, 'wd': 0.0, 'ws': 0.0, 'ws_scalar': 0.0}","{'gas': {'co': 13502, 'co2': 13264, 'no': 13590, 'no2': 13769, 'o3': 13749}, 'pm': {'pm1': 13212, 'pm10': 13214, 'pm25': 13213}}",7.01,11.97,23.31,2.27,2.74,2.43,534954851,46.0,MOD-00617,23.8,2025-11-06T05:55:37,2025-11-05T21:55:37,https://api.quant-aq.com/v1/devices/MOD-00617/data/534954706
1388.88,795.0,"{'lat': None, 'lon': None}","{'rh': 46.0, 'temp': 23.8, 'wd': 0.0, 'ws': 0.0, 'ws_scalar': 0.0}","{'gas': {'co': 13502, 'co2': 13264, 'no': 13590, 'no2': 13769, 'o3': 13749}, 'pm': {'pm1': 13212, 'pm10': 13214, 'pm25': 13213}}",7.05,11.97,23.6,2.41,2.52,2.52,534954846,46.0,MOD-00617,23.8,2025-11-06T05:54:37,2025-11-05T21:54:37,https://api.quant-aq.com/v1/devices/MOD-00617/data/534954700
1391.41,794.76,"{'lat': None, 'lon': None}","{'rh': 45.9, 'temp': 23.8, 'wd': 0.0, 'ws': 0.0, 'ws_scalar': 0.0}","{'gas': {'co': 13502, 'co2': 13264, 'no': 13590, 'no2': 13769, 'o3': 13749}, 'pm': {'pm1': 13212, 'pm10': 13214, 'pm25': 13213}}",7.0,12.14,23.34,2.37,7.81,2.52,534954848,45.9,MOD-00617,23.8,2025-11-06T05:53:37,2025-11-05T21:53:37,https://api.quant-aq.com/v1/devices/MOD-00617/data/534954701
1395.0,792.71,"{'lat': None, 'lon': None}","{'rh': 45.9, 'temp': 23.7, 'wd': 0.0, 'ws': 0.0, 'ws_scalar': 0.0}","{'gas': {'co': 13502, 'co2': 13264, 'no': 13590, 'no2': 13769, 'o3': 13749}, 'pm': {'pm1': 13212, 'pm10': 13214, 'pm25': 13213}}",6.04,11.89,23.62,2.65,2.73,2.69,534954843,45.9,MOD-00617,23.7,2025-11-06T05:52:37,2025-11-05T21:52:37,https://api.quant-aq.com/v1/devices/MOD-00617/data/534954702
1398.21,796.33,"{'lat': None, 'lon': None}","{'rh': 46.0, 'temp': 23.7, 'wd': 0.0, 'ws': 0.0, 'ws_scalar': 0.0}","{'gas': {'co': 13502, 'co2': 13264, 'no': 13590, 'no2': 13769, 'o3': 13749}, 'pm': {'pm1': 13212, 'pm10': 13214, 'pm25': 13213}}",7.03,10.76,23.59,2.2,2.35,2.31,534954841,46.0,MOD-00617,23.7,2025-11-06T05:51:37,2025-11-05T21:51:37,https://api.quant-aq.com/v1/devices/MOD-00617/data/534954703
1406.42,800.06,"{'lat': None, 'lon': None}","{'rh': 46.0, 'temp': 23.7, 'wd': 0.0, 'ws': 0.0, 'ws_scalar': 0.0}","{'gas': {'co': 13502, 'co2': 13264, 'no': 13590, 'no2': 13769, 'o3': 13749}, 'pm': {'pm1': 13212, 'pm10': 13214, 'pm25': 13213}}",5.93,11.55,23.59,2.34,2.67,2.41,534952082,46.0,MOD-00617,23.7,2025-11-06T05:50:37,2025-11-05T21:50:37,https://api.quant-aq.com/v1/devices/MOD-00617/data/534951936
1410.94,803.92,"{'lat': None, 'lon': None}","{'rh': 46.0, 'temp': 23.7, 'wd': 0.0, 'ws': 0.0, 'ws_scalar': 0.0}","{'gas': {'co': 13502, 'co2': 13264, 'no': 13590, 'no2': 13769, 'o3': 13749}, 'pm': {'pm1': 13212, 'pm10': 13214, 'pm25': 13213}}",7.05,11.55,23.3,2.68,3.4,2.71,534952080,46.0,MOD-00617,23.7,2025-11-06T05:49:37,2025-11-05T21:49:37,https://api.quant-aq.com/v1/devices/MOD-00617/data/534951935
1420.31,806.81,"{'lat': None, 'lon': None}","{'rh': 46.1, 'temp': 23.7, 'wd': 0.0, 'ws': 0.0, 'ws_scalar': 0.0}","{'gas': {'co': 13502, 'co2': 13264, 'no': 13590, 'no2': 13769, 'o3': 13749}, 'pm': {'pm1': 13212, 'pm10': 13214, 'pm25': 13213}}",6.95,11.51,23.85,3.07,6.91,3.16,534952077,46.1,MOD-00617,23.7,2025-11-06T05:48:37,2025-11-05T21:48:37,https://api.quant-aq.com/v1/devices/MOD-00617/data/534951931
1419.9,805.84,"{'lat': None, 'lon': None}","{'rh': 46.1, 'temp': 23.7, 'wd': 0.0, 'ws': 0.0, 'ws_scalar': 0.0}","{'gas': {'co': 13502, 'co2': 13264, 'no': 13590, 'no2': 13769, 'o3': 13749}, 'pm': {'pm1': 13212, 'pm10': 13214, 'pm25': 13213}}",6.95,11.51,23.56,2.98,4.54,3.09,534952078,46.1,MOD-00617,23.7,2025-11-06T05:47:37,2025-11-05T21:47:37,https://api.quant-aq.com/v1/devices/MOD-00617/data/534951930
1421.95,802.83,"{'lat': None, 'lon': None}","{'rh': 46.1, 'temp': 23.7, 'wd': 0.0, 'ws': 0.0, 'ws_scalar': 0.0}","{'gas': {'co': 13502, 'co2': 13264, 'no': 13590, 'no2': 13769, 'o3': 13749}, 'pm': {'pm1': 13212, 'pm10': 13214, 'pm25': 13213}}",5.85,10.74,23.27,1.99,3.87,2.07,534949805,46.1,MOD-00617,23.7,2025-11-06T05:46:37,2025-11-05T21:46:37,https://api.quant-aq.com/v1/devices/MOD-00617/data/534949658
1428.11,805.36,"{'lat': None, 'lon': None}","{'rh': 46.1, 'temp': 23.7, 'wd': 0.0, 'ws': 0.0, 'ws_scalar': 0.0}","{'gas': {'co': 13502, 'co2': 13264, 'no': 13590, 'no2': 13769, 'o3': 13749}, 'pm': {'pm1': 13212, 'pm10': 13214, 'pm25': 13213}}",5.94,11.51,24.14,2.35,2.62,2.41,534949802,46.1,MOD-00617,23.7,2025-11-06T05:45:37,2025-11-05T21:45:37,https://api.quant-aq.com/v1/devices/MOD-00617/data/534949655
1430.16,805.48,"{'lat': None, 'lon': None}","{'rh': 46.1, 'temp': 23.7, 'wd': 0.0, 'ws': 0.0, 'ws_scalar': 0.0}","{'gas': {'co': 13502, 'co2': 13264, 'no': 13590, 'no2': 13769, 'o3': 13749}, 'pm': {'pm1': 13212, 'pm10': 13214, 'pm25': 13213}}",5.94,11.22,23.85,2.65,2.75,2.71,534949804,46.1,MOD-00617,23.7,2025-11-06T05:44:37,2025-11-05T21:44:37,https://api.quant-aq.com/v1/devices/MOD-00617/data/534949657
1424.82,806.81,"{'lat': None, 'lon': None}","{'rh': 46.1, 'temp': 23.7, 'wd': 0.0, 'ws': 0.0, 'ws_scalar': 0.0}","{'gas': {'co': 13502, 'co2': 13264, 'no': 13590, 'no2': 13769, 'o3': 13749}, 'pm': {'pm1': 13212, 'pm10': 13214, 'pm25': 13213}}",6.98,11.22,23.27,2.87,2.9,2.9,534949803,46.1,MOD-00617,23.7,2025-11-06T05:43:37,2025-11-05T21:43:37,https://api.quant-aq.com/v1/devices/MOD-00617/data/534949656
1436.32,812.23,"{'lat': None, 'lon': None}","{'rh': 46.1, 'temp': 23.7, 'wd': 0.0, 'ws': 0.0, 'ws_scalar': 0.0}","{'gas': {'co': 13502, 'co2': 13264, 'no': 13590, 'no2': 13769, 'o3': 13749}, 'pm': {'pm1': 13212, 'pm10': 13214, 'pm25': 13213}}",6.98,11.51,23.27,2.92,4.79,3.03,534947612,46.1,MOD-00617,23.7,2025-11-06T05:42:37,2025-11-05T21:42:37,https://api.quant-aq.com/v1/devices/MOD-00617/data/534947465
1445.28,816.8,"{'lat': None, 'lon': None}","{'rh': 46.2, 'temp': 23.7, 'wd': 0.0, 'ws': 0.0, 'ws_scalar': 0.0}","{'gas': {'co': 13502, 'co2': 13264, 'no': 13590, 'no2': 13769, 'o3': 13749}, 'pm': {'pm1': 13212, 'pm10': 13214, 'pm25': 13213}}",6.12,11.15,23.53,2.8,3.68,2.84,534947613,46.2,MOD-00617,23.7,2025-11-06T05:41:37,2025-11-05T21:41:37,https://api.quant-aq.com/v1/devices/MOD-00617/data/534947466
1449.38,819.93,"{'lat': None, 'lon': None}","{'rh': 46.2, 'temp': 23.7, 'wd': 0.0, 'ws': 0.0, 'ws_scalar': 0.0}","{'gas': {'co': 13502, 'co2': 13264, 'no': 13590, 'no2': 13769, 'o3': 13749}, 'pm': {'pm1': 13212, 'pm10': 13214, 'pm25': 13213}}",6.12,11.05,23.53,2.59,2.77,2.69,534947614,46.2,MOD-00617,23.7,2025-11-06T05:40:37,2025-11-05T21:40:37,https://api.quant-aq.com/v1/devices/MOD-00617/data/534947467
1445.69,817.65,"{'lat': None, 'lon': None}","{'rh': 46.2, 'temp': 23.7, 'wd': 0.0, 'ws': 0.0, 'ws_scalar': 0.0}","{'gas': {'co': 13502, 'co2': 13264, 'no': 13590, 'no2': 13769, 'o3': 13749}, 'pm': {'pm1': 13212, 'pm10': 13214, 'pm25': 13213}}",6.12,11.15,23.82,2.45,4.87,2.55,534947615,46.2,MOD-00617,23.7,2025-11-06T05:39:37,2025-11-05T21:39:37,https://api.quant-aq.com/v1/devices/MOD-00617/data/534947468
1443.63,814.27,"{'lat': None, 'lon': None}","{'rh': 46.2, 'temp': 23.7, 'wd': 0.0, 'ws': 0.0, 'ws_scalar': 0.0}","{'gas': {'co': 13502, 'co2': 13264, 'no': 13590, 'no2': 13769, 'o3': 13749}, 'pm': {'pm1': 13212, 'pm10': 13214, 'pm25': 13213}}",6.68,11.15,24.11,2.51,7.78,2.59,534945375,46.2,MOD-00617,23.7,2025-11-06T05:38:37,2025-11-05T21:38:37,https://api.quant-aq.com/v1/devices/MOD-00617/data/534945229
1444.94,814.64,"{'lat': None, 'lon': None}","{'rh': 46.1, 'temp': 23.7, 'wd': 0.0, 'ws': 0.0, 'ws_scalar': 0.0}","{'gas': {'co': 13502, 'co2': 13264, 'no': 13590, 'no2': 13769, 'o3': 13749}, 'pm': {'pm1': 13212, 'pm10': 13214, 'pm25': 13213}}",5.94,10.65,23.56,3.07,3.26,3.22,534945373,46.1,MOD-00617,23.7,2025-11-06T05:37:37,2025-11-05T21:37:37,https://api.quant-aq.com/v1/devices/MOD-00617/data/534945226
1446.92,813.19,"{'lat': None, 'lon': None}","{'rh': 46.2, 'temp': 23.7, 'wd': 0.0, 'ws': 0.0, 'ws_scalar': 0.0}","{'gas': {'co': 13502, 'co2': 13264, 'no': 13590, 'no2': 13769, 'o3': 13749}, 'pm': {'pm1': 13212, 'pm10': 13214, 'pm25': 13213}}",6.12,10.94,23.24,3.09,5.48,3.16,534945374,46.2,MOD-00617,23.7,2025-11-06T05:36:37,2025-11-05T21:36:37,https://api.quant-aq.com/v1/devices/MOD-00617/data/534945227
1449.79,817.16,"{'lat': None, 'lon': None}","{'rh': 46.2, 'temp': 23.7, 'wd': 0.0, 'ws': 0.0, 'ws_scalar': 0.0}","{'gas': {'co': 13502, 'co2': 13264, 'no': 13590, 'no2': 13769, 'o3': 13749}, 'pm': {'pm1': 13212, 'pm10': 13214, 'pm25': 13213}}",6.14,11.05,23.53,3.02,3.05,3.05,534945372,46.2,MOD-00617,23.7,2025-11-06T05:35:37,2025-11-05T21:35:37,https://api.quant-aq.com/v1/devices/MOD-00617/data/534945225
1442.81,816.92,"{'lat': None, 'lon': None}","{'rh': 46.2, 'temp': 23.7, 'wd': 0.0, 'ws': 0.0, 'ws_scalar': 0.0}","{'gas': {'co': 13502, 'co2': 13264, 'no': 13590, 'no2': 13769, 'o3': 13749}, 'pm': {'pm1': 13212, 'pm10': 13214, 'pm25': 13213}}",6.14,11.77,22.95,2.91,3.0,3.0,534943142,46.2,MOD-00617,23.7,2025-11-06T05:34:37,2025-11-05T21:34:37,https://api.quant-aq.com/v1/devices/MOD-00617/data/534942995
1445.69,818.97,"{'lat': None, 'lon': None}","{'rh': 46.2, 'temp': 23.7, 'wd': 0.0, 'ws': 0.0, 'ws_scalar': 0.0}","{'gas': {'co': 13502, 'co2': 13264, 'no': 13590, 'no2': 13769, 'o3': 13749}, 'pm': {'pm1': 13212, 'pm10': 13214, 'pm25': 13213}}",6.68,11.05,23.82,2.62,3.41,2.79,534943143,46.2,MOD-00617,23.7,2025-11-06T05:33:37,2025-11-05T21:33:37,https://api.quant-aq.com/v1/devices/MOD-00617/data/534942996
1444.04,821.86,"{'lat': None, 'lon': None}","{'rh': 46.2, 'temp': 23.7, 'wd': 0.0, 'ws': 0.0, 'ws_scalar': 0.0}","{'gas': {'co': 13502, 'co2': 13264, 'no': 13590, 'no2': 13769, 'o3': 13749}, 'pm': {'pm1': 13212, 'pm10': 13214, 'pm25': 13213}}",5.02,10.94,23.53,3.24,5.15,3.32,534943141,46.2,MOD-00617,23.7,2025-11-06T05:32:37,2025-11-05T21:32:37,https://api.quant-aq.com/v1/devices/MOD-00617/data/534942994
1443.22,821.26,"{'lat': None, 'lon': None}","{'rh': 46.2, 'temp': 23.7, 'wd': 0.0, 'ws': 0.0, 'ws_scalar': 0.0}","{'gas': {'co': 13502, 'co2': 13264, 'no': 13590, 'no2': 13769, 'o3': 13749}, 'pm': {'pm1': 13212, 'pm10': 13214, 'pm25': 13213}}",6.12,10.61,23.24,2.88,3.51,2.95,534943140,46.2,MOD-00617,23.7,2025-11-06T05:31:37,2025-11-05T21:31:37,https://api.quant-aq.com/v1/devices/MOD-00617/data/534942993
1442.4,821.38,"{'lat': None, 'lon': None}","{'rh': 46.2, 'temp': 23.7, 'wd': 0.0, 'ws': 0.0, 'ws_scalar': 0.0}","{'gas': {'co': 13502, 'co2': 13264, 'no': 13590, 'no2': 13769, 'o3': 13749}, 'pm': {'pm1': 13212, 'pm10': 13214, 'pm25': 13213}}",6.14,11.77,23.82,2.22,2.34,2.3,534940940,46.2,MOD-00617,23.7,2025-11-06T05:30:37,2025-11-05T21:30:37,https://api.quant-aq.com/v1/devices/MOD-00617/data/534940794
1455.13,823.67,"{'lat': None, 'lon': None}","{'rh': 46.2, 'temp': 23.7, 'wd': 0.0, 'ws': 0.0, 'ws_scalar': 0.0}","{'gas': {'co': 13502, 'co2': 13264, 'no': 13590, 'no2': 13769, 'o3': 13749}, 'pm': {'pm1': 13212, 'pm10': 13214, 'pm25': 13213}}",6.12,11.05,23.53,2.49,3.28,2.65,534940941,46.2,MOD-00617,23.7,2025-11-06T05:29:37,2025-11-05T21:29:37,https://api.quant-aq.com/v1/devices/MOD-00617/data/534940793
1451.84,822.71,"{'lat': None, 'lon': None}","{'rh': 46.2, 'temp': 23.7, 'wd': 0.0, 'ws': 0.0, 'ws_scalar': 0.0}","{'gas': {'co': 13502, 'co2': 13264, 'no': 13590, 'no2': 13769, 'o3': 13749}, 'pm': {'pm1': 13212, 'pm10': 13214, 'pm25': 13213}}",5.02,10.94,23.82,2.53,3.23,2.63,534940942,46.2,MOD-00617,23.7,2025-11-06T05:28:37,2025-11-05T21:28:37,https://api.quant-aq.com/v1/devices/MOD-00617/data/534940795
1453.49,822.58,"{'lat': None, 'lon': None}","{'rh': 46.2, 'temp': 23.7, 'wd': 0.0, 'ws': 0.0, 'ws_scalar': 0.0}","{'gas': {'co': 13502, 'co2': 13264, 'no': 13590, 'no2': 13769, 'o3': 13749}, 'pm': {'pm1': 13212, 'pm10': 13214, 'pm25': 13213}}",6.12,10.94,24.4,2.33,2.61,2.39,534940943,46.2,MOD-00617,23.7,2025-11-06T05:27:37,2025-11-05T21:27:37,https://api.quant-aq.com/v1/devices/MOD-00617/data/534940798
1461.7,825.11,"{'lat': None, 'lon': None}","{'rh': 46.2, 'temp': 23.7, 'wd': 0.0, 'ws': 0.0, 'ws_scalar': 0.0}","{'gas': {'co': 13502, 'co2': 13264, 'no': 13590, 'no2': 13769, 'o3': 13749}, 'pm': {'pm1': 13212, 'pm10': 13214, 'pm25': 13213}}",6.14,10.94,23.82,2.41,12.5,2.5,534938625,46.2,MOD-00617,23.7,2025-11-06T05:26:37,2025-11-05T21:26:37,https://api.quant-aq.com/v1/devices/MOD-00617/data/534938479
1463.41,822.22,"{'lat': None, 'lon': None}","{'rh': 46.1, 'temp': 23.7, 'wd': 0.0, 'ws': 0.0, 'ws_scalar': 0.0}","{'gas': {'co': 13502, 'co2': 13264, 'no': 13590, 'no2': 13769, 'o3': 13749}, 'pm': {'pm1': 13212, 'pm10': 13214, 'pm25': 13213}}",5.82,10.65,23.56,2.06,2.36,2.2,534938627,46.1,MOD-00617,23.7,2025-11-06T05:25:37,2025-11-05T21:25:37,https://api.quant-aq.com/v1/devices/MOD-00617/data/534938478
1469.16,820.66,"{'lat': None, 'lon': None}","{'rh': 46.1, 'temp': 23.7, 'wd': 0.0, 'ws': 0.0, 'ws_scalar': 0.0}","{'gas': {'co': 13502, 'co2': 13264, 'no': 13590, 'no2': 13769, 'o3': 13749}, 'pm': {'pm1': 13212, 'pm10': 13214, 'pm25': 13213}}",5.94,10.65,23.85,2.1,15.72,2.14,534938623,46.1,MOD-00617,23.7,2025-11-06T05:24:37,2025-11-05T21:24:37,https://api.quant-aq.com/v1/devices/MOD-00617/data/534938476
1472.03,821.14,"{'lat': None, 'lon': None}","{'rh': 46.1, 'temp': 23.7, 'wd': 0.0, 'ws': 0.0, 'ws_scalar': 0.0}","{'gas': {'co': 13502, 'co2': 13264, 'no': 13590, 'no2': 13769, 'o3': 13749}, 'pm': {'pm1': 13212, 'pm10': 13214, 'pm25': 13213}}",5.82,11.51,23.56,2.1,2.17,2.17,534938628,46.1,MOD-00617,23.7,2025-11-06T05:23:37,2025-11-05T21:23:37,https://api.quant-aq.com/v1/devices/MOD-00617/data/534938481
1484.35,819.57,"{'lat': None, 'lon': None}","{'rh': 46.1, 'temp': 23.7, 'wd': 0.0, 'ws': 0.0, 'ws_scalar': 0.0}","{'gas': {'co': 13502, 'co2': 13264, 'no': 13590, 'no2': 13769, 'o3': 13749}, 'pm': {'pm1': 13212, 'pm10': 13214, 'pm25': 13213}}",6.95,11.22,23.85,2.59,2.94,2.72,534938629,46.1,MOD-00617,23.7,2025-11-06T05:22:37,2025-11-05T21:22:37,https://api.quant-aq.com/v1/devices/MOD-00617/data/534938482
1490.09,823.79,"{'lat': None, 'lon': None}","{'rh': 46.1, 'temp': 23.7, 'wd': 0.0, 'ws': 0.0, 'ws_scalar': 0.0}","{'gas': {'co': 13502, 'co2': 13264, 'no': 13590, 'no2': 13769, 'o3': 13749}, 'pm': {'pm1': 13212, 'pm10': 13214, 'pm25': 13213}}",5.82,10.65,23.56,2.46,3.21,2.51,534935783,46.1,MOD-00617,23.7,2025-11-06T05:21:37,2025-11-05T21:21:37,https://api.quant-aq.com/v1/devices/MOD-00617/data/534935635
1501.18,822.95,"{'lat': None, 'lon': None}","{'rh': 46.1, 'temp': 23.7, 'wd': 0.0, 'ws': 0.0, 'ws_scalar': 0.0}","{'gas': {'co': 13502, 'co2': 13264, 'no': 13590, 'no2': 13769, 'o3': 13749}, 'pm': {'pm1': 13212, 'pm10': 13214, 'pm25': 13213}}",5.82,10.74,23.85,2.57,2.84,2.67,534935784,46.1,MOD-00617,23.7,2025-11-06T05:20:37,2025-11-05T21:20:37,https://api.quant-aq.com/v1/devices/MOD-00617/data/534935637
1504.53,822.22,"{'lat': None, 'lon': None}","{'rh': 46.0, 'temp': 23.7, 'wd': 0.0, 'ws': 0.0, 'ws_scalar': 0.0}","{'gas': {'co': 13502, 'co2': 13264, 'no': 13590, 'no2': 13769, 'o3': 13749}, 'pm': {'pm1': 13212, 'pm10': 13214, 'pm25': 13213}}",6.0,11.21,23.01,2.47,2.79,2.57,534935782,46.0,MOD-00617,23.7,2025-11-06T05:19:37,2025-11-05T21:19:37,https://api.quant-aq.com/v1/devices/MOD-00617/data/534935636
1513.15,818.73,"{'lat': None, 'lon': None}","{'rh': 46.0, 'temp': 23.7, 'wd': 0.0, 'ws': 0.0, 'ws_scalar': 0.0}","{'gas': {'co': 13502, 'co2': 13264, 'no': 13590, 'no2': 13769, 'o3': 13749}, 'pm': {'pm1': 13212, 'pm10': 13214, 'pm25': 13213}}",6.0,11.21,23.59,2.29,2.4,2.36,534935785,46.0,MOD-00617,23.7,2025-11-06T05:18:37,2025-11-05T21:18:37,https://api.quant-aq.com/v1/devices/MOD-00617/data/534935638
1516.44,823.91,"{'lat': None, 'lon': None}","{'rh': 46.0, 'temp': 23.7, 'wd': 0.0, 'ws': 0.0, 'ws_scalar': 0.0}","{'gas': {'co': 13502, 'co2': 13264, 'no': 13590, 'no2': 13769, 'o3': 13749}, 'pm': {'pm1': 13212, 'pm10': 13214, 'pm25': 13213}}",6.0,11.21,23.59,2.01,2.29,2.21,534933595,46.0,MOD-00617,23.7,2025-11-06T05:17:37,2025-11-05T21:17:37,https://api.quant-aq.com/v1/devices/MOD-00617/data/534933448
1531.62,825.96,"{'lat': None, 'lon': None}","{'rh': 46.0, 'temp': 23.7, 'wd': 0.0, 'ws': 0.0, 'ws_scalar': 0.0}","{'gas': {'co': 13502, 'co2': 13264, 'no': 13590, 'no2': 13769, 'o3': 13749}, 'pm': {'pm1': 13212, 'pm10': 13214, 'pm25': 13213}}",7.05,11.64,23.3,2.93,3.15,3.03,534933596,46.0,MOD-00617,23.7,2025-11-06T05:16:37,2025-11-05T21:16:37,https://api.quant-aq.com/v1/devices/MOD-00617/data/534933449
1529.09,827.16,"{'lat': None, 'lon': None}","{'rh': 46.1, 'temp': 23.7, 'wd': 0.0, 'ws': 0.0, 'ws_scalar': 0.0}","{'gas': {'co': 13502, 'co2': 13264, 'no': 13590, 'no2': 13769, 'o3': 13749}, 'pm': {'pm1': 13212, 'pm10': 13214, 'pm25': 13213}}",5.94,10.65,23.85,2.56,2.6,2.6,534933594,46.1,MOD-00617,23.7,2025-11-06T05:15:37,2025-11-05T21:15:37,https://api.quant-aq.com/v1/devices/MOD-00617/data/534933447
1532.45,825.48,"{'lat': None, 'lon': None}","{'rh': 46.0, 'temp': 23.7, 'wd': 0.0, 'ws': 0.0, 'ws_scalar': 0.0}","{'gas': {'co': 13502, 'co2': 13264, 'no': 13590, 'no2': 13769, 'o3': 13749}, 'pm': {'pm1': 13212, 'pm10': 13214, 'pm25': 13213}}",6.0,11.55,23.3,2.37,2.5,2.45,534933598,46.0,MOD-00617,23.7,2025-11-06T05:14:37,2025-11-05T21:14:37,https://api.quant-aq.com/v1/devices/MOD-00617/data/534933451
1534.5,823.43,"{'lat': None, 'lon': None}","{'rh': 46.0, 'temp': 23.7, 'wd': 0.0, 'ws': 0.0, 'ws_scalar': 0.0}","{'gas': {'co': 13502, 'co2': 13264, 'no': 13590, 'no2': 13769, 'o3': 13749}, 'pm': {'pm1': 13212, 'pm10': 13214, 'pm25': 13213}}",5.99,11.55,23.3,2.21,4.37,2.31,534933597,46.0,MOD-00617,23.7,2025-11-06T05:13:37,2025-11-05T21:13:37,https://api.quant-aq.com/v1/devices/MOD-00617/data/534933450
1548.87,827.4,"{'lat': None, 'lon': None}","{'rh': 46.0, 'temp': 23.7, 'wd': 0.0, 'ws': 0.0, 'ws_scalar': 0.0}","{'gas': {'co': 13502, 'co2': 13264, 'no': 13590, 'no2': 13769, 'o3': 13749}, 'pm': {'pm1': 13212, 'pm10': 13214, 'pm25': 13213}}",5.99,10.76,23.88,2.34,4.08,2.4,534930798,46.0,MOD-00617,23.7,2025-11-06T05:12:37,2025-11-05T21:12:37,https://api.quant-aq.com/v1/devices/MOD-00617/data/534930653
1547.97,828.25,"{'lat': None, 'lon': None}","{'rh': 46.1, 'temp': 23.7, 'wd': 0.0, 'ws': 0.0, 'ws_scalar': 0.0}","{'gas': {'co': 13502, 'co2': 13264, 'no': 13590, 'no2': 13769, 'o3': 13749}, 'pm': {'pm1': 13212, 'pm10': 13214, 'pm25': 13213}}",5.94,11.51,22.98,2.51,2.58,2.58,534930800,46.1,MOD-00617,23.7,2025-11-06T05:11:37,2025-11-05T21:11:37,https://api.quant-aq.com/v1/devices/MOD-00617/data/534930652
1552.49,831.86,"{'lat': None, 'lon': None}","{'rh': 46.1, 'temp': 23.7, 'wd': 0.0, 'ws': 0.0, 'ws_scalar': 0.0}","{'gas': {'co': 13502, 'co2': 13264, 'no': 13590, 'no2': 13769, 'o3': 13749}, 'pm': {'pm1': 13212, 'pm10': 13214, 'pm25': 13213}}",5.82,11.22,23.56,2.62,2.74,2.7,534930804,46.1,MOD-00617,23.7,2025-11-06T05:10:37,2025-11-05T21:10:37,https://api.quant-aq.com/v1/devices/MOD-00617/data/534930657
1552.9,831.86,"{'lat': None, 'lon': None}","{'rh': 46.1, 'temp': 23.7, 'wd': 0.0, 'ws': 0.0, 'ws_scalar': 0.0}","{'gas': {'co': 13502, 'co2': 13264, 'no': 13590, 'no2': 13769, 'o3': 13749}, 'pm': {'pm1': 13212, 'pm10': 13214, 'pm25': 13213}}",5.94,11.22,23.56,2.52,7.37,2.6,534930802,46.1,MOD-00617,23.7,2025-11-06T05:09:37,2025-11-05T21:09:37,https://api.quant-aq.com/v1/devices/MOD-00617/data/534930656
1558.31,827.4,"{'lat': None, 'lon': None}","{'rh': 46.0, 'temp': 23.7, 'wd': 0.0, 'ws': 0.0, 'ws_scalar': 0.0}","{'gas': {'co': 13502, 'co2': 13264, 'no': 13590, 'no2': 13769, 'o3': 13749}, 'pm': {'pm1': 13212, 'pm10': 13214, 'pm25': 13213}}",5.94,11.64,23.01,2.41,2.62,2.46,534930796,46.0,MOD-00617,23.7,2025-11-06T05:08:37,2025-11-05T21:08:37,https://api.quant-aq.com/v1/devices/MOD-00617/data/534930650
1559.13,827.88,"{'lat': None, 'lon': None}","{'rh': 46.0, 'temp': 23.7, 'wd': 0.0, 'ws': 0.0, 'ws_scalar': 0.0}","{'gas': {'co': 13502, 'co2': 13264, 'no': 13590, 'no2': 13769, 'o3': 13749}, 'pm': {'pm1': 13212, 'pm10': 13214, 'pm25': 13213}}",7.05,11.64,23.01,2.27,2.51,2.33,534927970,46.0,MOD-00617,23.7,2025-11-06T05:07:37,2025-11-05T21:07:37,https://api.quant-aq.com/v1/devices/MOD-00617/data/534927825
1559.06,833.06,"{'lat': None, 'lon': None}","{'rh': 46.1, 'temp': 23.7, 'wd': 0.0, 'ws': 0.0, 'ws_scalar': 0.0}","{'gas': {'co': 13502, 'co2': 13264, 'no': 13590, 'no2': 13769, 'o3': 13749}, 'pm': {'pm1': 13212, 'pm10': 13214, 'pm25': 13213}}",5.82,11.13,23.56,2.69,3.24,2.75,534927974,46.1,MOD-00617,23.7,2025-11-06T05:06:37,2025-11-05T21:06:37,https://api.quant-aq.com/v1/devices/MOD-00617/data/534927829
1563.57,834.75,"{'lat': None, 'lon': None}","{'rh': 46.1, 'temp': 23.7, 'wd': 0.0, 'ws': 0.0, 'ws_scalar': 0.0}","{'gas': {'co': 13502, 'co2': 13264, 'no': 13590, 'no2': 13769, 'o3': 13749}, 'pm': {'pm1': 13212, 'pm10': 13214, 'pm25': 13213}}",5.94,11.13,23.27,2.37,2.47,2.47,534927976,46.1,MOD-00617,23.7,2025-11-06T05:05:37,2025-11-05T21:05:37,https://api.quant-aq.com/v1/devices/MOD-00617/data/534927828
1559.47,834.87,"{'lat': None, 'lon': None}","{'rh': 46.1, 'temp': 23.7, 'wd': 0.0, 'ws': 0.0, 'ws_scalar': 0.0}","{'gas': {'co': 13502, 'co2': 13264, 'no': 13590, 'no2': 13769, 'o3': 13749}, 'pm': {'pm1': 13212, 'pm10': 13214, 'pm25': 13213}}",5.82,11.22,23.27,2.59,3.81,2.73,534927978,46.1,MOD-00617,23.7,2025-11-06T05:04:37,2025-11-05T21:04:37,https://api.quant-aq.com/v1/devices/MOD-00617/data/534927831
1559.47,837.16,"{'lat': None, 'lon': None}","{'rh': 46.1, 'temp': 23.7, 'wd': 0.0, 'ws': 0.0, 'ws_scalar': 0.0}","{'gas': {'co': 13502, 'co2': 13264, 'no': 13590, 'no2': 13769, 'o3': 13749}, 'pm': {'pm1': 13212, 'pm10': 13214, 'pm25': 13213}}",5.82,11.13,23.27,2.38,4.25,2.41,534927973,46.1,MOD-00617,23.7,2025-11-06T05:03:37,2025-11-05T21:03:37,https://api.quant-aq.com/v1/devices/MOD-00617/data/534927826
1559.06,831.62,"{'lat': None, 'lon': None}","{'rh': 46.1, 'temp': 23.7, 'wd': 0.0, 'ws': 0.0, 'ws_scalar': 0.0}","{'gas': {'co': 13502, 'co2': 13264, 'no': 13590, 'no2': 13769, 'o3': 13749}, 'pm': {'pm1': 13212, 'pm10': 13214, 'pm25': 13213}}",5.82,10.65,23.56,2.28,2.32,2.32,534925204,46.1,MOD-00617,23.7,2025-11-06T05:02:37,2025-11-05T21:02:37,https://api.quant-aq.com/v1/devices/MOD-00617/data/534925057
1561.52,836.32,"{'lat': None, 'lon': None}","{'rh': 46.1, 'temp': 23.7, 'wd': 0.0, 'ws': 0.0, 'ws_scalar': 0.0}","{'gas': {'co': 13502, 'co2': 13264, 'no': 13590, 'no2': 13769, 'o3': 13749}, 'pm': {'pm1': 13212, 'pm10': 13214, 'pm25': 13213}}",5.82,11.51,22.98,2.76,15.58,2.83,534925203,46.1,MOD-00617,23.7,2025-11-06T05:01:37,2025-11-05T21:01:37,https://api.quant-aq.com/v1/devices/MOD-00617/data/534925056
1546.74,820.18,"{'lat': None, 'lon': None}","{'rh': 46.1, 'temp': 23.7, 'wd': 0.0, 'ws': 0.0, 'ws_scalar': 0.0}","{'gas': {'co': 13502, 'co2': 13264, 'no': 13590, 'no2': 13769, 'o3': 13749}, 'pm': {'pm1': 13212, 'pm10': 13214, 'pm25': 13213}}",5.08,11.69,23.27,2.6,2.74,2.7,534925206,46.1,MOD-00617,23.7,2025-11-06T05:00:37,2025-11-05T21:00:37,https://api.quant-aq.com/v1/devices/MOD-00617/data/534925059
1544.69,831.02,"{'lat': None, 'lon': None}","{'rh': 46.1, 'temp': 23.7, 'wd': 0.0, 'ws': 0.0, 'ws_scalar': 0.0}","{'gas': {'co': 13502, 'co2': 13264, 'no': 13590, 'no2': 13769, 'o3': 13749}, 'pm': {'pm1': 13212, 'pm10': 13214, 'pm25': 13213}}",5.94,11.51,23.27,2.95,3.75,3.03,534925205,46.1,MOD-00617,23.7,2025-11-06T04:59:37,2025-11-05T20:59:37,https://api.quant-aq.com/v1/devices/MOD-00617/data/534925058
1525.81,834.39,"{'lat': None, 'lon': None}","{'rh': 46.1, 'temp': 23.7, 'wd': 0.0, 'ws': 0.0, 'ws_scalar': 0.0}","{'gas': {'co': 13502, 'co2': 13264, 'no': 13590, 'no2': 13769, 'o3': 13749}, 'pm': {'pm1': 13212, 'pm10': 13214, 'pm25': 13213}}",5.82,11.51,22.69,3.12,3.68,3.17,534922952,46.1,MOD-00617,23.7,2025-11-06T04:58:37,2025-11-05T20:58:37,https://api.quant-aq.com/v1/devices/MOD-00617/data/534922804
1520.4,835.95,"{'lat': None, 'lon': None}","{'rh': 46.2, 'temp': 23.7, 'wd': 0.0, 'ws': 0.0, 'ws_scalar': 0.0}","{'gas': {'co': 13502, 'co2': 13264, 'no': 13590, 'no2': 13769, 'o3': 13749}, 'pm': {'pm1': 13212, 'pm10': 13214, 'pm25': 13213}}",5.02,11.05,22.95,3.29,3.34,3.34,534922948,46.2,MOD-00617,23.7,2025-11-06T04:57:37,2025-11-05T20:57:37,https://api.quant-aq.com/v1/devices/MOD-00617/data/534922801
1517.53,838.84,"{'lat': None, 'lon': None}","{'rh': 46.2, 'temp': 23.7, 'wd': 0.0, 'ws': 0.0, 'ws_scalar': 0.0}","{'gas': {'co': 13502, 'co2': 13264, 'no': 13590, 'no2': 13769, 'o3': 13749}, 'pm': {'pm1': 13212, 'pm10': 13214, 'pm25': 13213}}",5.05,10.61,23.53,3.58,3.91,3.73,534922950,46.2,MOD-00617,23.7,2025-11-06T04:56:37,2025-11-05T20:56:37,https://api.quant-aq.com/v1/devices/MOD-00617/data/534922803
1504.8,837.52,"{'lat': None, 'lon': None}","{'rh': 46.2, 'temp': 23.7, 'wd': 0.0, 'ws': 0.0, 'ws_scalar': 0.0}","{'gas': {'co': 13502, 'co2': 13264, 'no': 13590, 'no2': 13769, 'o3': 13749}, 'pm': {'pm1': 13212, 'pm10': 13214, 'pm25': 13213}}",5.03,10.56,23.53,3.17,3.81,3.25,534922951,46.2,MOD-00617,23.7,2025-11-06T04:55:37,2025-11-05T20:55:37,https://api.quant-aq.com/v1/devices/MOD-00617/data/534922805
1492.07,832.58,"{'lat': None, 'lon': None}","{'rh': 46.2, 'temp': 23.7, 'wd': 0.0, 'ws': 0.0, 'ws_scalar': 0.0}","{'gas': {'co': 13502, 'co2': 13264, 'no': 13590, 'no2': 13769, 'o3': 13749}, 'pm': {'pm1': 13212, 'pm10': 13214, 'pm25': 13213}}",5.02,10.61,23.53,3.68,3.97,3.75,534922949,46.2,MOD-00617,23.7,2025-11-06T04:54:37,2025-11-05T20:54:37,https://api.quant-aq.com/v1/devices/MOD-00617/data/534922802
1485.1,833.18,"{'lat': None, 'lon': None}","{'rh': 46.2, 'temp': 23.7, 'wd': 0.0, 'ws': 0.0, 'ws_scalar': 0.0}","{'gas': {'co': 13502, 'co2': 13264, 'no': 13590, 'no2': 13769, 'o3': 13749}, 'pm': {'pm1': 13212, 'pm10': 13214, 'pm25': 13213}}",5.02,10.61,23.53,3.66,3.75,3.71,534920137,46.2,MOD-00617,23.7,2025-11-06T04:53:37,2025-11-05T20:53:37,https://api.quant-aq.com/v1/devices/MOD-00617/data/534919991
1476.47,834.87,"{'lat': None, 'lon': None}","{'rh': 46.2, 'temp': 23.7, 'wd': 0.0, 'ws': 0.0, 'ws_scalar': 0.0}","{'gas': {'co': 13502, 'co2': 13264, 'no': 13590, 'no2': 13769, 'o3': 13749}, 'pm': {'pm1': 13212, 'pm10': 13214, 'pm25': 13213}}",5.02,11.15,23.24,3.69,8.51,3.74,534920140,46.2,MOD-00617,23.7,2025-11-06T04:52:37,2025-11-05T20:52:37,https://api.quant-aq.com/v1/devices/MOD-00617/data/534919993
1459.64,834.75,"{'lat': None, 'lon': None}","{'rh': 46.2, 'temp': 23.7, 'wd': 0.0, 'ws': 0.0, 'ws_scalar': 0.0}","{'gas': {'co': 13502, 'co2': 13264, 'no': 13590, 'no2': 13769, 'o3': 13749}, 'pm': {'pm1': 13212, 'pm10': 13214, 'pm25': 13213}}",5.03,10.94,24.11,3.37,3.5,3.46,534920141,46.2,MOD-00617,23.7,2025-11-06T04:51:37,2025-11-05T20:51:37,https://api.quant-aq.com/v1/devices/MOD-00617/data/534919994
1450.61,835.47,"{'lat': None, 'lon': None}","{'rh': 46.2, 'temp': 23.7, 'wd': 0.0, 'ws': 0.0, 'ws_scalar': 0.0}","{'gas': {'co': 13502, 'co2': 13264, 'no': 13590, 'no2': 13769, 'o3': 13749}, 'pm': {'pm1': 13212, 'pm10': 13214, 'pm25': 13213}}",5.02,10.61,23.24,3.46,13.02,3.51,534920139,46.2,MOD-00617,23.7,2025-11-06T04:50:37,2025-11-05T20:50:37,https://api.quant-aq.com/v1/devices/MOD-00617/data/534919992
1439.12,839.57,"{'lat': None, 'lon': None}","{'rh': 46.2, 'temp': 23.7, 'wd': 0.0, 'ws': 0.0, 'ws_scalar': 0.0}","{'gas': {'co': 13502, 'co2': 13264, 'no': 13590, 'no2': 13769, 'o3': 13749}, 'pm': {'pm1': 13212, 'pm10': 13214, 'pm25': 13213}}",5.02,11.15,23.53,3.06,3.4,3.18,534920138,46.2,MOD-00617,23.7,2025-11-06T04:49:37,2025-11-05T20:49:37,https://api.quant-aq.com/v1/devices/MOD-00617/data/534919990
1432.55,835.71,"{'lat': None, 'lon': None}","{'rh': 46.2, 'temp': 23.7, 'wd': 0.0, 'ws': 0.0, 'ws_scalar': 0.0}","{'gas': {'co': 13502, 'co2': 13264, 'no': 13590, 'no2': 13769, 'o3': 13749}, 'pm': {'pm1': 13212, 'pm10': 13214, 'pm25': 13213}}",5.02,10.94,23.53,3.2,3.28,3.28,534917377,46.2,MOD-00617,23.7,2025-11-06T04:48:37,2025-11-05T20:48:37,https://api.quant-aq.com/v1/devices/MOD-00617/data/534917230
1416.95,840.77,"{'lat': None, 'lon': None}","{'rh': 46.2, 'temp': 23.7, 'wd': 0.0, 'ws': 0.0, 'ws_scalar': 0.0}","{'gas': {'co': 13502, 'co2': 13264, 'no': 13590, 'no2': 13769, 'o3': 13749}, 'pm': {'pm1': 13212, 'pm10': 13214, 'pm25': 13213}}",5.02,10.94,23.82,3.52,5.44,3.59,534917374,46.2,MOD-00617,23.7,2025-11-06T04:47:37,2025-11-05T20:47:37,https://api.quant-aq.com/v1/devices/MOD-00617/data/534917227
1412.02,841.62,"{'lat': None, 'lon': None}","{'rh': 46.2, 'temp': 23.7, 'wd': 0.0, 'ws': 0.0, 'ws_scalar': 0.0}","{'gas': {'co': 13502, 'co2': 13264, 'no': 13590, 'no2': 13769, 'o3': 13749}, 'pm': {'pm1': 13212, 'pm10': 13214, 'pm25': 13213}}",5.02,10.61,23.53,3.82,10.91,3.87,534917376,46.2,MOD-00617,23.7,2025-11-06T04:46:37,2025-11-05T20:46:37,https://api.quant-aq.com/v1/devices/MOD-00617/data/534917229
1396.35,843.54,"{'lat': None, 'lon': None}","{'rh': 46.3, 'temp': 23.7, 'wd': 0.0, 'ws': 0.0, 'ws_scalar': 0.0}","{'gas': {'co': 13502, 'co2': 13264, 'no': 13590, 'no2': 13769, 'o3': 13749}, 'pm': {'pm1': 13212, 'pm10': 13214, 'pm25': 13213}}",4.95,10.99,23.5,3.57,3.63,3.63,534917375,46.3,MOD-00617,23.7,2025-11-06T04:45:37,2025-11-05T20:45:37,https://api.quant-aq.com/v1/devices/MOD-00617/data/534917228
1397.18,845.59,"{'lat': None, 'lon': None}","{'rh': 46.3, 'temp': 23.7, 'wd': 0.0, 'ws': 0.0, 'ws_scalar': 0.0}","{'gas': {'co': 13502, 'co2': 13264, 'no': 13590, 'no2': 13769, 'o3': 13749}, 'pm': {'pm1': 13212, 'pm10': 13214, 'pm25': 13213}}",4.94,10.99,23.21,3.5,3.62,3.59,534915097,46.3,MOD-00617,23.7,2025-11-06T04:44:37,2025-11-05T20:44:37,https://api.quant-aq.com/v1/devices/MOD-00617/data/534914950
1393.89,845.83,"{'lat': None, 'lon': None}","{'rh': 46.3, 'temp': 23.7, 'wd': 0.0, 'ws': 0.0, 'ws_scalar': 0.0}","{'gas': {'co': 13502, 'co2': 13264, 'no': 13590, 'no2': 13769, 'o3': 13749}, 'pm': {'pm1': 13212, 'pm10': 13214, 'pm25': 13213}}",6.01,10.99,23.5,4.09,11.54,4.2,534915096,46.3,MOD-00617,23.7,2025-11-06T04:43:37,2025-11-05T20:43:37,https://api.quant-aq.com/v1/devices/MOD-00617/data/534914949
1386.91,847.52,"{'lat': None, 'lon': None}","{'rh': 46.3, 'temp': 23.7, 'wd': 0.0, 'ws': 0.0, 'ws_scalar': 0.0}","{'gas': {'co': 13502, 'co2': 13264, 'no': 13590, 'no2': 13769, 'o3': 13749}, 'pm': {'pm1': 13212, 'pm10': 13214, 'pm25': 13213}}",6.01,10.99,23.5,3.34,3.45,3.41,534915094,46.3,MOD-00617,23.7,2025-11-06T04:42:37,2025-11-05T20:42:37,https://api.quant-aq.com/v1/devices/MOD-00617/data/534914947
1384.86,847.4,"{'lat': None, 'lon': None}","{'rh': 46.3, 'temp': 23.7, 'wd': 0.0, 'ws': 0.0, 'ws_scalar': 0.0}","{'gas': {'co': 13502, 'co2': 13264, 'no': 13590, 'no2': 13769, 'o3': 13749}, 'pm': {'pm1': 13212, 'pm10': 13214, 'pm25': 13213}}",5.99,9.53,23.5,2.96,3.05,3.05,534915095,46.3,MOD-00617,23.7,2025-11-06T04:41:37,2025-11-05T20:41:37,https://api.quant-aq.com/v1/devices/MOD-00617/data/534914948
1393.48,850.77,"{'lat': None, 'lon': None}","{'rh': 46.3, 'temp': 23.7, 'wd': 0.0, 'ws': 0.0, 'ws_scalar': 0.0}","{'gas': {'co': 13502, 'co2': 13264, 'no': 13590, 'no2': 13769, 'o3': 13749}, 'pm': {'pm1': 13212, 'pm10': 13214, 'pm25': 13213}}",5.99,12.31,23.21,3.06,6.03,3.11,534912898,46.3,MOD-00617,23.7,2025-11-06T04:40:37,2025-11-05T20:40:37,https://api.quant-aq.com/v1/devices/MOD-00617/data/534912753
1388.14,853.18,"{'lat': None, 'lon': None}","{'rh': 46.3, 'temp': 23.7, 'wd': 0.0, 'ws': 0.0, 'ws_scalar': 0.0}","{'gas': {'co': 13502, 'co2': 13264, 'no': 13590, 'no2': 13769, 'o3': 13749}, 'pm': {'pm1': 13212, 'pm10': 13214, 'pm25': 13213}}",4.95,11.73,22.92,3.37,3.45,3.45,534912900,46.3,MOD-00617,23.7,2025-11-06T04:39:37,2025-11-05T20:39:37,https://api.quant-aq.com/v1/devices/MOD-00617/data/534912754
1392.59,857.88,"{'lat': None, 'lon': None}","{'rh': 46.4, 'temp': 23.7, 'wd': 0.0, 'ws': 0.0, 'ws_scalar': 0.0}","{'gas': {'co': 13502, 'co2': 13264, 'no': 13590, 'no2': 13769, 'o3': 13749}, 'pm': {'pm1': 13212, 'pm10': 13214, 'pm25': 13213}}",4.71,12.27,23.18,2.94,3.49,3.06,534912893,46.4,MOD-00617,23.7,2025-11-06T04:38:37,2025-11-05T20:38:37,https://api.quant-aq.com/v1/devices/MOD-00617/data/534912748
1388.14,854.98,"{'lat': None, 'lon': None}","{'rh': 46.3, 'temp': 23.7, 'wd': 0.0, 'ws': 0.0, 'ws_scalar': 0.0}","{'gas': {'co': 13502, 'co2': 13264, 'no': 13590, 'no2': 13769, 'o3': 13749}, 'pm': {'pm1': 13212, 'pm10': 13214, 'pm25': 13213}}",4.95,9.6,23.5,3.22,3.33,3.33,534912892,46.3,MOD-00617,23.7,2025-11-06T04:37:37,2025-11-05T20:37:37,https://api.quant-aq.com/v1/devices/MOD-00617/data/534912747
1386.91,856.19,"{'lat': None, 'lon': None}","{'rh': 46.3, 'temp': 23.7, 'wd': 0.0, 'ws': 0.0, 'ws_scalar': 0.0}","{'gas': {'co': 13502, 'co2': 13264, 'no': 13590, 'no2': 13769, 'o3': 13749}, 'pm': {'pm1': 13212, 'pm10': 13214, 'pm25': 13213}}",6.01,12.31,22.92,3.3,3.37,3.37,534912895,46.3,MOD-00617,23.7,2025-11-06T04:36:37,2025-11-05T20:36:37,https://api.quant-aq.com/v1/devices/MOD-00617/data/534912750
1389.72,857.63,"{'lat': None, 'lon': None}","{'rh': 46.4, 'temp': 23.7, 'wd': 0.0, 'ws': 0.0, 'ws_scalar': 0.0}","{'gas': {'co': 13502, 'co2': 13264, 'no': 13590, 'no2': 13769, 'o3': 13749}, 'pm': {'pm1': 13212, 'pm10': 13214, 'pm25': 13213}}",4.71,9.15,23.47,2.82,8.23,2.99,534910080,46.4,MOD-00617,23.7,2025-11-06T04:35:37,2025-11-05T20:35:37,https://api.quant-aq.com/v1/devices/MOD-00617/data/534909934
1386.09,858.24,"{'lat': None, 'lon': None}","{'rh': 46.3, 'temp': 23.7, 'wd': 0.0, 'ws': 0.0, 'ws_scalar': 0.0}","{'gas': {'co': 13502, 'co2': 13264, 'no': 13590, 'no2': 13769, 'o3': 13749}, 'pm': {'pm1': 13212, 'pm10': 13214, 'pm25': 13213}}",4.94,9.6,23.5,2.78,3.1,2.89,534910082,46.3,MOD-00617,23.7,2025-11-06T04:34:37,2025-11-05T20:34:37,https://api.quant-aq.com/v1/devices/MOD-00617/data/534909935
1382.84,857.63,"{'lat': None, 'lon': None}","{'rh': 46.4, 'temp': 23.8, 'wd': 0.0, 'ws': 0.0, 'ws_scalar': 0.0}","{'gas': {'co': 13502, 'co2': 13264, 'no': 13590, 'no2': 13769, 'o3': 13749}, 'pm': {'pm1': 13212, 'pm10': 13214, 'pm25': 13213}}",5.84,12.56,23.48,2.74,2.95,2.77,534910079,46.4,MOD-00617,23.8,2025-11-06T04:33:37,2025-11-05T20:33:37,https://api.quant-aq.com/v1/devices/MOD-00617/data/534909933
1387.25,859.2,"{'lat': None, 'lon': None}","{'rh': 46.4, 'temp': 23.7, 'wd': 0.0, 'ws': 0.0, 'ws_scalar': 0.0}","{'gas': {'co': 13502, 'co2': 13264, 'no': 13590, 'no2': 13769, 'o3': 13749}, 'pm': {'pm1': 13212, 'pm10': 13214, 'pm25': 13213}}",4.71,9.15,22.89,2.83,2.9,2.9,534910077,46.4,MOD-00617,23.7,2025-11-06T04:32:37,2025-11-05T20:32:37,https://api.quant-aq.com/v1/devices/MOD-00617/data/534909932
1382.81,855.95,"{'lat': None, 'lon': None}","{'rh': 46.3, 'temp': 23.7, 'wd': 0.0, 'ws': 0.0, 'ws_scalar': 0.0}","{'gas': {'co': 13502, 'co2': 13264, 'no': 13590, 'no2': 13769, 'o3': 13749}, 'pm': {'pm1': 13212, 'pm10': 13214, 'pm25': 13213}}",6.01,12.31,23.21,2.59,2.79,2.71,534910074,46.3,MOD-00617,23.7,2025-11-06T04:31:37,2025-11-05T20:31:37,https://api.quant-aq.com/v1/devices/MOD-00617/data/534909927
1385.79,858.48,"{'lat': None, 'lon': None}","{'rh': 46.3, 'temp': 23.8, 'wd': 0.0, 'ws': 0.0, 'ws_scalar': 0.0}","{'gas': {'co': 13502, 'co2': 13264, 'no': 13590, 'no2': 13769, 'o3': 13749}, 'pm': {'pm1': 13212, 'pm10': 13214, 'pm25': 13213}}",6.16,12.5,23.51,3.0,3.6,3.11,534907286,46.3,MOD-00617,23.8,2025-11-06T04:30:37,2025-11-05T20:30:37,https://api.quant-aq.com/v1/devices/MOD-00617/data/534907140
1385.38,857.88,"{'lat': None, 'lon': None}","{'rh': 46.3, 'temp': 23.8, 'wd': 0.0, 'ws': 0.0, 'ws_scalar': 0.0}","{'gas': {'co': 13502, 'co2': 13264, 'no': 13590, 'no2': 13769, 'o3': 13749}, 'pm': {'pm1': 13212, 'pm10': 13214, 'pm25': 13213}}",6.13,12.5,22.93,2.93,3.03,3.03,534907289,46.3,MOD-00617,23.8,2025-11-06T04:29:37,2025-11-05T20:29:37,https://api.quant-aq.com/v1/devices/MOD-00617/data/534907142
1374.3,855.47,"{'lat': None, 'lon': None}","{'rh': 46.3, 'temp': 23.8, 'wd': 0.0, 'ws': 0.0, 'ws_scalar': 0.0}","{'gas': {'co': 13502, 'co2': 13264, 'no': 13590, 'no2': 13769, 'o3': 13749}, 'pm': {'pm1': 13212, 'pm10': 13214, 'pm25': 13213}}",6.16,12.38,23.22,2.98,3.44,3.1,534907285,46.3,MOD-00617,23.8,2025-11-06T04:28:37,2025-11-05T20:28:37,https://api.quant-aq.com/v1/devices/MOD-00617/data/534907138
1377.58,854.38,"{'lat': None, 'lon': None}","{'rh': 46.3, 'temp': 23.8, 'wd': 0.0, 'ws': 0.0, 'ws_scalar': 0.0}","{'gas': {'co': 13502, 'co2': 13264, 'no': 13590, 'no2': 13769, 'o3': 13749}, 'pm': {'pm1': 13212, 'pm10': 13214, 'pm25': 13213}}",6.13,12.38,23.22,3.34,3.44,3.4,534907287,46.3,MOD-00617,23.8,2025-11-06T04:27:37,2025-11-05T20:27:37,https://api.quant-aq.com/v1/devices/MOD-00617/data/534907139
1382.51,852.09,"{'lat': None, 'lon': None}","{'rh': 46.3, 'temp': 23.8, 'wd': 0.0, 'ws': 0.0, 'ws_scalar': 0.0}","{'gas': {'co': 13502, 'co2': 13264, 'no': 13590, 'no2': 13769, 'o3': 13749}, 'pm': {'pm1': 13212, 'pm10': 13214, 'pm25': 13213}}",6.16,11.47,23.51,3.06,3.92,3.21,534907288,46.3,MOD-00617,23.8,2025-11-06T04:26:37,2025-11-05T20:26:37,https://api.quant-aq.com/v1/devices/MOD-00617/data/534907141
1382.58,851.37,"{'lat': None, 'lon': None}","{'rh': 46.2, 'temp': 23.8, 'wd': 0.0, 'ws': 0.0, 'ws_scalar': 0.0}","{'gas': {'co': 13502, 'co2': 13264, 'no': 13590, 'no2': 13769, 'o3': 13749}, 'pm': {'pm1': 13212, 'pm10': 13214, 'pm25': 13213}}",6.24,11.24,22.67,3.41,4.46,3.5,534904447,46.2,MOD-00617,23.8,2025-11-06T04:25:37,2025-11-05T20:25:37,https://api.quant-aq.com/v1/devices/MOD-00617/data/534904300
1381.34,854.14,"{'lat': None, 'lon': None}","{'rh': 46.2, 'temp': 23.8, 'wd': 0.0, 'ws': 0.0, 'ws_scalar': 0.0}","{'gas': {'co': 13502, 'co2': 13264, 'no': 13590, 'no2': 13769, 'o3': 13749}, 'pm': {'pm1': 13212, 'pm10': 13214, 'pm25': 13213}}",6.2,10.86,23.25,3.8,3.86,3.86,534904445,46.2,MOD-00617,23.8,2025-11-06T04:24:37,2025-11-05T20:24:37,https://api.quant-aq.com/v1/devices/MOD-00617/data/534904298
1382.99,853.54,"{'lat': None, 'lon': None}","{'rh': 46.2, 'temp': 23.8, 'wd': 0.0, 'ws': 0.0, 'ws_scalar': 0.0}","{'gas': {'co': 13502, 'co2': 13264, 'no': 13590, 'no2': 13769, 'o3': 13749}, 'pm': {'pm1': 13212, 'pm10': 13214, 'pm25': 13213}}",6.26,10.86,23.54,3.57,6.13,3.66,534904446,46.2,MOD-00617,23.8,2025-11-06T04:23:37,2025-11-05T20:23:37,https://api.quant-aq.com/v1/devices/MOD-00617/data/534904299
1383.4,852.7,"{'lat': None, 'lon': None}","{'rh': 46.2, 'temp': 23.8, 'wd': 0.0, 'ws': 0.0, 'ws_scalar': 0.0}","{'gas': {'co': 13502, 'co2': 13264, 'no': 13590, 'no2': 13769, 'o3': 13749}, 'pm': {'pm1': 13212, 'pm10': 13214, 'pm25': 13213}}",6.24,11.17,22.38,4.03,10.16,4.18,534904439,46.2,MOD-00617,23.8,2025-11-06T04:22:37,2025-11-05T20:22:37,https://api.quant-aq.com/v1/devices/MOD-00617/data/534904293
1382.99,855.71,"{'lat': None, 'lon': None}","{'rh': 46.2, 'temp': 23.8, 'wd': 0.0, 'ws': 0.0, 'ws_scalar': 0.0}","{'gas': {'co': 13502, 'co2': 13264, 'no': 13590, 'no2': 13769, 'o3': 13749}, 'pm': {'pm1': 13212, 'pm10': 13214, 'pm25': 13213}}",5.13,10.86,23.25,3.77,4.16,3.89,534902155,46.2,MOD-00617,23.8,2025-11-06T04:21:37,2025-11-05T20:21:37,https://api.quant-aq.com/v1/devices/MOD-00617/data/534902008
1385.45,856.43,"{'lat': None, 'lon': None}","{'rh': 46.2, 'temp': 23.8, 'wd': 0.0, 'ws': 0.0, 'ws_scalar': 0.0}","{'gas': {'co': 13502, 'co2': 13264, 'no': 13590, 'no2': 13769, 'o3': 13749}, 'pm': {'pm1': 13212, 'pm10': 13214, 'pm25': 13213}}",5.13,10.86,22.96,4.12,4.31,4.23,534902156,46.2,MOD-00617,23.8,2025-11-06T04:20:37,2025-11-05T20:20:37,https://api.quant-aq.com/v1/devices/MOD-00617/data/534902007
1385.04,857.03,"{'lat': None, 'lon': None}","{'rh': 46.2, 'temp': 23.8, 'wd': 0.0, 'ws': 0.0, 'ws_scalar': 0.0}","{'gas': {'co': 13502, 'co2': 13264, 'no': 13590, 'no2': 13769, 'o3': 13749}, 'pm': {'pm1': 13212, 'pm10': 13214, 'pm25': 13213}}",6.25,11.56,22.96,4.19,6.79,4.29,534902154,46.2,MOD-00617,23.8,2025-11-06T04:19:37,2025-11-05T20:19:37,https://api.quant-aq.com/v1/devices/MOD-00617/data/534902009
1386.27,855.95,"{'lat': None, 'lon': None}","{'rh': 46.2, 'temp': 23.8, 'wd': 0.0, 'ws': 0.0, 'ws_scalar': 0.0}","{'gas': {'co': 13502, 'co2': 13264, 'no': 13590, 'no2': 13769, 'o3': 13749}, 'pm': {'pm1': 13212, 'pm10': 13214, 'pm25': 13213}}",5.13,11.17,22.38,4.39,4.47,4.47,534902151,46.2,MOD-00617,23.8,2025-11-06T04:18:37,2025-11-05T20:18:37,https://api.quant-aq.com/v1/devices/MOD-00617/data/534902005
1380.93,855.23,"{'lat': None, 'lon': None}","{'rh': 46.2, 'temp': 23.8, 'wd': 0.0, 'ws': 0.0, 'ws_scalar': 0.0}","{'gas': {'co': 13502, 'co2': 13264, 'no': 13590, 'no2': 13769, 'o3': 13749}, 'pm': {'pm1': 13212, 'pm10': 13214, 'pm25': 13213}}",5.13,11.27,22.96,3.52,4.61,3.58,534899906,46.2,MOD-00617,23.8,2025-11-06T04:17:37,2025-11-05T20:17:37,https://api.quant-aq.com/v1/devices/MOD-00617/data/534899759
1388.73,861.25,"{'lat': None, 'lon': None}","{'rh': 46.2, 'temp': 23.8, 'wd': 0.0, 'ws': 0.0, 'ws_scalar': 0.0}","{'gas': {'co': 13502, 'co2': 13264, 'no': 13590, 'no2': 13769, 'o3': 13749}, 'pm': {'pm1': 13212, 'pm10': 13214, 'pm25': 13213}}",6.26,10.86,22.67,3.37,12.89,3.52,534899905,46.2,MOD-00617,23.8,2025-11-06T04:16:37,2025-11-05T20:16:37,https://api.quant-aq.com/v1/devices/MOD-00617/data/534899758
1392.43,859.92,"{'lat': None, 'lon': None}","{'rh': 46.2, 'temp': 23.8, 'wd': 0.0, 'ws': 0.0, 'ws_scalar': 0.0}","{'gas': {'co': 13502, 'co2': 13264, 'no': 13590, 'no2': 13769, 'o3': 13749}, 'pm': {'pm1': 13212, 'pm10': 13214, 'pm25': 13213}}",6.26,11.56,22.96,3.68,3.88,3.84,534899904,46.2,MOD-00617,23.8,2025-11-06T04:15:37,2025-11-05T20:15:37,https://api.quant-aq.com/v1/devices/MOD-00617/data/534899757
1399.0,864.38,"{'lat': None, 'lon': None}","{'rh': 46.2, 'temp': 23.8, 'wd': 0.0, 'ws': 0.0, 'ws_scalar': 0.0}","{'gas': {'co': 13502, 'co2': 13264, 'no': 13590, 'no2': 13769, 'o3': 13749}, 'pm': {'pm1': 13212, 'pm10': 13214, 'pm25': 13213}}",6.25,11.27,22.67,3.92,4.68,4.0,534899902,46.2,MOD-00617,23.8,2025-11-06T04:14:37,2025-11-05T20:14:37,https://api.quant-aq.com/v1/devices/MOD-00617/data/534899755
1391.54,870.64,"{'lat': None, 'lon': None}","{'rh': 46.3, 'temp': 23.8, 'wd': 0.0, 'ws': 0.0, 'ws_scalar': 0.0}","{'gas': {'co': 13502, 'co2': 13264, 'no': 13590, 'no2': 13769, 'o3': 13749}, 'pm': {'pm1': 13212, 'pm10': 13214, 'pm25': 13213}}",6.16,11.47,22.93,3.84,4.06,3.98,534899903,46.3,MOD-00617,23.8,2025-11-06T04:13:37,2025-11-05T20:13:37,https://api.quant-aq.com/v1/devices/MOD-00617/data/534899756
1397.69,868.11,"{'lat': None, 'lon': None}","{'rh': 46.3, 'temp': 23.8, 'wd': 0.0, 'ws': 0.0, 'ws_scalar': 0.0}","{'gas': {'co': 13502, 'co2': 13264, 'no': 13590, 'no2': 13769, 'o3': 13749}, 'pm': {'pm1': 13212, 'pm10': 13214, 'pm25': 13213}}",6.17,12.38,22.93,4.2,6.38,4.35,534897157,46.3,MOD-00617,23.8,2025-11-06T04:12:37,2025-11-05T20:12:37,https://api.quant-aq.com/v1/devices/MOD-00617/data/534897010
1401.39,866.31,"{'lat': None, 'lon': None}","{'rh': 46.3, 'temp': 23.8, 'wd': 0.0, 'ws': 0.0, 'ws_scalar': 0.0}","{'gas': {'co': 13502, 'co2': 13264, 'no': 13590, 'no2': 13769, 'o3': 13749}, 'pm': {'pm1': 13212, 'pm10': 13214, 'pm25': 13213}}",4.98,10.05,22.06,4.17,4.43,4.26,534897155,46.3,MOD-00617,23.8,2025-11-06T04:11:37,2025-11-05T20:11:37,https://api.quant-aq.com/v1/devices/MOD-00617/data/534897008
1407.89,868.47,"{'lat': None, 'lon': None}","{'rh': 46.4, 'temp': 23.8, 'wd': 0.0, 'ws': 0.0, 'ws_scalar': 0.0}","{'gas': {'co': 13502, 'co2': 13264, 'no': 13590, 'no2': 13769, 'o3': 13749}, 'pm': {'pm1': 13212, 'pm10': 13214, 'pm25': 13213}}",4.74,9.13,23.19,3.99,9.36,4.14,534897156,46.4,MOD-00617,23.8,2025-11-06T04:10:37,2025-11-05T20:10:37,https://api.quant-aq.com/v1/devices/MOD-00617/data/534897009
1405.69,874.86,"{'lat': None, 'lon': None}","{'rh': 46.6, 'temp': 23.8, 'wd': 0.0, 'ws': 0.0, 'ws_scalar': 0.0}","{'gas': {'co': 13502, 'co2': 13264, 'no': 13590, 'no2': 13769, 'o3': 13749}, 'pm': {'pm1': 13212, 'pm10': 13214, 'pm25': 13213}}",4.64,9.55,22.26,3.84,4.43,3.94,534897154,46.6,MOD-00617,23.8,2025-11-06T04:09:37,2025-11-05T20:09:37,https://api.quant-aq.com/v1/devices/MOD-00617/data/534897007
1417.52,880.28,"{'lat': None, 'lon': None}","{'rh': 46.7, 'temp': 23.8, 'wd': 0.0, 'ws': 0.0, 'ws_scalar': 0.0}","{'gas': {'co': 13502, 'co2': 13264, 'no': 13590, 'no2': 13769, 'o3': 13749}, 'pm': {'pm1': 13212, 'pm10': 13214, 'pm25': 13213}}",4.61,9.7,22.81,5.06,10.16,5.24,534894841,46.7,MOD-00617,23.8,2025-11-06T04:08:37,2025-11-05T20:08:37,https://api.quant-aq.com/v1/devices/MOD-00617/data/534894694
1420.81,876.91,"{'lat': None, 'lon': None}","{'rh': 46.7, 'temp': 23.8, 'wd': 0.0, 'ws': 0.0, 'ws_scalar': 0.0}","{'gas': {'co': 13502, 'co2': 13264, 'no': 13590, 'no2': 13769, 'o3': 13749}, 'pm': {'pm1': 13212, 'pm10': 13214, 'pm25': 13213}}",4.61,9.72,23.39,5.2,6.29,5.37,534894842,46.7,MOD-00617,23.8,2025-11-06T04:07:37,2025-11-05T20:07:37,https://api.quant-aq.com/v1/devices/MOD-00617/data/534894695
1424.43,879.07,"{'lat': None, 'lon': None}","{'rh': 46.8, 'temp': 23.8, 'wd': 0.0, 'ws': 0.0, 'ws_scalar': 0.0}","{'gas': {'co': 13502, 'co2': 13264, 'no': 13590, 'no2': 13769, 'o3': 13749}, 'pm': {'pm1': 13212, 'pm10': 13214, 'pm25': 13213}}",4.59,10.11,22.49,5.48,24.2,5.67,534894843,46.8,MOD-00617,23.8,2025-11-06T04:06:37,2025-11-05T20:06:37,https://api.quant-aq.com/v1/devices/MOD-00617/data/534894696
1428.06,883.17,"{'lat': None, 'lon': None}","{'rh': 46.9, 'temp': 23.8, 'wd': 0.0, 'ws': 0.0, 'ws_scalar': 0.0}","{'gas': {'co': 13502, 'co2': 13264, 'no': 13590, 'no2': 13769, 'o3': 13749}, 'pm': {'pm1': 13212, 'pm10': 13214, 'pm25': 13213}}",4.56,10.1,22.75,4.98,5.99,5.17,534894844,46.9,MOD-00617,23.8,2025-11-06T04:05:37,2025-11-05T20:05:37,https://api.quant-aq.com/v1/devices/MOD-00617/data/534894697
1436.12,896.54,"{'lat': None, 'lon': None}","{'rh': 47.1, 'temp': 23.8, 'wd': 0.0, 'ws': 0.0, 'ws_scalar': 0.0}","{'gas': {'co': 13502, 'co2': 13264, 'no': 13590, 'no2': 13769, 'o3': 13749}, 'pm': {'pm1': 13212, 'pm10': 13214, 'pm25': 13213}}",4.45,10.18,22.4,4.04,4.69,4.23,534892680,47.1,MOD-00617,23.8,2025-11-06T04:04:37,2025-11-05T20:04:37,https://api.quant-aq.com/v1/devices/MOD-00617/data/534892533
1433.18,895.7,"{'lat': None, 'lon': None}","{'rh': 47.2, 'temp': 23.8, 'wd': 0.0, 'ws': 0.0, 'ws_scalar': 0.0}","{'gas': {'co': 13502, 'co2': 13264, 'no': 13590, 'no2': 13769, 'o3': 13749}, 'pm': {'pm1': 13212, 'pm10': 13214, 'pm25': 13213}}",4.52,10.37,22.96,4.16,5.07,4.28,534892678,47.2,MOD-00617,23.8,2025-11-06T04:03:37,2025-11-05T20:03:37,https://api.quant-aq.com/v1/devices/MOD-00617/data/534892531
1438.03,904.25,"{'lat': None, 'lon': None}","{'rh': 47.3, 'temp': 23.8, 'wd': 0.0, 'ws': 0.0, 'ws_scalar': 0.0}","{'gas': {'co': 13502, 'co2': 13264, 'no': 13590, 'no2': 13769, 'o3': 13749}, 'pm': {'pm1': 13212, 'pm10': 13214, 'pm25': 13213}}",4.5,11.23,22.93,4.05,4.36,4.28,534892677,47.3,MOD-00617,23.8,2025-11-06T04:02:37,2025-11-05T20:02:37,https://api.quant-aq.com/v1/devices/MOD-00617/data/534892530
1444.46,910.39,"{'lat': None, 'lon': None}","{'rh': 47.5, 'temp': 23.8, 'wd': 0.0, 'ws': 0.0, 'ws_scalar': 0.0}","{'gas': {'co': 13502, 'co2': 13264, 'no': 13590, 'no2': 13769, 'o3': 13749}, 'pm': {'pm1': 13212, 'pm10': 13214, 'pm25': 13213}}",3.65,10.28,23.16,4.48,4.97,4.59,534892679,47.5,MOD-00617,23.8,2025-11-06T04:01:37,2025-11-05T20:01:37,https://api.quant-aq.com/v1/devices/MOD-00617/data/534892532
1437.0,897.26,"{'lat': None, 'lon': None}","{'rh': 47.6, 'temp': 23.8, 'wd': 0.0, 'ws': 0.0, 'ws_scalar': 0.0}","{'gas': {'co': 13502, 'co2': 13264, 'no': 13590, 'no2': 13769, 'o3': 13749}, 'pm': {'pm1': 13212, 'pm10': 13214, 'pm25': 13213}}",3.63,11.31,23.13,4.13,5.04,4.39,534890445,47.6,MOD-00617,23.8,2025-11-06T04:00:37,2025-11-05T20:00:37,https://api.quant-aq.com/v1/devices/MOD-00617/data/534890298
1438.57,890.15,"{'lat': None, 'lon': None}","{'rh': 47.7, 'temp': 23.8, 'wd': 0.0, 'ws': 0.0, 'ws_scalar': 0.0}","{'gas': {'co': 13502, 'co2': 13264, 'no': 13590, 'no2': 13769, 'o3': 13749}, 'pm': {'pm1': 13212, 'pm10': 13214, 'pm25': 13213}}",3.51,11.27,23.69,4.04,4.51,4.14,534890443,47.7,MOD-00617,23.8,2025-11-06T03:59:37,2025-11-05T19:59:37,https://api.quant-aq.com/v1/devices/MOD-00617/data/534890296
1437.11,890.15,"{'lat': None, 'lon': None}","{'rh': 47.6, 'temp': 23.9, 'wd': 0.0, 'ws': 0.0, 'ws_scalar': 0.0}","{'gas': {'co': 13502, 'co2': 13264, 'no': 13590, 'no2': 13769, 'o3': 13749}, 'pm': {'pm1': 13212, 'pm10': 13214, 'pm25': 13213}}",3.62,11.43,23.14,3.96,4.1,4.06,534890444,47.6,MOD-00617,23.9,2025-11-06T03:58:37,2025-11-05T19:58:37,https://api.quant-aq.com/v1/devices/MOD-00617/data/534890297
1436.15,892.32,"{'lat': None, 'lon': None}","{'rh': 47.8, 'temp': 23.9, 'wd': 0.0, 'ws': 0.0, 'ws_scalar': 0.0}","{'gas': {'co': 13502, 'co2': 13264, 'no': 13590, 'no2': 13769, 'o3': 13749}, 'pm': {'pm1': 13212, 'pm10': 13214, 'pm25': 13213}}",3.61,11.38,23.67,3.22,4.09,3.38,534890442,47.8,MOD-00617,23.9,2025-11-06T03:57:37,2025-11-05T19:57:37,https://api.quant-aq.com/v1/devices/MOD-00617/data/534890295
1434.57,890.88,"{'lat': None, 'lon': None}","{'rh': 47.7, 'temp': 23.9, 'wd': 0.0, 'ws': 0.0, 'ws_scalar': 0.0}","{'gas': {'co': 13502, 'co2': 13264, 'no': 13590, 'no2': 13769, 'o3': 13749}, 'pm': {'pm1': 13212, 'pm10': 13214, 'pm25': 13213}}",3.63,11.41,23.99,3.78,4.57,3.95,534888105,47.7,MOD-00617,23.9,2025-11-06T03:56:37,2025-11-05T19:56:37,https://api.quant-aq.com/v1/devices/MOD-00617/data/534887958
1443.53,892.8,"{'lat': None, 'lon': None}","{'rh': 47.8, 'temp': 23.9, 'wd': 0.0, 'ws': 0.0, 'ws_scalar': 0.0}","{'gas': {'co': 13502, 'co2': 13264, 'no': 13590, 'no2': 13769, 'o3': 13749}, 'pm': {'pm1': 13212, 'pm10': 13214, 'pm25': 13213}}",3.61,11.37,23.67,3.33,3.68,3.46,534888107,47.8,MOD-00617,23.9,2025-11-06T03:55:37,2025-11-05T19:55:37,https://api.quant-aq.com/v1/devices/MOD-00617/data/534887960
1448.12,890.27,"{'lat': None, 'lon': None}","{'rh': 47.7, 'temp': 23.9, 'wd': 0.0, 'ws': 0.0, 'ws_scalar': 0.0}","{'gas': {'co': 13502, 'co2': 13264, 'no': 13590, 'no2': 13769, 'o3': 13749}, 'pm': {'pm1': 13212, 'pm10': 13214, 'pm25': 13213}}",3.61,11.42,23.7,3.65,3.97,3.88,534888104,47.7,MOD-00617,23.9,2025-11-06T03:54:37,2025-11-05T19:54:37,https://api.quant-aq.com/v1/devices/MOD-00617/data/534887957
1441.14,891.12,"{'lat': None, 'lon': None}","{'rh': 47.7, 'temp': 23.9, 'wd': 0.0, 'ws': 0.0, 'ws_scalar': 0.0}","{'gas': {'co': 13502, 'co2': 13264, 'no': 13590, 'no2': 13769, 'o3': 13749}, 'pm': {'pm1': 13212, 'pm10': 13214, 'pm25': 13213}}",3.62,11.41,23.4,3.61,5.93,3.74,534888106,47.7,MOD-00617,23.9,2025-11-06T03:53:37,2025-11-05T19:53:37,https://api.quant-aq.com/v1/devices/MOD-00617/data/534887963
1448.05,892.92,"{'lat': None, 'lon': None}","{'rh': 47.8, 'temp': 23.9, 'wd': 0.0, 'ws': 0.0, 'ws_scalar': 0.0}","{'gas': {'co': 13502, 'co2': 13264, 'no': 13590, 'no2': 13769, 'o3': 13749}, 'pm': {'pm1': 13212, 'pm10': 13214, 'pm25': 13213}}",3.61,11.6,23.37,3.62,4.06,3.76,534885867,47.8,MOD-00617,23.9,2025-11-06T03:52:37,2025-11-05T19:52:37,https://api.quant-aq.com/v1/devices/MOD-00617/data/534885721
1450.51,890.52,"{'lat': None, 'lon': None}","{'rh': 47.8, 'temp': 23.9, 'wd': 0.0, 'ws': 0.0, 'ws_scalar': 0.0}","{'gas': {'co': 13502, 'co2': 13264, 'no': 13590, 'no2': 13769, 'o3': 13749}, 'pm': {'pm1': 13212, 'pm10': 13214, 'pm25': 13213}}",3.61,11.37,23.67,3.59,5.82,3.81,534885870,47.8,MOD-00617,23.9,2025-11-06T03:51:37,2025-11-05T19:51:37,https://api.quant-aq.com/v1/devices/MOD-00617/data/534885727
1447.71,892.8,"{'lat': None, 'lon': None}","{'rh': 47.7, 'temp': 23.9, 'wd': 0.0, 'ws': 0.0, 'ws_scalar': 0.0}","{'gas': {'co': 13502, 'co2': 13264, 'no': 13590, 'no2': 13769, 'o3': 13749}, 'pm': {'pm1': 13212, 'pm10': 13214, 'pm25': 13213}}",3.62,11.42,23.4,3.32,4.12,3.53,534885873,47.7,MOD-00617,23.9,2025-11-06T03:50:37,2025-11-05T19:50:37,https://api.quant-aq.com/v1/devices/MOD-00617/data/534885726
1446.75,895.09,"{'lat': None, 'lon': None}","{'rh': 47.9, 'temp': 23.9, 'wd': 0.0, 'ws': 0.0, 'ws_scalar': 0.0}","{'gas': {'co': 13502, 'co2': 13264, 'no': 13590, 'no2': 13769, 'o3': 13749}, 'pm': {'pm1': 13212, 'pm10': 13214, 'pm25': 13213}}",3.62,11.32,23.93,3.76,4.14,3.93,534885864,47.9,MOD-00617,23.9,2025-11-06T03:49:37,2025-11-05T19:49:37,https://api.quant-aq.com/v1/devices/MOD-00617/data/534885719
1453.51,899.79,"{'lat': None, 'lon': None}","{'rh': 48.2, 'temp': 23.9, 'wd': 0.0, 'ws': 0.0, 'ws_scalar': 0.0}","{'gas': {'co': 13502, 'co2': 13264, 'no': 13590, 'no2': 13769, 'o3': 13749}, 'pm': {'pm1': 13212, 'pm10': 13214, 'pm25': 13213}}",3.59,12.34,24.14,3.8,5.39,3.93,534883583,48.2,MOD-00617,23.9,2025-11-06T03:48:37,2025-11-05T19:48:37,https://api.quant-aq.com/v1/devices/MOD-00617/data/534883434
1451.94,900.39,"{'lat': None, 'lon': None}","{'rh': 48.1, 'temp': 23.9, 'wd': 0.0, 'ws': 0.0, 'ws_scalar': 0.0}","{'gas': {'co': 13502, 'co2': 13264, 'no': 13590, 'no2': 13769, 'o3': 13749}, 'pm': {'pm1': 13212, 'pm10': 13214, 'pm25': 13213}}",3.58,11.52,24.46,3.51,16.09,3.79,534883581,48.1,MOD-00617,23.9,2025-11-06T03:47:37,2025-11-05T19:47:37,https://api.quant-aq.com/v1/devices/MOD-00617/data/534883435
1443.95,897.62,"{'lat': None, 'lon': None}","{'rh': 47.8, 'temp': 23.9, 'wd': 0.0, 'ws': 0.0, 'ws_scalar': 0.0}","{'gas': {'co': 13502, 'co2': 13264, 'no': 13590, 'no2': 13769, 'o3': 13749}, 'pm': {'pm1': 13212, 'pm10': 13214, 'pm25': 13213}}",3.61,11.6,23.96,3.44,3.62,3.58,534883579,47.8,MOD-00617,23.9,2025-11-06T03:46:37,2025-11-05T19:46:37,https://api.quant-aq.com/v1/devices/MOD-00617/data/534883436
1441.14,895.57,"{'lat': None, 'lon': None}","{'rh': 47.7, 'temp': 23.9, 'wd': 0.0, 'ws': 0.0, 'ws_scalar': 0.0}","{'gas': {'co': 13502, 'co2': 13264, 'no': 13590, 'no2': 13769, 'o3': 13749}, 'pm': {'pm1': 13212, 'pm10': 13214, 'pm25': 13213}}",3.62,11.63,23.99,3.56,6.01,3.75,534883578,47.7,MOD-00617,23.9,2025-11-06T03:45:37,2025-11-05T19:45:37,https://api.quant-aq.com/v1/devices/MOD-00617/data/534883431
1442.03,894.01,"{'lat': None, 'lon': None}","{'rh': 47.6, 'temp': 23.9, 'wd': 0.0, 'ws': 0.0, 'ws_scalar': 0.0}","{'gas': {'co': 13502, 'co2': 13264, 'no': 13590, 'no2': 13769, 'o3': 13749}, 'pm': {'pm1': 13212, 'pm10': 13214, 'pm25': 13213}}",3.64,11.45,23.73,3.66,13.94,3.85,534881373,47.6,MOD-00617,23.9,2025-11-06T03:44:37,2025-11-05T19:44:37,https://api.quant-aq.com/v1/devices/MOD-00617/data/534881226
1438.0,887.63,"{'lat': None, 'lon': None}","{'rh': 47.5, 'temp': 23.9, 'wd': 0.0, 'ws': 0.0, 'ws_scalar': 0.0}","{'gas': {'co': 13502, 'co2': 13264, 'no': 13590, 'no2': 13769, 'o3': 13749}, 'pm': {'pm1': 13212, 'pm10': 13214, 'pm25': 13213}}",4.47,11.51,22.58,3.16,3.44,3.26,534881370,47.5,MOD-00617,23.9,2025-11-06T03:43:37,2025-11-05T19:43:37,https://api.quant-aq.com/v1/devices/MOD-00617/data/534881224
1442.45,887.87,"{'lat': None, 'lon': None}","{'rh': 47.6, 'temp': 23.9, 'wd': 0.0, 'ws': 0.0, 'ws_scalar': 0.0}","{'gas': {'co': 13502, 'co2': 13264, 'no': 13590, 'no2': 13769, 'o3': 13749}, 'pm': {'pm1': 13212, 'pm10': 13214, 'pm25': 13213}}",3.65,11.46,23.43,3.54,3.8,3.62,534881372,47.6,MOD-00617,23.9,2025-11-06T03:42:37,2025-11-05T19:42:37,https://api.quant-aq.com/v1/devices/MOD-00617/data/534881225
1432.11,895.09,"{'lat': None, 'lon': None}","{'rh': 47.7, 'temp': 23.9, 'wd': 0.0, 'ws': 0.0, 'ws_scalar': 0.0}","{'gas': {'co': 13502, 'co2': 13264, 'no': 13590, 'no2': 13769, 'o3': 13749}, 'pm': {'pm1': 13212, 'pm10': 13214, 'pm25': 13213}}",3.62,11.63,23.7,3.28,3.75,3.36,534881371,47.7,MOD-00617,23.9,2025-11-06T03:41:37,2025-11-05T19:41:37,https://api.quant-aq.com/v1/devices/MOD-00617/data/534881223
1430.4,899.91,"{'lat': None, 'lon': None}","{'rh': 47.8, 'temp': 23.9, 'wd': 0.0, 'ws': 0.0, 'ws_scalar': 0.0}","{'gas': {'co': 13502, 'co2': 13264, 'no': 13590, 'no2': 13769, 'o3': 13749}, 'pm': {'pm1': 13212, 'pm10': 13214, 'pm25': 13213}}",3.62,11.6,23.67,3.78,15.25,3.86,534879119,47.8,MOD-00617,23.9,2025-11-06T03:40:37,2025-11-05T19:40:37,https://api.quant-aq.com/v1/devices/MOD-00617/data/534878971
1437.48,898.71,"{'lat': None, 'lon': None}","{'rh': 47.8, 'temp': 24.0, 'wd': 0.0, 'ws': 0.0, 'ws_scalar': 0.0}","{'gas': {'co': 13502, 'co2': 13264, 'no': 13590, 'no2': 13769, 'o3': 13749}, 'pm': {'pm1': 13212, 'pm10': 13214, 'pm25': 13213}}",3.61,11.76,23.97,3.55,3.81,3.64,534879118,47.8,MOD-00617,24.0,2025-11-06T03:39:37,2025-11-05T19:39:37,https://api.quant-aq.com/v1/devices/MOD-00617/data/534878972
1436.56,899.07,"{'lat': None, 'lon': None}","{'rh': 47.8, 'temp': 23.9, 'wd': 0.0, 'ws': 0.0, 'ws_scalar': 0.0}","{'gas': {'co': 13502, 'co2': 13264, 'no': 13590, 'no2': 13769, 'o3': 13749}, 'pm': {'pm1': 13212, 'pm10': 13214, 'pm25': 13213}}",3.61,11.37,23.67,4.01,4.18,4.14,534879117,47.8,MOD-00617,23.9,2025-11-06T03:38:37,2025-11-05T19:38:37,https://api.quant-aq.com/v1/devices/MOD-00617/data/534878970
1435.84,904.61,"{'lat': None, 'lon': None}","{'rh': 47.8, 'temp': 24.0, 'wd': 0.0, 'ws': 0.0, 'ws_scalar': 0.0}","{'gas': {'co': 13502, 'co2': 13264, 'no': 13590, 'no2': 13769, 'o3': 13749}, 'pm': {'pm1': 13212, 'pm10': 13214, 'pm25': 13213}}",3.62,11.76,23.97,4.08,4.27,4.23,534879115,47.8,MOD-00617,24.0,2025-11-06T03:37:37,2025-11-05T19:37:37,https://api.quant-aq.com/v1/devices/MOD-00617/data/534878968
1441.25,905.21,"{'lat': None, 'lon': None}","{'rh': 47.7, 'temp': 24.0, 'wd': 0.0, 'ws': 0.0, 'ws_scalar': 0.0}","{'gas': {'co': 13502, 'co2': 13264, 'no': 13590, 'no2': 13769, 'o3': 13749}, 'pm': {'pm1': 13212, 'pm10': 13214, 'pm25': 13213}}",3.64,12.02,23.12,3.72,3.98,3.82,534876704,47.7,MOD-00617,24.0,2025-11-06T03:36:37,2025-11-05T19:36:37,https://api.quant-aq.com/v1/devices/MOD-00617/data/534876557
1448.98,907.14,"{'lat': None, 'lon': None}","{'rh': 47.8, 'temp': 24.0, 'wd': 0.0, 'ws': 0.0, 'ws_scalar': 0.0}","{'gas': {'co': 13502, 'co2': 13264, 'no': 13590, 'no2': 13769, 'o3': 13749}, 'pm': {'pm1': 13212, 'pm10': 13214, 'pm25': 13213}}",3.61,11.76,23.38,3.79,4.15,3.93,534876705,47.8,MOD-00617,24.0,2025-11-06T03:35:37,2025-11-05T19:35:37,https://api.quant-aq.com/v1/devices/MOD-00617/data/534876558
1458.76,906.66,"{'lat': None, 'lon': None}","{'rh': 47.9, 'temp': 24.0, 'wd': 0.0, 'ws': 0.0, 'ws_scalar': 0.0}","{'gas': {'co': 13502, 'co2': 13264, 'no': 13590, 'no2': 13769, 'o3': 13749}, 'pm': {'pm1': 13212, 'pm10': 13214, 'pm25': 13213}}",3.6,11.73,23.35,3.51,3.88,3.76,534876702,47.9,MOD-00617,24.0,2025-11-06T03:34:37,2025-11-05T19:34:37,https://api.quant-aq.com/v1/devices/MOD-00617/data/534876555
1458.62,904.37,"{'lat': None, 'lon': None}","{'rh': 48.1, 'temp': 24.0, 'wd': 0.0, 'ws': 0.0, 'ws_scalar': 0.0}","{'gas': {'co': 13502, 'co2': 13264, 'no': 13590, 'no2': 13769, 'o3': 13749}, 'pm': {'pm1': 13212, 'pm10': 13214, 'pm25': 13213}}",3.63,11.67,23.59,3.82,4.15,3.98,534876703,48.1,MOD-00617,24.0,2025-11-06T03:33:37,2025-11-05T19:33:37,https://api.quant-aq.com/v1/devices/MOD-00617/data/534876556
1462.72,895.21,"{'lat': None, 'lon': None}","{'rh': 48.1, 'temp': 24.0, 'wd': 0.0, 'ws': 0.0, 'ws_scalar': 0.0}","{'gas': {'co': 13502, 'co2': 13264, 'no': 13590, 'no2': 13769, 'o3': 13749}, 'pm': {'pm1': 13212, 'pm10': 13214, 'pm25': 13213}}",3.62,11.67,23.29,3.69,4.1,3.93,534876701,48.1,MOD-00617,24.0,2025-11-06T03:32:37,2025-11-05T19:32:37,https://api.quant-aq.com/v1/devices/MOD-00617/data/534876554
1461.76,897.74,"{'lat': None, 'lon': None}","{'rh': 48.3, 'temp': 24.0, 'wd': 0.0, 'ws': 0.0, 'ws_scalar': 0.0}","{'gas': {'co': 13502, 'co2': 13264, 'no': 13590, 'no2': 13769, 'o3': 13749}, 'pm': {'pm1': 13212, 'pm10': 13214, 'pm25': 13213}}",3.59,12.45,23.82,3.51,4.18,3.7,534873762,48.3,MOD-00617,24.0,2025-11-06T03:31:37,2025-11-05T19:31:37,https://api.quant-aq.com/v1/devices/MOD-00617/data/534873615
1474.42,898.59,"{'lat': None, 'lon': None}","{'rh': 48.4, 'temp': 24.0, 'wd': 0.0, 'ws': 0.0, 'ws_scalar': 0.0}","{'gas': {'co': 13502, 'co2': 13264, 'no': 13590, 'no2': 13769, 'o3': 13749}, 'pm': {'pm1': 13212, 'pm10': 13214, 'pm25': 13213}}",3.56,12.41,23.21,3.19,5.23,3.42,534873761,48.4,MOD-00617,24.0,2025-11-06T03:30:37,2025-11-05T19:30:37,https://api.quant-aq.com/v1/devices/MOD-00617/data/534873614
1481.39,908.82,"{'lat': None, 'lon': None}","{'rh': 48.4, 'temp': 24.0, 'wd': 0.0, 'ws': 0.0, 'ws_scalar': 0.0}","{'gas': {'co': 13502, 'co2': 13264, 'no': 13590, 'no2': 13769, 'o3': 13749}, 'pm': {'pm1': 13212, 'pm10': 13214, 'pm25': 13213}}",3.93,12.42,23.79,3.57,3.74,3.7,534873759,48.4,MOD-00617,24.0,2025-11-06T03:29:37,2025-11-05T19:29:37,https://api.quant-aq.com/v1/devices/MOD-00617/data/534873612
1484.61,905.57,"{'lat': None, 'lon': None}","{'rh': 48.5, 'temp': 24.0, 'wd': 0.0, 'ws': 0.0, 'ws_scalar': 0.0}","{'gas': {'co': 13502, 'co2': 13264, 'no': 13590, 'no2': 13769, 'o3': 13749}, 'pm': {'pm1': 13212, 'pm10': 13214, 'pm25': 13213}}",3.91,11.5,24.06,3.47,4.6,3.65,534873760,48.5,MOD-00617,24.0,2025-11-06T03:28:37,2025-11-05T19:28:37,https://api.quant-aq.com/v1/devices/MOD-00617/data/534873613
1488.71,903.52,"{'lat': None, 'lon': None}","{'rh': 48.5, 'temp': 24.0, 'wd': 0.0, 'ws': 0.0, 'ws_scalar': 0.0}","{'gas': {'co': 13502, 'co2': 13264, 'no': 13590, 'no2': 13769, 'o3': 13749}, 'pm': {'pm1': 13212, 'pm10': 13214, 'pm25': 13213}}",4.02,11.5,23.18,3.58,3.89,3.81,534871501,48.5,MOD-00617,24.0,2025-11-06T03:27:37,2025-11-05T19:27:37,https://api.quant-aq.com/v1/devices/MOD-00617/data/534871354
1496.44,903.52,"{'lat': None, 'lon': None}","{'rh': 48.6, 'temp': 24.0, 'wd': 0.0, 'ws': 0.0, 'ws_scalar': 0.0}","{'gas': {'co': 13502, 'co2': 13264, 'no': 13590, 'no2': 13769, 'o3': 13749}, 'pm': {'pm1': 13212, 'pm10': 13214, 'pm25': 13213}}",3.91,17.19,23.44,3.64,4.28,3.97,534871503,48.6,MOD-00617,24.0,2025-11-06T03:26:37,2025-11-05T19:26:37,https://api.quant-aq.com/v1/devices/MOD-00617/data/534871356
1491.78,908.46,"{'lat': None, 'lon': None}","{'rh': 48.8, 'temp': 24.0, 'wd': 0.0, 'ws': 0.0, 'ws_scalar': 0.0}","{'gas': {'co': 13502, 'co2': 13264, 'no': 13590, 'no2': 13769, 'o3': 13749}, 'pm': {'pm1': 13212, 'pm10': 13214, 'pm25': 13213}}",3.9,12.29,24.27,3.8,6.08,4.06,534871502,48.8,MOD-00617,24.0,2025-11-06T03:25:37,2025-11-05T19:25:37,https://api.quant-aq.com/v1/devices/MOD-00617/data/534871355
1502.53,907.86,"{'lat': None, 'lon': None}","{'rh': 48.7, 'temp': 24.0, 'wd': 0.0, 'ws': 0.0, 'ws_scalar': 0.0}","{'gas': {'co': 13502, 'co2': 13264, 'no': 13590, 'no2': 13769, 'o3': 13749}, 'pm': {'pm1': 13212, 'pm10': 13214, 'pm25': 13213}}",3.9,17.34,23.41,3.63,4.55,3.98,534871500,48.7,MOD-00617,24.0,2025-11-06T03:24:37,2025-11-05T19:24:37,https://api.quant-aq.com/v1/devices/MOD-00617/data/534871353
1511.56,912.92,"{'lat': None, 'lon': None}","{'rh': 48.7, 'temp': 24.0, 'wd': 0.0, 'ws': 0.0, 'ws_scalar': 0.0}","{'gas': {'co': 13502, 'co2': 13264, 'no': 13590, 'no2': 13769, 'o3': 13749}, 'pm': {'pm1': 13212, 'pm10': 13214, 'pm25': 13213}}",3.91,12.27,24.0,3.27,4.57,3.53,534869225,48.7,MOD-00617,24.0,2025-11-06T03:23:37,2025-11-05T19:23:37,https://api.quant-aq.com/v1/devices/MOD-00617/data/534869077
1511.63,910.27,"{'lat': None, 'lon': None}","{'rh': 48.6, 'temp': 24.0, 'wd': 0.0, 'ws': 0.0, 'ws_scalar': 0.0}","{'gas': {'co': 13502, 'co2': 13264, 'no': 13590, 'no2': 13769, 'o3': 13749}, 'pm': {'pm1': 13212, 'pm10': 13214, 'pm25': 13213}}",3.91,17.62,23.44,3.56,4.16,3.96,534869223,48.6,MOD-00617,24.0,2025-11-06T03:22:37,2025-11-05T19:22:37,https://api.quant-aq.com/v1/devices/MOD-00617/data/534869076
1519.02,914.6,"{'lat': None, 'lon': None}","{'rh': 48.6, 'temp': 24.0, 'wd': 0.0, 'ws': 0.0, 'ws_scalar': 0.0}","{'gas': {'co': 13502, 'co2': 13264, 'no': 13590, 'no2': 13769, 'o3': 13749}, 'pm': {'pm1': 13212, 'pm10': 13214, 'pm25': 13213}}",3.91,17.19,23.74,3.79,4.46,4.06,534869218,48.6,MOD-00617,24.0,2025-11-06T03:21:37,2025-11-05T19:21:37,https://api.quant-aq.com/v1/devices/MOD-00617/data/534869071
1522.0,911.59,"{'lat': None, 'lon': None}","{'rh': 48.6, 'temp': 24.1, 'wd': 0.0, 'ws': 0.0, 'ws_scalar': 0.0}","{'gas': {'co': 13502, 'co2': 13264, 'no': 13590, 'no2': 13769, 'o3': 13749}, 'pm': {'pm1': 13212, 'pm10': 13214, 'pm25': 13213}}",3.9,18.71,23.74,3.79,9.52,4.13,534869219,48.6,MOD-00617,24.1,2025-11-06T03:20:37,2025-11-05T19:20:37,https://api.quant-aq.com/v1/devices/MOD-00617/data/534869072
1521.66,918.94,"{'lat': None, 'lon': None}","{'rh': 48.5, 'temp': 24.1, 'wd': 0.0, 'ws': 0.0, 'ws_scalar': 0.0}","{'gas': {'co': 13502, 'co2': 13264, 'no': 13590, 'no2': 13769, 'o3': 13749}, 'pm': {'pm1': 13212, 'pm10': 13214, 'pm25': 13213}}",3.91,18.61,23.48,5.14,7.36,5.49,534866983,48.5,MOD-00617,24.1,2025-11-06T03:19:37,2025-11-05T19:19:37,https://api.quant-aq.com/v1/devices/MOD-00617/data/534866836
1524.19,920.02,"{'lat': None, 'lon': None}","{'rh': 48.4, 'temp': 24.1, 'wd': 0.0, 'ws': 0.0, 'ws_scalar': 0.0}","{'gas': {'co': 13502, 'co2': 13264, 'no': 13590, 'no2': 13769, 'o3': 13749}, 'pm': {'pm1': 13212, 'pm10': 13214, 'pm25': 13213}}",3.92,12.62,24.39,4.95,6.85,5.18,534866982,48.4,MOD-00617,24.1,2025-11-06T03:18:37,2025-11-05T19:18:37,https://api.quant-aq.com/v1/devices/MOD-00617/data/534866835
1527.55,919.66,"{'lat': None, 'lon': None}","{'rh': 48.3, 'temp': 24.1, 'wd': 0.0, 'ws': 0.0, 'ws_scalar': 0.0}","{'gas': {'co': 13502, 'co2': 13264, 'no': 13590, 'no2': 13769, 'o3': 13749}, 'pm': {'pm1': 13212, 'pm10': 13214, 'pm25': 13213}}",3.92,12.62,23.54,4.48,17.68,5.1,534866981,48.3,MOD-00617,24.1,2025-11-06T03:17:37,2025-11-05T19:17:37,https://api.quant-aq.com/v1/devices/MOD-00617/data/534866834
1533.3,916.65,"{'lat': None, 'lon': None}","{'rh': 48.3, 'temp': 24.1, 'wd': 0.0, 'ws': 0.0, 'ws_scalar': 0.0}","{'gas': {'co': 13502, 'co2': 13264, 'no': 13590, 'no2': 13769, 'o3': 13749}, 'pm': {'pm1': 13212, 'pm10': 13214, 'pm25': 13213}}",3.55,12.6,25.01,5.29,6.8,5.84,534866980,48.3,MOD-00617,24.1,2025-11-06T03:16:37,2025-11-05T19:16:37,https://api.quant-aq.com/v1/devices/MOD-00617/data/534866833
1543.09,923.04,"{'lat': None, 'lon': None}","{'rh': 47.8, 'temp': 24.1, 'wd': 0.0, 'ws': 0.0, 'ws_scalar': 0.0}","{'gas': {'co': 13502, 'co2': 13264, 'no': 13590, 'no2': 13769, 'o3': 13749}, 'pm': {'pm1': 13212, 'pm10': 13214, 'pm25': 13213}}",3.6,15.04,23.1,4.74,5.7,5.2,534864748,47.8,MOD-00617,24.1,2025-11-06T03:15:37,2025-11-05T19:15:37,https://api.quant-aq.com/v1/devices/MOD-00617/data/534864600
1541.11,921.35,"{'lat': None, 'lon': None}","{'rh': 47.7, 'temp': 24.1, 'wd': 0.0, 'ws': 0.0, 'ws_scalar': 0.0}","{'gas': {'co': 13502, 'co2': 13264, 'no': 13590, 'no2': 13769, 'o3': 13749}, 'pm': {'pm1': 13212, 'pm10': 13214, 'pm25': 13213}}",3.62,13.8,22.84,4.76,7.57,5.25,534864746,47.7,MOD-00617,24.1,2025-11-06T03:14:37,2025-11-05T19:14:37,https://api.quant-aq.com/v1/devices/MOD-00617/data/534864599
1542.0,923.88,"{'lat': None, 'lon': None}","{'rh': 47.6, 'temp': 24.1, 'wd': 0.0, 'ws': 0.0, 'ws_scalar': 0.0}","{'gas': {'co': 13502, 'co2': 13264, 'no': 13590, 'no2': 13769, 'o3': 13749}, 'pm': {'pm1': 13212, 'pm10': 13214, 'pm25': 13213}}",3.64,13.83,23.45,4.8,5.46,5.17,534864747,47.6,MOD-00617,24.1,2025-11-06T03:13:37,2025-11-05T19:13:37,https://api.quant-aq.com/v1/devices/MOD-00617/data/534864601
1549.87,921.11,"{'lat': None, 'lon': None}","{'rh': 47.5, 'temp': 24.1, 'wd': 0.0, 'ws': 0.0, 'ws_scalar': 0.0}","{'gas': {'co': 13502, 'co2': 13264, 'no': 13590, 'no2': 13769, 'o3': 13749}, 'pm': {'pm1': 13212, 'pm10': 13214, 'pm25': 13213}}",4.48,13.84,22.31,4.65,5.31,5.19,534864745,47.5,MOD-00617,24.1,2025-11-06T03:12:37,2025-11-05T19:12:37,https://api.quant-aq.com/v1/devices/MOD-00617/data/534864598
1557.41,919.06,"{'lat': None, 'lon': None}","{'rh': 47.3, 'temp': 24.1, 'wd': 0.0, 'ws': 0.0, 'ws_scalar': 0.0}","{'gas': {'co': 13502, 'co2': 13264, 'no': 13590, 'no2': 13769, 'o3': 13749}, 'pm': {'pm1': 13212, 'pm10': 13214, 'pm25': 13213}}",5.68,13.82,22.37,4.8,6.26,5.11,534862477,47.3,MOD-00617,24.1,2025-11-06T03:11:37,2025-11-05T19:11:37,https://api.quant-aq.com/v1/devices/MOD-00617/data/534862330
1557.89,914.24,"{'lat': None, 'lon': None}","{'rh': 47.2, 'temp': 24.1, 'wd': 0.0, 'ws': 0.0, 'ws_scalar': 0.0}","{'gas': {'co': 13502, 'co2': 13264, 'no': 13590, 'no2': 13769, 'o3': 13749}, 'pm': {'pm1': 13212, 'pm10': 13214, 'pm25': 13213}}",5.66,13.81,22.11,4.56,4.85,4.78,534862478,47.2,MOD-00617,24.1,2025-11-06T03:10:37,2025-11-05T19:10:37,https://api.quant-aq.com/v1/devices/MOD-00617/data/534862331
1564.12,914.12,"{'lat': None, 'lon': None}","{'rh': 47.1, 'temp': 24.1, 'wd': 0.0, 'ws': 0.0, 'ws_scalar': 0.0}","{'gas': {'co': 13502, 'co2': 13264, 'no': 13590, 'no2': 13769, 'o3': 13749}, 'pm': {'pm1': 13212, 'pm10': 13214, 'pm25': 13213}}",5.69,13.49,21.56,4.54,5.01,4.89,534862476,47.1,MOD-00617,24.1,2025-11-06T03:09:37,2025-11-05T19:09:37,https://api.quant-aq.com/v1/devices/MOD-00617/data/534862329
1569.04,912.8,"{'lat': None, 'lon': None}","{'rh': 47.1, 'temp': 24.1, 'wd': 0.0, 'ws': 0.0, 'ws_scalar': 0.0}","{'gas': {'co': 13502, 'co2': 13264, 'no': 13590, 'no2': 13769, 'o3': 13749}, 'pm': {'pm1': 13212, 'pm10': 13214, 'pm25': 13213}}",5.67,11.88,21.27,5.05,5.27,5.23,534862479,47.1,MOD-00617,24.1,2025-11-06T03:08:37,2025-11-05T19:08:37,https://api.quant-aq.com/v1/devices/MOD-00617/data/534862332
1574.79,913.88,"{'lat': None, 'lon': None}","{'rh': 47.1, 'temp': 24.1, 'wd': 0.0, 'ws': 0.0, 'ws_scalar': 0.0}","{'gas': {'co': 13502, 'co2': 13264, 'no': 13590, 'no2': 13769, 'o3': 13749}, 'pm': {'pm1': 13212, 'pm10': 13214, 'pm25': 13213}}",5.58,13.58,21.85,5.11,6.23,5.44,534860194,47.1,MOD-00617,24.1,2025-11-06T03:07:37,2025-11-05T19:07:37,https://api.quant-aq.com/v1/devices/MOD-00617/data/534860047
1581.88,918.94,"{'lat': None, 'lon': None}","{'rh': 47.1, 'temp': 24.2, 'wd': 0.0, 'ws': 0.0, 'ws_scalar': 0.0}","{'gas': {'co': 13502, 'co2': 13264, 'no': 13590, 'no2': 13769, 'o3': 13749}, 'pm': {'pm1': 13212, 'pm10': 13214, 'pm25': 13213}}",5.69,21.63,20.99,4.99,10.08,5.15,534860193,47.1,MOD-00617,24.2,2025-11-06T03:06:37,2025-11-05T19:06:37,https://api.quant-aq.com/v1/devices/MOD-00617/data/534860046
1581.39,916.77,"{'lat': None, 'lon': None}","{'rh': 47.2, 'temp': 24.2, 'wd': 0.0, 'ws': 0.0, 'ws_scalar': 0.0}","{'gas': {'co': 13502, 'co2': 13264, 'no': 13590, 'no2': 13769, 'o3': 13749}, 'pm': {'pm1': 13212, 'pm10': 13214, 'pm25': 13213}}",5.7,20.04,21.25,5.14,10.68,5.4,534860195,47.2,MOD-00617,24.2,2025-11-06T03:05:37,2025-11-05T19:05:37,https://api.quant-aq.com/v1/devices/MOD-00617/data/534860048
1585.91,912.44,"{'lat': None, 'lon': None}","{'rh': 47.2, 'temp': 24.2, 'wd': 0.0, 'ws': 0.0, 'ws_scalar': 0.0}","{'gas': {'co': 13502, 'co2': 13264, 'no': 13590, 'no2': 13769, 'o3': 13749}, 'pm': {'pm1': 13212, 'pm10': 13214, 'pm25': 13213}}",5.67,19.51,21.54,4.75,14.98,4.97,534860192,47.2,MOD-00617,24.2,2025-11-06T03:04:37,2025-11-05T19:04:37,https://api.quant-aq.com/v1/devices/MOD-00617/data/534860045
1586.73,913.52,"{'lat': None, 'lon': None}","{'rh': 47.2, 'temp': 24.2, 'wd': 0.0, 'ws': 0.0, 'ws_scalar': 0.0}","{'gas': {'co': 13502, 'co2': 13264, 'no': 13590, 'no2': 13769, 'o3': 13749}, 'pm': {'pm1': 13212, 'pm10': 13214, 'pm25': 13213}}",5.67,20.04,21.83,4.73,5.19,5.04,534857923,47.2,MOD-00617,24.2,2025-11-06T03:03:37,2025-11-05T19:03:37,https://api.quant-aq.com/v1/devices/MOD-00617/data/534857777
1591.59,912.68,"{'lat': None, 'lon': None}","{'rh': 47.3, 'temp': 24.2, 'wd': 0.0, 'ws': 0.0, 'ws_scalar': 0.0}","{'gas': {'co': 13502, 'co2': 13264, 'no': 13590, 'no2': 13769, 'o3': 13749}, 'pm': {'pm1': 13212, 'pm10': 13214, 'pm25': 13213}}",5.63,19.72,21.21,4.75,5.02,5.02,534857921,47.3,MOD-00617,24.2,2025-11-06T03:02:37,2025-11-05T19:02:37,https://api.quant-aq.com/v1/devices/MOD-00617/data/534857775
1596.51,915.81,"{'lat': None, 'lon': None}","{'rh': 47.3, 'temp': 24.2, 'wd': 0.0, 'ws': 0.0, 'ws_scalar': 0.0}","{'gas': {'co': 13502, 'co2': 13264, 'no': 13590, 'no2': 13769, 'o3': 13749}, 'pm': {'pm1': 13212, 'pm10': 13214, 'pm25': 13213}}",5.69,20.68,21.21,4.78,5.49,5.06,534857920,47.3,MOD-00617,24.2,2025-11-06T03:01:37,2025-11-05T19:01:37,https://api.quant-aq.com/v1/devices/MOD-00617/data/534857774
1598.56,912.56,"{'lat': None, 'lon': None}","{'rh': 47.3, 'temp': 24.2, 'wd': 0.0, 'ws': 0.0, 'ws_scalar': 0.0}","{'gas': {'co': 13502, 'co2': 13264, 'no': 13590, 'no2': 13769, 'o3': 13749}, 'pm': {'pm1': 13212, 'pm10': 13214, 'pm25': 13213}}",5.68,19.72,21.21,5.14,5.61,5.48,534857918,47.3,MOD-00617,24.2,2025-11-06T03:00:37,2025-11-05T19:00:37,https://api.quant-aq.com/v1/devices/MOD-00617/data/534857771
1605.06,912.08,"{'lat': None, 'lon': None}","{'rh': 47.4, 'temp': 24.2, 'wd': 0.0, 'ws': 0.0, 'ws_scalar': 0.0}","{'gas': {'co': 13502, 'co2': 13264, 'no': 13590, 'no2': 13769, 'o3': 13749}, 'pm': {'pm1': 13212, 'pm10': 13214, 'pm25': 13213}}",5.65,20.38,20.6,5.06,7.07,5.31,534855713,47.4,MOD-00617,24.2,2025-11-06T02:59:37,2025-11-05T18:59:37,https://api.quant-aq.com/v1/devices/MOD-00617/data/534855566
1612.04,915.33,"{'lat': None, 'lon': None}","{'rh': 47.4, 'temp': 24.2, 'wd': 0.0, 'ws': 0.0, 'ws_scalar': 0.0}","{'gas': {'co': 13502, 'co2': 13264, 'no': 13590, 'no2': 13769, 'o3': 13749}, 'pm': {'pm1': 13212, 'pm10': 13214, 'pm25': 13213}}",5.66,20.8,22.06,4.99,5.17,5.17,534855714,47.4,MOD-00617,24.2,2025-11-06T02:58:37,2025-11-05T18:58:37,https://api.quant-aq.com/v1/devices/MOD-00617/data/534855567
1615.25,916.89,"{'lat': None, 'lon': None}","{'rh': 47.5, 'temp': 24.2, 'wd': 0.0, 'ws': 0.0, 'ws_scalar': 0.0}","{'gas': {'co': 13502, 'co2': 13264, 'no': 13590, 'no2': 13769, 'o3': 13749}, 'pm': {'pm1': 13212, 'pm10': 13214, 'pm25': 13213}}",5.64,12.61,20.86,4.73,5.57,5.03,534855715,47.5,MOD-00617,24.2,2025-11-06T02:57:37,2025-11-05T18:57:37,https://api.quant-aq.com/v1/devices/MOD-00617/data/534855568
1623.87,914.0,"{'lat': None, 'lon': None}","{'rh': 47.5, 'temp': 24.2, 'wd': 0.0, 'ws': 0.0, 'ws_scalar': 0.0}","{'gas': {'co': 13502, 'co2': 13264, 'no': 13590, 'no2': 13769, 'o3': 13749}, 'pm': {'pm1': 13212, 'pm10': 13214, 'pm25': 13213}}",4.81,20.87,20.57,4.87,5.74,5.21,534855712,47.5,MOD-00617,24.2,2025-11-06T02:56:37,2025-11-05T18:56:37,https://api.quant-aq.com/v1/devices/MOD-00617/data/534855565
1626.75,915.45,"{'lat': None, 'lon': None}","{'rh': 47.5, 'temp': 24.2, 'wd': 0.0, 'ws': 0.0, 'ws_scalar': 0.0}","{'gas': {'co': 13502, 'co2': 13264, 'no': 13590, 'no2': 13769, 'o3': 13749}, 'pm': {'pm1': 13212, 'pm10': 13214, 'pm25': 13213}}",5.64,20.49,20.57,4.85,10.23,5.15,534853440,47.5,MOD-00617,24.2,2025-11-06T02:55:37,2025-11-05T18:55:37,https://api.quant-aq.com/v1/devices/MOD-00617/data/534853293
1630.89,923.28,"{'lat': None, 'lon': None}","{'rh': 47.6, 'temp': 24.3, 'wd': 0.0, 'ws': 0.0, 'ws_scalar': 0.0}","{'gas': {'co': 13502, 'co2': 13264, 'no': 13590, 'no2': 13769, 'o3': 13749}, 'pm': {'pm1': 13212, 'pm10': 13214, 'pm25': 13213}}",4.83,22.14,21.42,5.24,5.74,5.62,534853441,47.6,MOD-00617,24.3,2025-11-06T02:54:37,2025-11-05T18:54:37,https://api.quant-aq.com/v1/devices/MOD-00617/data/534853294
1636.57,926.17,"{'lat': None, 'lon': None}","{'rh': 47.7, 'temp': 24.3, 'wd': 0.0, 'ws': 0.0, 'ws_scalar': 0.0}","{'gas': {'co': 13502, 'co2': 13264, 'no': 13590, 'no2': 13769, 'o3': 13749}, 'pm': {'pm1': 13212, 'pm10': 13214, 'pm25': 13213}}",4.83,22.07,20.52,5.09,5.54,5.37,534853438,47.7,MOD-00617,24.3,2025-11-06T02:53:37,2025-11-05T18:53:37,https://api.quant-aq.com/v1/devices/MOD-00617/data/534853292
1647.17,926.65,"{'lat': None, 'lon': None}","{'rh': 47.8, 'temp': 24.3, 'wd': 0.0, 'ws': 0.0, 'ws_scalar': 0.0}","{'gas': {'co': 13502, 'co2': 13264, 'no': 13590, 'no2': 13769, 'o3': 13749}, 'pm': {'pm1': 13212, 'pm10': 13214, 'pm25': 13213}}",4.83,22.49,21.66,5.73,7.46,6.25,534853439,47.8,MOD-00617,24.3,2025-11-06T02:52:37,2025-11-05T18:52:37,https://api.quant-aq.com/v1/devices/MOD-00617/data/534853291
1656.2,926.29,"{'lat': None, 'lon': None}","{'rh': 47.8, 'temp': 24.3, 'wd': 0.0, 'ws': 0.0, 'ws_scalar': 0.0}","{'gas': {'co': 13502, 'co2': 13264, 'no': 13590, 'no2': 13769, 'o3': 13749}, 'pm': {'pm1': 13212, 'pm10': 13214, 'pm25': 13213}}",4.83,22.49,20.49,5.6,7.88,5.89,534851100,47.8,MOD-00617,24.3,2025-11-06T02:51:37,2025-11-05T18:51:37,https://api.quant-aq.com/v1/devices/MOD-00617/data/534850954
1663.45,926.41,"{'lat': None, 'lon': None}","{'rh': 48.0, 'temp': 24.3, 'wd': 0.0, 'ws': 0.0, 'ws_scalar': 0.0}","{'gas': {'co': 13502, 'co2': 13264, 'no': 13590, 'no2': 13769, 'o3': 13749}, 'pm': {'pm1': 13212, 'pm10': 13214, 'pm25': 13213}}",4.85,22.05,21.01,5.23,5.57,5.53,534851098,48.0,MOD-00617,24.3,2025-11-06T02:50:37,2025-11-05T18:50:37,https://api.quant-aq.com/v1/devices/MOD-00617/data/534850951
1671.66,928.22,"{'lat': None, 'lon': None}","{'rh': 48.0, 'temp': 24.3, 'wd': 0.0, 'ws': 0.0, 'ws_scalar': 0.0}","{'gas': {'co': 13502, 'co2': 13264, 'no': 13590, 'no2': 13769, 'o3': 13749}, 'pm': {'pm1': 13212, 'pm10': 13214, 'pm25': 13213}}",4.83,22.3,21.01,5.62,6.26,6.13,534851101,48.0,MOD-00617,24.3,2025-11-06T02:49:37,2025-11-05T18:49:37,https://api.quant-aq.com/v1/devices/MOD-00617/data/534850953
1681.44,926.29,"{'lat': None, 'lon': None}","{'rh': 48.1, 'temp': 24.3, 'wd': 0.0, 'ws': 0.0, 'ws_scalar': 0.0}","{'gas': {'co': 13502, 'co2': 13264, 'no': 13590, 'no2': 13769, 'o3': 13749}, 'pm': {'pm1': 13212, 'pm10': 13214, 'pm25': 13213}}",4.82,13.48,20.69,6.09,6.54,6.46,534851099,48.1,MOD-00617,24.3,2025-11-06T02:48:37,2025-11-05T18:48:37,https://api.quant-aq.com/v1/devices/MOD-00617/data/534850952
1698.68,927.49,"{'lat': None, 'lon': None}","{'rh': 48.1, 'temp': 24.3, 'wd': 0.0, 'ws': 0.0, 'ws_scalar': 0.0}","{'gas': {'co': 13502, 'co2': 13264, 'no': 13590, 'no2': 13769, 'o3': 13749}, 'pm': {'pm1': 13212, 'pm10': 13214, 'pm25': 13213}}",4.84,22.5,20.69,6.19,7.47,6.62,534848882,48.1,MOD-00617,24.3,2025-11-06T02:47:37,2025-11-05T18:47:37,https://api.quant-aq.com/v1/devices/MOD-00617/data/534848735
1704.36,926.53,"{'lat': None, 'lon': None}","{'rh': 48.2, 'temp': 24.3, 'wd': 0.0, 'ws': 0.0, 'ws_scalar': 0.0}","{'gas': {'co': 13502, 'co2': 13264, 'no': 13590, 'no2': 13769, 'o3': 13749}, 'pm': {'pm1': 13212, 'pm10': 13214, 'pm25': 13213}}",4.84,22.46,21.24,6.15,6.84,6.72,534848879,48.2,MOD-00617,24.3,2025-11-06T02:46:37,2025-11-05T18:46:37,https://api.quant-aq.com/v1/devices/MOD-00617/data/534848732
1712.26,926.17,"{'lat': None, 'lon': None}","{'rh': 48.2, 'temp': 24.4, 'wd': 0.0, 'ws': 0.0, 'ws_scalar': 0.0}","{'gas': {'co': 13502, 'co2': 13264, 'no': 13590, 'no2': 13769, 'o3': 13749}, 'pm': {'pm1': 13212, 'pm10': 13214, 'pm25': 13213}}",4.83,23.94,20.96,6.59,7.17,7.05,534848881,48.2,MOD-00617,24.4,2025-11-06T02:45:37,2025-11-05T18:45:37,https://api.quant-aq.com/v1/devices/MOD-00617/data/534848733
1729.43,919.06,"{'lat': None, 'lon': None}","{'rh': 48.3, 'temp': 24.4, 'wd': 0.0, 'ws': 0.0, 'ws_scalar': 0.0}","{'gas': {'co': 13502, 'co2': 13264, 'no': 13590, 'no2': 13769, 'o3': 13749}, 'pm': {'pm1': 13212, 'pm10': 13214, 'pm25': 13213}}",4.82,24.73,20.63,6.56,7.3,7.07,534848880,48.3,MOD-00617,24.4,2025-11-06T02:44:37,2025-11-05T18:44:37,https://api.quant-aq.com/v1/devices/MOD-00617/data/534848734
1747.01,927.61,"{'lat': None, 'lon': None}","{'rh': 48.4, 'temp': 24.4, 'wd': 0.0, 'ws': 0.0, 'ws_scalar': 0.0}","{'gas': {'co': 13502, 'co2': 13264, 'no': 13590, 'no2': 13769, 'o3': 13749}, 'pm': {'pm1': 13212, 'pm10': 13214, 'pm25': 13213}}",4.8,24.73,21.19,6.82,9.42,7.26,534846551,48.4,MOD-00617,24.4,2025-11-06T02:43:37,2025-11-05T18:43:37,https://api.quant-aq.com/v1/devices/MOD-00617/data/534846404
1765.08,926.77,"{'lat': None, 'lon': None}","{'rh': 48.4, 'temp': 24.4, 'wd': 0.0, 'ws': 0.0, 'ws_scalar': 0.0}","{'gas': {'co': 13502, 'co2': 13264, 'no': 13590, 'no2': 13769, 'o3': 13749}, 'pm': {'pm1': 13212, 'pm10': 13214, 'pm25': 13213}}",4.79,22.55,21.19,6.31,7.5,6.89,534846550,48.4,MOD-00617,24.4,2025-11-06T02:42:37,2025-11-05T18:42:37,https://api.quant-aq.com/v1/devices/MOD-00617/data/534846403
1775.27,927.97,"{'lat': None, 'lon': None}","{'rh': 48.5, 'temp': 24.4, 'wd': 0.0, 'ws': 0.0, 'ws_scalar': 0.0}","{'gas': {'co': 13502, 'co2': 13264, 'no': 13590, 'no2': 13769, 'o3': 13749}, 'pm': {'pm1': 13212, 'pm10': 13214, 'pm25': 13213}}",3.62,24.0,20.86,6.94,8.18,7.51,534846548,48.5,MOD-00617,24.4,2025-11-06T02:41:37,2025-11-05T18:41:37,https://api.quant-aq.com/v1/devices/MOD-00617/data/534846402
1800.17,928.34,"{'lat': None, 'lon': None}","{'rh': 48.7, 'temp': 24.4, 'wd': 0.0, 'ws': 0.0, 'ws_scalar': 0.0}","{'gas': {'co': 13502, 'co2': 13264, 'no': 13590, 'no2': 13769, 'o3': 13749}, 'pm': {'pm1': 13212, 'pm10': 13214, 'pm25': 13213}}",3.59,24.71,21.1,6.97,8.44,7.7,534846549,48.7,MOD-00617,24.4,2025-11-06T02:40:37,2025-11-05T18:40:37,https://api.quant-aq.com/v1/devices/MOD-00617/data/534846401
1817.34,934.24,"{'lat': None, 'lon': None}","{'rh': 48.8, 'temp': 24.4, 'wd': 0.0, 'ws': 0.0, 'ws_scalar': 0.0}","{'gas': {'co': 13502, 'co2': 13264, 'no': 13590, 'no2': 13769, 'o3': 13749}, 'pm': {'pm1': 13212, 'pm10': 13214, 'pm25': 13213}}",3.56,24.47,21.36,6.9,7.62,7.53,534844349,48.8,MOD-00617,24.4,2025-11-06T02:39:37,2025-11-05T18:39:37,https://api.quant-aq.com/v1/devices/MOD-00617/data/534844202
1834.51,936.16,"{'lat': None, 'lon': None}","{'rh': 48.9, 'temp': 24.4, 'wd': 0.0, 'ws': 0.0, 'ws_scalar': 0.0}","{'gas': {'co': 13502, 'co2': 13264, 'no': 13590, 'no2': 13769, 'o3': 13749}, 'pm': {'pm1': 13212, 'pm10': 13214, 'pm25': 13213}}",3.55,24.58,21.03,7.5,8.31,8.06,534844347,48.9,MOD-00617,24.4,2025-11-06T02:38:37,2025-11-05T18:38:37,https://api.quant-aq.com/v1/devices/MOD-00617/data/534844200
1860.41,938.69,"{'lat': None, 'lon': None}","{'rh': 49.0, 'temp': 24.5, 'wd': 0.0, 'ws': 0.0, 'ws_scalar': 0.0}","{'gas': {'co': 13502, 'co2': 13264, 'no': 13590, 'no2': 13769, 'o3': 13749}, 'pm': {'pm1': 13212, 'pm10': 13214, 'pm25': 13213}}",3.51,24.7,21.31,7.08,7.86,7.79,534844350,49.0,MOD-00617,24.5,2025-11-06T02:37:37,2025-11-05T18:37:37,https://api.quant-aq.com/v1/devices/MOD-00617/data/534844203
1874.29,939.3,"{'lat': None, 'lon': None}","{'rh': 49.1, 'temp': 24.5, 'wd': 0.0, 'ws': 0.0, 'ws_scalar': 0.0}","{'gas': {'co': 13502, 'co2': 13264, 'no': 13590, 'no2': 13769, 'o3': 13749}, 'pm': {'pm1': 13212, 'pm10': 13214, 'pm25': 13213}}",3.47,24.94,20.69,6.75,13.15,7.51,534844348,49.1,MOD-00617,24.5,2025-11-06T02:36:37,2025-11-05T18:36:37,https://api.quant-aq.com/v1/devices/MOD-00617/data/534844201
1898.92,938.09,"{'lat': None, 'lon': None}","{'rh': 49.1, 'temp': 24.5, 'wd': 0.0, 'ws': 0.0, 'ws_scalar': 0.0}","{'gas': {'co': 13502, 'co2': 13264, 'no': 13590, 'no2': 13769, 'o3': 13749}, 'pm': {'pm1': 13212, 'pm10': 13214, 'pm25': 13213}}",3.48,24.7,21.28,6.89,8.83,7.86,534842126,49.1,MOD-00617,24.5,2025-11-06T02:35:37,2025-11-05T18:35:37,https://api.quant-aq.com/v1/devices/MOD-00617/data/534841978
1928.34,938.33,"{'lat': None, 'lon': None}","{'rh': 49.3, 'temp': 24.5, 'wd': 0.0, 'ws': 0.0, 'ws_scalar': 0.0}","{'gas': {'co': 13502, 'co2': 13264, 'no': 13590, 'no2': 13769, 'o3': 13749}, 'pm': {'pm1': 13212, 'pm10': 13214, 'pm25': 13213}}",3.25,24.7,21.8,7.25,9.1,8.26,534842125,49.3,MOD-00617,24.5,2025-11-06T02:34:37,2025-11-05T18:34:37,https://api.quant-aq.com/v1/devices/MOD-00617/data/534841979
1948.86,941.34,"{'lat': None, 'lon': None}","{'rh': 49.3, 'temp': 24.5, 'wd': 0.0, 'ws': 0.0, 'ws_scalar': 0.0}","{'gas': {'co': 13502, 'co2': 13264, 'no': 13590, 'no2': 13769, 'o3': 13749}, 'pm': {'pm1': 13212, 'pm10': 13214, 'pm25': 13213}}",3.25,24.7,21.21,7.38,12.4,8.35,534842123,49.3,MOD-00617,24.5,2025-11-06T02:33:37,2025-11-05T18:33:37,https://api.quant-aq.com/v1/devices/MOD-00617/data/534841976
1969.73,932.79,"{'lat': None, 'lon': None}","{'rh': 49.4, 'temp': 24.5, 'wd': 0.0, 'ws': 0.0, 'ws_scalar': 0.0}","{'gas': {'co': 13502, 'co2': 13264, 'no': 13590, 'no2': 13769, 'o3': 13749}, 'pm': {'pm1': 13212, 'pm10': 13214, 'pm25': 13213}}",3.19,25.4,20.89,7.77,10.74,8.63,534842124,49.4,MOD-00617,24.5,2025-11-06T02:32:37,2025-11-05T18:32:37,https://api.quant-aq.com/v1/devices/MOD-00617/data/534841977
1990.52,944.6,"{'lat': None, 'lon': None}","{'rh': 49.6, 'temp': 24.5, 'wd': 0.0, 'ws': 0.0, 'ws_scalar': 0.0}","{'gas': {'co': 13502, 'co2': 13264, 'no': 13590, 'no2': 13769, 'o3': 13749}, 'pm': {'pm1': 13212, 'pm10': 13214, 'pm25': 13213}}",3.15,25.63,21.12,8.0,11.84,9.08,534839790,49.6,MOD-00617,24.5,2025-11-06T02:31:37,2025-11-05T18:31:37,https://api.quant-aq.com/v1/devices/MOD-00617/data/534839643
2014.67,944.36,"{'lat': None, 'lon': None}","{'rh': 49.7, 'temp': 24.5, 'wd': 0.0, 'ws': 0.0, 'ws_scalar': 0.0}","{'gas': {'co': 13502, 'co2': 13264, 'no': 13590, 'no2': 13769, 'o3': 13749}, 'pm': {'pm1': 13212, 'pm10': 13214, 'pm25': 13213}}",3.15,25.15,21.39,7.15,9.44,8.33,534839787,49.7,MOD-00617,24.5,2025-11-06T02:30:37,2025-11-05T18:30:37,https://api.quant-aq.com/v1/devices/MOD-00617/data/534839640
2039.16,949.77,"{'lat': None, 'lon': None}","{'rh': 49.9, 'temp': 24.5, 'wd': 0.0, 'ws': 0.0, 'ws_scalar': 0.0}","{'gas': {'co': 13502, 'co2': 13264, 'no': 13590, 'no2': 13769, 'o3': 13749}, 'pm': {'pm1': 13212, 'pm10': 13214, 'pm25': 13213}}",3.17,24.67,21.03,6.68,9.62,8.04,534839789,49.9,MOD-00617,24.5,2025-11-06T02:29:37,2025-11-05T18:29:37,https://api.quant-aq.com/v1/devices/MOD-00617/data/534839641
2061.11,950.62,"{'lat': None, 'lon': None}","{'rh': 50.2, 'temp': 24.5, 'wd': 0.0, 'ws': 0.0, 'ws_scalar': 0.0}","{'gas': {'co': 13502, 'co2': 13264, 'no': 13590, 'no2': 13769, 'o3': 13749}, 'pm': {'pm1': 13212, 'pm10': 13214, 'pm25': 13213}}",3.12,25.61,20.64,6.67,35.19,8.12,534839788,50.2,MOD-00617,24.5,2025-11-06T02:28:37,2025-11-05T18:28:37,https://api.quant-aq.com/v1/devices/MOD-00617/data/534839642
2085.12,957.24,"{'lat': None, 'lon': None}","{'rh': 50.5, 'temp': 24.5, 'wd': 0.0, 'ws': 0.0, 'ws_scalar': 0.0}","{'gas': {'co': 13502, 'co2': 13264, 'no': 13590, 'no2': 13769, 'o3': 13749}, 'pm': {'pm1': 13212, 'pm10': 13214, 'pm25': 13213}}",3.17,25.83,21.44,7.1,12.72,8.73,534837554,50.5,MOD-00617,24.5,2025-11-06T02:27:37,2025-11-05T18:27:37,https://api.quant-aq.com/v1/devices/MOD-00617/data/534837407
2114.39,964.71,"{'lat': None, 'lon': None}","{'rh': 50.9, 'temp': 24.5, 'wd': 0.0, 'ws': 0.0, 'ws_scalar': 0.0}","{'gas': {'co': 13502, 'co2': 13264, 'no': 13590, 'no2': 13769, 'o3': 13749}, 'pm': {'pm1': 13212, 'pm10': 13214, 'pm25': 13213}}",2.99,25.1,20.72,7.68,10.79,9.08,534837555,50.9,MOD-00617,24.5,2025-11-06T02:26:37,2025-11-05T18:26:37,https://api.quant-aq.com/v1/devices/MOD-00617/data/534837408
2141.4,986.15,"{'lat': None, 'lon': None}","{'rh': 51.6, 'temp': 24.5, 'wd': 0.0, 'ws': 0.0, 'ws_scalar': 0.0}","{'gas': {'co': 13502, 'co2': 13264, 'no': 13590, 'no2': 13769, 'o3': 13749}, 'pm': {'pm1': 13212, 'pm10': 13214, 'pm25': 13213}}",2.42,26.97,22.3,7.79,17.72,10.16,534837556,51.6,MOD-00617,24.5,2025-11-06T02:25:37,2025-11-05T18:25:37,https://api.quant-aq.com/v1/devices/MOD-00617/data/534837409
2166.3,993.26,"{'lat': None, 'lon': None}","{'rh': 51.8, 'temp': 24.5, 'wd': 0.0, 'ws': 0.0, 'ws_scalar': 0.0}","{'gas': {'co': 13502, 'co2': 13264, 'no': 13590, 'no2': 13769, 'o3': 13749}, 'pm': {'pm1': 13212, 'pm10': 13214, 'pm25': 13213}}",2.34,26.25,21.94,8.31,13.75,10.58,534837553,51.8,MOD-00617,24.5,2025-11-06T02:24:37,2025-11-05T18:24:37,https://api.quant-aq.com/v1/devices/MOD-00617/data/534837406
2192.97,996.39,"{'lat': None, 'lon': None}","{'rh': 52.4, 'temp': 24.5, 'wd': 0.0, 'ws': 0.0, 'ws_scalar': 0.0}","{'gas': {'co': 13502, 'co2': 13264, 'no': 13590, 'no2': 13769, 'o3': 13749}, 'pm': {'pm1': 13212, 'pm10': 13214, 'pm25': 13213}}",2.44,27.17,23.26,9.0,14.92,11.0,534835298,52.4,MOD-00617,24.5,2025-11-06T02:23:37,2025-11-05T18:23:37,https://api.quant-aq.com/v1/devices/MOD-00617/data/534835151
2209.17,995.54,"{'lat': None, 'lon': None}","{'rh': 52.7, 'temp': 24.5, 'wd': 0.0, 'ws': 0.0, 'ws_scalar': 0.0}","{'gas': {'co': 13502, 'co2': 13264, 'no': 13590, 'no2': 13769, 'o3': 13749}, 'pm': {'pm1': 13212, 'pm10': 13214, 'pm25': 13213}}",2.44,27.63,23.47,8.69,14.2,11.14,534835297,52.7,MOD-00617,24.5,2025-11-06T02:22:37,2025-11-05T18:22:37,https://api.quant-aq.com/v1/devices/MOD-00617/data/534835150
2217.87,1000.24,"{'lat': None, 'lon': None}","{'rh': 52.6, 'temp': 24.5, 'wd': 0.0, 'ws': 0.0, 'ws_scalar': 0.0}","{'gas': {'co': 13502, 'co2': 13264, 'no': 13590, 'no2': 13769, 'o3': 13749}, 'pm': {'pm1': 13212, 'pm10': 13214, 'pm25': 13213}}",2.46,27.16,23.2,7.73,27.47,10.23,534835295,52.6,MOD-00617,24.5,2025-11-06T02:21:37,2025-11-05T18:21:37,https://api.quant-aq.com/v1/devices/MOD-00617/data/534835148
2235.61,1008.55,"{'lat': None, 'lon': None}","{'rh': 52.9, 'temp': 24.4, 'wd': 0.0, 'ws': 0.0, 'ws_scalar': 0.0}","{'gas': {'co': 13502, 'co2': 13264, 'no': 13590, 'no2': 13769, 'o3': 13749}, 'pm': {'pm1': 13212, 'pm10': 13214, 'pm25': 13213}}",2.47,27.85,24.01,8.99,21.19,11.34,534835296,52.9,MOD-00617,24.4,2025-11-06T02:20:37,2025-11-05T18:20:37,https://api.quant-aq.com/v1/devices/MOD-00617/data/534835149
2257.7,1016.02,"{'lat': None, 'lon': None}","{'rh': 53.0, 'temp': 24.4, 'wd': 0.0, 'ws': 0.0, 'ws_scalar': 0.0}","{'gas': {'co': 13502, 'co2': 13264, 'no': 13590, 'no2': 13769, 'o3': 13749}, 'pm': {'pm1': 13212, 'pm10': 13214, 'pm25': 13213}}",2.47,27.85,23.08,9.69,17.01,12.38,534833008,53.0,MOD-00617,24.4,2025-11-06T02:19:37,2025-11-05T18:19:37,https://api.quant-aq.com/v1/devices/MOD-00617/data/534832861
2281.98,1025.41,"{'lat': None, 'lon': None}","{'rh': 53.5, 'temp': 24.4, 'wd': 0.0, 'ws': 0.0, 'ws_scalar': 0.0}","{'gas': {'co': 13502, 'co2': 13264, 'no': 13590, 'no2': 13769, 'o3': 13749}, 'pm': {'pm1': 13212, 'pm10': 13214, 'pm25': 13213}}",2.45,28.3,24.75,9.11,13.54,11.98,534833006,53.5,MOD-00617,24.4,2025-11-06T02:18:37,2025-11-05T18:18:37,https://api.quant-aq.com/v1/devices/MOD-00617/data/534832860
2289.91,1027.58,"{'lat': None, 'lon': None}","{'rh': 53.9, 'temp': 24.4, 'wd': 0.0, 'ws': 0.0, 'ws_scalar': 0.0}","{'gas': {'co': 13502, 'co2': 13264, 'no': 13590, 'no2': 13769, 'o3': 13749}, 'pm': {'pm1': 13212, 'pm10': 13214, 'pm25': 13213}}",2.45,28.76,25.24,9.54,19.36,12.55,534833007,53.9,MOD-00617,24.4,2025-11-06T02:17:37,2025-11-05T18:17:37,https://api.quant-aq.com/v1/devices/MOD-00617/data/534832859
2288.39,1029.75,"{'lat': None, 'lon': None}","{'rh': 54.3, 'temp': 24.4, 'wd': 0.0, 'ws': 0.0, 'ws_scalar': 0.0}","{'gas': {'co': 13502, 'co2': 13264, 'no': 13590, 'no2': 13769, 'o3': 13749}, 'pm': {'pm1': 13212, 'pm10': 13214, 'pm25': 13213}}",2.48,29.45,26.35,9.19,17.16,12.44,534833005,54.3,MOD-00617,24.4,2025-11-06T02:16:37,2025-11-05T18:16:37,https://api.quant-aq.com/v1/devices/MOD-00617/data/534832858
2294.07,1028.67,"{'lat': None, 'lon': None}","{'rh': 54.4, 'temp': 24.4, 'wd': 0.0, 'ws': 0.0, 'ws_scalar': 0.0}","{'gas': {'co': 13502, 'co2': 13264, 'no': 13590, 'no2': 13769, 'o3': 13749}, 'pm': {'pm1': 13212, 'pm10': 13214, 'pm25': 13213}}",2.47,28.5,27.23,10.1,32.77,13.11,534830745,54.4,MOD-00617,24.4,2025-11-06T02:15:37,2025-11-05T18:15:37,https://api.quant-aq.com/v1/devices/MOD-00617/data/534830598
2303.47,1030.35,"{'lat': None, 'lon': None}","{'rh': 54.3, 'temp': 24.3, 'wd': 0.0, 'ws': 0.0, 'ws_scalar': 0.0}","{'gas': {'co': 13502, 'co2': 13264, 'no': 13590, 'no2': 13769, 'o3': 13749}, 'pm': {'pm1': 13212, 'pm10': 13214, 'pm25': 13213}}",2.5,30.16,27.26,9.78,29.89,12.84,534830746,54.3,MOD-00617,24.3,2025-11-06T02:14:37,2025-11-05T18:14:37,https://api.quant-aq.com/v1/devices/MOD-00617/data/534830599
2303.95,1033.12,"{'lat': None, 'lon': None}","{'rh': 54.2, 'temp': 24.3, 'wd': 0.0, 'ws': 0.0, 'ws_scalar': 0.0}","{'gas': {'co': 13502, 'co2': 13264, 'no': 13590, 'no2': 13769, 'o3': 13749}, 'pm': {'pm1': 13212, 'pm10': 13214, 'pm25': 13213}}",2.5,29.92,27.59,9.51,19.17,12.25,534830748,54.2,MOD-00617,24.3,2025-11-06T02:13:37,2025-11-05T18:13:37,https://api.quant-aq.com/v1/devices/MOD-00617/data/534830601
2314.3,1033.12,"{'lat': None, 'lon': None}","{'rh': 53.5, 'temp': 24.3, 'wd': 0.0, 'ws': 0.0, 'ws_scalar': 0.0}","{'gas': {'co': 13502, 'co2': 13264, 'no': 13590, 'no2': 13769, 'o3': 13749}, 'pm': {'pm1': 13212, 'pm10': 13214, 'pm25': 13213}}",2.48,28.53,25.35,8.28,27.21,11.06,534830747,53.5,MOD-00617,24.3,2025-11-06T02:12:37,2025-11-05T18:12:37,https://api.quant-aq.com/v1/devices/MOD-00617/data/534830600
2326.4,1043.96,"{'lat': None, 'lon': None}","{'rh': 53.8, 'temp': 24.3, 'wd': 0.0, 'ws': 0.0, 'ws_scalar': 0.0}","{'gas': {'co': 13502, 'co2': 13264, 'no': 13590, 'no2': 13769, 'o3': 13749}, 'pm': {'pm1': 13212, 'pm10': 13214, 'pm25': 13213}}",2.49,29.94,26.78,10.09,23.2,13.18,534828494,53.8,MOD-00617,24.3,2025-11-06T02:11:37,2025-11-05T18:11:37,https://api.quant-aq.com/v1/devices/MOD-00617/data/534828347
2325.8,1045.89,"{'lat': None, 'lon': None}","{'rh': 53.5, 'temp': 24.3, 'wd': 0.0, 'ws': 0.0, 'ws_scalar': 0.0}","{'gas': {'co': 13502, 'co2': 13264, 'no': 13590, 'no2': 13769, 'o3': 13749}, 'pm': {'pm1': 13212, 'pm10': 13214, 'pm25': 13213}}",2.47,29.48,25.96,9.91,34.53,12.69,534828496,53.5,MOD-00617,24.3,2025-11-06T02:10:37,2025-11-05T18:10:37,https://api.quant-aq.com/v1/devices/MOD-00617/data/534828349
2322.99,1061.07,"{'lat': None, 'lon': None}","{'rh': 53.4, 'temp': 24.3, 'wd': 0.0, 'ws': 0.0, 'ws_scalar': 0.0}","{'gas': {'co': 13502, 'co2': 13264, 'no': 13590, 'no2': 13769, 'o3': 13749}, 'pm': {'pm1': 13212, 'pm10': 13214, 'pm25': 13213}}",2.47,29.01,25.98,9.92,14.41,12.5,534828495,53.4,MOD-00617,24.3,2025-11-06T02:09:37,2025-11-05T18:09:37,https://api.quant-aq.com/v1/devices/MOD-00617/data/534828348
2320.28,1069.74,"{'lat': None, 'lon': None}","{'rh': 53.6, 'temp': 24.2, 'wd': 0.0, 'ws': 0.0, 'ws_scalar': 0.0}","{'gas': {'co': 13502, 'co2': 13264, 'no': 13590, 'no2': 13769, 'o3': 13749}, 'pm': {'pm1': 13212, 'pm10': 13214, 'pm25': 13213}}",2.49,29.23,26.23,9.99,19.11,12.06,534828497,53.6,MOD-00617,24.2,2025-11-06T02:08:37,2025-11-05T18:08:37,https://api.quant-aq.com/v1/devices/MOD-00617/data/534828350
2312.55,1076.0,"{'lat': None, 'lon': None}","{'rh': 53.5, 'temp': 24.2, 'wd': 0.0, 'ws': 0.0, 'ws_scalar': 0.0}","{'gas': {'co': 13502, 'co2': 13264, 'no': 13590, 'no2': 13769, 'o3': 13749}, 'pm': {'pm1': 13212, 'pm10': 13214, 'pm25': 13213}}",2.5,29.47,25.65,9.29,19.83,11.28,534826248,53.5,MOD-00617,24.2,2025-11-06T02:07:37,2025-11-05T18:07:37,https://api.quant-aq.com/v1/devices/MOD-00617/data/534826102
2311.59,1085.16,"{'lat': None, 'lon': None}","{'rh': 53.7, 'temp': 24.2, 'wd': 0.0, 'ws': 0.0, 'ws_scalar': 0.0}","{'gas': {'co': 13502, 'co2': 13264, 'no': 13590, 'no2': 13769, 'o3': 13749}, 'pm': {'pm1': 13212, 'pm10': 13214, 'pm25': 13213}}",2.49,29.46,26.81,10.2,29.15,12.32,534826249,53.7,MOD-00617,24.2,2025-11-06T02:06:37,2025-11-05T18:06:37,https://api.quant-aq.com/v1/devices/MOD-00617/data/534826101
2295.99,1094.79,"{'lat': None, 'lon': None}","{'rh': 53.7, 'temp': 24.2, 'wd': 0.0, 'ws': 0.0, 'ws_scalar': 0.0}","{'gas': {'co': 13502, 'co2': 13264, 'no': 13590, 'no2': 13769, 'o3': 13749}, 'pm': {'pm1': 13212, 'pm10': 13214, 'pm25': 13213}}",2.49,28.99,27.72,10.27,28.83,12.34,534826246,53.7,MOD-00617,24.2,2025-11-06T02:05:37,2025-11-05T18:05:37,https://api.quant-aq.com/v1/devices/MOD-00617/data/534826100
2279.64,1104.31,"{'lat': None, 'lon': None}","{'rh': 53.6, 'temp': 24.2, 'wd': 0.0, 'ws': 0.0, 'ws_scalar': 0.0}","{'gas': {'co': 13502, 'co2': 13264, 'no': 13590, 'no2': 13769, 'o3': 13749}, 'pm': {'pm1': 13212, 'pm10': 13214, 'pm25': 13213}}",2.55,29.94,28.05,10.48,22.28,12.47,534826245,53.6,MOD-00617,24.2,2025-11-06T02:04:37,2025-11-05T18:04:37,https://api.quant-aq.com/v1/devices/MOD-00617/data/534826099
2271.52,1107.56,"{'lat': None, 'lon': None}","{'rh': 52.9, 'temp': 24.2, 'wd': 0.0, 'ws': 0.0, 'ws_scalar': 0.0}","{'gas': {'co': 13502, 'co2': 13264, 'no': 13590, 'no2': 13769, 'o3': 13749}, 'pm': {'pm1': 13212, 'pm10': 13214, 'pm25': 13213}}",2.52,29.97,26.12,10.75,32.15,13.38,534823877,52.9,MOD-00617,24.2,2025-11-06T02:03:37,2025-11-05T18:03:37,https://api.quant-aq.com/v1/devices/MOD-00617/data/534823730
2264.5,1125.87,"{'lat': None, 'lon': None}","{'rh': 52.8, 'temp': 24.1, 'wd': 0.0, 'ws': 0.0, 'ws_scalar': 0.0}","{'gas': {'co': 13502, 'co2': 13264, 'no': 13590, 'no2': 13769, 'o3': 13749}, 'pm': {'pm1': 13212, 'pm10': 13214, 'pm25': 13213}}",2.62,29.49,25.84,10.75,23.95,13.23,534823874,52.8,MOD-00617,24.1,2025-11-06T02:02:37,2025-11-05T18:02:37,https://api.quant-aq.com/v1/devices/MOD-00617/data/534823727
2262.18,1124.9,"{'lat': None, 'lon': None}","{'rh': 52.6, 'temp': 24.1, 'wd': 0.0, 'ws': 0.0, 'ws_scalar': 0.0}","{'gas': {'co': 13502, 'co2': 13264, 'no': 13590, 'no2': 13769, 'o3': 13749}, 'pm': {'pm1': 13212, 'pm10': 13214, 'pm25': 13213}}",2.56,28.08,25.29,11.81,23.11,14.12,534823876,52.6,MOD-00617,24.1,2025-11-06T02:01:37,2025-11-05T18:01:37,https://api.quant-aq.com/v1/devices/MOD-00617/data/534823729
2250.2,1119.6,"{'lat': None, 'lon': None}","{'rh': 52.7, 'temp': 24.1, 'wd': 0.0, 'ws': 0.0, 'ws_scalar': 0.0}","{'gas': {'co': 13502, 'co2': 13264, 'no': 13590, 'no2': 13769, 'o3': 13749}, 'pm': {'pm1': 13212, 'pm10': 13214, 'pm25': 13213}}",2.62,29.02,25.87,11.68,32.46,14.28,534823875,52.7,MOD-00617,24.1,2025-11-06T02:00:37,2025-11-05T18:00:37,https://api.quant-aq.com/v1/devices/MOD-00617/data/534823728
2255.74,1123.46,"{'lat': None, 'lon': None}","{'rh': 53.0, 'temp': 24.1, 'wd': 0.0, 'ws': 0.0, 'ws_scalar': 0.0}","{'gas': {'co': 13502, 'co2': 13264, 'no': 13590, 'no2': 13769, 'o3': 13749}, 'pm': {'pm1': 13212, 'pm10': 13214, 'pm25': 13213}}",2.5,29.01,26.69,10.48,26.4,12.72,534821682,53.0,MOD-00617,24.1,2025-11-06T01:59:37,2025-11-05T17:59:37,https://api.quant-aq.com/v1/devices/MOD-00617/data/534821535
2234.73,1112.14,"{'lat': None, 'lon': None}","{'rh': 53.1, 'temp': 24.1, 'wd': 0.0, 'ws': 0.0, 'ws_scalar': 0.0}","{'gas': {'co': 13502, 'co2': 13264, 'no': 13590, 'no2': 13769, 'o3': 13749}, 'pm': {'pm1': 13212, 'pm10': 13214, 'pm25': 13213}}",2.57,30.67,27.57,11.82,31.64,14.39,534821680,53.1,MOD-00617,24.1,2025-11-06T01:58:37,2025-11-05T17:58:37,https://api.quant-aq.com/v1/devices/MOD-00617/data/534821533
2233.14,1123.46,"{'lat': None, 'lon': None}","{'rh': 52.3, 'temp': 24.0, 'wd': 0.0, 'ws': 0.0, 'ws_scalar': 0.0}","{'gas': {'co': 13502, 'co2': 13264, 'no': 13590, 'no2': 13769, 'o3': 13749}, 'pm': {'pm1': 13212, 'pm10': 13214, 'pm25': 13213}}",2.62,29.03,26.57,11.79,60.98,14.29,534821681,52.3,MOD-00617,24.0,2025-11-06T01:57:37,2025-11-05T17:57:37,https://api.quant-aq.com/v1/devices/MOD-00617/data/534821534
2236.21,1126.95,"{'lat': None, 'lon': None}","{'rh': 52.6, 'temp': 24.0, 'wd': 0.0, 'ws': 0.0, 'ws_scalar': 0.0}","{'gas': {'co': 13502, 'co2': 13264, 'no': 13590, 'no2': 13769, 'o3': 13749}, 'pm': {'pm1': 13212, 'pm10': 13214, 'pm25': 13213}}",2.58,29.97,27.4,11.73,20.49,14.16,534821683,52.6,MOD-00617,24.0,2025-11-06T01:56:37,2025-11-05T17:56:37,https://api.quant-aq.com/v1/devices/MOD-00617/data/534821536
2212.01,1101.66,"{'lat': None, 'lon': None}","{'rh': 52.0, 'temp': 24.0, 'wd': 0.0, 'ws': 0.0, 'ws_scalar': 0.0}","{'gas': {'co': 13502, 'co2': 13264, 'no': 13590, 'no2': 13769, 'o3': 13749}, 'pm': {'pm1': 13212, 'pm10': 13214, 'pm25': 13213}}",2.62,30.23,27.25,11.87,22.37,14.44,534819409,52.0,MOD-00617,24.0,2025-11-06T01:55:37,2025-11-05T17:55:37,https://api.quant-aq.com/v1/devices/MOD-00617/data/534819264
2211.47,1096.72,"{'lat': None, 'lon': None}","{'rh': 51.6, 'temp': 24.0, 'wd': 0.0, 'ws': 0.0, 'ws_scalar': 0.0}","{'gas': {'co': 13502, 'co2': 13264, 'no': 13590, 'no2': 13769, 'o3': 13749}, 'pm': {'pm1': 13212, 'pm10': 13214, 'pm25': 13213}}",2.6,28.83,27.06,11.48,23.7,13.56,534819411,51.6,MOD-00617,24.0,2025-11-06T01:54:37,2025-11-05T17:54:37,https://api.quant-aq.com/v1/devices/MOD-00617/data/534819265
2208.33,1108.88,"{'lat': None, 'lon': None}","{'rh': 51.4, 'temp': 24.0, 'wd': 0.0, 'ws': 0.0, 'ws_scalar': 0.0}","{'gas': {'co': 13502, 'co2': 13264, 'no': 13590, 'no2': 13769, 'o3': 13749}, 'pm': {'pm1': 13212, 'pm10': 13214, 'pm25': 13213}}",2.63,29.07,27.11,11.43,21.36,13.84,534819407,51.4,MOD-00617,24.0,2025-11-06T01:53:37,2025-11-05T17:53:37,https://api.quant-aq.com/v1/devices/MOD-00617/data/534819261
2201.7,1084.91,"{'lat': None, 'lon': None}","{'rh': 50.9, 'temp': 24.0, 'wd': 0.0, 'ws': 0.0, 'ws_scalar': 0.0}","{'gas': {'co': 13502, 'co2': 13264, 'no': 13590, 'no2': 13769, 'o3': 13749}, 'pm': {'pm1': 13212, 'pm10': 13214, 'pm25': 13213}}",3.32,29.33,26.95,11.73,23.25,13.72,534819406,50.9,MOD-00617,24.0,2025-11-06T01:52:37,2025-11-05T17:52:37,https://api.quant-aq.com/v1/devices/MOD-00617/data/534819259
2197.01,1049.14,"{'lat': None, 'lon': None}","{'rh': 50.0, 'temp': 24.0, 'wd': 0.0, 'ws': 0.0, 'ws_scalar': 0.0}","{'gas': {'co': 13502, 'co2': 13264, 'no': 13590, 'no2': 13769, 'o3': 13749}, 'pm': {'pm1': 13212, 'pm10': 13214, 'pm25': 13213}}",3.15,28.89,25.41,11.64,36.07,13.84,534817107,50.0,MOD-00617,24.0,2025-11-06T01:51:37,2025-11-05T17:51:37,https://api.quant-aq.com/v1/devices/MOD-00617/data/534816962
2204.03,1032.04,"{'lat': None, 'lon': None}","{'rh': 49.2, 'temp': 23.9, 'wd': 0.0, 'ws': 0.0, 'ws_scalar': 0.0}","{'gas': {'co': 13502, 'co2': 13264, 'no': 13590, 'no2': 13769, 'o3': 13749}, 'pm': {'pm1': 13212, 'pm10': 13214, 'pm25': 13213}}",3.17,9.94,23.56,10.31,25.51,12.06,534817109,49.2,MOD-00617,23.9,2025-11-06T01:50:37,2025-11-05T17:50:37,https://api.quant-aq.com/v1/devices/MOD-00617/data/534816960
2208.76,1022.64,"{'lat': None, 'lon': None}","{'rh': 48.9, 'temp': 23.9, 'wd': 0.0, 'ws': 0.0, 'ws_scalar': 0.0}","{'gas': {'co': 13502, 'co2': 13264, 'no': 13590, 'no2': 13769, 'o3': 13749}, 'pm': {'pm1': 13212, 'pm10': 13214, 'pm25': 13213}}",3.19,11.32,22.76,10.62,20.9,12.65,534817103,48.9,MOD-00617,23.9,2025-11-06T01:49:37,2025-11-05T17:49:37,https://api.quant-aq.com/v1/devices/MOD-00617/data/534816957
2218.2,1026.26,"{'lat': None, 'lon': None}","{'rh': 48.9, 'temp': 23.9, 'wd': 0.0, 'ws': 0.0, 'ws_scalar': 0.0}","{'gas': {'co': 13502, 'co2': 13264, 'no': 13590, 'no2': 13769, 'o3': 13749}, 'pm': {'pm1': 13212, 'pm10': 13214, 'pm25': 13213}}",3.18,11.32,23.94,8.4,12.24,9.71,534817105,48.9,MOD-00617,23.9,2025-11-06T01:48:37,2025-11-05T17:48:37,https://api.quant-aq.com/v1/devices/MOD-00617/data/534816961
2223.88,1021.8,"{'lat': None, 'lon': None}","{'rh': 49.0, 'temp': 23.9, 'wd': 0.0, 'ws': 0.0, 'ws_scalar': 0.0}","{'gas': {'co': 13502, 'co2': 13264, 'no': 13590, 'no2': 13769, 'o3': 13749}, 'pm': {'pm1': 13212, 'pm10': 13214, 'pm25': 13213}}",3.15,11.31,23.02,7.36,22.77,8.09,534814887,49.0,MOD-00617,23.9,2025-11-06T01:47:37,2025-11-05T17:47:37,https://api.quant-aq.com/v1/devices/MOD-00617/data/534814740
2230.72,1033.12,"{'lat': None, 'lon': None}","{'rh': 49.2, 'temp': 23.9, 'wd': 0.0, 'ws': 0.0, 'ws_scalar': 0.0}","{'gas': {'co': 13502, 'co2': 13264, 'no': 13590, 'no2': 13769, 'o3': 13749}, 'pm': {'pm1': 13212, 'pm10': 13214, 'pm25': 13213}}",3.17,11.34,23.85,6.91,9.74,7.64,534814888,49.2,MOD-00617,23.9,2025-11-06T01:46:37,2025-11-05T17:46:37,https://api.quant-aq.com/v1/devices/MOD-00617/data/534814741
2238.87,999.76,"{'lat': None, 'lon': None}","{'rh': 48.7, 'temp': 23.9, 'wd': 0.0, 'ws': 0.0, 'ws_scalar': 0.0}","{'gas': {'co': 13502, 'co2': 13264, 'no': 13590, 'no2': 13769, 'o3': 13749}, 'pm': {'pm1': 13212, 'pm10': 13214, 'pm25': 13213}}",3.22,11.55,23.41,7.47,11.66,8.18,534814889,48.7,MOD-00617,23.9,2025-11-06T01:45:37,2025-11-05T17:45:37,https://api.quant-aq.com/v1/devices/MOD-00617/data/534814742
2247.01,1010.36,"{'lat': None, 'lon': None}","{'rh': 48.8, 'temp': 23.9, 'wd': 0.0, 'ws': 0.0, 'ws_scalar': 0.0}","{'gas': {'co': 13502, 'co2': 13264, 'no': 13590, 'no2': 13769, 'o3': 13749}, 'pm': {'pm1': 13212, 'pm10': 13214, 'pm25': 13213}}",3.89,12.77,22.49,7.85,15.8,8.78,534814886,48.8,MOD-00617,23.9,2025-11-06T01:44:37,2025-11-05T17:44:37,https://api.quant-aq.com/v1/devices/MOD-00617/data/534814739
2275.26,1017.34,"{'lat': None, 'lon': None}","{'rh': 48.9, 'temp': 23.9, 'wd': 0.0, 'ws': 0.0, 'ws_scalar': 0.0}","{'gas': {'co': 13502, 'co2': 13264, 'no': 13590, 'no2': 13769, 'o3': 13749}, 'pm': {'pm1': 13212, 'pm10': 13214, 'pm25': 13213}}",3.16,11.08,22.76,7.83,22.4,8.98,534812575,48.9,MOD-00617,23.9,2025-11-06T01:43:37,2025-11-05T17:43:37,https://api.quant-aq.com/v1/devices/MOD-00617/data/534812427
2296.61,1013.49,"{'lat': None, 'lon': None}","{'rh': 48.9, 'temp': 23.9, 'wd': 0.0, 'ws': 0.0, 'ws_scalar': 0.0}","{'gas': {'co': 13502, 'co2': 13264, 'no': 13590, 'no2': 13769, 'o3': 13749}, 'pm': {'pm1': 13212, 'pm10': 13214, 'pm25': 13213}}",3.14,11.08,22.76,7.3,31.69,8.11,534812577,48.9,MOD-00617,23.9,2025-11-06T01:42:37,2025-11-05T17:42:37,https://api.quant-aq.com/v1/devices/MOD-00617/data/534812429
2317.21,1011.68,"{'lat': None, 'lon': None}","{'rh': 48.8, 'temp': 23.9, 'wd': 0.0, 'ws': 0.0, 'ws_scalar': 0.0}","{'gas': {'co': 13502, 'co2': 13264, 'no': 13590, 'no2': 13769, 'o3': 13749}, 'pm': {'pm1': 13212, 'pm10': 13214, 'pm25': 13213}}",3.14,9.94,22.2,7.92,12.58,8.56,534812574,48.8,MOD-00617,23.9,2025-11-06T01:41:37,2025-11-05T17:41:37,https://api.quant-aq.com/v1/devices/MOD-00617/data/534812428
2338.41,1026.98,"{'lat': None, 'lon': None}","{'rh': 49.0, 'temp': 23.9, 'wd': 0.0, 'ws': 0.0, 'ws_scalar': 0.0}","{'gas': {'co': 13502, 'co2': 13264, 'no': 13590, 'no2': 13769, 'o3': 13749}, 'pm': {'pm1': 13212, 'pm10': 13214, 'pm25': 13213}}",3.14,11.07,22.73,7.53,13.29,8.19,534812576,49.0,MOD-00617,23.9,2025-11-06T01:40:37,2025-11-05T17:40:37,https://api.quant-aq.com/v1/devices/MOD-00617/data/534812430
2365.84,1031.56,"{'lat': None, 'lon': None}","{'rh': 49.1, 'temp': 23.9, 'wd': 0.0, 'ws': 0.0, 'ws_scalar': 0.0}","{'gas': {'co': 13502, 'co2': 13264, 'no': 13590, 'no2': 13769, 'o3': 13749}, 'pm': {'pm1': 13212, 'pm10': 13214, 'pm25': 13213}}",3.18,11.12,22.11,7.28,10.5,7.87,534810346,49.1,MOD-00617,23.9,2025-11-06T01:39:37,2025-11-05T17:39:37,https://api.quant-aq.com/v1/devices/MOD-00617/data/534810199
2386.43,1045.65,"{'lat': None, 'lon': None}","{'rh': 49.6, 'temp': 23.9, 'wd': 0.0, 'ws': 0.0, 'ws_scalar': 0.0}","{'gas': {'co': 13502, 'co2': 13264, 'no': 13590, 'no2': 13769, 'o3': 13749}, 'pm': {'pm1': 13212, 'pm10': 13214, 'pm25': 13213}}",3.22,10.01,23.14,7.46,22.94,7.97,534810345,49.6,MOD-00617,23.9,2025-11-06T01:38:37,2025-11-05T17:38:37,https://api.quant-aq.com/v1/devices/MOD-00617/data/534810197
2409.07,1025.9,"{'lat': None, 'lon': None}","{'rh': 49.5, 'temp': 23.9, 'wd': 0.0, 'ws': 0.0, 'ws_scalar': 0.0}","{'gas': {'co': 13502, 'co2': 13264, 'no': 13590, 'no2': 13769, 'o3': 13749}, 'pm': {'pm1': 13212, 'pm10': 13214, 'pm25': 13213}}",3.22,10.02,22.58,7.71,12.02,8.27,534810344,49.5,MOD-00617,23.9,2025-11-06T01:37:37,2025-11-05T17:37:37,https://api.quant-aq.com/v1/devices/MOD-00617/data/534810198
2436.6,1038.42,"{'lat': None, 'lon': None}","{'rh': 49.9, 'temp': 23.8, 'wd': 0.0, 'ws': 0.0, 'ws_scalar': 0.0}","{'gas': {'co': 13502, 'co2': 13264, 'no': 13590, 'no2': 13769, 'o3': 13749}, 'pm': {'pm1': 13212, 'pm10': 13214, 'pm25': 13213}}",3.22,9.81,23.35,6.83,37.55,7.54,534810343,49.9,MOD-00617,23.8,2025-11-06T01:36:37,2025-11-05T17:36:37,https://api.quant-aq.com/v1/devices/MOD-00617/data/534810196
2457.46,1044.93,"{'lat': None, 'lon': None}","{'rh': 50.0, 'temp': 23.8, 'wd': 0.0, 'ws': 0.0, 'ws_scalar': 0.0}","{'gas': {'co': 13502, 'co2': 13264, 'no': 13590, 'no2': 13769, 'o3': 13749}, 'pm': {'pm1': 13212, 'pm10': 13214, 'pm25': 13213}}",3.22,8.04,23.61,7.38,13.33,8.33,534808068,50.0,MOD-00617,23.8,2025-11-06T01:35:37,2025-11-05T17:35:37,https://api.quant-aq.com/v1/devices/MOD-00617/data/534807925
2471.69,1050.71,"{'lat': None, 'lon': None}","{'rh': 50.2, 'temp': 23.8, 'wd': 0.0, 'ws': 0.0, 'ws_scalar': 0.0}","{'gas': {'co': 13502, 'co2': 13264, 'no': 13590, 'no2': 13769, 'o3': 13749}, 'pm': {'pm1': 13212, 'pm10': 13214, 'pm25': 13213}}",3.28,9.29,23.85,8.03,26.99,8.54,534808072,50.2,MOD-00617,23.8,2025-11-06T01:34:37,2025-11-05T17:34:37,https://api.quant-aq.com/v1/devices/MOD-00617/data/534807927
2498.3,1052.39,"{'lat': None, 'lon': None}","{'rh': 50.3, 'temp': 23.8, 'wd': 0.0, 'ws': 0.0, 'ws_scalar': 0.0}","{'gas': {'co': 13502, 'co2': 13264, 'no': 13590, 'no2': 13769, 'o3': 13749}, 'pm': {'pm1': 13212, 'pm10': 13214, 'pm25': 13213}}",3.27,16.08,23.83,7.87,11.35,8.59,534808069,50.3,MOD-00617,23.8,2025-11-06T01:33:37,2025-11-05T17:33:37,https://api.quant-aq.com/v1/devices/MOD-00617/data/534807926
2516.77,1052.52,"{'lat': None, 'lon': None}","{'rh': 50.3, 'temp': 23.8, 'wd': 0.0, 'ws': 0.0, 'ws_scalar': 0.0}","{'gas': {'co': 13502, 'co2': 13264, 'no': 13590, 'no2': 13769, 'o3': 13749}, 'pm': {'pm1': 13212, 'pm10': 13214, 'pm25': 13213}}",3.28,9.37,24.12,8.72,29.7,9.25,534808073,50.3,MOD-00617,23.8,2025-11-06T01:32:37,2025-11-05T17:32:37,https://api.quant-aq.com/v1/devices/MOD-00617/data/534807928
2537.84,1063.48,"{'lat': None, 'lon': None}","{'rh': 50.7, 'temp': 23.8, 'wd': 0.0, 'ws': 0.0, 'ws_scalar': 0.0}","{'gas': {'co': 13502, 'co2': 13264, 'no': 13590, 'no2': 13769, 'o3': 13749}, 'pm': {'pm1': 13212, 'pm10': 13214, 'pm25': 13213}}",3.26,23.57,24.91,7.81,22.5,8.55,534805802,50.7,MOD-00617,23.8,2025-11-06T01:31:37,2025-11-05T17:31:37,https://api.quant-aq.com/v1/devices/MOD-00617/data/534805655
2553.22,1067.45,"{'lat': None, 'lon': None}","{'rh': 51.0, 'temp': 23.8, 'wd': 0.0, 'ws': 0.0, 'ws_scalar': 0.0}","{'gas': {'co': 13502, 'co2': 13264, 'no': 13590, 'no2': 13769, 'o3': 13749}, 'pm': {'pm1': 13212, 'pm10': 13214, 'pm25': 13213}}",3.21,26.94,26.02,9.03,18.64,9.72,534805801,51.0,MOD-00617,23.8,2025-11-06T01:30:37,2025-11-05T17:30:37,https://api.quant-aq.com/v1/devices/MOD-00617/data/534805654
2576.64,1058.3,"{'lat': None, 'lon': None}","{'rh': 50.4, 'temp': 23.8, 'wd': 0.0, 'ws': 0.0, 'ws_scalar': 0.0}","{'gas': {'co': 13502, 'co2': 13264, 'no': 13590, 'no2': 13769, 'o3': 13749}, 'pm': {'pm1': 13212, 'pm10': 13214, 'pm25': 13213}}",3.27,17.3,25.29,9.29,21.53,9.92,534805799,50.4,MOD-00617,23.8,2025-11-06T01:29:37,2025-11-05T17:29:37,https://api.quant-aq.com/v1/devices/MOD-00617/data/534805652
2579.85,1061.31,"{'lat': None, 'lon': None}","{'rh': 50.5, 'temp': 23.8, 'wd': 0.0, 'ws': 0.0, 'ws_scalar': 0.0}","{'gas': {'co': 13502, 'co2': 13264, 'no': 13590, 'no2': 13769, 'o3': 13749}, 'pm': {'pm1': 13212, 'pm10': 13214, 'pm25': 13213}}",3.27,20.33,26.15,9.53,43.86,10.32,534805800,50.5,MOD-00617,23.8,2025-11-06T01:28:37,2025-11-05T17:28:37,https://api.quant-aq.com/v1/devices/MOD-00617/data/534805653
2606.28,1033.73,"{'lat': None, 'lon': None}","{'rh': 49.7, 'temp': 23.8, 'wd': 0.0, 'ws': 0.0, 'ws_scalar': 0.0}","{'gas': {'co': 13502, 'co2': 13264, 'no': 13590, 'no2': 13769, 'o3': 13749}, 'pm': {'pm1': 13212, 'pm10': 13214, 'pm25': 13213}}",3.26,9.67,24.59,11.06,31.22,11.93,534803494,49.7,MOD-00617,23.8,2025-11-06T01:27:37,2025-11-05T17:27:37,https://api.quant-aq.com/v1/devices/MOD-00617/data/534803347
2622.77,1022.4,"{'lat': None, 'lon': None}","{'rh': 49.6, 'temp': 23.8, 'wd': 0.0, 'ws': 0.0, 'ws_scalar': 0.0}","{'gas': {'co': 13502, 'co2': 13264, 'no': 13590, 'no2': 13769, 'o3': 13749}, 'pm': {'pm1': 13212, 'pm10': 13214, 'pm25': 13213}}",3.26,7.48,25.51,10.38,17.07,11.16,534803493,49.6,MOD-00617,23.8,2025-11-06T01:26:37,2025-11-05T17:26:37,https://api.quant-aq.com/v1/devices/MOD-00617/data/534803346
2643.58,1001.21,"{'lat': None, 'lon': None}","{'rh': 49.2, 'temp': 23.8, 'wd': 0.0, 'ws': 0.0, 'ws_scalar': 0.0}","{'gas': {'co': 13502, 'co2': 13264, 'no': 13590, 'no2': 13769, 'o3': 13749}, 'pm': {'pm1': 13212, 'pm10': 13214, 'pm25': 13213}}",3.27,7.41,25.32,10.92,17.12,11.71,534803496,49.2,MOD-00617,23.8,2025-11-06T01:25:37,2025-11-05T17:25:37,https://api.quant-aq.com/v1/devices/MOD-00617/data/534803349
2654.2,971.46,"{'lat': None, 'lon': None}","{'rh': 48.7, 'temp': 23.8, 'wd': 0.0, 'ws': 0.0, 'ws_scalar': 0.0}","{'gas': {'co': 13502, 'co2': 13264, 'no': 13590, 'no2': 13769, 'o3': 13749}, 'pm': {'pm1': 13212, 'pm10': 13214, 'pm25': 13213}}",3.19,9.82,24.28,10.21,15.35,10.9,534803495,48.7,MOD-00617,23.8,2025-11-06T01:24:37,2025-11-05T17:24:37,https://api.quant-aq.com/v1/devices/MOD-00617/data/534803348
2671.6,943.27,"{'lat': None, 'lon': None}","{'rh': 47.9, 'temp': 23.8, 'wd': 0.0, 'ws': 0.0, 'ws_scalar': 0.0}","{'gas': {'co': 13502, 'co2': 13264, 'no': 13590, 'no2': 13769, 'o3': 13749}, 'pm': {'pm1': 13212, 'pm10': 13214, 'pm25': 13213}}",3.99,11.44,23.04,8.92,17.2,9.5,534801252,47.9,MOD-00617,23.8,2025-11-06T01:23:37,2025-11-05T17:23:37,https://api.quant-aq.com/v1/devices/MOD-00617/data/534801103
2669.81,957.97,"{'lat': None, 'lon': None}","{'rh': 48.1, 'temp': 23.8, 'wd': 0.0, 'ws': 0.0, 'ws_scalar': 0.0}","{'gas': {'co': 13502, 'co2': 13264, 'no': 13590, 'no2': 13769, 'o3': 13749}, 'pm': {'pm1': 13212, 'pm10': 13214, 'pm25': 13213}}",3.98,11.34,22.98,10.01,40.99,10.61,534801253,48.1,MOD-00617,23.8,2025-11-06T01:22:37,2025-11-05T17:22:37,https://api.quant-aq.com/v1/devices/MOD-00617/data/534801106
2675.15,958.69,"{'lat': None, 'lon': None}","{'rh': 48.1, 'temp': 23.8, 'wd': 0.0, 'ws': 0.0, 'ws_scalar': 0.0}","{'gas': {'co': 13502, 'co2': 13264, 'no': 13590, 'no2': 13769, 'o3': 13749}, 'pm': {'pm1': 13212, 'pm10': 13214, 'pm25': 13213}}",3.97,11.35,22.69,10.08,18.35,10.74,534801250,48.1,MOD-00617,23.8,2025-11-06T01:21:37,2025-11-05T17:21:37,https://api.quant-aq.com/v1/devices/MOD-00617/data/534801105
2690.34,952.55,"{'lat': None, 'lon': None}","{'rh': 48.1, 'temp': 23.8, 'wd': 0.0, 'ws': 0.0, 'ws_scalar': 0.0}","{'gas': {'co': 13502, 'co2': 13264, 'no': 13590, 'no2': 13769, 'o3': 13749}, 'pm': {'pm1': 13212, 'pm10': 13214, 'pm25': 13213}}",3.96,11.38,22.98,10.21,16.02,10.87,534801251,48.1,MOD-00617,23.8,2025-11-06T01:20:37,2025-11-05T17:20:37,https://api.quant-aq.com/v1/devices/MOD-00617/data/534801104
2690.07,951.82,"{'lat': None, 'lon': None}","{'rh': 47.9, 'temp': 23.8, 'wd': 0.0, 'ws': 0.0, 'ws_scalar': 0.0}","{'gas': {'co': 13502, 'co2': 13264, 'no': 13590, 'no2': 13769, 'o3': 13749}, 'pm': {'pm1': 13212, 'pm10': 13214, 'pm25': 13213}}",3.45,11.17,22.16,9.15,10.53,9.92,534798683,47.9,MOD-00617,23.8,2025-11-06T01:19:37,2025-11-05T17:19:37,https://api.quant-aq.com/v1/devices/MOD-00617/data/534798539
2667.35,958.33,"{'lat': None, 'lon': None}","{'rh': 48.1, 'temp': 23.8, 'wd': 0.0, 'ws': 0.0, 'ws_scalar': 0.0}","{'gas': {'co': 13502, 'co2': 13264, 'no': 13590, 'no2': 13769, 'o3': 13749}, 'pm': {'pm1': 13212, 'pm10': 13214, 'pm25': 13213}}",3.93,11.32,22.4,8.15,9.59,8.76,534798676,48.1,MOD-00617,23.8,2025-11-06T01:18:37,2025-11-05T17:18:37,https://api.quant-aq.com/v1/devices/MOD-00617/data/534798535
2661.94,965.19,"{'lat': None, 'lon': None}","{'rh': 48.2, 'temp': 23.8, 'wd': 0.0, 'ws': 0.0, 'ws_scalar': 0.0}","{'gas': {'co': 13502, 'co2': 13264, 'no': 13590, 'no2': 13769, 'o3': 13749}, 'pm': {'pm1': 13212, 'pm10': 13214, 'pm25': 13213}}",3.91,11.28,22.95,8.38,20.59,8.84,534798680,48.2,MOD-00617,23.8,2025-11-06T01:17:37,2025-11-05T17:17:37,https://api.quant-aq.com/v1/devices/MOD-00617/data/534798538
2672.67,979.52,"{'lat': None, 'lon': None}","{'rh': 48.7, 'temp': 23.8, 'wd': 0.0, 'ws': 0.0, 'ws_scalar': 0.0}","{'gas': {'co': 13502, 'co2': 13264, 'no': 13590, 'no2': 13769, 'o3': 13749}, 'pm': {'pm1': 13212, 'pm10': 13214, 'pm25': 13213}}",3.15,9.8,23.1,8.21,16.77,8.78,534798678,48.7,MOD-00617,23.8,2025-11-06T01:16:37,2025-11-05T17:16:37,https://api.quant-aq.com/v1/devices/MOD-00617/data/534798536
2679.04,974.11,"{'lat': None, 'lon': None}","{'rh': 48.4, 'temp': 23.8, 'wd': 0.0, 'ws': 0.0, 'ws_scalar': 0.0}","{'gas': {'co': 13502, 'co2': 13264, 'no': 13590, 'no2': 13769, 'o3': 13749}, 'pm': {'pm1': 13212, 'pm10': 13214, 'pm25': 13213}}",3.92,10.48,22.9,9.46,12.72,9.96,534796323,48.4,MOD-00617,23.8,2025-11-06T01:15:37,2025-11-05T17:15:37,https://api.quant-aq.com/v1/devices/MOD-00617/data/534796177
2683.47,993.26,"{'lat': None, 'lon': None}","{'rh': 49.1, 'temp': 23.8, 'wd': 0.0, 'ws': 0.0, 'ws_scalar': 0.0}","{'gas': {'co': 13502, 'co2': 13264, 'no': 13590, 'no2': 13769, 'o3': 13749}, 'pm': {'pm1': 13212, 'pm10': 13214, 'pm25': 13213}}",3.22,9.9,25.06,10.83,12.84,11.69,534796322,49.1,MOD-00617,23.8,2025-11-06T01:14:37,2025-11-05T17:14:37,https://api.quant-aq.com/v1/devices/MOD-00617/data/534796175
2689.09,978.2,"{'lat': None, 'lon': None}","{'rh': 48.7, 'temp': 23.8, 'wd': 0.0, 'ws': 0.0, 'ws_scalar': 0.0}","{'gas': {'co': 13502, 'co2': 13264, 'no': 13590, 'no2': 13769, 'o3': 13749}, 'pm': {'pm1': 13212, 'pm10': 13214, 'pm25': 13213}}",3.19,9.81,23.1,11.83,24.39,12.33,534796318,48.7,MOD-00617,23.8,2025-11-06T01:13:37,2025-11-05T17:13:37,https://api.quant-aq.com/v1/devices/MOD-00617/data/534796174
2693.14,969.77,"{'lat': None, 'lon': None}","{'rh': 48.2, 'temp': 23.8, 'wd': 0.0, 'ws': 0.0, 'ws_scalar': 0.0}","{'gas': {'co': 13502, 'co2': 13264, 'no': 13590, 'no2': 13769, 'o3': 13749}, 'pm': {'pm1': 13212, 'pm10': 13214, 'pm25': 13213}}",3.92,11.3,22.07,9.79,11.93,10.39,534796316,48.2,MOD-00617,23.8,2025-11-06T01:12:37,2025-11-05T17:12:37,https://api.quant-aq.com/v1/devices/MOD-00617/data/534796173
2696.45,995.66,"{'lat': None, 'lon': None}","{'rh': 48.9, 'temp': 23.9, 'wd': 0.0, 'ws': 0.0, 'ws_scalar': 0.0}","{'gas': {'co': 13502, 'co2': 13264, 'no': 13590, 'no2': 13769, 'o3': 13749}, 'pm': {'pm1': 13212, 'pm10': 13214, 'pm25': 13213}}",3.17,9.92,23.05,8.36,11.39,8.99,534794063,48.9,MOD-00617,23.9,2025-11-06T01:11:37,2025-11-05T17:11:37,https://api.quant-aq.com/v1/devices/MOD-00617/data/534793916
2697.82,981.69,"{'lat': None, 'lon': None}","{'rh': 48.7, 'temp': 23.9, 'wd': 0.0, 'ws': 0.0, 'ws_scalar': 0.0}","{'gas': {'co': 13502, 'co2': 13264, 'no': 13590, 'no2': 13769, 'o3': 13749}, 'pm': {'pm1': 13212, 'pm10': 13214, 'pm25': 13213}}",3.22,9.97,23.11,7.33,15.82,7.76,534794062,48.7,MOD-00617,23.9,2025-11-06T01:10:37,2025-11-05T17:10:37,https://api.quant-aq.com/v1/devices/MOD-00617/data/534793915
2689.2,987.59,"{'lat': None, 'lon': None}","{'rh': 48.7, 'temp': 23.9, 'wd': 0.0, 'ws': 0.0, 'ws_scalar': 0.0}","{'gas': {'co': 13502, 'co2': 13264, 'no': 13590, 'no2': 13769, 'o3': 13749}, 'pm': {'pm1': 13212, 'pm10': 13214, 'pm25': 13213}}",3.22,9.98,22.82,5.7,16.66,6.31,534794061,48.7,MOD-00617,23.9,2025-11-06T01:09:37,2025-11-05T17:09:37,https://api.quant-aq.com/v1/devices/MOD-00617/data/534793914
2691.25,993.62,"{'lat': None, 'lon': None}","{'rh': 48.7, 'temp': 23.9, 'wd': 0.0, 'ws': 0.0, 'ws_scalar': 0.0}","{'gas': {'co': 13502, 'co2': 13264, 'no': 13590, 'no2': 13769, 'o3': 13749}, 'pm': {'pm1': 13212, 'pm10': 13214, 'pm25': 13213}}",3.9,9.98,21.93,5.18,6.88,5.65,534794060,48.7,MOD-00617,23.9,2025-11-06T01:08:37,2025-11-05T17:08:37,https://api.quant-aq.com/v1/devices/MOD-00617/data/534793913
2690.49,1021.32,"{'lat': None, 'lon': None}","{'rh': 49.2, 'temp': 23.9, 'wd': 0.0, 'ws': 0.0, 'ws_scalar': 0.0}","{'gas': {'co': 13502, 'co2': 13264, 'no': 13590, 'no2': 13769, 'o3': 13749}, 'pm': {'pm1': 13212, 'pm10': 13214, 'pm25': 13213}}",3.22,10.0,23.26,5.21,14.46,5.74,534791782,49.2,MOD-00617,23.9,2025-11-06T01:07:37,2025-11-05T17:07:37,https://api.quant-aq.com/v1/devices/MOD-00617/data/534791635
2688.02,1020.96,"{'lat': None, 'lon': None}","{'rh': 49.2, 'temp': 23.9, 'wd': 0.0, 'ws': 0.0, 'ws_scalar': 0.0}","{'gas': {'co': 13502, 'co2': 13264, 'no': 13590, 'no2': 13769, 'o3': 13749}, 'pm': {'pm1': 13212, 'pm10': 13214, 'pm25': 13213}}",3.22,10.0,22.96,5.6,21.44,6.08,534791779,49.2,MOD-00617,23.9,2025-11-06T01:06:37,2025-11-05T17:06:37,https://api.quant-aq.com/v1/devices/MOD-00617/data/534791632
2673.37,1030.11,"{'lat': None, 'lon': None}","{'rh': 49.6, 'temp': 23.9, 'wd': 0.0, 'ws': 0.0, 'ws_scalar': 0.0}","{'gas': {'co': 13502, 'co2': 13264, 'no': 13590, 'no2': 13769, 'o3': 13749}, 'pm': {'pm1': 13212, 'pm10': 13214, 'pm25': 13213}}",3.17,10.0,24.03,5.52,19.86,5.97,534791781,49.6,MOD-00617,23.9,2025-11-06T01:05:37,2025-11-05T17:05:37,https://api.quant-aq.com/v1/devices/MOD-00617/data/534791634
2671.73,1025.29,"{'lat': None, 'lon': None}","{'rh': 49.6, 'temp': 23.9, 'wd': 0.0, 'ws': 0.0, 'ws_scalar': 0.0}","{'gas': {'co': 13502, 'co2': 13264, 'no': 13590, 'no2': 13769, 'o3': 13749}, 'pm': {'pm1': 13212, 'pm10': 13214, 'pm25': 13213}}",3.22,9.91,24.03,4.7,17.49,5.18,534791780,49.6,MOD-00617,23.9,2025-11-06T01:04:37,2025-11-05T17:04:37,https://api.quant-aq.com/v1/devices/MOD-00617/data/534791633
2661.06,1033.12,"{'lat': None, 'lon': None}","{'rh': 49.6, 'temp': 23.9, 'wd': 0.0, 'ws': 0.0, 'ws_scalar': 0.0}","{'gas': {'co': 13502, 'co2': 13264, 'no': 13590, 'no2': 13769, 'o3': 13749}, 'pm': {'pm1': 13212, 'pm10': 13214, 'pm25': 13213}}",3.22,9.96,24.33,4.28,15.99,4.6,534789392,49.6,MOD-00617,23.9,2025-11-06T01:03:37,2025-11-05T17:03:37,https://api.quant-aq.com/v1/devices/MOD-00617/data/534789246
2649.15,1033.73,"{'lat': None, 'lon': None}","{'rh': 49.6, 'temp': 23.9, 'wd': 0.0, 'ws': 0.0, 'ws_scalar': 0.0}","{'gas': {'co': 13502, 'co2': 13264, 'no': 13590, 'no2': 13769, 'o3': 13749}, 'pm': {'pm1': 13212, 'pm10': 13214, 'pm25': 13213}}",3.22,9.96,24.92,5.04,23.98,5.6,534789395,49.6,MOD-00617,23.9,2025-11-06T01:02:37,2025-11-05T17:02:37,https://api.quant-aq.com/v1/devices/MOD-00617/data/534789248
2641.01,1016.38,"{'lat': None, 'lon': None}","{'rh': 49.5, 'temp': 23.9, 'wd': 0.0, 'ws': 0.0, 'ws_scalar': 0.0}","{'gas': {'co': 13502, 'co2': 13264, 'no': 13590, 'no2': 13769, 'o3': 13749}, 'pm': {'pm1': 13212, 'pm10': 13214, 'pm25': 13213}}",3.22,10.02,24.65,4.4,16.74,4.84,534789391,49.5,MOD-00617,23.9,2025-11-06T01:01:37,2025-11-05T17:01:37,https://api.quant-aq.com/v1/devices/MOD-00617/data/534789244
2639.65,1006.87,"{'lat': None, 'lon': None}","{'rh': 49.1, 'temp': 23.9, 'wd': 0.0, 'ws': 0.0, 'ws_scalar': 0.0}","{'gas': {'co': 13502, 'co2': 13264, 'no': 13590, 'no2': 13769, 'o3': 13749}, 'pm': {'pm1': 13212, 'pm10': 13214, 'pm25': 13213}}",3.21,11.07,23.88,4.51,8.21,4.84,534789390,49.1,MOD-00617,23.9,2025-11-06T01:00:37,2025-11-05T17:00:37,https://api.quant-aq.com/v1/devices/MOD-00617/data/534789243
2612.36,1017.59,"{'lat': None, 'lon': None}","{'rh': 48.8, 'temp': 23.9, 'wd': 0.0, 'ws': 0.0, 'ws_scalar': 0.0}","{'gas': {'co': 13502, 'co2': 13264, 'no': 13590, 'no2': 13769, 'o3': 13749}, 'pm': {'pm1': 13212, 'pm10': 13214, 'pm25': 13213}}",3.89,9.95,22.79,4.76,11.22,5.2,534787118,48.8,MOD-00617,23.9,2025-11-06T00:59:37,2025-11-05T16:59:37,https://api.quant-aq.com/v1/devices/MOD-00617/data/534786972
2593.68,1032.64,"{'lat': None, 'lon': None}","{'rh': 49.1, 'temp': 23.9, 'wd': 0.0, 'ws': 0.0, 'ws_scalar': 0.0}","{'gas': {'co': 13502, 'co2': 13264, 'no': 13590, 'no2': 13769, 'o3': 13749}, 'pm': {'pm1': 13212, 'pm10': 13214, 'pm25': 13213}}",3.18,11.11,23.58,3.94,8.45,4.42,534787112,49.1,MOD-00617,23.9,2025-11-06T00:58:37,2025-11-05T16:58:37,https://api.quant-aq.com/v1/devices/MOD-00617/data/534786966
2593.0,1017.83,"{'lat': None, 'lon': None}","{'rh': 48.9, 'temp': 23.9, 'wd': 0.0, 'ws': 0.0, 'ws_scalar': 0.0}","{'gas': {'co': 13502, 'co2': 13264, 'no': 13590, 'no2': 13769, 'o3': 13749}, 'pm': {'pm1': 13212, 'pm10': 13214, 'pm25': 13213}}",3.15,9.92,23.05,4.61,8.52,4.98,534787113,48.9,MOD-00617,23.9,2025-11-06T00:57:37,2025-11-05T16:57:37,https://api.quant-aq.com/v1/devices/MOD-00617/data/534786970
2601.33,1023.97,"{'lat': None, 'lon': None}","{'rh': 49.3, 'temp': 23.9, 'wd': 0.0, 'ws': 0.0, 'ws_scalar': 0.0}","{'gas': {'co': 13502, 'co2': 13264, 'no': 13590, 'no2': 13769, 'o3': 13749}, 'pm': {'pm1': 13212, 'pm10': 13214, 'pm25': 13213}}",3.18,9.87,23.23,4.68,10.8,5.12,534787115,49.3,MOD-00617,23.9,2025-11-06T00:56:37,2025-11-05T16:56:37,https://api.quant-aq.com/v1/devices/MOD-00617/data/534786967
2604.85,1030.71,"{'lat': None, 'lon': None}","{'rh': 49.7, 'temp': 24.0, 'wd': 0.0, 'ws': 0.0, 'ws_scalar': 0.0}","{'gas': {'co': 13502, 'co2': 13264, 'no': 13590, 'no2': 13769, 'o3': 13749}, 'pm': {'pm1': 13212, 'pm10': 13214, 'pm25': 13213}}",3.16,10.12,24.6,4.39,15.62,4.82,534784849,49.7,MOD-00617,24.0,2025-11-06T00:55:37,2025-11-05T16:55:37,https://api.quant-aq.com/v1/devices/MOD-00617/data/534784702
2608.14,1006.63,"{'lat': None, 'lon': None}","{'rh': 49.7, 'temp': 24.0, 'wd': 0.0, 'ws': 0.0, 'ws_scalar': 0.0}","{'gas': {'co': 13502, 'co2': 13264, 'no': 13590, 'no2': 13769, 'o3': 13749}, 'pm': {'pm1': 13212, 'pm10': 13214, 'pm25': 13213}}",3.21,11.76,25.2,5.28,6.45,5.65,534784845,49.7,MOD-00617,24.0,2025-11-06T00:54:37,2025-11-05T16:54:37,https://api.quant-aq.com/v1/devices/MOD-00617/data/534784699
2605.08,989.52,"{'lat': None, 'lon': None}","{'rh': 48.8, 'temp': 24.0, 'wd': 0.0, 'ws': 0.0, 'ws_scalar': 0.0}","{'gas': {'co': 13502, 'co2': 13264, 'no': 13590, 'no2': 13769, 'o3': 13749}, 'pm': {'pm1': 13212, 'pm10': 13214, 'pm25': 13213}}",3.21,12.27,23.38,4.33,9.54,4.77,534784847,48.8,MOD-00617,24.0,2025-11-06T00:53:37,2025-11-05T16:53:37,https://api.quant-aq.com/v1/devices/MOD-00617/data/534784701
2602.55,990.49,"{'lat': None, 'lon': None}","{'rh': 48.9, 'temp': 24.0, 'wd': 0.0, 'ws': 0.0, 'ws_scalar': 0.0}","{'gas': {'co': 13502, 'co2': 13264, 'no': 13590, 'no2': 13769, 'o3': 13749}, 'pm': {'pm1': 13212, 'pm10': 13214, 'pm25': 13213}}",3.17,12.25,23.35,4.77,6.31,5.2,534784844,48.9,MOD-00617,24.0,2025-11-06T00:52:37,2025-11-05T16:52:37,https://api.quant-aq.com/v1/devices/MOD-00617/data/534784697
2597.2,1011.8,"{'lat': None, 'lon': None}","{'rh': 49.5, 'temp': 24.0, 'wd': 0.0, 'ws': 0.0, 'ws_scalar': 0.0}","{'gas': {'co': 13502, 'co2': 13264, 'no': 13590, 'no2': 13769, 'o3': 13749}, 'pm': {'pm1': 13212, 'pm10': 13214, 'pm25': 13213}}",3.17,10.24,23.48,5.02,12.42,5.39,534782521,49.5,MOD-00617,24.0,2025-11-06T00:51:37,2025-11-05T16:51:37,https://api.quant-aq.com/v1/devices/MOD-00617/data/534782373
2604.12,1005.54,"{'lat': None, 'lon': None}","{'rh': 49.0, 'temp': 24.0, 'wd': 0.0, 'ws': 0.0, 'ws_scalar': 0.0}","{'gas': {'co': 13502, 'co2': 13264, 'no': 13590, 'no2': 13769, 'o3': 13749}, 'pm': {'pm1': 13212, 'pm10': 13214, 'pm25': 13213}}",3.23,12.31,23.62,4.21,10.9,4.71,534782519,49.0,MOD-00617,24.0,2025-11-06T00:50:37,2025-11-05T16:50:37,https://api.quant-aq.com/v1/devices/MOD-00617/data/534782372
2615.33,1022.76,"{'lat': None, 'lon': None}","{'rh': 49.4, 'temp': 24.0, 'wd': 0.0, 'ws': 0.0, 'ws_scalar': 0.0}","{'gas': {'co': 13502, 'co2': 13264, 'no': 13590, 'no2': 13769, 'o3': 13749}, 'pm': {'pm1': 13212, 'pm10': 13214, 'pm25': 13213}}",3.17,10.14,24.39,4.67,16.65,5.13,534782515,49.4,MOD-00617,24.0,2025-11-06T00:49:37,2025-11-05T16:49:37,https://api.quant-aq.com/v1/devices/MOD-00617/data/534782368
2625.11,1027.7,"{'lat': None, 'lon': None}","{'rh': 49.5, 'temp': 24.0, 'wd': 0.0, 'ws': 0.0, 'ws_scalar': 0.0}","{'gas': {'co': 13502, 'co2': 13264, 'no': 13590, 'no2': 13769, 'o3': 13749}, 'pm': {'pm1': 13212, 'pm10': 13214, 'pm25': 13213}}",3.17,10.13,24.36,3.98,15.95,4.4,534782517,49.5,MOD-00617,24.0,2025-11-06T00:48:37,2025-11-05T16:48:37,https://api.quant-aq.com/v1/devices/MOD-00617/data/534782374
2624.98,1019.75,"{'lat': None, 'lon': None}","{'rh': 49.1, 'temp': 24.0, 'wd': 0.0, 'ws': 0.0, 'ws_scalar': 0.0}","{'gas': {'co': 13502, 'co2': 13264, 'no': 13590, 'no2': 13769, 'o3': 13749}, 'pm': {'pm1': 13212, 'pm10': 13214, 'pm25': 13213}}",3.17,11.31,22.71,4.08,7.33,4.24,534780285,49.1,MOD-00617,24.0,2025-11-06T00:47:37,2025-11-05T16:47:37,https://api.quant-aq.com/v1/devices/MOD-00617/data/534780138
2629.64,1016.38,"{'lat': None, 'lon': None}","{'rh': 48.9, 'temp': 24.0, 'wd': 0.0, 'ws': 0.0, 'ws_scalar': 0.0}","{'gas': {'co': 13502, 'co2': 13264, 'no': 13590, 'no2': 13769, 'o3': 13749}, 'pm': {'pm1': 13212, 'pm10': 13214, 'pm25': 13213}}",3.17,12.28,22.18,3.9,16.95,4.26,534780284,48.9,MOD-00617,24.0,2025-11-06T00:46:37,2025-11-05T16:46:37,https://api.quant-aq.com/v1/devices/MOD-00617/data/534780137
2617.51,1050.71,"{'lat': None, 'lon': None}","{'rh': 49.8, 'temp': 24.0, 'wd': 0.0, 'ws': 0.0, 'ws_scalar': 0.0}","{'gas': {'co': 13502, 'co2': 13264, 'no': 13590, 'no2': 13769, 'o3': 13749}, 'pm': {'pm1': 13212, 'pm10': 13214, 'pm25': 13213}}",3.16,12.0,23.69,4.22,6.66,4.53,534780283,49.8,MOD-00617,24.0,2025-11-06T00:45:37,2025-11-05T16:45:37,https://api.quant-aq.com/v1/devices/MOD-00617/data/534780136
2619.9,1064.2,"{'lat': None, 'lon': None}","{'rh': 49.9, 'temp': 24.0, 'wd': 0.0, 'ws': 0.0, 'ws_scalar': 0.0}","{'gas': {'co': 13502, 'co2': 13264, 'no': 13590, 'no2': 13769, 'o3': 13749}, 'pm': {'pm1': 13212, 'pm10': 13214, 'pm25': 13213}}",3.21,16.59,24.25,4.82,6.09,5.17,534780286,49.9,MOD-00617,24.0,2025-11-06T00:44:37,2025-11-05T16:44:37,https://api.quant-aq.com/v1/devices/MOD-00617/data/534780139
2615.87,1066.49,"{'lat': None, 'lon': None}","{'rh': 49.8, 'temp': 24.0, 'wd': 0.0, 'ws': 0.0, 'ws_scalar': 0.0}","{'gas': {'co': 13502, 'co2': 13264, 'no': 13590, 'no2': 13769, 'o3': 13749}, 'pm': {'pm1': 13212, 'pm10': 13214, 'pm25': 13213}}",3.21,11.98,23.98,4.63,13.2,4.9,534777933,49.8,MOD-00617,24.0,2025-11-06T00:43:37,2025-11-05T16:43:37,https://api.quant-aq.com/v1/devices/MOD-00617/data/534777786
2607.39,1032.28,"{'lat': None, 'lon': None}","{'rh': 49.6, 'temp': 24.0, 'wd': 0.0, 'ws': 0.0, 'ws_scalar': 0.0}","{'gas': {'co': 13502, 'co2': 13264, 'no': 13590, 'no2': 13769, 'o3': 13749}, 'pm': {'pm1': 13212, 'pm10': 13214, 'pm25': 13213}}",3.17,10.12,23.45,4.77,11.29,5.05,534777930,49.6,MOD-00617,24.0,2025-11-06T00:42:37,2025-11-05T16:42:37,https://api.quant-aq.com/v1/devices/MOD-00617/data/534777783
2604.85,1019.15,"{'lat': None, 'lon': None}","{'rh': 49.7, 'temp': 24.0, 'wd': 0.0, 'ws': 0.0, 'ws_scalar': 0.0}","{'gas': {'co': 13502, 'co2': 13264, 'no': 13590, 'no2': 13769, 'o3': 13749}, 'pm': {'pm1': 13212, 'pm10': 13214, 'pm25': 13213}}",3.16,10.12,22.83,4.35,7.31,4.75,534777932,49.7,MOD-00617,24.0,2025-11-06T00:41:37,2025-11-05T16:41:37,https://api.quant-aq.com/v1/devices/MOD-00617/data/534777785
2596.7,1049.5,"{'lat': None, 'lon': None}","{'rh': 50.2, 'temp': 24.0, 'wd': 0.0, 'ws': 0.0, 'ws_scalar': 0.0}","{'gas': {'co': 13502, 'co2': 13264, 'no': 13590, 'no2': 13769, 'o3': 13749}, 'pm': {'pm1': 13212, 'pm10': 13214, 'pm25': 13213}}",3.13,11.77,22.98,5.0,16.64,5.22,534777931,50.2,MOD-00617,24.0,2025-11-06T00:40:37,2025-11-05T16:40:37,https://api.quant-aq.com/v1/devices/MOD-00617/data/534777784
2599.9,1076.72,"{'lat': None, 'lon': None}","{'rh': 50.9, 'temp': 24.0, 'wd': 0.0, 'ws': 0.0, 'ws_scalar': 0.0}","{'gas': {'co': 13502, 'co2': 13264, 'no': 13590, 'no2': 13769, 'o3': 13749}, 'pm': {'pm1': 13212, 'pm10': 13214, 'pm25': 13213}}",3.21,27.2,25.16,5.06,20.57,5.43,534775675,50.9,MOD-00617,24.0,2025-11-06T00:39:37,2025-11-05T16:39:37,https://api.quant-aq.com/v1/devices/MOD-00617/data/534775527
2605.52,1085.16,"{'lat': None, 'lon': None}","{'rh': 50.5, 'temp': 24.0, 'wd': 0.0, 'ws': 0.0, 'ws_scalar': 0.0}","{'gas': {'co': 13502, 'co2': 13264, 'no': 13590, 'no2': 13769, 'o3': 13749}, 'pm': {'pm1': 13212, 'pm10': 13214, 'pm25': 13213}}",3.14,24.84,23.78,4.79,5.36,4.98,534775674,50.5,MOD-00617,24.0,2025-11-06T00:38:37,2025-11-05T16:38:37,https://api.quant-aq.com/v1/devices/MOD-00617/data/534775528
2609.53,1075.28,"{'lat': None, 'lon': None}","{'rh': 51.2, 'temp': 24.0, 'wd': 0.0, 'ws': 0.0, 'ws_scalar': 0.0}","{'gas': {'co': 13502, 'co2': 13264, 'no': 13590, 'no2': 13769, 'o3': 13749}, 'pm': {'pm1': 13212, 'pm10': 13214, 'pm25': 13213}}",3.2,27.42,25.97,5.59,14.27,5.89,534775673,51.2,MOD-00617,24.0,2025-11-06T00:37:37,2025-11-05T16:37:37,https://api.quant-aq.com/v1/devices/MOD-00617/data/534775526
2618.37,1066.97,"{'lat': None, 'lon': None}","{'rh': 50.9, 'temp': 24.0, 'wd': 0.0, 'ws': 0.0, 'ws_scalar': 0.0}","{'gas': {'co': 13502, 'co2': 13264, 'no': 13590, 'no2': 13769, 'o3': 13749}, 'pm': {'pm1': 13212, 'pm10': 13214, 'pm25': 13213}}",3.32,26.24,25.46,5.48,8.06,5.84,534775672,50.9,MOD-00617,24.0,2025-11-06T00:36:37,2025-11-05T16:36:37,https://api.quant-aq.com/v1/devices/MOD-00617/data/534775525
2633.08,1062.75,"{'lat': None, 'lon': None}","{'rh': 51.0, 'temp': 24.0, 'wd': 0.0, 'ws': 0.0, 'ws_scalar': 0.0}","{'gas': {'co': 13502, 'co2': 13264, 'no': 13590, 'no2': 13769, 'o3': 13749}, 'pm': {'pm1': 13212, 'pm10': 13214, 'pm25': 13213}}",3.2,26.72,25.43,5.28,5.7,5.59,534773410,51.0,MOD-00617,24.0,2025-11-06T00:35:37,2025-11-05T16:35:37,https://api.quant-aq.com/v1/devices/MOD-00617/data/534773263
2650.6,1045.77,"{'lat': None, 'lon': None}","{'rh': 50.6, 'temp': 24.0, 'wd': 0.0, 'ws': 0.0, 'ws_scalar': 0.0}","{'gas': {'co': 13502, 'co2': 13264, 'no': 13590, 'no2': 13769, 'o3': 13749}, 'pm': {'pm1': 13212, 'pm10': 13214, 'pm25': 13213}}",3.21,26.97,25.54,5.94,11.81,6.23,534773409,50.6,MOD-00617,24.0,2025-11-06T00:34:37,2025-11-05T16:34:37,https://api.quant-aq.com/v1/devices/MOD-00617/data/534773262
2665.79,1054.44,"{'lat': None, 'lon': None}","{'rh': 50.6, 'temp': 24.0, 'wd': 0.0, 'ws': 0.0, 'ws_scalar': 0.0}","{'gas': {'co': 13502, 'co2': 13264, 'no': 13590, 'no2': 13769, 'o3': 13749}, 'pm': {'pm1': 13212, 'pm10': 13214, 'pm25': 13213}}",3.21,26.97,25.54,6.01,10.59,6.26,534773407,50.6,MOD-00617,24.0,2025-11-06T00:33:37,2025-11-05T16:33:37,https://api.quant-aq.com/v1/devices/MOD-00617/data/534773259
2674.21,1047.46,"{'lat': None, 'lon': None}","{'rh': 50.3, 'temp': 24.0, 'wd': 0.0, 'ws': 0.0, 'ws_scalar': 0.0}","{'gas': {'co': 13502, 'co2': 13264, 'no': 13590, 'no2': 13769, 'o3': 13749}, 'pm': {'pm1': 13212, 'pm10': 13214, 'pm25': 13213}}",3.17,25.39,25.32,5.94,15.63,6.11,534773405,50.3,MOD-00617,24.0,2025-11-06T00:32:37,2025-11-05T16:32:37,https://api.quant-aq.com/v1/devices/MOD-00617/data/534773260
2680.85,1033.61,"{'lat': None, 'lon': None}","{'rh': 50.2, 'temp': 24.0, 'wd': 0.0, 'ws': 0.0, 'ws_scalar': 0.0}","{'gas': {'co': 13502, 'co2': 13264, 'no': 13590, 'no2': 13769, 'o3': 13749}, 'pm': {'pm1': 13212, 'pm10': 13214, 'pm25': 13213}}",3.18,25.4,25.06,5.84,6.83,6.1,534771130,50.2,MOD-00617,24.0,2025-11-06T00:31:37,2025-11-05T16:31:37,https://api.quant-aq.com/v1/devices/MOD-00617/data/534770983
2695.24,1038.54,"{'lat': None, 'lon': None}","{'rh': 49.6, 'temp': 24.0, 'wd': 0.0, 'ws': 0.0, 'ws_scalar': 0.0}","{'gas': {'co': 13502, 'co2': 13264, 'no': 13590, 'no2': 13769, 'o3': 13749}, 'pm': {'pm1': 13212, 'pm10': 13214, 'pm25': 13213}}",3.17,10.09,24.63,6.17,7.26,6.41,534771138,49.6,MOD-00617,24.0,2025-11-06T00:30:37,2025-11-05T16:30:37,https://api.quant-aq.com/v1/devices/MOD-00617/data/534770998
2708.57,1038.18,"{'lat': None, 'lon': None}","{'rh': 49.9, 'temp': 24.0, 'wd': 0.0, 'ws': 0.0, 'ws_scalar': 0.0}","{'gas': {'co': 13502, 'co2': 13264, 'no': 13590, 'no2': 13769, 'o3': 13749}, 'pm': {'pm1': 13212, 'pm10': 13214, 'pm25': 13213}}",3.16,16.81,24.84,7.06,9.47,7.26,534771135,49.9,MOD-00617,24.0,2025-11-06T00:29:37,2025-11-05T16:29:37,https://api.quant-aq.com/v1/devices/MOD-00617/data/534770992
2716.1,1035.77,"{'lat': None, 'lon': None}","{'rh': 49.7, 'temp': 24.0, 'wd': 0.0, 'ws': 0.0, 'ws_scalar': 0.0}","{'gas': {'co': 13502, 'co2': 13264, 'no': 13590, 'no2': 13769, 'o3': 13749}, 'pm': {'pm1': 13212, 'pm10': 13214, 'pm25': 13213}}",3.22,11.76,24.6,7.47,10.64,7.74,534771132,49.7,MOD-00617,24.0,2025-11-06T00:28:37,2025-11-05T16:28:37,https://api.quant-aq.com/v1/devices/MOD-00617/data/534770990
2730.54,1009.88,"{'lat': None, 'lon': None}","{'rh': 49.6, 'temp': 24.0, 'wd': 0.0, 'ws': 0.0, 'ws_scalar': 0.0}","{'gas': {'co': 13502, 'co2': 13264, 'no': 13590, 'no2': 13769, 'o3': 13749}, 'pm': {'pm1': 13212, 'pm10': 13214, 'pm25': 13213}}",3.17,10.12,24.63,8.34,11.18,8.66,534768868,49.6,MOD-00617,24.0,2025-11-06T00:27:37,2025-11-05T16:27:37,https://api.quant-aq.com/v1/devices/MOD-00617/data/534768719
2744.98,1002.65,"{'lat': None, 'lon': None}","{'rh': 49.5, 'temp': 24.0, 'wd': 0.0, 'ws': 0.0, 'ws_scalar': 0.0}","{'gas': {'co': 13502, 'co2': 13264, 'no': 13590, 'no2': 13769, 'o3': 13749}, 'pm': {'pm1': 13212, 'pm10': 13214, 'pm25': 13213}}",3.17,10.24,24.07,8.72,13.74,9.02,534768866,49.5,MOD-00617,24.0,2025-11-06T00:26:37,2025-11-05T16:26:37,https://api.quant-aq.com/v1/devices/MOD-00617/data/534768721
2750.65,1008.43,"{'lat': None, 'lon': None}","{'rh': 49.6, 'temp': 24.0, 'wd': 0.0, 'ws': 0.0, 'ws_scalar': 0.0}","{'gas': {'co': 13502, 'co2': 13264, 'no': 13590, 'no2': 13769, 'o3': 13749}, 'pm': {'pm1': 13212, 'pm10': 13214, 'pm25': 13213}}",3.17,10.12,24.33,9.06,12.57,9.35,534768869,49.6,MOD-00617,24.0,2025-11-06T00:25:37,2025-11-05T16:25:37,https://api.quant-aq.com/v1/devices/MOD-00617/data/534768722
2758.86,1010.72,"{'lat': None, 'lon': None}","{'rh': 49.6, 'temp': 24.0, 'wd': 0.0, 'ws': 0.0, 'ws_scalar': 0.0}","{'gas': {'co': 13502, 'co2': 13264, 'no': 13590, 'no2': 13769, 'o3': 13749}, 'pm': {'pm1': 13212, 'pm10': 13214, 'pm25': 13213}}",3.17,10.06,24.33,9.73,20.28,10.01,534768867,49.6,MOD-00617,24.0,2025-11-06T00:24:37,2025-11-05T16:24:37,https://api.quant-aq.com/v1/devices/MOD-00617/data/534768720
2773.64,1015.3,"{'lat': None, 'lon': None}","{'rh': 49.6, 'temp': 24.0, 'wd': 0.0, 'ws': 0.0, 'ws_scalar': 0.0}","{'gas': {'co': 13502, 'co2': 13264, 'no': 13590, 'no2': 13769, 'o3': 13749}, 'pm': {'pm1': 13212, 'pm10': 13214, 'pm25': 13213}}",3.17,10.21,24.63,11.35,25.39,11.85,534766550,49.6,MOD-00617,24.0,2025-11-06T00:23:37,2025-11-05T16:23:37,https://api.quant-aq.com/v1/devices/MOD-00617/data/534766404
2778.91,1021.44,"{'lat': None, 'lon': None}","{'rh': 49.7, 'temp': 24.0, 'wd': 0.0, 'ws': 0.0, 'ws_scalar': 0.0}","{'gas': {'co': 13502, 'co2': 13264, 'no': 13590, 'no2': 13769, 'o3': 13749}, 'pm': {'pm1': 13212, 'pm10': 13214, 'pm25': 13213}}",3.16,11.84,23.42,11.56,20.95,12.18,534766548,49.7,MOD-00617,24.0,2025-11-06T00:22:37,2025-11-05T16:22:37,https://api.quant-aq.com/v1/devices/MOD-00617/data/534766400
2777.61,1018.19,"{'lat': None, 'lon': None}","{'rh': 49.8, 'temp': 24.0, 'wd': 0.0, 'ws': 0.0, 'ws_scalar': 0.0}","{'gas': {'co': 13502, 'co2': 13264, 'no': 13590, 'no2': 13769, 'o3': 13749}, 'pm': {'pm1': 13212, 'pm10': 13214, 'pm25': 13213}}",3.16,16.57,24.87,11.09,13.22,11.44,534766546,49.8,MOD-00617,24.0,2025-11-06T00:21:37,2025-11-05T16:21:37,https://api.quant-aq.com/v1/devices/MOD-00617/data/534766398
2784.44,1020.36,"{'lat': None, 'lon': None}","{'rh': 50.0, 'temp': 24.0, 'wd': 0.0, 'ws': 0.0, 'ws_scalar': 0.0}","{'gas': {'co': 13502, 'co2': 13264, 'no': 13590, 'no2': 13769, 'o3': 13749}, 'pm': {'pm1': 13212, 'pm10': 13214, 'pm25': 13213}}",3.18,23.84,24.52,10.98,12.27,11.24,534766544,50.0,MOD-00617,24.0,2025-11-06T00:20:37,2025-11-05T16:20:37,https://api.quant-aq.com/v1/devices/MOD-00617/data/534766397
2791.56,1017.1,"{'lat': None, 'lon': None}","{'rh': 49.8, 'temp': 24.0, 'wd': 0.0, 'ws': 0.0, 'ws_scalar': 0.0}","{'gas': {'co': 13502, 'co2': 13264, 'no': 13590, 'no2': 13769, 'o3': 13749}, 'pm': {'pm1': 13212, 'pm10': 13214, 'pm25': 13213}}",3.16,11.98,24.87,10.32,13.34,10.62,534764332,49.8,MOD-00617,24.0,2025-11-06T00:19:37,2025-11-05T16:19:37,https://api.quant-aq.com/v1/devices/MOD-00617/data/534764185
2791.62,1042.76,"{'lat': None, 'lon': None}","{'rh': 50.3, 'temp': 24.0, 'wd': 0.0, 'ws': 0.0, 'ws_scalar': 0.0}","{'gas': {'co': 13502, 'co2': 13264, 'no': 13590, 'no2': 13769, 'o3': 13749}, 'pm': {'pm1': 13212, 'pm10': 13214, 'pm25': 13213}}",3.17,25.71,25.32,8.27,17.43,8.65,534764330,50.3,MOD-00617,24.0,2025-11-06T00:18:37,2025-11-05T16:18:37,https://api.quant-aq.com/v1/devices/MOD-00617/data/534764183
2771.36,1048.9,"{'lat': None, 'lon': None}","{'rh': 50.5, 'temp': 24.0, 'wd': 0.0, 'ws': 0.0, 'ws_scalar': 0.0}","{'gas': {'co': 13502, 'co2': 13264, 'no': 13590, 'no2': 13769, 'o3': 13749}, 'pm': {'pm1': 13212, 'pm10': 13214, 'pm25': 13213}}",3.16,26.5,26.16,7.24,8.98,7.57,534764331,50.5,MOD-00617,24.0,2025-11-06T00:17:37,2025-11-05T16:17:37,https://api.quant-aq.com/v1/devices/MOD-00617/data/534764184
2760.35,1029.03,"{'lat': None, 'lon': None}","{'rh': 50.4, 'temp': 24.0, 'wd': 0.0, 'ws': 0.0, 'ws_scalar': 0.0}","{'gas': {'co': 13502, 'co2': 13264, 'no': 13590, 'no2': 13769, 'o3': 13749}, 'pm': {'pm1': 13212, 'pm10': 13214, 'pm25': 13213}}",3.17,26.9,25.89,5.41,9.54,5.75,534764329,50.4,MOD-00617,24.0,2025-11-06T00:16:37,2025-11-05T16:16:37,https://api.quant-aq.com/v1/devices/MOD-00617/data/534764182
2747.98,998.8,"{'lat': None, 'lon': None}","{'rh': 49.9, 'temp': 24.0, 'wd': 0.0, 'ws': 0.0, 'ws_scalar': 0.0}","{'gas': {'co': 13502, 'co2': 13264, 'no': 13590, 'no2': 13769, 'o3': 13749}, 'pm': {'pm1': 13212, 'pm10': 13214, 'pm25': 13213}}",3.21,16.73,25.14,4.95,7.72,5.37,534762001,49.9,MOD-00617,24.0,2025-11-06T00:15:37,2025-11-05T16:15:37,https://api.quant-aq.com/v1/devices/MOD-00617/data/534761855
2745.8,996.63,"{'lat': None, 'lon': None}","{'rh': 49.5, 'temp': 24.0, 'wd': 0.0, 'ws': 0.0, 'ws_scalar': 0.0}","{'gas': {'co': 13502, 'co2': 13264, 'no': 13590, 'no2': 13769, 'o3': 13749}, 'pm': {'pm1': 13212, 'pm10': 13214, 'pm25': 13213}}",3.17,10.25,23.77,4.39,15.68,4.85,534762003,49.5,MOD-00617,24.0,2025-11-06T00:14:37,2025-11-05T16:14:37,https://api.quant-aq.com/v1/devices/MOD-00617/data/534761857
2742.43,1009.88,"{'lat': None, 'lon': None}","{'rh': 50.2, 'temp': 24.0, 'wd': 0.0, 'ws': 0.0, 'ws_scalar': 0.0}","{'gas': {'co': 13502, 'co2': 13264, 'no': 13590, 'no2': 13769, 'o3': 13749}, 'pm': {'pm1': 13212, 'pm10': 13214, 'pm25': 13213}}",3.17,24.24,25.95,5.3,7.87,5.63,534762002,50.2,MOD-00617,24.0,2025-11-06T00:13:37,2025-11-05T16:13:37,https://api.quant-aq.com/v1/devices/MOD-00617/data/534761854
2739.97,1000.24,"{'lat': None, 'lon': None}","{'rh': 50.2, 'temp': 24.0, 'wd': 0.0, 'ws': 0.0, 'ws_scalar': 0.0}","{'gas': {'co': 13502, 'co2': 13264, 'no': 13590, 'no2': 13769, 'o3': 13749}, 'pm': {'pm1': 13212, 'pm10': 13214, 'pm25': 13213}}",3.18,25.4,26.54,5.08,7.68,5.33,534762000,50.2,MOD-00617,24.0,2025-11-06T00:12:37,2025-11-05T16:12:37,https://api.quant-aq.com/v1/devices/MOD-00617/data/534761853
2736.29,991.69,"{'lat': None, 'lon': None}","{'rh': 49.6, 'temp': 24.0, 'wd': 0.0, 'ws': 0.0, 'ws_scalar': 0.0}","{'gas': {'co': 13502, 'co2': 13264, 'no': 13590, 'no2': 13769, 'o3': 13749}, 'pm': {'pm1': 13212, 'pm10': 13214, 'pm25': 13213}}",3.17,10.09,25.52,5.0,11.76,5.4,534759731,49.6,MOD-00617,24.0,2025-11-06T00:11:37,2025-11-05T16:11:37,https://api.quant-aq.com/v1/devices/MOD-00617/data/534759584
2739.78,985.19,"{'lat': None, 'lon': None}","{'rh': 49.3, 'temp': 24.0, 'wd': 0.0, 'ws': 0.0, 'ws_scalar': 0.0}","{'gas': {'co': 13502, 'co2': 13264, 'no': 13590, 'no2': 13769, 'o3': 13749}, 'pm': {'pm1': 13212, 'pm10': 13214, 'pm25': 13213}}",3.24,11.31,25.01,4.82,25.76,5.15,534759732,49.3,MOD-00617,24.0,2025-11-06T00:10:37,2025-11-05T16:10:37,https://api.quant-aq.com/v1/devices/MOD-00617/data/534759585
2731.16,985.31,"{'lat': None, 'lon': None}","{'rh': 49.3, 'temp': 24.0, 'wd': 0.0, 'ws': 0.0, 'ws_scalar': 0.0}","{'gas': {'co': 13502, 'co2': 13264, 'no': 13590, 'no2': 13769, 'o3': 13749}, 'pm': {'pm1': 13212, 'pm10': 13214, 'pm25': 13213}}",3.17,11.31,24.12,5.08,23.62,5.52,534759730,49.3,MOD-00617,24.0,2025-11-06T00:09:37,2025-11-05T16:09:37,https://api.quant-aq.com/v1/devices/MOD-00617/data/534759583
2730.06,992.53,"{'lat': None, 'lon': None}","{'rh': 49.7, 'temp': 24.0, 'wd': 0.0, 'ws': 0.0, 'ws_scalar': 0.0}","{'gas': {'co': 13502, 'co2': 13264, 'no': 13590, 'no2': 13769, 'o3': 13749}, 'pm': {'pm1': 13212, 'pm10': 13214, 'pm25': 13213}}",3.16,11.84,24.9,5.6,6.52,5.93,534759733,49.7,MOD-00617,24.0,2025-11-06T00:08:37,2025-11-05T16:08:37,https://api.quant-aq.com/v1/devices/MOD-00617/data/534759586
2710.55,996.63,"{'lat': None, 'lon': None}","{'rh': 50.0, 'temp': 24.0, 'wd': 0.0, 'ws': 0.0, 'ws_scalar': 0.0}","{'gas': {'co': 13502, 'co2': 13264, 'no': 13590, 'no2': 13769, 'o3': 13749}, 'pm': {'pm1': 13212, 'pm10': 13214, 'pm25': 13213}}",3.18,24.25,26.0,5.36,22.45,5.82,534757131,50.0,MOD-00617,24.0,2025-11-06T00:07:37,2025-11-05T16:07:37,https://api.quant-aq.com/v1/devices/MOD-00617/data/534756983
2685.24,1000.36,"{'lat': None, 'lon': None}","{'rh': 49.8, 'temp': 24.0, 'wd': 0.0, 'ws': 0.0, 'ws_scalar': 0.0}","{'gas': {'co': 13502, 'co2': 13264, 'no': 13590, 'no2': 13769, 'o3': 13749}, 'pm': {'pm1': 13212, 'pm10': 13214, 'pm25': 13213}}",3.16,16.57,25.17,5.19,6.98,5.59,534757129,49.8,MOD-00617,24.0,2025-11-06T00:06:37,2025-11-05T16:06:37,https://api.quant-aq.com/v1/devices/MOD-00617/data/534756982
2664.72,1014.82,"{'lat': None, 'lon': None}","{'rh': 49.8, 'temp': 24.0, 'wd': 0.0, 'ws': 0.0, 'ws_scalar': 0.0}","{'gas': {'co': 13502, 'co2': 13264, 'no': 13590, 'no2': 13769, 'o3': 13749}, 'pm': {'pm1': 13212, 'pm10': 13214, 'pm25': 13213}}",3.21,16.67,25.17,6.54,17.68,6.94,534757130,49.8,MOD-00617,24.0,2025-11-06T00:05:37,2025-11-05T16:05:37,https://api.quant-aq.com/v1/devices/MOD-00617/data/534756984
2637.84,1004.22,"{'lat': None, 'lon': None}","{'rh': 49.5, 'temp': 24.0, 'wd': 0.0, 'ws': 0.0, 'ws_scalar': 0.0}","{'gas': {'co': 13502, 'co2': 13264, 'no': 13590, 'no2': 13769, 'o3': 13749}, 'pm': {'pm1': 13212, 'pm10': 13214, 'pm25': 13213}}",3.17,10.09,24.66,5.49,6.83,5.95,534757128,49.5,MOD-00617,24.0,2025-11-06T00:04:37,2025-11-05T16:04:37,https://api.quant-aq.com/v1/devices/MOD-00617/data/534756981
2611.69,1009.64,"{'lat': None, 'lon': None}","{'rh': 49.9, 'temp': 24.0, 'wd': 0.0, 'ws': 0.0, 'ws_scalar': 0.0}","{'gas': {'co': 13502, 'co2': 13264, 'no': 13590, 'no2': 13769, 'o3': 13749}, 'pm': {'pm1': 13212, 'pm10': 13214, 'pm25': 13213}}",3.16,16.79,24.84,5.98,8.87,6.34,534754805,49.9,MOD-00617,24.0,2025-11-06T00:03:37,2025-11-05T16:03:37,https://api.quant-aq.com/v1/devices/MOD-00617/data/534754658
2591.91,1003.61,"{'lat': None, 'lon': None}","{'rh': 50.0, 'temp': 24.0, 'wd': 0.0, 'ws': 0.0, 'ws_scalar': 0.0}","{'gas': {'co': 13502, 'co2': 13264, 'no': 13590, 'no2': 13769, 'o3': 13749}, 'pm': {'pm1': 13212, 'pm10': 13214, 'pm25': 13213}}",3.18,24.25,26.0,6.07,9.8,6.67,534754806,50.0,MOD-00617,24.0,2025-11-06T00:02:37,2025-11-05T16:02:37,https://api.quant-aq.com/v1/devices/MOD-00617/data/534754659
2574.53,1018.67,"{'lat': None, 'lon': None}","{'rh': 50.2, 'temp': 24.0, 'wd': 0.0, 'ws': 0.0, 'ws_scalar': 0.0}","{'gas': {'co': 13502, 'co2': 13264, 'no': 13590, 'no2': 13769, 'o3': 13749}, 'pm': {'pm1': 13212, 'pm10': 13214, 'pm25': 13213}}",3.16,25.04,25.95,6.45,10.07,6.93,534754803,50.2,MOD-00617,24.0,2025-11-06T00:01:37,2025-11-05T16:01:37,https://api.quant-aq.com/v1/devices/MOD-00617/data/534754656
2566.86,1028.67,"{'lat': None, 'lon': None}","{'rh': 50.6, 'temp': 24.0, 'wd': 0.0, 'ws': 0.0, 'ws_scalar': 0.0}","{'gas': {'co': 13502, 'co2': 13264, 'no': 13590, 'no2': 13769, 'o3': 13749}, 'pm': {'pm1': 13212, 'pm10': 13214, 'pm25': 13213}}",3.15,27.21,27.33,7.12,13.71,7.68,534754804,50.6,MOD-00617,24.0,2025-11-06T00:00:37,2025-11-05T16:00:37,https://api.quant-aq.com/v1/devices/MOD-00617/data/534754657
