co,co2,geo,met,model,no,no2,o3,pm1,pm10,pm25,raw_data_id,rh,sn,temp,timestamp,timestamp_local,url
862.71,583.4,"{'lat': None, 'lon': None}","{'rh': 15.1, 'temp': 27.0, 'wd': 0.0, 'ws': 0.0, 'ws_scalar': 0.0}","{'gas': {'co': 13498, 'co2': 13260, 'no': 13586, 'no2': 13765, 'o3': 13745}, 'pm': {'pm1': 13200, 'pm10': 13202, 'pm25': 13201}}",2.53,9.14,36.99,1.47,2.04,1.71,645748791,15.1,MOD-00613,27.0,2026-03-31T23:54:22,2026-03-31T16:54:22,https://api.quant-aq.com/v1/devices/MOD-00613/data/645748640
865.52,579.31,"{'lat': None, 'lon': None}","{'rh': 15.2, 'temp': 27.0, 'wd': 0.0, 'ws': 0.0, 'ws_scalar': 0.0}","{'gas': {'co': 13498, 'co2': 13260, 'no': 13586, 'no2': 13765, 'o3': 13745}, 'pm': {'pm1': 13200, 'pm10': 13202, 'pm25': 13201}}",2.54,9.14,36.96,1.88,2.29,2.0,645748790,15.2,MOD-00613,27.0,2026-03-31T23:53:22,2026-03-31T16:53:22,https://api.quant-aq.com/v1/devices/MOD-00613/data/645748638
870.1,581.84,"{'lat': None, 'lon': None}","{'rh': 15.1, 'temp': 27.0, 'wd': 0.0, 'ws': 0.0, 'ws_scalar': 0.0}","{'gas': {'co': 13498, 'co2': 13260, 'no': 13586, 'no2': 13765, 'o3': 13745}, 'pm': {'pm1': 13200, 'pm10': 13202, 'pm25': 13201}}",2.53,9.14,36.76,1.88,2.63,2.07,645748789,15.1,MOD-00613,27.0,2026-03-31T23:52:22,2026-03-31T16:52:22,https://api.quant-aq.com/v1/devices/MOD-00613/data/645748637
873.25,591.96,"{'lat': None, 'lon': None}","{'rh': 15.3, 'temp': 27.0, 'wd': 0.0, 'ws': 0.0, 'ws_scalar': 0.0}","{'gas': {'co': 13498, 'co2': 13260, 'no': 13586, 'no2': 13765, 'o3': 13745}, 'pm': {'pm1': 13200, 'pm10': 13202, 'pm25': 13201}}",2.53,9.13,36.93,1.48,6.83,1.64,645748788,15.3,MOD-00613,27.0,2026-03-31T23:51:22,2026-03-31T16:51:22,https://api.quant-aq.com/v1/devices/MOD-00613/data/645748639
873.66,588.82,"{'lat': None, 'lon': None}","{'rh': 15.3, 'temp': 27.0, 'wd': 0.0, 'ws': 0.0, 'ws_scalar': 0.0}","{'gas': {'co': 13498, 'co2': 13260, 'no': 13586, 'no2': 13765, 'o3': 13745}, 'pm': {'pm1': 13200, 'pm10': 13202, 'pm25': 13201}}",2.53,9.14,36.47,1.27,2.02,1.61,645746563,15.3,MOD-00613,27.0,2026-03-31T23:50:22,2026-03-31T16:50:22,https://api.quant-aq.com/v1/devices/MOD-00613/data/645746411
874.07,587.02,"{'lat': None, 'lon': None}","{'rh': 15.3, 'temp': 27.0, 'wd': 0.0, 'ws': 0.0, 'ws_scalar': 0.0}","{'gas': {'co': 13498, 'co2': 13260, 'no': 13586, 'no2': 13765, 'o3': 13745}, 'pm': {'pm1': 13200, 'pm10': 13202, 'pm25': 13201}}",2.53,9.13,36.7,1.5,20.4,1.9,645746564,15.3,MOD-00613,27.0,2026-03-31T23:49:22,2026-03-31T16:49:22,https://api.quant-aq.com/v1/devices/MOD-00613/data/645746413
871.12,587.98,"{'lat': None, 'lon': None}","{'rh': 15.4, 'temp': 27.0, 'wd': 0.0, 'ws': 0.0, 'ws_scalar': 0.0}","{'gas': {'co': 13498, 'co2': 13260, 'no': 13586, 'no2': 13765, 'o3': 13745}, 'pm': {'pm1': 13200, 'pm10': 13202, 'pm25': 13201}}",2.54,9.13,36.21,1.98,2.99,2.16,645746562,15.4,MOD-00613,27.0,2026-03-31T23:48:22,2026-03-31T16:48:22,https://api.quant-aq.com/v1/devices/MOD-00613/data/645746412
872.39,588.94,"{'lat': None, 'lon': None}","{'rh': 15.5, 'temp': 27.1, 'wd': 0.0, 'ws': 0.0, 'ws_scalar': 0.0}","{'gas': {'co': 13498, 'co2': 13260, 'no': 13586, 'no2': 13765, 'o3': 13745}, 'pm': {'pm1': 13200, 'pm10': 13202, 'pm25': 13201}}",2.54,9.12,36.67,2.07,3.47,2.32,645746561,15.5,MOD-00613,27.1,2026-03-31T23:47:22,2026-03-31T16:47:22,https://api.quant-aq.com/v1/devices/MOD-00613/data/645746410
873.35,581.36,"{'lat': None, 'lon': None}","{'rh': 15.3, 'temp': 27.1, 'wd': 0.0, 'ws': 0.0, 'ws_scalar': 0.0}","{'gas': {'co': 13498, 'co2': 13260, 'no': 13586, 'no2': 13765, 'o3': 13745}, 'pm': {'pm1': 13200, 'pm10': 13202, 'pm25': 13201}}",2.54,9.13,36.96,1.99,2.92,2.25,645744359,15.3,MOD-00613,27.1,2026-03-31T23:46:22,2026-03-31T16:46:22,https://api.quant-aq.com/v1/devices/MOD-00613/data/645744209
875.07,582.32,"{'lat': None, 'lon': None}","{'rh': 15.2, 'temp': 27.1, 'wd': 0.0, 'ws': 0.0, 'ws_scalar': 0.0}","{'gas': {'co': 13498, 'co2': 13260, 'no': 13586, 'no2': 13765, 'o3': 13745}, 'pm': {'pm1': 13200, 'pm10': 13202, 'pm25': 13201}}",2.53,9.13,36.76,1.86,3.32,2.17,645744357,15.2,MOD-00613,27.1,2026-03-31T23:45:22,2026-03-31T16:45:22,https://api.quant-aq.com/v1/devices/MOD-00613/data/645744207
870.48,582.44,"{'lat': None, 'lon': None}","{'rh': 15.3, 'temp': 27.1, 'wd': 0.0, 'ws': 0.0, 'ws_scalar': 0.0}","{'gas': {'co': 13498, 'co2': 13260, 'no': 13586, 'no2': 13765, 'o3': 13745}, 'pm': {'pm1': 13200, 'pm10': 13202, 'pm25': 13201}}",2.54,9.13,36.96,1.65,2.06,1.84,645744360,15.3,MOD-00613,27.1,2026-03-31T23:44:22,2026-03-31T16:44:22,https://api.quant-aq.com/v1/devices/MOD-00613/data/645744208
875.0,586.9,"{'lat': None, 'lon': None}","{'rh': 15.3, 'temp': 27.1, 'wd': 0.0, 'ws': 0.0, 'ws_scalar': 0.0}","{'gas': {'co': 13498, 'co2': 13260, 'no': 13586, 'no2': 13765, 'o3': 13745}, 'pm': {'pm1': 13200, 'pm10': 13202, 'pm25': 13201}}",2.53,9.13,36.73,1.68,3.03,2.02,645744361,15.3,MOD-00613,27.1,2026-03-31T23:43:22,2026-03-31T16:43:22,https://api.quant-aq.com/v1/devices/MOD-00613/data/645744210
877.8,596.77,"{'lat': None, 'lon': None}","{'rh': 15.4, 'temp': 27.1, 'wd': 0.0, 'ws': 0.0, 'ws_scalar': 0.0}","{'gas': {'co': 13498, 'co2': 13260, 'no': 13586, 'no2': 13765, 'o3': 13745}, 'pm': {'pm1': 13200, 'pm10': 13202, 'pm25': 13201}}",2.53,9.12,36.47,1.82,3.54,2.17,645742124,15.4,MOD-00613,27.1,2026-03-31T23:42:22,2026-03-31T16:42:22,https://api.quant-aq.com/v1/devices/MOD-00613/data/645741971
874.78,595.45,"{'lat': None, 'lon': None}","{'rh': 15.6, 'temp': 27.1, 'wd': 0.0, 'ws': 0.0, 'ws_scalar': 0.0}","{'gas': {'co': 13498, 'co2': 13260, 'no': 13586, 'no2': 13765, 'o3': 13745}, 'pm': {'pm1': 13200, 'pm10': 13202, 'pm25': 13201}}",2.54,9.12,35.95,1.97,2.83,2.28,645742121,15.6,MOD-00613,27.1,2026-03-31T23:41:22,2026-03-31T16:41:22,https://api.quant-aq.com/v1/devices/MOD-00613/data/645741972
873.96,594.49,"{'lat': None, 'lon': None}","{'rh': 15.6, 'temp': 27.1, 'wd': 0.0, 'ws': 0.0, 'ws_scalar': 0.0}","{'gas': {'co': 13498, 'co2': 13260, 'no': 13586, 'no2': 13765, 'o3': 13745}, 'pm': {'pm1': 13200, 'pm10': 13202, 'pm25': 13201}}",2.54,9.12,36.18,1.68,2.48,1.8,645742122,15.6,MOD-00613,27.1,2026-03-31T23:40:22,2026-03-31T16:40:22,https://api.quant-aq.com/v1/devices/MOD-00613/data/645741973
875.19,598.82,"{'lat': None, 'lon': None}","{'rh': 15.6, 'temp': 27.1, 'wd': 0.0, 'ws': 0.0, 'ws_scalar': 0.0}","{'gas': {'co': 13498, 'co2': 13260, 'no': 13586, 'no2': 13765, 'o3': 13745}, 'pm': {'pm1': 13200, 'pm10': 13202, 'pm25': 13201}}",2.54,9.12,35.95,1.56,2.31,1.78,645742119,15.6,MOD-00613,27.1,2026-03-31T23:39:22,2026-03-31T16:39:22,https://api.quant-aq.com/v1/devices/MOD-00613/data/645741968
875.19,605.81,"{'lat': None, 'lon': None}","{'rh': 15.6, 'temp': 27.1, 'wd': 0.0, 'ws': 0.0, 'ws_scalar': 0.0}","{'gas': {'co': 13498, 'co2': 13260, 'no': 13586, 'no2': 13765, 'o3': 13745}, 'pm': {'pm1': 13200, 'pm10': 13202, 'pm25': 13201}}",2.54,9.12,36.64,1.68,2.83,2.09,645739848,15.6,MOD-00613,27.1,2026-03-31T23:38:22,2026-03-31T16:38:22,https://api.quant-aq.com/v1/devices/MOD-00613/data/645739696
875.94,608.34,"{'lat': None, 'lon': None}","{'rh': 15.7, 'temp': 27.1, 'wd': 0.0, 'ws': 0.0, 'ws_scalar': 0.0}","{'gas': {'co': 13498, 'co2': 13260, 'no': 13586, 'no2': 13765, 'o3': 13745}, 'pm': {'pm1': 13200, 'pm10': 13202, 'pm25': 13201}}",2.54,9.12,36.38,1.84,10.55,2.38,645739847,15.7,MOD-00613,27.1,2026-03-31T23:37:22,2026-03-31T16:37:22,https://api.quant-aq.com/v1/devices/MOD-00613/data/645739697
880.94,607.61,"{'lat': None, 'lon': None}","{'rh': 15.6, 'temp': 27.1, 'wd': 0.0, 'ws': 0.0, 'ws_scalar': 0.0}","{'gas': {'co': 13498, 'co2': 13260, 'no': 13586, 'no2': 13765, 'o3': 13745}, 'pm': {'pm1': 13200, 'pm10': 13202, 'pm25': 13201}}",2.54,9.12,36.18,1.74,15.55,2.19,645739845,15.6,MOD-00613,27.1,2026-03-31T23:36:22,2026-03-31T16:36:22,https://api.quant-aq.com/v1/devices/MOD-00613/data/645739694
874.78,622.19,"{'lat': None, 'lon': None}","{'rh': 15.6, 'temp': 27.1, 'wd': 0.0, 'ws': 0.0, 'ws_scalar': 0.0}","{'gas': {'co': 13498, 'co2': 13260, 'no': 13586, 'no2': 13765, 'o3': 13745}, 'pm': {'pm1': 13200, 'pm10': 13202, 'pm25': 13201}}",2.53,9.12,36.18,1.8,7.3,2.37,645739846,15.6,MOD-00613,27.1,2026-03-31T23:35:22,2026-03-31T16:35:22,https://api.quant-aq.com/v1/devices/MOD-00613/data/645739695
879.91,619.3,"{'lat': None, 'lon': None}","{'rh': 15.9, 'temp': 27.1, 'wd': 0.0, 'ws': 0.0, 'ws_scalar': 0.0}","{'gas': {'co': 13498, 'co2': 13260, 'no': 13586, 'no2': 13765, 'o3': 13745}, 'pm': {'pm1': 13200, 'pm10': 13202, 'pm25': 13201}}",2.54,9.44,36.09,1.68,13.7,2.19,645737589,15.9,MOD-00613,27.1,2026-03-31T23:34:22,2026-03-31T16:34:22,https://api.quant-aq.com/v1/devices/MOD-00613/data/645737437
882.92,617.13,"{'lat': None, 'lon': None}","{'rh': 15.7, 'temp': 27.1, 'wd': 0.0, 'ws': 0.0, 'ws_scalar': 0.0}","{'gas': {'co': 13498, 'co2': 13260, 'no': 13586, 'no2': 13765, 'o3': 13745}, 'pm': {'pm1': 13200, 'pm10': 13202, 'pm25': 13201}}",2.54,9.12,35.92,1.34,11.22,1.74,645737590,15.7,MOD-00613,27.1,2026-03-31T23:33:22,2026-03-31T16:33:22,https://api.quant-aq.com/v1/devices/MOD-00613/data/645737438
882.99,614.12,"{'lat': None, 'lon': None}","{'rh': 15.6, 'temp': 27.1, 'wd': 0.0, 'ws': 0.0, 'ws_scalar': 0.0}","{'gas': {'co': 13498, 'co2': 13260, 'no': 13586, 'no2': 13765, 'o3': 13745}, 'pm': {'pm1': 13200, 'pm10': 13202, 'pm25': 13201}}",2.53,9.12,36.18,1.97,12.14,2.23,645737588,15.6,MOD-00613,27.1,2026-03-31T23:32:22,2026-03-31T16:32:22,https://api.quant-aq.com/v1/devices/MOD-00613/data/645737439
884.56,614.6,"{'lat': None, 'lon': None}","{'rh': 15.7, 'temp': 27.1, 'wd': 0.0, 'ws': 0.0, 'ws_scalar': 0.0}","{'gas': {'co': 13498, 'co2': 13260, 'no': 13586, 'no2': 13765, 'o3': 13745}, 'pm': {'pm1': 13200, 'pm10': 13202, 'pm25': 13201}}",2.54,9.12,35.92,1.35,13.11,1.64,645737587,15.7,MOD-00613,27.1,2026-03-31T23:31:22,2026-03-31T16:31:22,https://api.quant-aq.com/v1/devices/MOD-00613/data/645737436
882.03,613.76,"{'lat': None, 'lon': None}","{'rh': 15.8, 'temp': 27.1, 'wd': 0.0, 'ws': 0.0, 'ws_scalar': 0.0}","{'gas': {'co': 13498, 'co2': 13260, 'no': 13586, 'no2': 13765, 'o3': 13745}, 'pm': {'pm1': 13200, 'pm10': 13202, 'pm25': 13201}}",2.54,9.11,35.89,1.62,5.6,1.75,645735344,15.8,MOD-00613,27.1,2026-03-31T23:30:22,2026-03-31T16:30:22,https://api.quant-aq.com/v1/devices/MOD-00613/data/645735194
878.82,618.82,"{'lat': None, 'lon': None}","{'rh': 15.7, 'temp': 27.1, 'wd': 0.0, 'ws': 0.0, 'ws_scalar': 0.0}","{'gas': {'co': 13498, 'co2': 13260, 'no': 13586, 'no2': 13765, 'o3': 13745}, 'pm': {'pm1': 13200, 'pm10': 13202, 'pm25': 13201}}",2.54,9.12,35.69,1.53,6.67,1.82,645735349,15.7,MOD-00613,27.1,2026-03-31T23:29:22,2026-03-31T16:29:22,https://api.quant-aq.com/v1/devices/MOD-00613/data/645735200
887.71,632.67,"{'lat': None, 'lon': None}","{'rh': 15.9, 'temp': 27.1, 'wd': 0.0, 'ws': 0.0, 'ws_scalar': 0.0}","{'gas': {'co': 13498, 'co2': 13260, 'no': 13586, 'no2': 13765, 'o3': 13745}, 'pm': {'pm1': 13200, 'pm10': 13202, 'pm25': 13201}}",2.54,9.11,35.63,1.6,5.03,1.78,645735348,15.9,MOD-00613,27.1,2026-03-31T23:28:22,2026-03-31T16:28:22,https://api.quant-aq.com/v1/devices/MOD-00613/data/645735198
884.42,635.32,"{'lat': None, 'lon': None}","{'rh': 15.9, 'temp': 27.1, 'wd': 0.0, 'ws': 0.0, 'ws_scalar': 0.0}","{'gas': {'co': 13498, 'co2': 13260, 'no': 13586, 'no2': 13765, 'o3': 13745}, 'pm': {'pm1': 13200, 'pm10': 13202, 'pm25': 13201}}",2.54,9.44,35.63,1.29,5.93,1.59,645735346,15.9,MOD-00613,27.1,2026-03-31T23:27:22,2026-03-31T16:27:22,https://api.quant-aq.com/v1/devices/MOD-00613/data/645735196
881.07,647.36,"{'lat': None, 'lon': None}","{'rh': 16.0, 'temp': 27.1, 'wd': 0.0, 'ws': 0.0, 'ws_scalar': 0.0}","{'gas': {'co': 13498, 'co2': 13260, 'no': 13586, 'no2': 13765, 'o3': 13745}, 'pm': {'pm1': 13200, 'pm10': 13202, 'pm25': 13201}}",2.54,9.44,35.14,1.45,3.31,1.77,645733174,16.0,MOD-00613,27.1,2026-03-31T23:26:22,2026-03-31T16:26:22,https://api.quant-aq.com/v1/devices/MOD-00613/data/645733024
875.8,647.36,"{'lat': None, 'lon': None}","{'rh': 15.9, 'temp': 27.1, 'wd': 0.0, 'ws': 0.0, 'ws_scalar': 0.0}","{'gas': {'co': 13498, 'co2': 13260, 'no': 13586, 'no2': 13765, 'o3': 13745}, 'pm': {'pm1': 13200, 'pm10': 13202, 'pm25': 13201}}",2.54,9.11,35.86,1.87,9.01,2.19,645733176,15.9,MOD-00613,27.1,2026-03-31T23:25:22,2026-03-31T16:25:22,https://api.quant-aq.com/v1/devices/MOD-00613/data/645733025
877.51,631.82,"{'lat': None, 'lon': None}","{'rh': 15.8, 'temp': 27.1, 'wd': 0.0, 'ws': 0.0, 'ws_scalar': 0.0}","{'gas': {'co': 13498, 'co2': 13260, 'no': 13586, 'no2': 13765, 'o3': 13745}, 'pm': {'pm1': 13200, 'pm10': 13202, 'pm25': 13201}}",2.54,9.11,35.66,1.64,17.66,1.82,645733173,15.8,MOD-00613,27.1,2026-03-31T23:24:22,2026-03-31T16:24:22,https://api.quant-aq.com/v1/devices/MOD-00613/data/645733022
877.92,624.48,"{'lat': None, 'lon': None}","{'rh': 15.8, 'temp': 27.1, 'wd': 0.0, 'ws': 0.0, 'ws_scalar': 0.0}","{'gas': {'co': 13498, 'co2': 13260, 'no': 13586, 'no2': 13765, 'o3': 13745}, 'pm': {'pm1': 13200, 'pm10': 13202, 'pm25': 13201}}",2.54,9.11,35.43,1.76,6.59,2.13,645733175,15.8,MOD-00613,27.1,2026-03-31T23:23:22,2026-03-31T16:23:22,https://api.quant-aq.com/v1/devices/MOD-00613/data/645733023
880.8,626.4,"{'lat': None, 'lon': None}","{'rh': 15.8, 'temp': 27.1, 'wd': 0.0, 'ws': 0.0, 'ws_scalar': 0.0}","{'gas': {'co': 13498, 'co2': 13260, 'no': 13586, 'no2': 13765, 'o3': 13745}, 'pm': {'pm1': 13200, 'pm10': 13202, 'pm25': 13201}}",2.54,9.11,35.43,2.12,4.0,2.46,645730935,15.8,MOD-00613,27.1,2026-03-31T23:22:22,2026-03-31T16:22:22,https://api.quant-aq.com/v1/devices/MOD-00613/data/645730785
878.75,634.23,"{'lat': None, 'lon': None}","{'rh': 15.8, 'temp': 27.1, 'wd': 0.0, 'ws': 0.0, 'ws_scalar': 0.0}","{'gas': {'co': 13498, 'co2': 13260, 'no': 13586, 'no2': 13765, 'o3': 13745}, 'pm': {'pm1': 13200, 'pm10': 13202, 'pm25': 13201}}",2.54,9.11,35.66,1.67,2.1,1.93,645730934,15.8,MOD-00613,27.1,2026-03-31T23:21:22,2026-03-31T16:21:22,https://api.quant-aq.com/v1/devices/MOD-00613/data/645730783
878.23,633.51,"{'lat': None, 'lon': None}","{'rh': 15.8, 'temp': 27.0, 'wd': 0.0, 'ws': 0.0, 'ws_scalar': 0.0}","{'gas': {'co': 13498, 'co2': 13260, 'no': 13586, 'no2': 13765, 'o3': 13745}, 'pm': {'pm1': 13200, 'pm10': 13202, 'pm25': 13201}}",2.54,9.12,35.41,1.79,3.78,1.98,645730933,15.8,MOD-00613,27.0,2026-03-31T23:20:22,2026-03-31T16:20:22,https://api.quant-aq.com/v1/devices/MOD-00613/data/645730782
874.53,637.12,"{'lat': None, 'lon': None}","{'rh': 15.8, 'temp': 27.0, 'wd': 0.0, 'ws': 0.0, 'ws_scalar': 0.0}","{'gas': {'co': 13498, 'co2': 13260, 'no': 13586, 'no2': 13765, 'o3': 13745}, 'pm': {'pm1': 13200, 'pm10': 13202, 'pm25': 13201}}",2.54,9.12,35.18,1.62,10.08,1.86,645730936,15.8,MOD-00613,27.0,2026-03-31T23:19:22,2026-03-31T16:19:22,https://api.quant-aq.com/v1/devices/MOD-00613/data/645730784
878.37,619.54,"{'lat': None, 'lon': None}","{'rh': 15.6, 'temp': 27.0, 'wd': 0.0, 'ws': 0.0, 'ws_scalar': 0.0}","{'gas': {'co': 13498, 'co2': 13260, 'no': 13586, 'no2': 13765, 'o3': 13745}, 'pm': {'pm1': 13200, 'pm10': 13202, 'pm25': 13201}}",2.54,9.12,35.7,1.7,2.81,1.88,645728697,15.6,MOD-00613,27.0,2026-03-31T23:18:22,2026-03-31T16:18:22,https://api.quant-aq.com/v1/devices/MOD-00613/data/645728546
871.73,613.03,"{'lat': None, 'lon': None}","{'rh': 15.7, 'temp': 27.0, 'wd': 0.0, 'ws': 0.0, 'ws_scalar': 0.0}","{'gas': {'co': 13498, 'co2': 13260, 'no': 13586, 'no2': 13765, 'o3': 13745}, 'pm': {'pm1': 13200, 'pm10': 13202, 'pm25': 13201}}",2.54,9.12,36.13,1.6,7.42,1.73,645728699,15.7,MOD-00613,27.0,2026-03-31T23:17:22,2026-03-31T16:17:22,https://api.quant-aq.com/v1/devices/MOD-00613/data/645728548
875.91,606.77,"{'lat': None, 'lon': None}","{'rh': 15.6, 'temp': 27.0, 'wd': 0.0, 'ws': 0.0, 'ws_scalar': 0.0}","{'gas': {'co': 13498, 'co2': 13260, 'no': 13586, 'no2': 13765, 'o3': 13745}, 'pm': {'pm1': 13200, 'pm10': 13202, 'pm25': 13201}}",2.54,9.12,36.16,1.37,2.29,1.53,645728698,15.6,MOD-00613,27.0,2026-03-31T23:16:22,2026-03-31T16:16:22,https://api.quant-aq.com/v1/devices/MOD-00613/data/645728547
869.75,606.89,"{'lat': None, 'lon': None}","{'rh': 15.6, 'temp': 27.0, 'wd': 0.0, 'ws': 0.0, 'ws_scalar': 0.0}","{'gas': {'co': 13498, 'co2': 13260, 'no': 13586, 'no2': 13765, 'o3': 13745}, 'pm': {'pm1': 13200, 'pm10': 13202, 'pm25': 13201}}",2.54,9.12,36.16,1.72,2.76,1.87,645728696,15.6,MOD-00613,27.0,2026-03-31T23:15:22,2026-03-31T16:15:22,https://api.quant-aq.com/v1/devices/MOD-00613/data/645728545
869.75,607.85,"{'lat': None, 'lon': None}","{'rh': 15.6, 'temp': 27.0, 'wd': 0.0, 'ws': 0.0, 'ws_scalar': 0.0}","{'gas': {'co': 13498, 'co2': 13260, 'no': 13586, 'no2': 13765, 'o3': 13745}, 'pm': {'pm1': 13200, 'pm10': 13202, 'pm25': 13201}}",2.54,9.13,35.93,1.96,2.67,2.21,645726433,15.6,MOD-00613,27.0,2026-03-31T23:14:22,2026-03-31T16:14:22,https://api.quant-aq.com/v1/devices/MOD-00613/data/645726284
868.52,603.64,"{'lat': None, 'lon': None}","{'rh': 15.6, 'temp': 27.0, 'wd': 0.0, 'ws': 0.0, 'ws_scalar': 0.0}","{'gas': {'co': 13498, 'co2': 13260, 'no': 13586, 'no2': 13765, 'o3': 13745}, 'pm': {'pm1': 13200, 'pm10': 13202, 'pm25': 13201}}",2.53,9.12,36.39,1.58,4.17,1.9,645726428,15.6,MOD-00613,27.0,2026-03-31T23:13:22,2026-03-31T16:13:22,https://api.quant-aq.com/v1/devices/MOD-00613/data/645726277
860.31,597.74,"{'lat': None, 'lon': None}","{'rh': 15.6, 'temp': 27.0, 'wd': 0.0, 'ws': 0.0, 'ws_scalar': 0.0}","{'gas': {'co': 13498, 'co2': 13260, 'no': 13586, 'no2': 13765, 'o3': 13745}, 'pm': {'pm1': 13200, 'pm10': 13202, 'pm25': 13201}}",2.54,9.12,36.16,1.41,2.25,1.56,645726427,15.6,MOD-00613,27.0,2026-03-31T23:12:22,2026-03-31T16:12:22,https://api.quant-aq.com/v1/devices/MOD-00613/data/645726276
863.25,598.22,"{'lat': None, 'lon': None}","{'rh': 15.5, 'temp': 27.0, 'wd': 0.0, 'ws': 0.0, 'ws_scalar': 0.0}","{'gas': {'co': 13498, 'co2': 13260, 'no': 13586, 'no2': 13765, 'o3': 13745}, 'pm': {'pm1': 13200, 'pm10': 13202, 'pm25': 13201}}",2.54,9.13,36.19,1.5,2.56,1.8,645726426,15.5,MOD-00613,27.0,2026-03-31T23:11:22,2026-03-31T16:11:22,https://api.quant-aq.com/v1/devices/MOD-00613/data/645726275
865.38,598.7,"{'lat': None, 'lon': None}","{'rh': 15.4, 'temp': 27.0, 'wd': 0.0, 'ws': 0.0, 'ws_scalar': 0.0}","{'gas': {'co': 13498, 'co2': 13260, 'no': 13586, 'no2': 13765, 'o3': 13745}, 'pm': {'pm1': 13200, 'pm10': 13202, 'pm25': 13201}}",2.53,9.13,36.21,1.41,1.72,1.58,645724216,15.4,MOD-00613,27.0,2026-03-31T23:10:22,2026-03-31T16:10:22,https://api.quant-aq.com/v1/devices/MOD-00613/data/645724065
855.93,598.34,"{'lat': None, 'lon': None}","{'rh': 15.4, 'temp': 27.0, 'wd': 0.0, 'ws': 0.0, 'ws_scalar': 0.0}","{'gas': {'co': 13498, 'co2': 13260, 'no': 13586, 'no2': 13765, 'o3': 13745}, 'pm': {'pm1': 13200, 'pm10': 13202, 'pm25': 13201}}",2.54,9.13,36.9,1.34,3.97,1.56,645724215,15.4,MOD-00613,27.0,2026-03-31T23:09:22,2026-03-31T16:09:22,https://api.quant-aq.com/v1/devices/MOD-00613/data/645724064
866.61,595.81,"{'lat': None, 'lon': None}","{'rh': 15.4, 'temp': 27.0, 'wd': 0.0, 'ws': 0.0, 'ws_scalar': 0.0}","{'gas': {'co': 13498, 'co2': 13260, 'no': 13586, 'no2': 13765, 'o3': 13745}, 'pm': {'pm1': 13200, 'pm10': 13202, 'pm25': 13201}}",2.54,9.13,36.44,0.98,5.36,1.32,645724217,15.4,MOD-00613,27.0,2026-03-31T23:08:22,2026-03-31T16:08:22,https://api.quant-aq.com/v1/devices/MOD-00613/data/645724069
869.48,601.47,"{'lat': None, 'lon': None}","{'rh': 15.4, 'temp': 27.0, 'wd': 0.0, 'ws': 0.0, 'ws_scalar': 0.0}","{'gas': {'co': 13498, 'co2': 13260, 'no': 13586, 'no2': 13765, 'o3': 13745}, 'pm': {'pm1': 13200, 'pm10': 13202, 'pm25': 13201}}",2.53,9.13,36.44,1.24,7.85,1.47,645724214,15.4,MOD-00613,27.0,2026-03-31T23:07:22,2026-03-31T16:07:22,https://api.quant-aq.com/v1/devices/MOD-00613/data/645724063
864.21,600.75,"{'lat': None, 'lon': None}","{'rh': 15.3, 'temp': 27.0, 'wd': 0.0, 'ws': 0.0, 'ws_scalar': 0.0}","{'gas': {'co': 13498, 'co2': 13260, 'no': 13586, 'no2': 13765, 'o3': 13745}, 'pm': {'pm1': 13200, 'pm10': 13202, 'pm25': 13201}}",2.53,9.13,36.47,1.91,4.47,2.18,645721976,15.3,MOD-00613,27.0,2026-03-31T23:06:22,2026-03-31T16:06:22,https://api.quant-aq.com/v1/devices/MOD-00613/data/645721826
862.68,604.6,"{'lat': None, 'lon': None}","{'rh': 15.3, 'temp': 27.1, 'wd': 0.0, 'ws': 0.0, 'ws_scalar': 0.0}","{'gas': {'co': 13498, 'co2': 13260, 'no': 13586, 'no2': 13765, 'o3': 13745}, 'pm': {'pm1': 13200, 'pm10': 13202, 'pm25': 13201}}",2.53,9.13,36.27,1.76,10.42,2.12,645721979,15.3,MOD-00613,27.1,2026-03-31T23:05:22,2026-03-31T16:05:22,https://api.quant-aq.com/v1/devices/MOD-00613/data/645721828
863.8,607.85,"{'lat': None, 'lon': None}","{'rh': 15.3, 'temp': 27.0, 'wd': 0.0, 'ws': 0.0, 'ws_scalar': 0.0}","{'gas': {'co': 13498, 'co2': 13260, 'no': 13586, 'no2': 13765, 'o3': 13745}, 'pm': {'pm1': 13200, 'pm10': 13202, 'pm25': 13201}}",2.53,9.13,36.47,1.75,10.45,2.04,645721977,15.3,MOD-00613,27.0,2026-03-31T23:04:22,2026-03-31T16:04:22,https://api.quant-aq.com/v1/devices/MOD-00613/data/645721825
857.5,601.11,"{'lat': None, 'lon': None}","{'rh': 15.5, 'temp': 27.0, 'wd': 0.0, 'ws': 0.0, 'ws_scalar': 0.0}","{'gas': {'co': 13498, 'co2': 13260, 'no': 13586, 'no2': 13765, 'o3': 13745}, 'pm': {'pm1': 13200, 'pm10': 13202, 'pm25': 13201}}",2.54,9.13,36.41,1.91,13.98,2.16,645721978,15.5,MOD-00613,27.0,2026-03-31T23:03:22,2026-03-31T16:03:22,https://api.quant-aq.com/v1/devices/MOD-00613/data/645721827
855.22,595.09,"{'lat': None, 'lon': None}","{'rh': 15.4, 'temp': 27.1, 'wd': 0.0, 'ws': 0.0, 'ws_scalar': 0.0}","{'gas': {'co': 13498, 'co2': 13260, 'no': 13586, 'no2': 13765, 'o3': 13745}, 'pm': {'pm1': 13200, 'pm10': 13202, 'pm25': 13201}}",2.54,9.12,36.47,1.7,2.29,2.03,645719746,15.4,MOD-00613,27.1,2026-03-31T23:02:22,2026-03-31T16:02:22,https://api.quant-aq.com/v1/devices/MOD-00613/data/645719595
859.4,597.86,"{'lat': None, 'lon': None}","{'rh': 15.3, 'temp': 27.1, 'wd': 0.0, 'ws': 0.0, 'ws_scalar': 0.0}","{'gas': {'co': 13498, 'co2': 13260, 'no': 13586, 'no2': 13765, 'o3': 13745}, 'pm': {'pm1': 13200, 'pm10': 13202, 'pm25': 13201}}",2.53,9.77,36.5,1.4,13.23,1.77,645719745,15.3,MOD-00613,27.1,2026-03-31T23:01:22,2026-03-31T16:01:22,https://api.quant-aq.com/v1/devices/MOD-00613/data/645719594
856.04,600.99,"{'lat': None, 'lon': None}","{'rh': 15.4, 'temp': 27.1, 'wd': 0.0, 'ws': 0.0, 'ws_scalar': 0.0}","{'gas': {'co': 13498, 'co2': 13260, 'no': 13586, 'no2': 13765, 'o3': 13745}, 'pm': {'pm1': 13200, 'pm10': 13202, 'pm25': 13201}}",2.53,9.12,35.78,1.48,3.35,1.72,645719747,15.4,MOD-00613,27.1,2026-03-31T23:00:22,2026-03-31T16:00:22,https://api.quant-aq.com/v1/devices/MOD-00613/data/645719596
857.54,602.43,"{'lat': None, 'lon': None}","{'rh': 15.6, 'temp': 27.1, 'wd': 0.0, 'ws': 0.0, 'ws_scalar': 0.0}","{'gas': {'co': 13498, 'co2': 13260, 'no': 13586, 'no2': 13765, 'o3': 13745}, 'pm': {'pm1': 13200, 'pm10': 13202, 'pm25': 13201}}",2.53,9.12,36.41,1.51,5.21,1.7,645719744,15.6,MOD-00613,27.1,2026-03-31T22:59:22,2026-03-31T15:59:22,https://api.quant-aq.com/v1/devices/MOD-00613/data/645719593
857.68,609.42,"{'lat': None, 'lon': None}","{'rh': 15.4, 'temp': 27.1, 'wd': 0.0, 'ws': 0.0, 'ws_scalar': 0.0}","{'gas': {'co': 13498, 'co2': 13260, 'no': 13586, 'no2': 13765, 'o3': 13745}, 'pm': {'pm1': 13200, 'pm10': 13202, 'pm25': 13201}}",2.53,9.12,36.24,1.7,3.12,1.83,645717486,15.4,MOD-00613,27.1,2026-03-31T22:58:22,2026-03-31T15:58:22,https://api.quant-aq.com/v1/devices/MOD-00613/data/645717335
857.2,596.05,"{'lat': None, 'lon': None}","{'rh': 15.5, 'temp': 27.1, 'wd': 0.0, 'ws': 0.0, 'ws_scalar': 0.0}","{'gas': {'co': 13498, 'co2': 13260, 'no': 13586, 'no2': 13765, 'o3': 13745}, 'pm': {'pm1': 13200, 'pm10': 13202, 'pm25': 13201}}",2.54,9.12,36.21,1.42,2.43,1.6,645717487,15.5,MOD-00613,27.1,2026-03-31T22:57:22,2026-03-31T15:57:22,https://api.quant-aq.com/v1/devices/MOD-00613/data/645717336
852.35,595.45,"{'lat': None, 'lon': None}","{'rh': 15.4, 'temp': 27.1, 'wd': 0.0, 'ws': 0.0, 'ws_scalar': 0.0}","{'gas': {'co': 13498, 'co2': 13260, 'no': 13586, 'no2': 13765, 'o3': 13745}, 'pm': {'pm1': 13200, 'pm10': 13202, 'pm25': 13201}}",2.54,9.12,36.93,1.53,2.35,1.76,645717489,15.4,MOD-00613,27.1,2026-03-31T22:56:22,2026-03-31T15:56:22,https://api.quant-aq.com/v1/devices/MOD-00613/data/645717339
860.22,593.88,"{'lat': None, 'lon': None}","{'rh': 15.3, 'temp': 27.1, 'wd': 0.0, 'ws': 0.0, 'ws_scalar': 0.0}","{'gas': {'co': 13498, 'co2': 13260, 'no': 13586, 'no2': 13765, 'o3': 13745}, 'pm': {'pm1': 13200, 'pm10': 13202, 'pm25': 13201}}",2.53,9.13,36.04,1.52,12.19,1.74,645717488,15.3,MOD-00613,27.1,2026-03-31T22:55:22,2026-03-31T15:55:22,https://api.quant-aq.com/v1/devices/MOD-00613/data/645717337
853.17,591.35,"{'lat': None, 'lon': None}","{'rh': 15.4, 'temp': 27.1, 'wd': 0.0, 'ws': 0.0, 'ws_scalar': 0.0}","{'gas': {'co': 13498, 'co2': 13260, 'no': 13586, 'no2': 13765, 'o3': 13745}, 'pm': {'pm1': 13200, 'pm10': 13202, 'pm25': 13201}}",2.53,9.12,36.01,1.62,8.71,1.83,645715269,15.4,MOD-00613,27.1,2026-03-31T22:54:22,2026-03-31T15:54:22,https://api.quant-aq.com/v1/devices/MOD-00613/data/645715118
856.79,583.16,"{'lat': None, 'lon': None}","{'rh': 15.5, 'temp': 27.1, 'wd': 0.0, 'ws': 0.0, 'ws_scalar': 0.0}","{'gas': {'co': 13498, 'co2': 13260, 'no': 13586, 'no2': 13765, 'o3': 13745}, 'pm': {'pm1': 13200, 'pm10': 13202, 'pm25': 13201}}",2.53,9.12,36.44,1.6,2.65,1.83,645715267,15.5,MOD-00613,27.1,2026-03-31T22:53:22,2026-03-31T15:53:22,https://api.quant-aq.com/v1/devices/MOD-00613/data/645715116
855.15,591.59,"{'lat': None, 'lon': None}","{'rh': 15.5, 'temp': 27.1, 'wd': 0.0, 'ws': 0.0, 'ws_scalar': 0.0}","{'gas': {'co': 13498, 'co2': 13260, 'no': 13586, 'no2': 13765, 'o3': 13745}, 'pm': {'pm1': 13200, 'pm10': 13202, 'pm25': 13201}}",2.54,9.12,36.9,1.28,9.25,1.5,645715266,15.5,MOD-00613,27.1,2026-03-31T22:52:22,2026-03-31T15:52:22,https://api.quant-aq.com/v1/devices/MOD-00613/data/645715115
854.81,589.91,"{'lat': None, 'lon': None}","{'rh': 15.4, 'temp': 27.1, 'wd': 0.0, 'ws': 0.0, 'ws_scalar': 0.0}","{'gas': {'co': 13498, 'co2': 13260, 'no': 13586, 'no2': 13765, 'o3': 13745}, 'pm': {'pm1': 13200, 'pm10': 13202, 'pm25': 13201}}",2.53,9.12,36.24,1.21,10.12,1.48,645715268,15.4,MOD-00613,27.1,2026-03-31T22:51:22,2026-03-31T15:51:22,https://api.quant-aq.com/v1/devices/MOD-00613/data/645715117
856.45,589.91,"{'lat': None, 'lon': None}","{'rh': 15.4, 'temp': 27.1, 'wd': 0.0, 'ws': 0.0, 'ws_scalar': 0.0}","{'gas': {'co': 13498, 'co2': 13260, 'no': 13586, 'no2': 13765, 'o3': 13745}, 'pm': {'pm1': 13200, 'pm10': 13202, 'pm25': 13201}}",2.53,9.12,36.7,1.43,2.68,1.62,645713012,15.4,MOD-00613,27.1,2026-03-31T22:50:22,2026-03-31T15:50:22,https://api.quant-aq.com/v1/devices/MOD-00613/data/645712861
848.65,591.96,"{'lat': None, 'lon': None}","{'rh': 15.4, 'temp': 27.1, 'wd': 0.0, 'ws': 0.0, 'ws_scalar': 0.0}","{'gas': {'co': 13498, 'co2': 13260, 'no': 13586, 'no2': 13765, 'o3': 13745}, 'pm': {'pm1': 13200, 'pm10': 13202, 'pm25': 13201}}",2.53,9.12,36.24,1.41,3.19,1.66,645713015,15.4,MOD-00613,27.1,2026-03-31T22:49:22,2026-03-31T15:49:22,https://api.quant-aq.com/v1/devices/MOD-00613/data/645712864
855.63,597.5,"{'lat': None, 'lon': None}","{'rh': 15.4, 'temp': 27.1, 'wd': 0.0, 'ws': 0.0, 'ws_scalar': 0.0}","{'gas': {'co': 13498, 'co2': 13260, 'no': 13586, 'no2': 13765, 'o3': 13745}, 'pm': {'pm1': 13200, 'pm10': 13202, 'pm25': 13201}}",2.53,9.12,36.24,1.31,7.48,1.48,645713014,15.4,MOD-00613,27.1,2026-03-31T22:48:22,2026-03-31T15:48:22,https://api.quant-aq.com/v1/devices/MOD-00613/data/645712863
855.63,595.45,"{'lat': None, 'lon': None}","{'rh': 15.4, 'temp': 27.1, 'wd': 0.0, 'ws': 0.0, 'ws_scalar': 0.0}","{'gas': {'co': 13498, 'co2': 13260, 'no': 13586, 'no2': 13765, 'o3': 13745}, 'pm': {'pm1': 13200, 'pm10': 13202, 'pm25': 13201}}",2.53,9.12,36.47,1.39,3.08,1.69,645713013,15.4,MOD-00613,27.1,2026-03-31T22:47:22,2026-03-31T15:47:22,https://api.quant-aq.com/v1/devices/MOD-00613/data/645712862
854.74,596.89,"{'lat': None, 'lon': None}","{'rh': 15.5, 'temp': 27.1, 'wd': 0.0, 'ws': 0.0, 'ws_scalar': 0.0}","{'gas': {'co': 13498, 'co2': 13260, 'no': 13586, 'no2': 13765, 'o3': 13745}, 'pm': {'pm1': 13200, 'pm10': 13202, 'pm25': 13201}}",2.53,9.12,35.98,1.45,4.22,1.6,645710803,15.5,MOD-00613,27.1,2026-03-31T22:46:22,2026-03-31T15:46:22,https://api.quant-aq.com/v1/devices/MOD-00613/data/645710652
854.67,590.27,"{'lat': None, 'lon': None}","{'rh': 15.6, 'temp': 27.1, 'wd': 0.0, 'ws': 0.0, 'ws_scalar': 0.0}","{'gas': {'co': 13498, 'co2': 13260, 'no': 13586, 'no2': 13765, 'o3': 13745}, 'pm': {'pm1': 13200, 'pm10': 13202, 'pm25': 13201}}",2.54,9.12,36.41,1.47,3.37,1.87,645710801,15.6,MOD-00613,27.1,2026-03-31T22:45:22,2026-03-31T15:45:22,https://api.quant-aq.com/v1/devices/MOD-00613/data/645710650
850.29,596.77,"{'lat': None, 'lon': None}","{'rh': 15.4, 'temp': 27.1, 'wd': 0.0, 'ws': 0.0, 'ws_scalar': 0.0}","{'gas': {'co': 13498, 'co2': 13260, 'no': 13586, 'no2': 13765, 'o3': 13745}, 'pm': {'pm1': 13200, 'pm10': 13202, 'pm25': 13201}}",2.53,9.12,35.78,1.42,14.29,1.9,645710804,15.4,MOD-00613,27.1,2026-03-31T22:44:22,2026-03-31T15:44:22,https://api.quant-aq.com/v1/devices/MOD-00613/data/645710653
851.04,593.04,"{'lat': None, 'lon': None}","{'rh': 15.5, 'temp': 27.1, 'wd': 0.0, 'ws': 0.0, 'ws_scalar': 0.0}","{'gas': {'co': 13498, 'co2': 13260, 'no': 13586, 'no2': 13765, 'o3': 13745}, 'pm': {'pm1': 13200, 'pm10': 13202, 'pm25': 13201}}",2.53,9.12,36.44,1.01,6.4,1.31,645710802,15.5,MOD-00613,27.1,2026-03-31T22:43:22,2026-03-31T15:43:22,https://api.quant-aq.com/v1/devices/MOD-00613/data/645710651
851.12,595.33,"{'lat': None, 'lon': None}","{'rh': 15.4, 'temp': 27.1, 'wd': 0.0, 'ws': 0.0, 'ws_scalar': 0.0}","{'gas': {'co': 13498, 'co2': 13260, 'no': 13586, 'no2': 13765, 'o3': 13745}, 'pm': {'pm1': 13200, 'pm10': 13202, 'pm25': 13201}}",2.53,9.12,36.24,1.59,2.2,1.87,645708554,15.4,MOD-00613,27.1,2026-03-31T22:42:22,2026-03-31T15:42:22,https://api.quant-aq.com/v1/devices/MOD-00613/data/645708403
853.99,598.7,"{'lat': None, 'lon': None}","{'rh': 15.4, 'temp': 27.1, 'wd': 0.0, 'ws': 0.0, 'ws_scalar': 0.0}","{'gas': {'co': 13498, 'co2': 13260, 'no': 13586, 'no2': 13765, 'o3': 13745}, 'pm': {'pm1': 13200, 'pm10': 13202, 'pm25': 13201}}",2.53,9.12,36.47,1.54,9.53,1.91,645708555,15.4,MOD-00613,27.1,2026-03-31T22:41:22,2026-03-31T15:41:22,https://api.quant-aq.com/v1/devices/MOD-00613/data/645708404
852.76,599.42,"{'lat': None, 'lon': None}","{'rh': 15.4, 'temp': 27.1, 'wd': 0.0, 'ws': 0.0, 'ws_scalar': 0.0}","{'gas': {'co': 13498, 'co2': 13260, 'no': 13586, 'no2': 13765, 'o3': 13745}, 'pm': {'pm1': 13200, 'pm10': 13202, 'pm25': 13201}}",2.53,9.12,36.01,1.39,26.71,1.62,645708553,15.4,MOD-00613,27.1,2026-03-31T22:40:22,2026-03-31T15:40:22,https://api.quant-aq.com/v1/devices/MOD-00613/data/645708402
856.79,604.36,"{'lat': None, 'lon': None}","{'rh': 15.5, 'temp': 27.1, 'wd': 0.0, 'ws': 0.0, 'ws_scalar': 0.0}","{'gas': {'co': 13498, 'co2': 13260, 'no': 13586, 'no2': 13765, 'o3': 13745}, 'pm': {'pm1': 13200, 'pm10': 13202, 'pm25': 13201}}",2.53,9.12,35.98,1.3,23.6,1.54,645708556,15.5,MOD-00613,27.1,2026-03-31T22:39:22,2026-03-31T15:39:22,https://api.quant-aq.com/v1/devices/MOD-00613/data/645708405
855.15,596.17,"{'lat': None, 'lon': None}","{'rh': 15.5, 'temp': 27.1, 'wd': 0.0, 'ws': 0.0, 'ws_scalar': 0.0}","{'gas': {'co': 13498, 'co2': 13260, 'no': 13586, 'no2': 13765, 'o3': 13745}, 'pm': {'pm1': 13200, 'pm10': 13202, 'pm25': 13201}}",2.54,9.12,36.44,1.04,6.76,1.28,645706285,15.5,MOD-00613,27.1,2026-03-31T22:38:22,2026-03-31T15:38:22,https://api.quant-aq.com/v1/devices/MOD-00613/data/645706135
856.49,597.01,"{'lat': None, 'lon': None}","{'rh': 15.5, 'temp': 27.2, 'wd': 0.0, 'ws': 0.0, 'ws_scalar': 0.0}","{'gas': {'co': 13498, 'co2': 13260, 'no': 13586, 'no2': 13765, 'o3': 13745}, 'pm': {'pm1': 13200, 'pm10': 13202, 'pm25': 13201}}",2.53,9.11,36.24,1.8,5.04,2.04,645706284,15.5,MOD-00613,27.2,2026-03-31T22:37:22,2026-03-31T15:37:22,https://api.quant-aq.com/v1/devices/MOD-00613/data/645706133
853.95,605.57,"{'lat': None, 'lon': None}","{'rh': 15.6, 'temp': 27.2, 'wd': 0.0, 'ws': 0.0, 'ws_scalar': 0.0}","{'gas': {'co': 13498, 'co2': 13260, 'no': 13586, 'no2': 13765, 'o3': 13745}, 'pm': {'pm1': 13200, 'pm10': 13202, 'pm25': 13201}}",2.53,9.11,36.21,1.75,8.96,2.13,645706286,15.6,MOD-00613,27.2,2026-03-31T22:36:22,2026-03-31T15:36:22,https://api.quant-aq.com/v1/devices/MOD-00613/data/645706134
854.44,608.7,"{'lat': None, 'lon': None}","{'rh': 15.5, 'temp': 27.2, 'wd': 0.0, 'ws': 0.0, 'ws_scalar': 0.0}","{'gas': {'co': 13498, 'co2': 13260, 'no': 13586, 'no2': 13765, 'o3': 13745}, 'pm': {'pm1': 13200, 'pm10': 13202, 'pm25': 13201}}",2.53,8.56,35.78,1.27,13.73,1.47,645706283,15.5,MOD-00613,27.2,2026-03-31T22:35:22,2026-03-31T15:35:22,https://api.quant-aq.com/v1/devices/MOD-00613/data/645706132
855.79,612.19,"{'lat': None, 'lon': None}","{'rh': 15.9, 'temp': 27.2, 'wd': 0.0, 'ws': 0.0, 'ws_scalar': 0.0}","{'gas': {'co': 13498, 'co2': 13260, 'no': 13586, 'no2': 13765, 'o3': 13745}, 'pm': {'pm1': 13200, 'pm10': 13202, 'pm25': 13201}}",2.54,9.1,35.89,1.49,7.02,1.84,645704054,15.9,MOD-00613,27.2,2026-03-31T22:34:22,2026-03-31T15:34:22,https://api.quant-aq.com/v1/devices/MOD-00613/data/645703903
851.83,616.77,"{'lat': None, 'lon': None}","{'rh': 15.7, 'temp': 27.2, 'wd': 0.0, 'ws': 0.0, 'ws_scalar': 0.0}","{'gas': {'co': 13498, 'co2': 13260, 'no': 13586, 'no2': 13765, 'o3': 13745}, 'pm': {'pm1': 13200, 'pm10': 13202, 'pm25': 13201}}",2.53,9.11,35.95,1.63,11.15,1.98,645704052,15.7,MOD-00613,27.2,2026-03-31T22:33:22,2026-03-31T15:33:22,https://api.quant-aq.com/v1/devices/MOD-00613/data/645703901
855.38,619.78,"{'lat': None, 'lon': None}","{'rh': 15.9, 'temp': 27.2, 'wd': 0.0, 'ws': 0.0, 'ws_scalar': 0.0}","{'gas': {'co': 13498, 'co2': 13260, 'no': 13586, 'no2': 13765, 'o3': 13745}, 'pm': {'pm1': 13200, 'pm10': 13202, 'pm25': 13201}}",2.54,9.1,36.35,1.19,3.44,1.51,645704053,15.9,MOD-00613,27.2,2026-03-31T22:32:22,2026-03-31T15:32:22,https://api.quant-aq.com/v1/devices/MOD-00613/data/645703902
848.55,610.14,"{'lat': None, 'lon': None}","{'rh': 15.7, 'temp': 27.2, 'wd': 0.0, 'ws': 0.0, 'ws_scalar': 0.0}","{'gas': {'co': 13498, 'co2': 13260, 'no': 13586, 'no2': 13765, 'o3': 13745}, 'pm': {'pm1': 13200, 'pm10': 13202, 'pm25': 13201}}",2.53,9.11,36.41,1.2,2.69,1.43,645704051,15.7,MOD-00613,27.2,2026-03-31T22:31:22,2026-03-31T15:31:22,https://api.quant-aq.com/v1/devices/MOD-00613/data/645703900
852.24,628.33,"{'lat': None, 'lon': None}","{'rh': 15.7, 'temp': 27.2, 'wd': 0.0, 'ws': 0.0, 'ws_scalar': 0.0}","{'gas': {'co': 13498, 'co2': 13260, 'no': 13586, 'no2': 13765, 'o3': 13745}, 'pm': {'pm1': 13200, 'pm10': 13202, 'pm25': 13201}}",2.53,9.11,36.41,1.55,16.32,1.88,645701837,15.7,MOD-00613,27.2,2026-03-31T22:30:22,2026-03-31T15:30:22,https://api.quant-aq.com/v1/devices/MOD-00613/data/645701686
854.03,592.44,"{'lat': None, 'lon': None}","{'rh': 15.5, 'temp': 27.2, 'wd': 0.0, 'ws': 0.0, 'ws_scalar': 0.0}","{'gas': {'co': 13498, 'co2': 13260, 'no': 13586, 'no2': 13765, 'o3': 13745}, 'pm': {'pm1': 13200, 'pm10': 13202, 'pm25': 13201}}",2.53,9.11,36.7,1.57,12.73,2.14,645701839,15.5,MOD-00613,27.2,2026-03-31T22:29:22,2026-03-31T15:29:22,https://api.quant-aq.com/v1/devices/MOD-00613/data/645701688
846.64,589.43,"{'lat': None, 'lon': None}","{'rh': 15.5, 'temp': 27.2, 'wd': 0.0, 'ws': 0.0, 'ws_scalar': 0.0}","{'gas': {'co': 13498, 'co2': 13260, 'no': 13586, 'no2': 13765, 'o3': 13745}, 'pm': {'pm1': 13200, 'pm10': 13202, 'pm25': 13201}}",2.53,9.11,36.47,1.18,6.98,1.53,645701838,15.5,MOD-00613,27.2,2026-03-31T22:28:22,2026-03-31T15:28:22,https://api.quant-aq.com/v1/devices/MOD-00613/data/645701687
852.38,584.73,"{'lat': None, 'lon': None}","{'rh': 15.5, 'temp': 27.2, 'wd': 0.0, 'ws': 0.0, 'ws_scalar': 0.0}","{'gas': {'co': 13498, 'co2': 13260, 'no': 13586, 'no2': 13765, 'o3': 13745}, 'pm': {'pm1': 13200, 'pm10': 13202, 'pm25': 13201}}",2.53,9.11,36.24,1.9,22.12,2.12,645701836,15.5,MOD-00613,27.2,2026-03-31T22:27:22,2026-03-31T15:27:22,https://api.quant-aq.com/v1/devices/MOD-00613/data/645701685
853.62,578.71,"{'lat': None, 'lon': None}","{'rh': 15.5, 'temp': 27.2, 'wd': 0.0, 'ws': 0.0, 'ws_scalar': 0.0}","{'gas': {'co': 13498, 'co2': 13260, 'no': 13586, 'no2': 13765, 'o3': 13745}, 'pm': {'pm1': 13200, 'pm10': 13202, 'pm25': 13201}}",2.53,8.56,36.7,1.1,5.99,1.31,645699609,15.5,MOD-00613,27.2,2026-03-31T22:26:22,2026-03-31T15:26:22,https://api.quant-aq.com/v1/devices/MOD-00613/data/645699458
856.01,574.49,"{'lat': None, 'lon': None}","{'rh': 15.6, 'temp': 27.2, 'wd': 0.0, 'ws': 0.0, 'ws_scalar': 0.0}","{'gas': {'co': 13498, 'co2': 13260, 'no': 13586, 'no2': 13765, 'o3': 13745}, 'pm': {'pm1': 13200, 'pm10': 13202, 'pm25': 13201}}",2.54,9.11,36.44,1.32,5.73,1.63,645699608,15.6,MOD-00613,27.2,2026-03-31T22:25:22,2026-03-31T15:25:22,https://api.quant-aq.com/v1/devices/MOD-00613/data/645699457
854.85,579.91,"{'lat': None, 'lon': None}","{'rh': 15.5, 'temp': 27.2, 'wd': 0.0, 'ws': 0.0, 'ws_scalar': 0.0}","{'gas': {'co': 13498, 'co2': 13260, 'no': 13586, 'no2': 13765, 'o3': 13745}, 'pm': {'pm1': 13200, 'pm10': 13202, 'pm25': 13201}}",2.53,9.11,36.47,1.56,11.84,1.82,645699607,15.5,MOD-00613,27.2,2026-03-31T22:24:22,2026-03-31T15:24:22,https://api.quant-aq.com/v1/devices/MOD-00613/data/645699456
853.62,578.22,"{'lat': None, 'lon': None}","{'rh': 15.5, 'temp': 27.2, 'wd': 0.0, 'ws': 0.0, 'ws_scalar': 0.0}","{'gas': {'co': 13498, 'co2': 13260, 'no': 13586, 'no2': 13765, 'o3': 13745}, 'pm': {'pm1': 13200, 'pm10': 13202, 'pm25': 13201}}",2.54,9.11,36.7,1.08,6.34,1.47,645699606,15.5,MOD-00613,27.2,2026-03-31T22:23:22,2026-03-31T15:23:22,https://api.quant-aq.com/v1/devices/MOD-00613/data/645699455
854.85,570.16,"{'lat': None, 'lon': None}","{'rh': 15.5, 'temp': 27.2, 'wd': 0.0, 'ws': 0.0, 'ws_scalar': 0.0}","{'gas': {'co': 13498, 'co2': 13260, 'no': 13586, 'no2': 13765, 'o3': 13745}, 'pm': {'pm1': 13200, 'pm10': 13202, 'pm25': 13201}}",2.54,9.11,36.47,1.17,6.26,1.48,645697086,15.5,MOD-00613,27.2,2026-03-31T22:22:22,2026-03-31T15:22:22,https://api.quant-aq.com/v1/devices/MOD-00613/data/645696935
857.79,567.63,"{'lat': None, 'lon': None}","{'rh': 15.4, 'temp': 27.2, 'wd': 0.0, 'ws': 0.0, 'ws_scalar': 0.0}","{'gas': {'co': 13498, 'co2': 13260, 'no': 13586, 'no2': 13765, 'o3': 13745}, 'pm': {'pm1': 13200, 'pm10': 13202, 'pm25': 13201}}",2.54,9.12,36.5,1.51,3.84,1.78,645697083,15.4,MOD-00613,27.2,2026-03-31T22:21:22,2026-03-31T15:21:22,https://api.quant-aq.com/v1/devices/MOD-00613/data/645696932
859.84,566.3,"{'lat': None, 'lon': None}","{'rh': 15.4, 'temp': 27.2, 'wd': 0.0, 'ws': 0.0, 'ws_scalar': 0.0}","{'gas': {'co': 13498, 'co2': 13260, 'no': 13586, 'no2': 13765, 'o3': 13745}, 'pm': {'pm1': 13200, 'pm10': 13202, 'pm25': 13201}}",2.53,9.11,36.04,1.47,4.25,1.8,645697079,15.4,MOD-00613,27.2,2026-03-31T22:20:22,2026-03-31T15:20:22,https://api.quant-aq.com/v1/devices/MOD-00613/data/645696928
856.83,564.01,"{'lat': None, 'lon': None}","{'rh': 15.6, 'temp': 27.2, 'wd': 0.0, 'ws': 0.0, 'ws_scalar': 0.0}","{'gas': {'co': 13498, 'co2': 13260, 'no': 13586, 'no2': 13765, 'o3': 13745}, 'pm': {'pm1': 13200, 'pm10': 13202, 'pm25': 13201}}",2.54,9.11,35.98,1.36,2.99,1.62,645697081,15.6,MOD-00613,27.2,2026-03-31T22:19:22,2026-03-31T15:19:22,https://api.quant-aq.com/v1/devices/MOD-00613/data/645696929
856.35,564.13,"{'lat': None, 'lon': None}","{'rh': 15.7, 'temp': 27.2, 'wd': 0.0, 'ws': 0.0, 'ws_scalar': 0.0}","{'gas': {'co': 13498, 'co2': 13260, 'no': 13586, 'no2': 13765, 'o3': 13745}, 'pm': {'pm1': 13200, 'pm10': 13202, 'pm25': 13201}}",2.54,9.1,36.18,1.35,2.45,1.56,645694752,15.7,MOD-00613,27.2,2026-03-31T22:18:22,2026-03-31T15:18:22,https://api.quant-aq.com/v1/devices/MOD-00613/data/645694601
856.35,569.91,"{'lat': None, 'lon': None}","{'rh': 15.7, 'temp': 27.2, 'wd': 0.0, 'ws': 0.0, 'ws_scalar': 0.0}","{'gas': {'co': 13498, 'co2': 13260, 'no': 13586, 'no2': 13765, 'o3': 13745}, 'pm': {'pm1': 13200, 'pm10': 13202, 'pm25': 13201}}",2.54,9.11,36.41,1.32,4.96,1.53,645694753,15.7,MOD-00613,27.2,2026-03-31T22:17:22,2026-03-31T15:17:22,https://api.quant-aq.com/v1/devices/MOD-00613/data/645694602
856.35,574.01,"{'lat': None, 'lon': None}","{'rh': 15.7, 'temp': 27.2, 'wd': 0.0, 'ws': 0.0, 'ws_scalar': 0.0}","{'gas': {'co': 13498, 'co2': 13260, 'no': 13586, 'no2': 13765, 'o3': 13745}, 'pm': {'pm1': 13200, 'pm10': 13202, 'pm25': 13201}}",2.54,9.11,36.64,1.13,8.81,1.43,645694754,15.7,MOD-00613,27.2,2026-03-31T22:16:22,2026-03-31T15:16:22,https://api.quant-aq.com/v1/devices/MOD-00613/data/645694603
858.88,572.56,"{'lat': None, 'lon': None}","{'rh': 15.6, 'temp': 27.2, 'wd': 0.0, 'ws': 0.0, 'ws_scalar': 0.0}","{'gas': {'co': 13498, 'co2': 13260, 'no': 13586, 'no2': 13765, 'o3': 13745}, 'pm': {'pm1': 13200, 'pm10': 13202, 'pm25': 13201}}",2.54,9.11,36.44,1.07,3.64,1.36,645694755,15.6,MOD-00613,27.2,2026-03-31T22:15:22,2026-03-31T15:15:22,https://api.quant-aq.com/v1/devices/MOD-00613/data/645694604
856.83,565.94,"{'lat': None, 'lon': None}","{'rh': 15.6, 'temp': 27.2, 'wd': 0.0, 'ws': 0.0, 'ws_scalar': 0.0}","{'gas': {'co': 13498, 'co2': 13260, 'no': 13586, 'no2': 13765, 'o3': 13745}, 'pm': {'pm1': 13200, 'pm10': 13202, 'pm25': 13201}}",2.54,9.11,36.67,1.41,2.56,1.69,645692542,15.6,MOD-00613,27.2,2026-03-31T22:14:22,2026-03-31T15:14:22,https://api.quant-aq.com/v1/devices/MOD-00613/data/645692391
858.13,559.32,"{'lat': None, 'lon': None}","{'rh': 15.5, 'temp': 27.2, 'wd': 0.0, 'ws': 0.0, 'ws_scalar': 0.0}","{'gas': {'co': 13498, 'co2': 13260, 'no': 13586, 'no2': 13765, 'o3': 13745}, 'pm': {'pm1': 13200, 'pm10': 13202, 'pm25': 13201}}",2.54,9.11,36.7,1.31,3.65,1.53,645692545,15.5,MOD-00613,27.2,2026-03-31T22:13:22,2026-03-31T15:13:22,https://api.quant-aq.com/v1/devices/MOD-00613/data/645692394
855.33,563.17,"{'lat': None, 'lon': None}","{'rh': 15.4, 'temp': 27.2, 'wd': 0.0, 'ws': 0.0, 'ws_scalar': 0.0}","{'gas': {'co': 13498, 'co2': 13260, 'no': 13586, 'no2': 13765, 'o3': 13745}, 'pm': {'pm1': 13200, 'pm10': 13202, 'pm25': 13201}}",2.53,9.12,36.73,1.79,6.97,2.0,645692544,15.4,MOD-00613,27.2,2026-03-31T22:12:22,2026-03-31T15:12:22,https://api.quant-aq.com/v1/devices/MOD-00613/data/645692393
860.59,562.45,"{'lat': None, 'lon': None}","{'rh': 15.5, 'temp': 27.2, 'wd': 0.0, 'ws': 0.0, 'ws_scalar': 0.0}","{'gas': {'co': 13498, 'co2': 13260, 'no': 13586, 'no2': 13765, 'o3': 13745}, 'pm': {'pm1': 13200, 'pm10': 13202, 'pm25': 13201}}",2.54,9.11,36.24,1.7,2.66,1.89,645692543,15.5,MOD-00613,27.2,2026-03-31T22:11:22,2026-03-31T15:11:22,https://api.quant-aq.com/v1/devices/MOD-00613/data/645692392
857.31,565.58,"{'lat': None, 'lon': None}","{'rh': 15.5, 'temp': 27.2, 'wd': 0.0, 'ws': 0.0, 'ws_scalar': 0.0}","{'gas': {'co': 13498, 'co2': 13260, 'no': 13586, 'no2': 13765, 'o3': 13745}, 'pm': {'pm1': 13200, 'pm10': 13202, 'pm25': 13201}}",2.53,9.11,35.78,1.41,16.48,1.55,645690290,15.5,MOD-00613,27.2,2026-03-31T22:10:22,2026-03-31T15:10:22,https://api.quant-aq.com/v1/devices/MOD-00613/data/645690139
862.65,561.0,"{'lat': None, 'lon': None}","{'rh': 15.5, 'temp': 27.2, 'wd': 0.0, 'ws': 0.0, 'ws_scalar': 0.0}","{'gas': {'co': 13498, 'co2': 13260, 'no': 13586, 'no2': 13765, 'o3': 13745}, 'pm': {'pm1': 13200, 'pm10': 13202, 'pm25': 13201}}",2.54,9.11,36.47,1.51,6.31,1.75,645690287,15.5,MOD-00613,27.2,2026-03-31T22:09:22,2026-03-31T15:09:22,https://api.quant-aq.com/v1/devices/MOD-00613/data/645690136
864.63,563.29,"{'lat': None, 'lon': None}","{'rh': 15.6, 'temp': 27.2, 'wd': 0.0, 'ws': 0.0, 'ws_scalar': 0.0}","{'gas': {'co': 13498, 'co2': 13260, 'no': 13586, 'no2': 13765, 'o3': 13745}, 'pm': {'pm1': 13200, 'pm10': 13202, 'pm25': 13201}}",2.54,9.11,36.9,1.39,2.32,1.49,645690289,15.6,MOD-00613,27.2,2026-03-31T22:08:22,2026-03-31T15:08:22,https://api.quant-aq.com/v1/devices/MOD-00613/data/645690138
854.44,559.56,"{'lat': None, 'lon': None}","{'rh': 15.5, 'temp': 27.2, 'wd': 0.0, 'ws': 0.0, 'ws_scalar': 0.0}","{'gas': {'co': 13498, 'co2': 13260, 'no': 13586, 'no2': 13765, 'o3': 13745}, 'pm': {'pm1': 13200, 'pm10': 13202, 'pm25': 13201}}",2.54,9.11,36.24,0.98,1.88,1.1,645690288,15.5,MOD-00613,27.2,2026-03-31T22:07:22,2026-03-31T15:07:22,https://api.quant-aq.com/v1/devices/MOD-00613/data/645690137
857.24,558.11,"{'lat': None, 'lon': None}","{'rh': 15.6, 'temp': 27.2, 'wd': 0.0, 'ws': 0.0, 'ws_scalar': 0.0}","{'gas': {'co': 13498, 'co2': 13260, 'no': 13586, 'no2': 13765, 'o3': 13745}, 'pm': {'pm1': 13200, 'pm10': 13202, 'pm25': 13201}}",2.54,9.11,36.44,1.21,2.91,1.36,645688129,15.6,MOD-00613,27.2,2026-03-31T22:06:22,2026-03-31T15:06:22,https://api.quant-aq.com/v1/devices/MOD-00613/data/645687977
864.22,554.5,"{'lat': None, 'lon': None}","{'rh': 15.6, 'temp': 27.2, 'wd': 0.0, 'ws': 0.0, 'ws_scalar': 0.0}","{'gas': {'co': 13498, 'co2': 13260, 'no': 13586, 'no2': 13765, 'o3': 13745}, 'pm': {'pm1': 13200, 'pm10': 13202, 'pm25': 13201}}",2.54,9.11,36.44,1.05,2.86,1.22,645688130,15.6,MOD-00613,27.2,2026-03-31T22:05:22,2026-03-31T15:05:22,https://api.quant-aq.com/v1/devices/MOD-00613/data/645687978
857.65,556.79,"{'lat': None, 'lon': None}","{'rh': 15.6, 'temp': 27.2, 'wd': 0.0, 'ws': 0.0, 'ws_scalar': 0.0}","{'gas': {'co': 13498, 'co2': 13260, 'no': 13586, 'no2': 13765, 'o3': 13745}, 'pm': {'pm1': 13200, 'pm10': 13202, 'pm25': 13201}}",2.54,9.11,36.44,1.41,1.98,1.55,645688132,15.6,MOD-00613,27.2,2026-03-31T22:04:22,2026-03-31T15:04:22,https://api.quant-aq.com/v1/devices/MOD-00613/data/645687981
863.81,562.57,"{'lat': None, 'lon': None}","{'rh': 15.6, 'temp': 27.2, 'wd': 0.0, 'ws': 0.0, 'ws_scalar': 0.0}","{'gas': {'co': 13498, 'co2': 13260, 'no': 13586, 'no2': 13765, 'o3': 13745}, 'pm': {'pm1': 13200, 'pm10': 13202, 'pm25': 13201}}",2.54,9.11,36.44,1.28,6.6,1.42,645688128,15.6,MOD-00613,27.2,2026-03-31T22:03:22,2026-03-31T15:03:22,https://api.quant-aq.com/v1/devices/MOD-00613/data/645687979
861.41,564.01,"{'lat': None, 'lon': None}","{'rh': 15.5, 'temp': 27.2, 'wd': 0.0, 'ws': 0.0, 'ws_scalar': 0.0}","{'gas': {'co': 13498, 'co2': 13260, 'no': 13586, 'no2': 13765, 'o3': 13745}, 'pm': {'pm1': 13200, 'pm10': 13202, 'pm25': 13201}}",2.54,9.11,36.24,1.42,3.5,1.65,645688131,15.5,MOD-00613,27.2,2026-03-31T22:02:22,2026-03-31T15:02:22,https://api.quant-aq.com/v1/devices/MOD-00613/data/645687980
862.58,563.05,"{'lat': None, 'lon': None}","{'rh': 15.6, 'temp': 27.2, 'wd': 0.0, 'ws': 0.0, 'ws_scalar': 0.0}","{'gas': {'co': 13498, 'co2': 13260, 'no': 13586, 'no2': 13765, 'o3': 13745}, 'pm': {'pm1': 13200, 'pm10': 13202, 'pm25': 13201}}",2.54,9.11,36.44,1.0,1.09,1.09,645685323,15.6,MOD-00613,27.2,2026-03-31T22:01:22,2026-03-31T15:01:22,https://api.quant-aq.com/v1/devices/MOD-00613/data/645685171
869.07,574.25,"{'lat': None, 'lon': None}","{'rh': 15.7, 'temp': 27.2, 'wd': 0.0, 'ws': 0.0, 'ws_scalar': 0.0}","{'gas': {'co': 13498, 'co2': 13260, 'no': 13586, 'no2': 13765, 'o3': 13745}, 'pm': {'pm1': 13200, 'pm10': 13202, 'pm25': 13201}}",2.54,9.11,35.49,1.04,5.97,1.17,645685321,15.7,MOD-00613,27.2,2026-03-31T22:00:22,2026-03-31T15:00:22,https://api.quant-aq.com/v1/devices/MOD-00613/data/645685170
866.47,572.68,"{'lat': None, 'lon': None}","{'rh': 15.9, 'temp': 27.2, 'wd': 0.0, 'ws': 0.0, 'ws_scalar': 0.0}","{'gas': {'co': 13498, 'co2': 13260, 'no': 13586, 'no2': 13765, 'o3': 13745}, 'pm': {'pm1': 13200, 'pm10': 13202, 'pm25': 13201}}",2.54,9.1,36.12,1.21,2.03,1.37,645685320,15.9,MOD-00613,27.2,2026-03-31T21:59:22,2026-03-31T14:59:22,https://api.quant-aq.com/v1/devices/MOD-00613/data/645685169
871.88,575.09,"{'lat': None, 'lon': None}","{'rh': 15.8, 'temp': 27.2, 'wd': 0.0, 'ws': 0.0, 'ws_scalar': 0.0}","{'gas': {'co': 13498, 'co2': 13260, 'no': 13586, 'no2': 13765, 'o3': 13745}, 'pm': {'pm1': 13200, 'pm10': 13202, 'pm25': 13201}}",2.54,9.1,35.69,1.21,1.52,1.4,645685318,15.8,MOD-00613,27.2,2026-03-31T21:58:22,2026-03-31T14:58:22,https://api.quant-aq.com/v1/devices/MOD-00613/data/645685165
866.88,571.36,"{'lat': None, 'lon': None}","{'rh': 15.9, 'temp': 27.2, 'wd': 0.0, 'ws': 0.0, 'ws_scalar': 0.0}","{'gas': {'co': 13498, 'co2': 13260, 'no': 13586, 'no2': 13765, 'o3': 13745}, 'pm': {'pm1': 13200, 'pm10': 13202, 'pm25': 13201}}",2.54,9.1,35.89,1.52,2.57,1.76,645685319,15.9,MOD-00613,27.2,2026-03-31T21:57:22,2026-03-31T14:57:22,https://api.quant-aq.com/v1/devices/MOD-00613/data/645685168
875.09,569.91,"{'lat': None, 'lon': None}","{'rh': 15.9, 'temp': 27.2, 'wd': 0.0, 'ws': 0.0, 'ws_scalar': 0.0}","{'gas': {'co': 13498, 'co2': 13260, 'no': 13586, 'no2': 13765, 'o3': 13745}, 'pm': {'pm1': 13200, 'pm10': 13202, 'pm25': 13201}}",2.54,9.1,35.89,1.14,1.47,1.35,645682603,15.9,MOD-00613,27.2,2026-03-31T21:56:22,2026-03-31T14:56:22,https://api.quant-aq.com/v1/devices/MOD-00613/data/645682452
869.34,569.55,"{'lat': None, 'lon': None}","{'rh': 15.9, 'temp': 27.2, 'wd': 0.0, 'ws': 0.0, 'ws_scalar': 0.0}","{'gas': {'co': 13498, 'co2': 13260, 'no': 13586, 'no2': 13765, 'o3': 13745}, 'pm': {'pm1': 13200, 'pm10': 13202, 'pm25': 13201}}",2.54,9.1,35.89,1.47,6.46,1.62,645682602,15.9,MOD-00613,27.2,2026-03-31T21:55:22,2026-03-31T14:55:22,https://api.quant-aq.com/v1/devices/MOD-00613/data/645682449
877.0,575.7,"{'lat': None, 'lon': None}","{'rh': 16.1, 'temp': 27.2, 'wd': 0.0, 'ws': 0.0, 'ws_scalar': 0.0}","{'gas': {'co': 13498, 'co2': 13260, 'no': 13586, 'no2': 13765, 'o3': 13745}, 'pm': {'pm1': 13200, 'pm10': 13202, 'pm25': 13201}}",2.54,9.42,35.83,1.29,2.1,1.47,645682598,16.1,MOD-00613,27.2,2026-03-31T21:54:22,2026-03-31T14:54:22,https://api.quant-aq.com/v1/devices/MOD-00613/data/645682447
871.18,578.1,"{'lat': None, 'lon': None}","{'rh': 16.2, 'temp': 27.2, 'wd': 0.0, 'ws': 0.0, 'ws_scalar': 0.0}","{'gas': {'co': 13498, 'co2': 13260, 'no': 13586, 'no2': 13765, 'o3': 13745}, 'pm': {'pm1': 13200, 'pm10': 13202, 'pm25': 13201}}",2.54,9.42,35.34,1.46,2.61,1.61,645682596,16.2,MOD-00613,27.2,2026-03-31T21:53:22,2026-03-31T14:53:22,https://api.quant-aq.com/v1/devices/MOD-00613/data/645682445
878.5,582.92,"{'lat': None, 'lon': None}","{'rh': 16.3, 'temp': 27.2, 'wd': 0.0, 'ws': 0.0, 'ws_scalar': 0.0}","{'gas': {'co': 13498, 'co2': 13260, 'no': 13586, 'no2': 13765, 'o3': 13745}, 'pm': {'pm1': 13200, 'pm10': 13202, 'pm25': 13201}}",2.54,9.42,35.31,1.35,3.33,1.58,645682600,16.3,MOD-00613,27.2,2026-03-31T21:52:22,2026-03-31T14:52:22,https://api.quant-aq.com/v1/devices/MOD-00613/data/645682450
878.09,590.15,"{'lat': None, 'lon': None}","{'rh': 16.3, 'temp': 27.2, 'wd': 0.0, 'ws': 0.0, 'ws_scalar': 0.0}","{'gas': {'co': 13498, 'co2': 13260, 'no': 13586, 'no2': 13765, 'o3': 13745}, 'pm': {'pm1': 13200, 'pm10': 13202, 'pm25': 13201}}",2.54,9.42,35.54,1.11,8.48,1.32,645679752,16.3,MOD-00613,27.2,2026-03-31T21:51:22,2026-03-31T14:51:22,https://api.quant-aq.com/v1/devices/MOD-00613/data/645679601
884.66,599.3,"{'lat': None, 'lon': None}","{'rh': 16.3, 'temp': 27.2, 'wd': 0.0, 'ws': 0.0, 'ws_scalar': 0.0}","{'gas': {'co': 13498, 'co2': 13260, 'no': 13586, 'no2': 13765, 'o3': 13745}, 'pm': {'pm1': 13200, 'pm10': 13202, 'pm25': 13201}}",2.54,9.42,35.31,1.12,10.88,1.32,645679753,16.3,MOD-00613,27.2,2026-03-31T21:50:22,2026-03-31T14:50:22,https://api.quant-aq.com/v1/devices/MOD-00613/data/645679602
882.12,603.88,"{'lat': None, 'lon': None}","{'rh': 16.4, 'temp': 27.2, 'wd': 0.0, 'ws': 0.0, 'ws_scalar': 0.0}","{'gas': {'co': 13498, 'co2': 13260, 'no': 13586, 'no2': 13765, 'o3': 13745}, 'pm': {'pm1': 13200, 'pm10': 13202, 'pm25': 13201}}",2.54,9.42,34.82,0.93,2.22,1.12,645679751,16.4,MOD-00613,27.2,2026-03-31T21:49:22,2026-03-31T14:49:22,https://api.quant-aq.com/v1/devices/MOD-00613/data/645679599
880.48,603.04,"{'lat': None, 'lon': None}","{'rh': 16.4, 'temp': 27.2, 'wd': 0.0, 'ws': 0.0, 'ws_scalar': 0.0}","{'gas': {'co': 13498, 'co2': 13260, 'no': 13586, 'no2': 13765, 'o3': 13745}, 'pm': {'pm1': 13200, 'pm10': 13202, 'pm25': 13201}}",2.54,9.41,35.05,1.35,3.64,1.63,645679750,16.4,MOD-00613,27.2,2026-03-31T21:48:22,2026-03-31T14:48:22,https://api.quant-aq.com/v1/devices/MOD-00613/data/645679600
882.8,612.07,"{'lat': None, 'lon': None}","{'rh': 16.6, 'temp': 27.2, 'wd': 0.0, 'ws': 0.0, 'ws_scalar': 0.0}","{'gas': {'co': 13498, 'co2': 13260, 'no': 13586, 'no2': 13765, 'o3': 13745}, 'pm': {'pm1': 13200, 'pm10': 13202, 'pm25': 13201}}",2.54,8.33,35.22,1.45,3.92,1.59,645677510,16.6,MOD-00613,27.2,2026-03-31T21:47:22,2026-03-31T14:47:22,https://api.quant-aq.com/v1/devices/MOD-00613/data/645677358
886.09,617.37,"{'lat': None, 'lon': None}","{'rh': 16.6, 'temp': 27.2, 'wd': 0.0, 'ws': 0.0, 'ws_scalar': 0.0}","{'gas': {'co': 13498, 'co2': 13260, 'no': 13586, 'no2': 13765, 'o3': 13745}, 'pm': {'pm1': 13200, 'pm10': 13202, 'pm25': 13201}}",2.54,9.41,34.76,1.33,3.9,1.6,645677511,16.6,MOD-00613,27.2,2026-03-31T21:46:22,2026-03-31T14:46:22,https://api.quant-aq.com/v1/devices/MOD-00613/data/645677360
888.89,627.85,"{'lat': None, 'lon': None}","{'rh': 16.7, 'temp': 27.2, 'wd': 0.0, 'ws': 0.0, 'ws_scalar': 0.0}","{'gas': {'co': 13498, 'co2': 13260, 'no': 13586, 'no2': 13765, 'o3': 13745}, 'pm': {'pm1': 13200, 'pm10': 13202, 'pm25': 13201}}",2.54,8.32,34.96,1.23,3.25,1.55,645677509,16.7,MOD-00613,27.2,2026-03-31T21:45:22,2026-03-31T14:45:22,https://api.quant-aq.com/v1/devices/MOD-00613/data/645677359
882.39,612.43,"{'lat': None, 'lon': None}","{'rh': 16.6, 'temp': 27.2, 'wd': 0.0, 'ws': 0.0, 'ws_scalar': 0.0}","{'gas': {'co': 13498, 'co2': 13260, 'no': 13586, 'no2': 13765, 'o3': 13745}, 'pm': {'pm1': 13200, 'pm10': 13202, 'pm25': 13201}}",2.54,8.33,35.45,1.62,4.29,1.92,645677512,16.6,MOD-00613,27.2,2026-03-31T21:44:22,2026-03-31T14:44:22,https://api.quant-aq.com/v1/devices/MOD-00613/data/645677361
882.19,596.53,"{'lat': None, 'lon': None}","{'rh': 16.3, 'temp': 27.2, 'wd': 0.0, 'ws': 0.0, 'ws_scalar': 0.0}","{'gas': {'co': 13498, 'co2': 13260, 'no': 13586, 'no2': 13765, 'o3': 13745}, 'pm': {'pm1': 13200, 'pm10': 13202, 'pm25': 13201}}",2.54,9.42,35.08,1.28,5.6,1.47,645675220,16.3,MOD-00613,27.2,2026-03-31T21:43:22,2026-03-31T14:43:22,https://api.quant-aq.com/v1/devices/MOD-00613/data/645675068
878.02,595.21,"{'lat': None, 'lon': None}","{'rh': 16.4, 'temp': 27.2, 'wd': 0.0, 'ws': 0.0, 'ws_scalar': 0.0}","{'gas': {'co': 13498, 'co2': 13260, 'no': 13586, 'no2': 13765, 'o3': 13745}, 'pm': {'pm1': 13200, 'pm10': 13202, 'pm25': 13201}}",2.54,9.42,35.51,1.12,1.66,1.31,645675221,16.4,MOD-00613,27.2,2026-03-31T21:42:22,2026-03-31T14:42:22,https://api.quant-aq.com/v1/devices/MOD-00613/data/645675070
883.01,586.54,"{'lat': None, 'lon': None}","{'rh': 16.3, 'temp': 27.2, 'wd': 0.0, 'ws': 0.0, 'ws_scalar': 0.0}","{'gas': {'co': 13498, 'co2': 13260, 'no': 13586, 'no2': 13765, 'o3': 13745}, 'pm': {'pm1': 13200, 'pm10': 13202, 'pm25': 13201}}",2.54,9.42,35.31,1.38,1.86,1.53,645675219,16.3,MOD-00613,27.2,2026-03-31T21:41:22,2026-03-31T14:41:22,https://api.quant-aq.com/v1/devices/MOD-00613/data/645675069
879.62,586.66,"{'lat': None, 'lon': None}","{'rh': 16.3, 'temp': 27.1, 'wd': 0.0, 'ws': 0.0, 'ws_scalar': 0.0}","{'gas': {'co': 13498, 'co2': 13260, 'no': 13586, 'no2': 13765, 'o3': 13745}, 'pm': {'pm1': 13200, 'pm10': 13202, 'pm25': 13201}}",2.54,9.43,35.28,1.13,2.33,1.31,645675222,16.3,MOD-00613,27.1,2026-03-31T21:40:22,2026-03-31T14:40:22,https://api.quant-aq.com/v1/devices/MOD-00613/data/645675071
875.52,583.4,"{'lat': None, 'lon': None}","{'rh': 16.3, 'temp': 27.1, 'wd': 0.0, 'ws': 0.0, 'ws_scalar': 0.0}","{'gas': {'co': 13498, 'co2': 13260, 'no': 13586, 'no2': 13765, 'o3': 13745}, 'pm': {'pm1': 13200, 'pm10': 13202, 'pm25': 13201}}",2.54,9.43,35.52,1.37,2.1,1.65,645672982,16.3,MOD-00613,27.1,2026-03-31T21:39:22,2026-03-31T14:39:22,https://api.quant-aq.com/v1/devices/MOD-00613/data/645672831
880.1,587.74,"{'lat': None, 'lon': None}","{'rh': 16.2, 'temp': 27.1, 'wd': 0.0, 'ws': 0.0, 'ws_scalar': 0.0}","{'gas': {'co': 13498, 'co2': 13260, 'no': 13586, 'no2': 13765, 'o3': 13745}, 'pm': {'pm1': 13200, 'pm10': 13202, 'pm25': 13201}}",2.54,9.43,35.78,1.29,1.92,1.48,645672980,16.2,MOD-00613,27.1,2026-03-31T21:38:22,2026-03-31T14:38:22,https://api.quant-aq.com/v1/devices/MOD-00613/data/645672830
881.26,585.81,"{'lat': None, 'lon': None}","{'rh': 16.3, 'temp': 27.1, 'wd': 0.0, 'ws': 0.0, 'ws_scalar': 0.0}","{'gas': {'co': 13498, 'co2': 13260, 'no': 13586, 'no2': 13765, 'o3': 13745}, 'pm': {'pm1': 13200, 'pm10': 13202, 'pm25': 13201}}",2.54,9.43,35.28,1.18,11.76,1.36,645672979,16.3,MOD-00613,27.1,2026-03-31T21:37:22,2026-03-31T14:37:22,https://api.quant-aq.com/v1/devices/MOD-00613/data/645672828
882.42,582.56,"{'lat': None, 'lon': None}","{'rh': 16.4, 'temp': 27.1, 'wd': 0.0, 'ws': 0.0, 'ws_scalar': 0.0}","{'gas': {'co': 13498, 'co2': 13260, 'no': 13586, 'no2': 13765, 'o3': 13745}, 'pm': {'pm1': 13200, 'pm10': 13202, 'pm25': 13201}}",2.54,8.73,35.02,1.33,2.57,1.47,645672981,16.4,MOD-00613,27.1,2026-03-31T21:36:22,2026-03-31T14:36:22,https://api.quant-aq.com/v1/devices/MOD-00613/data/645672829
887.83,596.53,"{'lat': None, 'lon': None}","{'rh': 16.3, 'temp': 27.1, 'wd': 0.0, 'ws': 0.0, 'ws_scalar': 0.0}","{'gas': {'co': 13498, 'co2': 13260, 'no': 13586, 'no2': 13765, 'o3': 13745}, 'pm': {'pm1': 13200, 'pm10': 13202, 'pm25': 13201}}",2.54,9.42,34.82,1.56,2.16,1.71,645670728,16.3,MOD-00613,27.1,2026-03-31T21:35:22,2026-03-31T14:35:22,https://api.quant-aq.com/v1/devices/MOD-00613/data/645670577
884.89,597.26,"{'lat': None, 'lon': None}","{'rh': 16.4, 'temp': 27.1, 'wd': 0.0, 'ws': 0.0, 'ws_scalar': 0.0}","{'gas': {'co': 13498, 'co2': 13260, 'no': 13586, 'no2': 13765, 'o3': 13745}, 'pm': {'pm1': 13200, 'pm10': 13202, 'pm25': 13201}}",2.54,9.43,35.25,1.28,6.94,1.41,645670727,16.4,MOD-00613,27.1,2026-03-31T21:34:22,2026-03-31T14:34:22,https://api.quant-aq.com/v1/devices/MOD-00613/data/645670576
882.6,591.84,"{'lat': None, 'lon': None}","{'rh': 16.3, 'temp': 27.2, 'wd': 0.0, 'ws': 0.0, 'ws_scalar': 0.0}","{'gas': {'co': 13498, 'co2': 13260, 'no': 13586, 'no2': 13765, 'o3': 13745}, 'pm': {'pm1': 13200, 'pm10': 13202, 'pm25': 13201}}",2.54,9.42,35.54,1.48,7.02,1.76,645670731,16.3,MOD-00613,27.2,2026-03-31T21:33:22,2026-03-31T14:33:22,https://api.quant-aq.com/v1/devices/MOD-00613/data/645670579
894.44,597.74,"{'lat': None, 'lon': None}","{'rh': 16.4, 'temp': 27.2, 'wd': 0.0, 'ws': 0.0, 'ws_scalar': 0.0}","{'gas': {'co': 13498, 'co2': 13260, 'no': 13586, 'no2': 13765, 'o3': 13745}, 'pm': {'pm1': 13200, 'pm10': 13202, 'pm25': 13201}}",2.54,9.42,35.05,1.58,4.35,1.82,645670729,16.4,MOD-00613,27.2,2026-03-31T21:32:22,2026-03-31T14:32:22,https://api.quant-aq.com/v1/devices/MOD-00613/data/645670578
883.28,598.58,"{'lat': None, 'lon': None}","{'rh': 16.5, 'temp': 27.2, 'wd': 0.0, 'ws': 0.0, 'ws_scalar': 0.0}","{'gas': {'co': 13498, 'co2': 13260, 'no': 13586, 'no2': 13765, 'o3': 13745}, 'pm': {'pm1': 13200, 'pm10': 13202, 'pm25': 13201}}",2.54,9.41,34.79,1.31,2.67,1.63,645668506,16.5,MOD-00613,27.2,2026-03-31T21:31:22,2026-03-31T14:31:22,https://api.quant-aq.com/v1/devices/MOD-00613/data/645668355
892.96,604.48,"{'lat': None, 'lon': None}","{'rh': 16.6, 'temp': 27.1, 'wd': 0.0, 'ws': 0.0, 'ws_scalar': 0.0}","{'gas': {'co': 13498, 'co2': 13260, 'no': 13586, 'no2': 13765, 'o3': 13745}, 'pm': {'pm1': 13200, 'pm10': 13202, 'pm25': 13201}}",2.54,8.33,34.96,1.48,2.07,1.71,645668505,16.6,MOD-00613,27.1,2026-03-31T21:30:22,2026-03-31T14:30:22,https://api.quant-aq.com/v1/devices/MOD-00613/data/645668354
890.9,601.47,"{'lat': None, 'lon': None}","{'rh': 16.6, 'temp': 27.1, 'wd': 0.0, 'ws': 0.0, 'ws_scalar': 0.0}","{'gas': {'co': 13498, 'co2': 13260, 'no': 13586, 'no2': 13765, 'o3': 13745}, 'pm': {'pm1': 13200, 'pm10': 13202, 'pm25': 13201}}",2.54,8.33,34.73,1.66,4.15,1.88,645668507,16.6,MOD-00613,27.1,2026-03-31T21:29:22,2026-03-31T14:29:22,https://api.quant-aq.com/v1/devices/MOD-00613/data/645668356
891.24,605.2,"{'lat': None, 'lon': None}","{'rh': 16.7, 'temp': 27.1, 'wd': 0.0, 'ws': 0.0, 'ws_scalar': 0.0}","{'gas': {'co': 13498, 'co2': 13260, 'no': 13586, 'no2': 13765, 'o3': 13745}, 'pm': {'pm1': 13200, 'pm10': 13202, 'pm25': 13201}}",2.54,8.32,34.7,1.31,4.01,1.56,645668508,16.7,MOD-00613,27.1,2026-03-31T21:28:22,2026-03-31T14:28:22,https://api.quant-aq.com/v1/devices/MOD-00613/data/645668357
892.13,619.06,"{'lat': None, 'lon': None}","{'rh': 16.6, 'temp': 27.1, 'wd': 0.0, 'ws': 0.0, 'ws_scalar': 0.0}","{'gas': {'co': 13498, 'co2': 13260, 'no': 13586, 'no2': 13765, 'o3': 13745}, 'pm': {'pm1': 13200, 'pm10': 13202, 'pm25': 13201}}",2.54,8.33,34.73,1.39,7.08,1.64,645666303,16.6,MOD-00613,27.1,2026-03-31T21:27:22,2026-03-31T14:27:22,https://api.quant-aq.com/v1/devices/MOD-00613/data/645666152
893.22,620.98,"{'lat': None, 'lon': None}","{'rh': 16.8, 'temp': 27.1, 'wd': 0.0, 'ws': 0.0, 'ws_scalar': 0.0}","{'gas': {'co': 13498, 'co2': 13260, 'no': 13586, 'no2': 13765, 'o3': 13745}, 'pm': {'pm1': 13200, 'pm10': 13202, 'pm25': 13201}}",2.54,8.32,34.44,1.47,12.05,1.63,645666304,16.8,MOD-00613,27.1,2026-03-31T21:26:22,2026-03-31T14:26:22,https://api.quant-aq.com/v1/devices/MOD-00613/data/645666153
899.72,627.01,"{'lat': None, 'lon': None}","{'rh': 16.9, 'temp': 27.1, 'wd': 0.0, 'ws': 0.0, 'ws_scalar': 0.0}","{'gas': {'co': 13498, 'co2': 13260, 'no': 13586, 'no2': 13765, 'o3': 13745}, 'pm': {'pm1': 13200, 'pm10': 13202, 'pm25': 13201}}",2.54,8.31,34.64,1.54,4.23,1.84,645666305,16.9,MOD-00613,27.1,2026-03-31T21:25:22,2026-03-31T14:25:22,https://api.quant-aq.com/v1/devices/MOD-00613/data/645666154
890.76,613.27,"{'lat': None, 'lon': None}","{'rh': 16.8, 'temp': 27.1, 'wd': 0.0, 'ws': 0.0, 'ws_scalar': 0.0}","{'gas': {'co': 13498, 'co2': 13260, 'no': 13586, 'no2': 13765, 'o3': 13745}, 'pm': {'pm1': 13200, 'pm10': 13202, 'pm25': 13201}}",2.54,8.32,34.9,1.38,2.93,1.71,645666302,16.8,MOD-00613,27.1,2026-03-31T21:24:22,2026-03-31T14:24:22,https://api.quant-aq.com/v1/devices/MOD-00613/data/645666151
888.78,615.2,"{'lat': None, 'lon': None}","{'rh': 16.7, 'temp': 27.1, 'wd': 0.0, 'ws': 0.0, 'ws_scalar': 0.0}","{'gas': {'co': 13498, 'co2': 13260, 'no': 13586, 'no2': 13765, 'o3': 13745}, 'pm': {'pm1': 13200, 'pm10': 13202, 'pm25': 13201}}",2.54,8.32,34.7,1.03,4.92,1.24,645664074,16.7,MOD-00613,27.1,2026-03-31T21:23:22,2026-03-31T14:23:22,https://api.quant-aq.com/v1/devices/MOD-00613/data/645663923
895.35,615.32,"{'lat': None, 'lon': None}","{'rh': 16.7, 'temp': 27.1, 'wd': 0.0, 'ws': 0.0, 'ws_scalar': 0.0}","{'gas': {'co': 13498, 'co2': 13260, 'no': 13586, 'no2': 13765, 'o3': 13745}, 'pm': {'pm1': 13200, 'pm10': 13202, 'pm25': 13201}}",2.54,8.32,34.7,1.9,6.2,2.13,645664075,16.7,MOD-00613,27.1,2026-03-31T21:22:22,2026-03-31T14:22:22,https://api.quant-aq.com/v1/devices/MOD-00613/data/645663924
889.4,593.4,"{'lat': None, 'lon': None}","{'rh': 16.4, 'temp': 27.1, 'wd': 0.0, 'ws': 0.0, 'ws_scalar': 0.0}","{'gas': {'co': 13498, 'co2': 13260, 'no': 13586, 'no2': 13765, 'o3': 13745}, 'pm': {'pm1': 13200, 'pm10': 13202, 'pm25': 13201}}",2.54,8.35,35.25,1.34,2.31,1.55,645664073,16.4,MOD-00613,27.1,2026-03-31T21:21:22,2026-03-31T14:21:22,https://api.quant-aq.com/v1/devices/MOD-00613/data/645663921
890.3,588.7,"{'lat': None, 'lon': None}","{'rh': 16.3, 'temp': 27.1, 'wd': 0.0, 'ws': 0.0, 'ws_scalar': 0.0}","{'gas': {'co': 13498, 'co2': 13260, 'no': 13586, 'no2': 13765, 'o3': 13745}, 'pm': {'pm1': 13200, 'pm10': 13202, 'pm25': 13201}}",2.54,8.74,35.52,1.69,2.8,1.94,645664072,16.3,MOD-00613,27.1,2026-03-31T21:20:22,2026-03-31T14:20:22,https://api.quant-aq.com/v1/devices/MOD-00613/data/645663922
886.26,585.93,"{'lat': None, 'lon': None}","{'rh': 16.2, 'temp': 27.1, 'wd': 0.0, 'ws': 0.0, 'ws_scalar': 0.0}","{'gas': {'co': 13498, 'co2': 13260, 'no': 13586, 'no2': 13765, 'o3': 13745}, 'pm': {'pm1': 13200, 'pm10': 13202, 'pm25': 13201}}",2.54,8.74,35.31,1.19,2.22,1.4,645661872,16.2,MOD-00613,27.1,2026-03-31T21:19:22,2026-03-31T14:19:22,https://api.quant-aq.com/v1/devices/MOD-00613/data/645661721
894.06,587.5,"{'lat': None, 'lon': None}","{'rh': 16.2, 'temp': 27.1, 'wd': 0.0, 'ws': 0.0, 'ws_scalar': 0.0}","{'gas': {'co': 13498, 'co2': 13260, 'no': 13586, 'no2': 13765, 'o3': 13745}, 'pm': {'pm1': 13200, 'pm10': 13202, 'pm25': 13201}}",2.54,9.44,35.31,1.01,3.46,1.24,645661871,16.2,MOD-00613,27.1,2026-03-31T21:18:22,2026-03-31T14:18:22,https://api.quant-aq.com/v1/devices/MOD-00613/data/645661719
891.12,589.19,"{'lat': None, 'lon': None}","{'rh': 16.3, 'temp': 27.1, 'wd': 0.0, 'ws': 0.0, 'ws_scalar': 0.0}","{'gas': {'co': 13498, 'co2': 13260, 'no': 13586, 'no2': 13765, 'o3': 13745}, 'pm': {'pm1': 13200, 'pm10': 13202, 'pm25': 13201}}",2.54,9.43,35.28,1.53,2.47,1.83,645661870,16.3,MOD-00613,27.1,2026-03-31T21:17:22,2026-03-31T14:17:22,https://api.quant-aq.com/v1/devices/MOD-00613/data/645661720
892.28,596.53,"{'lat': None, 'lon': None}","{'rh': 16.4, 'temp': 27.1, 'wd': 0.0, 'ws': 0.0, 'ws_scalar': 0.0}","{'gas': {'co': 13498, 'co2': 13260, 'no': 13586, 'no2': 13765, 'o3': 13745}, 'pm': {'pm1': 13200, 'pm10': 13202, 'pm25': 13201}}",2.54,9.43,35.02,1.42,4.92,1.65,645661873,16.4,MOD-00613,27.1,2026-03-31T21:16:22,2026-03-31T14:16:22,https://api.quant-aq.com/v1/devices/MOD-00613/data/645661722
891.38,599.54,"{'lat': None, 'lon': None}","{'rh': 16.5, 'temp': 27.1, 'wd': 0.0, 'ws': 0.0, 'ws_scalar': 0.0}","{'gas': {'co': 13498, 'co2': 13260, 'no': 13586, 'no2': 13765, 'o3': 13745}, 'pm': {'pm1': 13200, 'pm10': 13202, 'pm25': 13201}}",2.54,8.34,34.76,1.66,3.2,1.82,645659628,16.5,MOD-00613,27.1,2026-03-31T21:15:22,2026-03-31T14:15:22,https://api.quant-aq.com/v1/devices/MOD-00613/data/645659477
892.55,602.31,"{'lat': None, 'lon': None}","{'rh': 16.6, 'temp': 27.1, 'wd': 0.0, 'ws': 0.0, 'ws_scalar': 0.0}","{'gas': {'co': 13498, 'co2': 13260, 'no': 13586, 'no2': 13765, 'o3': 13745}, 'pm': {'pm1': 13200, 'pm10': 13202, 'pm25': 13201}}",2.54,8.33,34.96,1.37,8.49,1.62,645659629,16.6,MOD-00613,27.1,2026-03-31T21:14:22,2026-03-31T14:14:22,https://api.quant-aq.com/v1/devices/MOD-00613/data/645659478
891.72,601.47,"{'lat': None, 'lon': None}","{'rh': 16.6, 'temp': 27.1, 'wd': 0.0, 'ws': 0.0, 'ws_scalar': 0.0}","{'gas': {'co': 13498, 'co2': 13260, 'no': 13586, 'no2': 13765, 'o3': 13745}, 'pm': {'pm1': 13200, 'pm10': 13202, 'pm25': 13201}}",2.54,8.33,34.73,1.35,2.16,1.53,645659626,16.6,MOD-00613,27.1,2026-03-31T21:13:22,2026-03-31T14:13:22,https://api.quant-aq.com/v1/devices/MOD-00613/data/645659475
888.51,597.5,"{'lat': None, 'lon': None}","{'rh': 16.5, 'temp': 27.1, 'wd': 0.0, 'ws': 0.0, 'ws_scalar': 0.0}","{'gas': {'co': 13498, 'co2': 13260, 'no': 13586, 'no2': 13765, 'o3': 13745}, 'pm': {'pm1': 13200, 'pm10': 13202, 'pm25': 13201}}",2.54,8.34,34.76,1.52,3.62,1.65,645659627,16.5,MOD-00613,27.1,2026-03-31T21:12:22,2026-03-31T14:12:22,https://api.quant-aq.com/v1/devices/MOD-00613/data/645659476
889.33,598.94,"{'lat': None, 'lon': None}","{'rh': 16.5, 'temp': 27.1, 'wd': 0.0, 'ws': 0.0, 'ws_scalar': 0.0}","{'gas': {'co': 13498, 'co2': 13260, 'no': 13586, 'no2': 13765, 'o3': 13745}, 'pm': {'pm1': 13200, 'pm10': 13202, 'pm25': 13201}}",2.54,8.34,34.99,1.19,5.76,1.38,645657468,16.5,MOD-00613,27.1,2026-03-31T21:11:22,2026-03-31T14:11:22,https://api.quant-aq.com/v1/devices/MOD-00613/data/645657318
890.15,589.43,"{'lat': None, 'lon': None}","{'rh': 16.5, 'temp': 27.1, 'wd': 0.0, 'ws': 0.0, 'ws_scalar': 0.0}","{'gas': {'co': 13498, 'co2': 13260, 'no': 13586, 'no2': 13765, 'o3': 13745}, 'pm': {'pm1': 13200, 'pm10': 13202, 'pm25': 13201}}",2.54,8.34,34.99,1.18,3.04,1.4,645657470,16.5,MOD-00613,27.1,2026-03-31T21:10:22,2026-03-31T14:10:22,https://api.quant-aq.com/v1/devices/MOD-00613/data/645657317
890.15,598.1,"{'lat': None, 'lon': None}","{'rh': 16.5, 'temp': 27.1, 'wd': 0.0, 'ws': 0.0, 'ws_scalar': 0.0}","{'gas': {'co': 13498, 'co2': 13260, 'no': 13586, 'no2': 13765, 'o3': 13745}, 'pm': {'pm1': 13200, 'pm10': 13202, 'pm25': 13201}}",2.54,8.34,34.53,1.68,6.04,1.82,645657471,16.5,MOD-00613,27.1,2026-03-31T21:09:22,2026-03-31T14:09:22,https://api.quant-aq.com/v1/devices/MOD-00613/data/645657320
891.65,619.3,"{'lat': None, 'lon': None}","{'rh': 16.7, 'temp': 27.1, 'wd': 0.0, 'ws': 0.0, 'ws_scalar': 0.0}","{'gas': {'co': 13498, 'co2': 13260, 'no': 13586, 'no2': 13765, 'o3': 13745}, 'pm': {'pm1': 13200, 'pm10': 13202, 'pm25': 13201}}",2.54,8.32,34.7,1.01,5.45,1.19,645657469,16.7,MOD-00613,27.1,2026-03-31T21:08:22,2026-03-31T14:08:22,https://api.quant-aq.com/v1/devices/MOD-00613/data/645657319
892.47,636.16,"{'lat': None, 'lon': None}","{'rh': 16.7, 'temp': 27.1, 'wd': 0.0, 'ws': 0.0, 'ws_scalar': 0.0}","{'gas': {'co': 13498, 'co2': 13260, 'no': 13586, 'no2': 13765, 'o3': 13745}, 'pm': {'pm1': 13200, 'pm10': 13202, 'pm25': 13201}}",2.54,8.32,34.47,1.6,2.48,1.87,645655178,16.7,MOD-00613,27.1,2026-03-31T21:07:22,2026-03-31T14:07:22,https://api.quant-aq.com/v1/devices/MOD-00613/data/645655027
892.96,610.26,"{'lat': None, 'lon': None}","{'rh': 16.6, 'temp': 27.1, 'wd': 0.0, 'ws': 0.0, 'ws_scalar': 0.0}","{'gas': {'co': 13498, 'co2': 13260, 'no': 13586, 'no2': 13765, 'o3': 13745}, 'pm': {'pm1': 13200, 'pm10': 13202, 'pm25': 13201}}",2.54,8.33,34.73,1.4,3.36,1.6,645655175,16.6,MOD-00613,27.1,2026-03-31T21:06:22,2026-03-31T14:06:22,https://api.quant-aq.com/v1/devices/MOD-00613/data/645655024
890.97,587.14,"{'lat': None, 'lon': None}","{'rh': 16.5, 'temp': 27.1, 'wd': 0.0, 'ws': 0.0, 'ws_scalar': 0.0}","{'gas': {'co': 13498, 'co2': 13260, 'no': 13586, 'no2': 13765, 'o3': 13745}, 'pm': {'pm1': 13200, 'pm10': 13202, 'pm25': 13201}}",2.54,8.34,34.99,1.68,2.85,1.84,645655177,16.5,MOD-00613,27.1,2026-03-31T21:05:22,2026-03-31T14:05:22,https://api.quant-aq.com/v1/devices/MOD-00613/data/645655026
890.49,586.42,"{'lat': None, 'lon': None}","{'rh': 16.6, 'temp': 27.1, 'wd': 0.0, 'ws': 0.0, 'ws_scalar': 0.0}","{'gas': {'co': 13498, 'co2': 13260, 'no': 13586, 'no2': 13765, 'o3': 13745}, 'pm': {'pm1': 13200, 'pm10': 13202, 'pm25': 13201}}",2.54,8.33,34.73,1.36,4.04,1.54,645655176,16.6,MOD-00613,27.1,2026-03-31T21:04:22,2026-03-31T14:04:22,https://api.quant-aq.com/v1/devices/MOD-00613/data/645655025
894.67,583.28,"{'lat': None, 'lon': None}","{'rh': 16.5, 'temp': 27.1, 'wd': 0.0, 'ws': 0.0, 'ws_scalar': 0.0}","{'gas': {'co': 13498, 'co2': 13260, 'no': 13586, 'no2': 13765, 'o3': 13745}, 'pm': {'pm1': 13200, 'pm10': 13202, 'pm25': 13201}}",2.54,8.34,34.76,1.61,2.58,1.89,645652949,16.5,MOD-00613,27.1,2026-03-31T21:03:22,2026-03-31T14:03:22,https://api.quant-aq.com/v1/devices/MOD-00613/data/645652798
886.94,578.95,"{'lat': None, 'lon': None}","{'rh': 16.4, 'temp': 27.1, 'wd': 0.0, 'ws': 0.0, 'ws_scalar': 0.0}","{'gas': {'co': 13498, 'co2': 13260, 'no': 13586, 'no2': 13765, 'o3': 13745}, 'pm': {'pm1': 13200, 'pm10': 13202, 'pm25': 13201}}",2.54,8.35,34.79,1.8,4.19,2.07,645652950,16.4,MOD-00613,27.1,2026-03-31T21:02:22,2026-03-31T14:02:22,https://api.quant-aq.com/v1/devices/MOD-00613/data/645652799
893.92,576.3,"{'lat': None, 'lon': None}","{'rh': 16.4, 'temp': 27.1, 'wd': 0.0, 'ws': 0.0, 'ws_scalar': 0.0}","{'gas': {'co': 13498, 'co2': 13260, 'no': 13586, 'no2': 13765, 'o3': 13745}, 'pm': {'pm1': 13200, 'pm10': 13202, 'pm25': 13201}}",2.54,8.35,34.56,1.17,2.34,1.34,645652947,16.4,MOD-00613,27.1,2026-03-31T21:01:22,2026-03-31T14:01:22,https://api.quant-aq.com/v1/devices/MOD-00613/data/645652796
888.51,577.38,"{'lat': None, 'lon': None}","{'rh': 16.5, 'temp': 27.1, 'wd': 0.0, 'ws': 0.0, 'ws_scalar': 0.0}","{'gas': {'co': 13498, 'co2': 13260, 'no': 13586, 'no2': 13765, 'o3': 13745}, 'pm': {'pm1': 13200, 'pm10': 13202, 'pm25': 13201}}",2.54,8.34,34.76,1.55,7.52,1.71,645652948,16.5,MOD-00613,27.1,2026-03-31T21:00:22,2026-03-31T14:00:22,https://api.quant-aq.com/v1/devices/MOD-00613/data/645652797
888.4,574.49,"{'lat': None, 'lon': None}","{'rh': 16.5, 'temp': 27.0, 'wd': 0.0, 'ws': 0.0, 'ws_scalar': 0.0}","{'gas': {'co': 13498, 'co2': 13260, 'no': 13586, 'no2': 13765, 'o3': 13745}, 'pm': {'pm1': 13200, 'pm10': 13202, 'pm25': 13201}}",2.54,8.35,34.73,1.72,6.93,2.01,645650735,16.5,MOD-00613,27.0,2026-03-31T20:59:22,2026-03-31T13:59:22,https://api.quant-aq.com/v1/devices/MOD-00613/data/645650584
895.79,575.82,"{'lat': None, 'lon': None}","{'rh': 16.5, 'temp': 27.0, 'wd': 0.0, 'ws': 0.0, 'ws_scalar': 0.0}","{'gas': {'co': 13498, 'co2': 13260, 'no': 13586, 'no2': 13765, 'o3': 13745}, 'pm': {'pm1': 13200, 'pm10': 13202, 'pm25': 13201}}",2.54,8.35,34.73,1.59,5.34,1.72,645650734,16.5,MOD-00613,27.0,2026-03-31T20:58:22,2026-03-31T13:58:22,https://api.quant-aq.com/v1/devices/MOD-00613/data/645650581
893.33,576.54,"{'lat': None, 'lon': None}","{'rh': 16.5, 'temp': 27.0, 'wd': 0.0, 'ws': 0.0, 'ws_scalar': 0.0}","{'gas': {'co': 13498, 'co2': 13260, 'no': 13586, 'no2': 13765, 'o3': 13745}, 'pm': {'pm1': 13200, 'pm10': 13202, 'pm25': 13201}}",2.54,8.35,34.97,1.57,5.85,1.74,645650733,16.5,MOD-00613,27.0,2026-03-31T20:57:22,2026-03-31T13:57:22,https://api.quant-aq.com/v1/devices/MOD-00613/data/645650582
887.99,578.35,"{'lat': None, 'lon': None}","{'rh': 16.5, 'temp': 27.0, 'wd': 0.0, 'ws': 0.0, 'ws_scalar': 0.0}","{'gas': {'co': 13498, 'co2': 13260, 'no': 13586, 'no2': 13765, 'o3': 13745}, 'pm': {'pm1': 13200, 'pm10': 13202, 'pm25': 13201}}",2.54,8.35,34.27,1.17,1.5,1.3,645650732,16.5,MOD-00613,27.0,2026-03-31T20:56:22,2026-03-31T13:56:22,https://api.quant-aq.com/v1/devices/MOD-00613/data/645650583
887.03,579.55,"{'lat': None, 'lon': None}","{'rh': 16.7, 'temp': 27.0, 'wd': 0.0, 'ws': 0.0, 'ws_scalar': 0.0}","{'gas': {'co': 13498, 'co2': 13260, 'no': 13586, 'no2': 13765, 'o3': 13745}, 'pm': {'pm1': 13200, 'pm10': 13202, 'pm25': 13201}}",2.54,8.33,34.91,1.48,6.5,1.63,645648480,16.7,MOD-00613,27.0,2026-03-31T20:55:22,2026-03-31T13:55:22,https://api.quant-aq.com/v1/devices/MOD-00613/data/645648329
891.28,580.63,"{'lat': None, 'lon': None}","{'rh': 16.5, 'temp': 27.0, 'wd': 0.0, 'ws': 0.0, 'ws_scalar': 0.0}","{'gas': {'co': 13498, 'co2': 13260, 'no': 13586, 'no2': 13765, 'o3': 13745}, 'pm': {'pm1': 13200, 'pm10': 13202, 'pm25': 13201}}",2.54,8.35,34.27,1.27,3.55,1.48,645648479,16.5,MOD-00613,27.0,2026-03-31T20:54:22,2026-03-31T13:54:22,https://api.quant-aq.com/v1/devices/MOD-00613/data/645648328
894.08,584.61,"{'lat': None, 'lon': None}","{'rh': 16.6, 'temp': 27.0, 'wd': 0.0, 'ws': 0.0, 'ws_scalar': 0.0}","{'gas': {'co': 13498, 'co2': 13260, 'no': 13586, 'no2': 13765, 'o3': 13745}, 'pm': {'pm1': 13200, 'pm10': 13202, 'pm25': 13201}}",2.54,8.34,34.47,1.56,6.48,1.76,645648478,16.6,MOD-00613,27.0,2026-03-31T20:53:22,2026-03-31T13:53:22,https://api.quant-aq.com/v1/devices/MOD-00613/data/645648327
885.05,587.14,"{'lat': None, 'lon': None}","{'rh': 16.6, 'temp': 27.0, 'wd': 0.0, 'ws': 0.0, 'ws_scalar': 0.0}","{'gas': {'co': 13498, 'co2': 13260, 'no': 13586, 'no2': 13765, 'o3': 13745}, 'pm': {'pm1': 13200, 'pm10': 13202, 'pm25': 13201}}",2.54,8.34,34.7,1.35,5.53,1.54,645648477,16.6,MOD-00613,27.0,2026-03-31T20:52:22,2026-03-31T13:52:22,https://api.quant-aq.com/v1/devices/MOD-00613/data/645648326
889.15,585.93,"{'lat': None, 'lon': None}","{'rh': 16.6, 'temp': 27.0, 'wd': 0.0, 'ws': 0.0, 'ws_scalar': 0.0}","{'gas': {'co': 13498, 'co2': 13260, 'no': 13586, 'no2': 13765, 'o3': 13745}, 'pm': {'pm1': 13200, 'pm10': 13202, 'pm25': 13201}}",2.54,8.34,34.47,1.41,2.54,1.63,645646310,16.6,MOD-00613,27.0,2026-03-31T20:51:22,2026-03-31T13:51:22,https://api.quant-aq.com/v1/devices/MOD-00613/data/645646159
889.15,580.03,"{'lat': None, 'lon': None}","{'rh': 16.6, 'temp': 27.0, 'wd': 0.0, 'ws': 0.0, 'ws_scalar': 0.0}","{'gas': {'co': 13498, 'co2': 13260, 'no': 13586, 'no2': 13765, 'o3': 13745}, 'pm': {'pm1': 13200, 'pm10': 13202, 'pm25': 13201}}",2.54,8.34,34.47,1.72,4.21,1.96,645646312,16.6,MOD-00613,27.0,2026-03-31T20:50:22,2026-03-31T13:50:22,https://api.quant-aq.com/v1/devices/MOD-00613/data/645646161
885.05,578.22,"{'lat': None, 'lon': None}","{'rh': 16.6, 'temp': 27.0, 'wd': 0.0, 'ws': 0.0, 'ws_scalar': 0.0}","{'gas': {'co': 13498, 'co2': 13260, 'no': 13586, 'no2': 13765, 'o3': 13745}, 'pm': {'pm1': 13200, 'pm10': 13202, 'pm25': 13201}}",2.54,8.34,34.24,1.22,2.47,1.5,645646311,16.6,MOD-00613,27.0,2026-03-31T20:49:22,2026-03-31T13:49:22,https://api.quant-aq.com/v1/devices/MOD-00613/data/645646160
887.51,574.01,"{'lat': None, 'lon': None}","{'rh': 16.6, 'temp': 27.0, 'wd': 0.0, 'ws': 0.0, 'ws_scalar': 0.0}","{'gas': {'co': 13498, 'co2': 13260, 'no': 13586, 'no2': 13765, 'o3': 13745}, 'pm': {'pm1': 13200, 'pm10': 13202, 'pm25': 13201}}",2.54,8.34,34.01,2.02,4.52,2.22,645646309,16.6,MOD-00613,27.0,2026-03-31T20:48:22,2026-03-31T13:48:22,https://api.quant-aq.com/v1/devices/MOD-00613/data/645646158
883.41,574.85,"{'lat': None, 'lon': None}","{'rh': 16.6, 'temp': 27.0, 'wd': 0.0, 'ws': 0.0, 'ws_scalar': 0.0}","{'gas': {'co': 13498, 'co2': 13260, 'no': 13586, 'no2': 13765, 'o3': 13745}, 'pm': {'pm1': 13200, 'pm10': 13202, 'pm25': 13201}}",2.54,8.34,34.47,1.52,12.48,1.73,645644065,16.6,MOD-00613,27.0,2026-03-31T20:47:22,2026-03-31T13:47:22,https://api.quant-aq.com/v1/devices/MOD-00613/data/645643914
886.69,572.8,"{'lat': None, 'lon': None}","{'rh': 16.6, 'temp': 27.0, 'wd': 0.0, 'ws': 0.0, 'ws_scalar': 0.0}","{'gas': {'co': 13498, 'co2': 13260, 'no': 13586, 'no2': 13765, 'o3': 13745}, 'pm': {'pm1': 13200, 'pm10': 13202, 'pm25': 13201}}",2.54,8.34,34.24,1.52,2.85,1.78,645644066,16.6,MOD-00613,27.0,2026-03-31T20:46:22,2026-03-31T13:46:22,https://api.quant-aq.com/v1/devices/MOD-00613/data/645643916
892.85,575.09,"{'lat': None, 'lon': None}","{'rh': 16.6, 'temp': 27.0, 'wd': 0.0, 'ws': 0.0, 'ws_scalar': 0.0}","{'gas': {'co': 13498, 'co2': 13260, 'no': 13586, 'no2': 13765, 'o3': 13745}, 'pm': {'pm1': 13200, 'pm10': 13202, 'pm25': 13201}}",2.54,8.34,34.01,1.3,2.01,1.43,645644067,16.6,MOD-00613,27.0,2026-03-31T20:45:22,2026-03-31T13:45:22,https://api.quant-aq.com/v1/devices/MOD-00613/data/645643915
886.48,581.24,"{'lat': None, 'lon': None}","{'rh': 16.9, 'temp': 27.0, 'wd': 0.0, 'ws': 0.0, 'ws_scalar': 0.0}","{'gas': {'co': 13498, 'co2': 13260, 'no': 13586, 'no2': 13765, 'o3': 13745}, 'pm': {'pm1': 13200, 'pm10': 13202, 'pm25': 13201}}",2.54,8.31,34.15,1.47,3.69,1.64,645644068,16.9,MOD-00613,27.0,2026-03-31T20:44:22,2026-03-31T13:44:22,https://api.quant-aq.com/v1/devices/MOD-00613/data/645643917
888.46,583.4,"{'lat': None, 'lon': None}","{'rh': 17.0, 'temp': 27.0, 'wd': 0.0, 'ws': 0.0, 'ws_scalar': 0.0}","{'gas': {'co': 13498, 'co2': 13260, 'no': 13586, 'no2': 13765, 'o3': 13745}, 'pm': {'pm1': 13200, 'pm10': 13202, 'pm25': 13201}}",2.54,8.31,33.66,1.46,8.64,1.65,645641838,17.0,MOD-00613,27.0,2026-03-31T20:43:22,2026-03-31T13:43:22,https://api.quant-aq.com/v1/devices/MOD-00613/data/645641687
889.21,590.87,"{'lat': None, 'lon': None}","{'rh': 17.1, 'temp': 27.0, 'wd': 0.0, 'ws': 0.0, 'ws_scalar': 0.0}","{'gas': {'co': 13498, 'co2': 13260, 'no': 13586, 'no2': 13765, 'o3': 13745}, 'pm': {'pm1': 13200, 'pm10': 13202, 'pm25': 13201}}",2.54,8.3,33.86,1.43,2.2,1.63,645641839,17.1,MOD-00613,27.0,2026-03-31T20:42:22,2026-03-31T13:42:22,https://api.quant-aq.com/v1/devices/MOD-00613/data/645641688
889.96,593.4,"{'lat': None, 'lon': None}","{'rh': 17.2, 'temp': 27.0, 'wd': 0.0, 'ws': 0.0, 'ws_scalar': 0.0}","{'gas': {'co': 13498, 'co2': 13260, 'no': 13586, 'no2': 13765, 'o3': 13745}, 'pm': {'pm1': 13200, 'pm10': 13202, 'pm25': 13201}}",2.54,8.29,34.06,1.46,2.29,1.63,645641836,17.2,MOD-00613,27.0,2026-03-31T20:41:22,2026-03-31T13:41:22,https://api.quant-aq.com/v1/devices/MOD-00613/data/645641685
889.48,601.95,"{'lat': None, 'lon': None}","{'rh': 17.3, 'temp': 27.0, 'wd': 0.0, 'ws': 0.0, 'ws_scalar': 0.0}","{'gas': {'co': 13498, 'co2': 13260, 'no': 13586, 'no2': 13765, 'o3': 13745}, 'pm': {'pm1': 13200, 'pm10': 13202, 'pm25': 13201}}",2.46,8.28,34.26,1.22,2.28,1.51,645641837,17.3,MOD-00613,27.0,2026-03-31T20:40:22,2026-03-31T13:40:22,https://api.quant-aq.com/v1/devices/MOD-00613/data/645641686
887.64,591.35,"{'lat': None, 'lon': None}","{'rh': 17.0, 'temp': 27.0, 'wd': 0.0, 'ws': 0.0, 'ws_scalar': 0.0}","{'gas': {'co': 13498, 'co2': 13260, 'no': 13586, 'no2': 13765, 'o3': 13745}, 'pm': {'pm1': 13200, 'pm10': 13202, 'pm25': 13201}}",2.54,8.31,34.12,1.4,1.76,1.6,645639614,17.0,MOD-00613,27.0,2026-03-31T20:39:22,2026-03-31T13:39:22,https://api.quant-aq.com/v1/devices/MOD-00613/data/645639463
882.23,600.51,"{'lat': None, 'lon': None}","{'rh': 17.1, 'temp': 27.0, 'wd': 0.0, 'ws': 0.0, 'ws_scalar': 0.0}","{'gas': {'co': 13498, 'co2': 13260, 'no': 13586, 'no2': 13765, 'o3': 13745}, 'pm': {'pm1': 13200, 'pm10': 13202, 'pm25': 13201}}",2.54,8.3,33.86,1.39,2.97,1.6,645639616,17.1,MOD-00613,27.0,2026-03-31T20:38:22,2026-03-31T13:38:22,https://api.quant-aq.com/v1/devices/MOD-00613/data/645639465
889.62,598.82,"{'lat': None, 'lon': None}","{'rh': 17.1, 'temp': 27.0, 'wd': 0.0, 'ws': 0.0, 'ws_scalar': 0.0}","{'gas': {'co': 13498, 'co2': 13260, 'no': 13586, 'no2': 13765, 'o3': 13745}, 'pm': {'pm1': 13200, 'pm10': 13202, 'pm25': 13201}}",2.54,8.3,34.32,1.48,14.82,1.84,645639613,17.1,MOD-00613,27.0,2026-03-31T20:37:22,2026-03-31T13:37:22,https://api.quant-aq.com/v1/devices/MOD-00613/data/645639462
882.3,597.26,"{'lat': None, 'lon': None}","{'rh': 17.0, 'temp': 27.0, 'wd': 0.0, 'ws': 0.0, 'ws_scalar': 0.0}","{'gas': {'co': 13498, 'co2': 13260, 'no': 13586, 'no2': 13765, 'o3': 13745}, 'pm': {'pm1': 13200, 'pm10': 13202, 'pm25': 13201}}",2.54,8.31,34.82,1.45,2.61,1.65,645639615,17.0,MOD-00613,27.0,2026-03-31T20:36:22,2026-03-31T13:36:22,https://api.quant-aq.com/v1/devices/MOD-00613/data/645639464
881.14,589.07,"{'lat': None, 'lon': None}","{'rh': 16.9, 'temp': 27.0, 'wd': 0.0, 'ws': 0.0, 'ws_scalar': 0.0}","{'gas': {'co': 13498, 'co2': 13260, 'no': 13586, 'no2': 13765, 'o3': 13745}, 'pm': {'pm1': 13200, 'pm10': 13202, 'pm25': 13201}}",2.54,8.31,34.15,1.43,11.23,1.6,645637374,16.9,MOD-00613,27.0,2026-03-31T20:35:22,2026-03-31T13:35:22,https://api.quant-aq.com/v1/devices/MOD-00613/data/645637223
882.0,586.29,"{'lat': None, 'lon': None}","{'rh': 16.7, 'temp': 26.9, 'wd': 0.0, 'ws': 0.0, 'ws_scalar': 0.0}","{'gas': {'co': 13498, 'co2': 13260, 'no': 13586, 'no2': 13765, 'o3': 13745}, 'pm': {'pm1': 13200, 'pm10': 13202, 'pm25': 13201}}",2.54,8.34,34.41,1.33,5.66,1.55,645637373,16.7,MOD-00613,26.9,2026-03-31T20:34:22,2026-03-31T13:34:22,https://api.quant-aq.com/v1/devices/MOD-00613/data/645637222
881.51,585.45,"{'lat': None, 'lon': None}","{'rh': 16.8, 'temp': 26.9, 'wd': 0.0, 'ws': 0.0, 'ws_scalar': 0.0}","{'gas': {'co': 13498, 'co2': 13260, 'no': 13586, 'no2': 13765, 'o3': 13745}, 'pm': {'pm1': 13200, 'pm10': 13202, 'pm25': 13201}}",2.54,8.33,34.38,1.32,10.59,1.64,645637371,16.8,MOD-00613,26.9,2026-03-31T20:33:22,2026-03-31T13:33:22,https://api.quant-aq.com/v1/devices/MOD-00613/data/645637221
885.0,599.06,"{'lat': None, 'lon': None}","{'rh': 17.1, 'temp': 26.9, 'wd': 0.0, 'ws': 0.0, 'ws_scalar': 0.0}","{'gas': {'co': 13498, 'co2': 13260, 'no': 13586, 'no2': 13765, 'o3': 13745}, 'pm': {'pm1': 13200, 'pm10': 13202, 'pm25': 13201}}",2.54,8.3,34.53,1.37,2.17,1.61,645637372,17.1,MOD-00613,26.9,2026-03-31T20:32:22,2026-03-31T13:32:22,https://api.quant-aq.com/v1/devices/MOD-00613/data/645637220
878.09,587.98,"{'lat': None, 'lon': None}","{'rh': 17.0, 'temp': 26.9, 'wd': 0.0, 'ws': 0.0, 'ws_scalar': 0.0}","{'gas': {'co': 13498, 'co2': 13260, 'no': 13586, 'no2': 13765, 'o3': 13745}, 'pm': {'pm1': 13200, 'pm10': 13202, 'pm25': 13201}}",2.54,8.31,34.32,1.34,3.2,1.52,645635175,17.0,MOD-00613,26.9,2026-03-31T20:31:22,2026-03-31T13:31:22,https://api.quant-aq.com/v1/devices/MOD-00613/data/645635024
878.23,582.68,"{'lat': None, 'lon': None}","{'rh': 16.8, 'temp': 26.9, 'wd': 0.0, 'ws': 0.0, 'ws_scalar': 0.0}","{'gas': {'co': 13498, 'co2': 13260, 'no': 13586, 'no2': 13765, 'o3': 13745}, 'pm': {'pm1': 13200, 'pm10': 13202, 'pm25': 13201}}",2.54,8.33,34.38,1.81,2.71,2.05,645635172,16.8,MOD-00613,26.9,2026-03-31T20:30:22,2026-03-31T13:30:22,https://api.quant-aq.com/v1/devices/MOD-00613/data/645635022
882.41,581.24,"{'lat': None, 'lon': None}","{'rh': 16.7, 'temp': 26.9, 'wd': 0.0, 'ws': 0.0, 'ws_scalar': 0.0}","{'gas': {'co': 13498, 'co2': 13260, 'no': 13586, 'no2': 13765, 'o3': 13745}, 'pm': {'pm1': 13200, 'pm10': 13202, 'pm25': 13201}}",2.54,8.34,34.65,1.32,1.62,1.49,645635171,16.7,MOD-00613,26.9,2026-03-31T20:29:22,2026-03-31T13:29:22,https://api.quant-aq.com/v1/devices/MOD-00613/data/645635020
879.8,580.63,"{'lat': None, 'lon': None}","{'rh': 16.9, 'temp': 26.9, 'wd': 0.0, 'ws': 0.0, 'ws_scalar': 0.0}","{'gas': {'co': 13498, 'co2': 13260, 'no': 13586, 'no2': 13765, 'o3': 13745}, 'pm': {'pm1': 13200, 'pm10': 13202, 'pm25': 13201}}",2.54,8.32,34.35,1.45,1.96,1.67,645635173,16.9,MOD-00613,26.9,2026-03-31T20:28:22,2026-03-31T13:28:22,https://api.quant-aq.com/v1/devices/MOD-00613/data/645635021
880.96,587.74,"{'lat': None, 'lon': None}","{'rh': 17.0, 'temp': 26.9, 'wd': 0.0, 'ws': 0.0, 'ws_scalar': 0.0}","{'gas': {'co': 13498, 'co2': 13260, 'no': 13586, 'no2': 13765, 'o3': 13745}, 'pm': {'pm1': 13200, 'pm10': 13202, 'pm25': 13201}}",2.54,8.31,34.56,1.21,4.89,1.38,645635174,17.0,MOD-00613,26.9,2026-03-31T20:27:22,2026-03-31T13:27:22,https://api.quant-aq.com/v1/devices/MOD-00613/data/645635023
876.87,571.36,"{'lat': None, 'lon': None}","{'rh': 16.4, 'temp': 26.9, 'wd': 0.0, 'ws': 0.0, 'ws_scalar': 0.0}","{'gas': {'co': 13498, 'co2': 13260, 'no': 13586, 'no2': 13765, 'o3': 13745}, 'pm': {'pm1': 13200, 'pm10': 13202, 'pm25': 13201}}",2.54,8.74,34.74,1.43,2.87,1.52,645632422,16.4,MOD-00613,26.9,2026-03-31T20:26:22,2026-03-31T13:26:22,https://api.quant-aq.com/v1/devices/MOD-00613/data/645632271
872.21,567.63,"{'lat': None, 'lon': None}","{'rh': 16.6, 'temp': 26.9, 'wd': 0.0, 'ws': 0.0, 'ws_scalar': 0.0}","{'gas': {'co': 13498, 'co2': 13260, 'no': 13586, 'no2': 13765, 'o3': 13745}, 'pm': {'pm1': 13200, 'pm10': 13202, 'pm25': 13201}}",2.54,8.35,35.14,1.53,3.94,1.75,645632421,16.6,MOD-00613,26.9,2026-03-31T20:25:22,2026-03-31T13:25:22,https://api.quant-aq.com/v1/devices/MOD-00613/data/645632270
872.96,565.22,"{'lat': None, 'lon': None}","{'rh': 16.7, 'temp': 26.9, 'wd': 0.0, 'ws': 0.0, 'ws_scalar': 0.0}","{'gas': {'co': 13498, 'co2': 13260, 'no': 13586, 'no2': 13765, 'o3': 13745}, 'pm': {'pm1': 13200, 'pm10': 13202, 'pm25': 13201}}",2.54,8.34,34.88,1.26,2.02,1.54,645632423,16.7,MOD-00613,26.9,2026-03-31T20:24:22,2026-03-31T13:24:22,https://api.quant-aq.com/v1/devices/MOD-00613/data/645632272
875.98,568.35,"{'lat': None, 'lon': None}","{'rh': 16.5, 'temp': 26.9, 'wd': 0.0, 'ws': 0.0, 'ws_scalar': 0.0}","{'gas': {'co': 13498, 'co2': 13260, 'no': 13586, 'no2': 13765, 'o3': 13745}, 'pm': {'pm1': 13200, 'pm10': 13202, 'pm25': 13201}}",2.54,8.74,34.24,1.19,2.3,1.39,645632424,16.5,MOD-00613,26.9,2026-03-31T20:23:22,2026-03-31T13:23:22,https://api.quant-aq.com/v1/devices/MOD-00613/data/645632273
880.09,577.98,"{'lat': None, 'lon': None}","{'rh': 16.5, 'temp': 26.9, 'wd': 0.0, 'ws': 0.0, 'ws_scalar': 0.0}","{'gas': {'co': 13498, 'co2': 13260, 'no': 13586, 'no2': 13765, 'o3': 13745}, 'pm': {'pm1': 13200, 'pm10': 13202, 'pm25': 13201}}",2.53,9.43,34.48,2.22,4.46,2.5,645629967,16.5,MOD-00613,26.9,2026-03-31T20:22:22,2026-03-31T13:22:22,https://api.quant-aq.com/v1/devices/MOD-00613/data/645629815
878.23,576.18,"{'lat': None, 'lon': None}","{'rh': 16.8, 'temp': 26.9, 'wd': 0.0, 'ws': 0.0, 'ws_scalar': 0.0}","{'gas': {'co': 13498, 'co2': 13260, 'no': 13586, 'no2': 13765, 'o3': 13745}, 'pm': {'pm1': 13200, 'pm10': 13202, 'pm25': 13201}}",2.54,8.33,34.62,1.26,2.04,1.63,645629966,16.8,MOD-00613,26.9,2026-03-31T20:21:22,2026-03-31T13:21:22,https://api.quant-aq.com/v1/devices/MOD-00613/data/645629816
882.14,578.71,"{'lat': None, 'lon': None}","{'rh': 16.5, 'temp': 26.9, 'wd': 0.0, 'ws': 0.0, 'ws_scalar': 0.0}","{'gas': {'co': 13498, 'co2': 13260, 'no': 13586, 'no2': 13765, 'o3': 13745}, 'pm': {'pm1': 13200, 'pm10': 13202, 'pm25': 13201}}",2.54,8.74,34.01,1.56,3.99,1.85,645629964,16.5,MOD-00613,26.9,2026-03-31T20:20:22,2026-03-31T13:20:22,https://api.quant-aq.com/v1/devices/MOD-00613/data/645629813
887.67,598.34,"{'lat': None, 'lon': None}","{'rh': 16.8, 'temp': 26.9, 'wd': 0.0, 'ws': 0.0, 'ws_scalar': 0.0}","{'gas': {'co': 13498, 'co2': 13260, 'no': 13586, 'no2': 13765, 'o3': 13745}, 'pm': {'pm1': 13200, 'pm10': 13202, 'pm25': 13201}}",2.54,8.33,34.62,1.36,5.04,1.68,645629965,16.8,MOD-00613,26.9,2026-03-31T20:19:22,2026-03-31T13:19:22,https://api.quant-aq.com/v1/devices/MOD-00613/data/645629814
883.09,597.13,"{'lat': None, 'lon': None}","{'rh': 16.9, 'temp': 26.9, 'wd': 0.0, 'ws': 0.0, 'ws_scalar': 0.0}","{'gas': {'co': 13498, 'co2': 13260, 'no': 13586, 'no2': 13765, 'o3': 13745}, 'pm': {'pm1': 13200, 'pm10': 13202, 'pm25': 13201}}",2.54,8.32,34.35,1.59,2.96,1.84,645627597,16.9,MOD-00613,26.9,2026-03-31T20:18:22,2026-03-31T13:18:22,https://api.quant-aq.com/v1/devices/MOD-00613/data/645627444
882.67,602.19,"{'lat': None, 'lon': None}","{'rh': 16.9, 'temp': 26.9, 'wd': 0.0, 'ws': 0.0, 'ws_scalar': 0.0}","{'gas': {'co': 13498, 'co2': 13260, 'no': 13586, 'no2': 13765, 'o3': 13745}, 'pm': {'pm1': 13200, 'pm10': 13202, 'pm25': 13201}}",2.54,8.32,34.12,1.26,2.99,1.53,645627596,16.9,MOD-00613,26.9,2026-03-31T20:17:22,2026-03-31T13:17:22,https://api.quant-aq.com/v1/devices/MOD-00613/data/645627446
884.51,621.34,"{'lat': None, 'lon': None}","{'rh': 17.2, 'temp': 26.9, 'wd': 0.0, 'ws': 0.0, 'ws_scalar': 0.0}","{'gas': {'co': 13498, 'co2': 13260, 'no': 13586, 'no2': 13765, 'o3': 13745}, 'pm': {'pm1': 13200, 'pm10': 13202, 'pm25': 13201}}",2.54,8.29,34.03,1.72,9.07,2.07,645627595,17.2,MOD-00613,26.9,2026-03-31T20:16:22,2026-03-31T13:16:22,https://api.quant-aq.com/v1/devices/MOD-00613/data/645627445
885.75,622.43,"{'lat': None, 'lon': None}","{'rh': 17.2, 'temp': 26.9, 'wd': 0.0, 'ws': 0.0, 'ws_scalar': 0.0}","{'gas': {'co': 13498, 'co2': 13260, 'no': 13586, 'no2': 13765, 'o3': 13745}, 'pm': {'pm1': 13200, 'pm10': 13202, 'pm25': 13201}}",2.54,8.29,34.03,1.79,13.9,2.19,645627598,17.2,MOD-00613,26.9,2026-03-31T20:15:22,2026-03-31T13:15:22,https://api.quant-aq.com/v1/devices/MOD-00613/data/645627447
889.85,625.44,"{'lat': None, 'lon': None}","{'rh': 17.2, 'temp': 26.9, 'wd': 0.0, 'ws': 0.0, 'ws_scalar': 0.0}","{'gas': {'co': 13498, 'co2': 13260, 'no': 13586, 'no2': 13765, 'o3': 13745}, 'pm': {'pm1': 13200, 'pm10': 13202, 'pm25': 13201}}",2.54,8.29,34.26,1.74,4.5,2.02,645625379,17.2,MOD-00613,26.9,2026-03-31T20:14:22,2026-03-31T13:14:22,https://api.quant-aq.com/v1/devices/MOD-00613/data/645625228
880.41,627.97,"{'lat': None, 'lon': None}","{'rh': 17.2, 'temp': 26.9, 'wd': 0.0, 'ws': 0.0, 'ws_scalar': 0.0}","{'gas': {'co': 13498, 'co2': 13260, 'no': 13586, 'no2': 13765, 'o3': 13745}, 'pm': {'pm1': 13200, 'pm10': 13202, 'pm25': 13201}}",2.54,8.29,34.03,1.56,14.9,2.13,645625378,17.2,MOD-00613,26.9,2026-03-31T20:13:22,2026-03-31T13:13:22,https://api.quant-aq.com/v1/devices/MOD-00613/data/645625227
881.98,629.05,"{'lat': None, 'lon': None}","{'rh': 17.3, 'temp': 26.9, 'wd': 0.0, 'ws': 0.0, 'ws_scalar': 0.0}","{'gas': {'co': 13498, 'co2': 13260, 'no': 13586, 'no2': 13765, 'o3': 13745}, 'pm': {'pm1': 13200, 'pm10': 13202, 'pm25': 13201}}",2.54,8.28,34.23,1.75,16.54,2.15,645625380,17.3,MOD-00613,26.9,2026-03-31T20:12:22,2026-03-31T13:12:22,https://api.quant-aq.com/v1/devices/MOD-00613/data/645625229
882.25,641.1,"{'lat': None, 'lon': None}","{'rh': 17.5, 'temp': 26.9, 'wd': 0.0, 'ws': 0.0, 'ws_scalar': 0.0}","{'gas': {'co': 13498, 'co2': 13260, 'no': 13586, 'no2': 13765, 'o3': 13745}, 'pm': {'pm1': 13200, 'pm10': 13202, 'pm25': 13201}}",2.46,8.26,33.7,1.19,23.32,1.64,645625377,17.5,MOD-00613,26.9,2026-03-31T20:11:22,2026-03-31T13:11:22,https://api.quant-aq.com/v1/devices/MOD-00613/data/645625226
886.09,640.62,"{'lat': None, 'lon': None}","{'rh': 17.3, 'temp': 26.9, 'wd': 0.0, 'ws': 0.0, 'ws_scalar': 0.0}","{'gas': {'co': 13498, 'co2': 13260, 'no': 13586, 'no2': 13765, 'o3': 13745}, 'pm': {'pm1': 13200, 'pm10': 13202, 'pm25': 13201}}",2.46,8.29,34.23,1.51,4.73,1.9,645623156,17.3,MOD-00613,26.9,2026-03-31T20:10:22,2026-03-31T13:10:22,https://api.quant-aq.com/v1/devices/MOD-00613/data/645623010
882.76,636.64,"{'lat': None, 'lon': None}","{'rh': 17.2, 'temp': 26.8, 'wd': 0.0, 'ws': 0.0, 'ws_scalar': 0.0}","{'gas': {'co': 13498, 'co2': 13260, 'no': 13586, 'no2': 13765, 'o3': 13745}, 'pm': {'pm1': 13200, 'pm10': 13202, 'pm25': 13201}}",2.54,8.3,34.23,1.41,2.57,1.74,645623158,17.2,MOD-00613,26.8,2026-03-31T20:09:22,2026-03-31T13:09:22,https://api.quant-aq.com/v1/devices/MOD-00613/data/645623012
884.07,626.76,"{'lat': None, 'lon': None}","{'rh': 17.1, 'temp': 26.8, 'wd': 0.0, 'ws': 0.0, 'ws_scalar': 0.0}","{'gas': {'co': 13498, 'co2': 13260, 'no': 13586, 'no2': 13765, 'o3': 13745}, 'pm': {'pm1': 13200, 'pm10': 13202, 'pm25': 13201}}",2.54,8.31,34.27,1.29,7.03,1.79,645623162,17.1,MOD-00613,26.8,2026-03-31T20:08:22,2026-03-31T13:08:22,https://api.quant-aq.com/v1/devices/MOD-00613/data/645623014
879.62,623.27,"{'lat': None, 'lon': None}","{'rh': 17.0, 'temp': 26.8, 'wd': 0.0, 'ws': 0.0, 'ws_scalar': 0.0}","{'gas': {'co': 13498, 'co2': 13260, 'no': 13586, 'no2': 13765, 'o3': 13745}, 'pm': {'pm1': 13200, 'pm10': 13202, 'pm25': 13201}}",2.54,8.32,34.53,1.48,3.69,1.85,645623160,17.0,MOD-00613,26.8,2026-03-31T20:07:22,2026-03-31T13:07:22,https://api.quant-aq.com/v1/devices/MOD-00613/data/645623013
880.85,624.24,"{'lat': None, 'lon': None}","{'rh': 17.0, 'temp': 26.8, 'wd': 0.0, 'ws': 0.0, 'ws_scalar': 0.0}","{'gas': {'co': 13498, 'co2': 13260, 'no': 13586, 'no2': 13765, 'o3': 13745}, 'pm': {'pm1': 13200, 'pm10': 13202, 'pm25': 13201}}",2.54,8.32,34.06,1.18,8.76,1.67,645620955,17.0,MOD-00613,26.8,2026-03-31T20:06:22,2026-03-31T13:06:22,https://api.quant-aq.com/v1/devices/MOD-00613/data/645620804
879.35,606.65,"{'lat': None, 'lon': None}","{'rh': 16.8, 'temp': 26.8, 'wd': 0.0, 'ws': 0.0, 'ws_scalar': 0.0}","{'gas': {'co': 13498, 'co2': 13260, 'no': 13586, 'no2': 13765, 'o3': 13745}, 'pm': {'pm1': 13200, 'pm10': 13202, 'pm25': 13201}}",2.54,8.34,34.36,1.76,12.36,2.09,645620954,16.8,MOD-00613,26.8,2026-03-31T20:05:22,2026-03-31T13:05:22,https://api.quant-aq.com/v1/devices/MOD-00613/data/645620803
877.64,615.2,"{'lat': None, 'lon': None}","{'rh': 16.9, 'temp': 26.8, 'wd': 0.0, 'ws': 0.0, 'ws_scalar': 0.0}","{'gas': {'co': 13498, 'co2': 13260, 'no': 13586, 'no2': 13765, 'o3': 13745}, 'pm': {'pm1': 13200, 'pm10': 13202, 'pm25': 13201}}",2.54,8.33,34.33,1.52,6.42,1.78,645620953,16.9,MOD-00613,26.8,2026-03-31T20:04:22,2026-03-31T13:04:22,https://api.quant-aq.com/v1/devices/MOD-00613/data/645620802
876.96,599.91,"{'lat': None, 'lon': None}","{'rh': 16.7, 'temp': 26.8, 'wd': 0.0, 'ws': 0.0, 'ws_scalar': 0.0}","{'gas': {'co': 13498, 'co2': 13260, 'no': 13586, 'no2': 13765, 'o3': 13745}, 'pm': {'pm1': 13200, 'pm10': 13202, 'pm25': 13201}}",2.54,8.35,34.62,1.71,4.27,2.09,645620952,16.7,MOD-00613,26.8,2026-03-31T20:03:22,2026-03-31T13:03:22,https://api.quant-aq.com/v1/devices/MOD-00613/data/645620801
882.16,605.08,"{'lat': None, 'lon': None}","{'rh': 16.9, 'temp': 26.8, 'wd': 0.0, 'ws': 0.0, 'ws_scalar': 0.0}","{'gas': {'co': 13498, 'co2': 13260, 'no': 13586, 'no2': 13765, 'o3': 13745}, 'pm': {'pm1': 13200, 'pm10': 13202, 'pm25': 13201}}",2.54,8.33,34.33,1.3,10.89,1.59,645618740,16.9,MOD-00613,26.8,2026-03-31T20:02:22,2026-03-31T13:02:22,https://api.quant-aq.com/v1/devices/MOD-00613/data/645618589
878.12,594.61,"{'lat': None, 'lon': None}","{'rh': 16.8, 'temp': 26.8, 'wd': 0.0, 'ws': 0.0, 'ws_scalar': 0.0}","{'gas': {'co': 13498, 'co2': 13260, 'no': 13586, 'no2': 13765, 'o3': 13745}, 'pm': {'pm1': 13200, 'pm10': 13202, 'pm25': 13201}}",2.54,8.34,34.59,1.28,16.14,1.75,645618742,16.8,MOD-00613,26.8,2026-03-31T20:01:22,2026-03-31T13:01:22,https://api.quant-aq.com/v1/devices/MOD-00613/data/645618591
879.76,598.34,"{'lat': None, 'lon': None}","{'rh': 16.8, 'temp': 26.8, 'wd': 0.0, 'ws': 0.0, 'ws_scalar': 0.0}","{'gas': {'co': 13498, 'co2': 13260, 'no': 13586, 'no2': 13765, 'o3': 13745}, 'pm': {'pm1': 13200, 'pm10': 13202, 'pm25': 13201}}",2.54,8.34,34.36,1.37,12.39,1.88,645618739,16.8,MOD-00613,26.8,2026-03-31T20:00:22,2026-03-31T13:00:22,https://api.quant-aq.com/v1/devices/MOD-00613/data/645618588
877.71,595.21,"{'lat': None, 'lon': None}","{'rh': 16.8, 'temp': 26.8, 'wd': 0.0, 'ws': 0.0, 'ws_scalar': 0.0}","{'gas': {'co': 13498, 'co2': 13260, 'no': 13586, 'no2': 13765, 'o3': 13745}, 'pm': {'pm1': 13200, 'pm10': 13202, 'pm25': 13201}}",2.54,8.34,34.36,1.25,13.38,1.99,645618741,16.8,MOD-00613,26.8,2026-03-31T19:59:22,2026-03-31T12:59:22,https://api.quant-aq.com/v1/devices/MOD-00613/data/645618590
878.12,570.28,"{'lat': None, 'lon': None}","{'rh': 16.8, 'temp': 26.8, 'wd': 0.0, 'ws': 0.0, 'ws_scalar': 0.0}","{'gas': {'co': 13498, 'co2': 13260, 'no': 13586, 'no2': 13765, 'o3': 13745}, 'pm': {'pm1': 13200, 'pm10': 13202, 'pm25': 13201}}",2.54,8.34,34.12,1.31,11.55,1.65,645616486,16.8,MOD-00613,26.8,2026-03-31T19:58:22,2026-03-31T12:58:22,https://api.quant-aq.com/v1/devices/MOD-00613/data/645616335
876.62,566.3,"{'lat': None, 'lon': None}","{'rh': 16.6, 'temp': 26.8, 'wd': 0.0, 'ws': 0.0, 'ws_scalar': 0.0}","{'gas': {'co': 13498, 'co2': 13260, 'no': 13586, 'no2': 13765, 'o3': 13745}, 'pm': {'pm1': 13200, 'pm10': 13202, 'pm25': 13201}}",2.54,8.74,34.65,1.41,5.93,1.76,645616489,16.6,MOD-00613,26.8,2026-03-31T19:57:22,2026-03-31T12:57:22,https://api.quant-aq.com/v1/devices/MOD-00613/data/645616338
872.45,565.58,"{'lat': None, 'lon': None}","{'rh': 16.7, 'temp': 26.8, 'wd': 0.0, 'ws': 0.0, 'ws_scalar': 0.0}","{'gas': {'co': 13498, 'co2': 13260, 'no': 13586, 'no2': 13765, 'o3': 13745}, 'pm': {'pm1': 13200, 'pm10': 13202, 'pm25': 13201}}",2.54,8.35,34.85,1.43,14.3,1.77,645616487,16.7,MOD-00613,26.8,2026-03-31T19:56:22,2026-03-31T12:56:22,https://api.quant-aq.com/v1/devices/MOD-00613/data/645616336
880.25,565.7,"{'lat': None, 'lon': None}","{'rh': 16.7, 'temp': 26.8, 'wd': 0.0, 'ws': 0.0, 'ws_scalar': 0.0}","{'gas': {'co': 13498, 'co2': 13260, 'no': 13586, 'no2': 13765, 'o3': 13745}, 'pm': {'pm1': 13200, 'pm10': 13202, 'pm25': 13201}}",2.54,8.35,34.39,1.3,8.38,1.84,645616488,16.7,MOD-00613,26.8,2026-03-31T19:55:22,2026-03-31T12:55:22,https://api.quant-aq.com/v1/devices/MOD-00613/data/645616337
879.5,564.13,"{'lat': None, 'lon': None}","{'rh': 16.6, 'temp': 26.8, 'wd': 0.0, 'ws': 0.0, 'ws_scalar': 0.0}","{'gas': {'co': 13498, 'co2': 13260, 'no': 13586, 'no2': 13765, 'o3': 13745}, 'pm': {'pm1': 13200, 'pm10': 13202, 'pm25': 13201}}",2.54,8.74,34.19,1.91,6.09,2.38,645614286,16.6,MOD-00613,26.8,2026-03-31T19:54:22,2026-03-31T12:54:22,https://api.quant-aq.com/v1/devices/MOD-00613/data/645614136
879.09,562.33,"{'lat': None, 'lon': None}","{'rh': 16.6, 'temp': 26.8, 'wd': 0.0, 'ws': 0.0, 'ws_scalar': 0.0}","{'gas': {'co': 13498, 'co2': 13260, 'no': 13586, 'no2': 13765, 'o3': 13745}, 'pm': {'pm1': 13200, 'pm10': 13202, 'pm25': 13201}}",2.54,8.36,34.65,1.57,14.51,1.94,645614285,16.6,MOD-00613,26.8,2026-03-31T19:53:22,2026-03-31T12:53:22,https://api.quant-aq.com/v1/devices/MOD-00613/data/645614134
878.19,564.86,"{'lat': None, 'lon': None}","{'rh': 16.7, 'temp': 26.8, 'wd': 0.0, 'ws': 0.0, 'ws_scalar': 0.0}","{'gas': {'co': 13498, 'co2': 13260, 'no': 13586, 'no2': 13765, 'o3': 13745}, 'pm': {'pm1': 13200, 'pm10': 13202, 'pm25': 13201}}",2.54,8.35,34.39,1.43,4.18,1.85,645614287,16.7,MOD-00613,26.8,2026-03-31T19:52:22,2026-03-31T12:52:22,https://api.quant-aq.com/v1/devices/MOD-00613/data/645614135
871.59,564.37,"{'lat': None, 'lon': None}","{'rh': 16.6, 'temp': 26.7, 'wd': 0.0, 'ws': 0.0, 'ws_scalar': 0.0}","{'gas': {'co': 13498, 'co2': 13260, 'no': 13586, 'no2': 13765, 'o3': 13745}, 'pm': {'pm1': 13200, 'pm10': 13202, 'pm25': 13201}}",2.54,8.74,34.85,1.49,9.8,1.86,645614288,16.6,MOD-00613,26.7,2026-03-31T19:51:22,2026-03-31T12:51:22,https://api.quant-aq.com/v1/devices/MOD-00613/data/645614137
876.51,565.7,"{'lat': None, 'lon': None}","{'rh': 16.6, 'temp': 26.7, 'wd': 0.0, 'ws': 0.0, 'ws_scalar': 0.0}","{'gas': {'co': 13498, 'co2': 13260, 'no': 13586, 'no2': 13765, 'o3': 13745}, 'pm': {'pm1': 13200, 'pm10': 13202, 'pm25': 13201}}",2.54,8.74,34.39,1.33,5.38,1.87,645612050,16.6,MOD-00613,26.7,2026-03-31T19:50:22,2026-03-31T12:50:22,https://api.quant-aq.com/v1/devices/MOD-00613/data/645611899
880.62,562.45,"{'lat': None, 'lon': None}","{'rh': 16.6, 'temp': 26.7, 'wd': 0.0, 'ws': 0.0, 'ws_scalar': 0.0}","{'gas': {'co': 13498, 'co2': 13260, 'no': 13586, 'no2': 13765, 'o3': 13745}, 'pm': {'pm1': 13200, 'pm10': 13202, 'pm25': 13201}}",2.54,8.75,34.62,1.35,11.62,1.61,645612053,16.6,MOD-00613,26.7,2026-03-31T19:49:22,2026-03-31T12:49:22,https://api.quant-aq.com/v1/devices/MOD-00613/data/645611901
877.51,565.58,"{'lat': None, 'lon': None}","{'rh': 16.5, 'temp': 26.8, 'wd': 0.0, 'ws': 0.0, 'ws_scalar': 0.0}","{'gas': {'co': 13498, 'co2': 13260, 'no': 13586, 'no2': 13765, 'o3': 13745}, 'pm': {'pm1': 13200, 'pm10': 13202, 'pm25': 13201}}",2.54,8.74,34.22,1.56,3.95,1.81,645612052,16.5,MOD-00613,26.8,2026-03-31T19:48:22,2026-03-31T12:48:22,https://api.quant-aq.com/v1/devices/MOD-00613/data/645611902
876.55,575.09,"{'lat': None, 'lon': None}","{'rh': 16.7, 'temp': 26.8, 'wd': 0.0, 'ws': 0.0, 'ws_scalar': 0.0}","{'gas': {'co': 13498, 'co2': 13260, 'no': 13586, 'no2': 13765, 'o3': 13745}, 'pm': {'pm1': 13200, 'pm10': 13202, 'pm25': 13201}}",2.54,8.35,34.15,1.32,4.46,1.55,645612051,16.7,MOD-00613,26.8,2026-03-31T19:47:22,2026-03-31T12:47:22,https://api.quant-aq.com/v1/devices/MOD-00613/data/645611900
883.87,566.78,"{'lat': None, 'lon': None}","{'rh': 16.8, 'temp': 26.8, 'wd': 0.0, 'ws': 0.0, 'ws_scalar': 0.0}","{'gas': {'co': 13498, 'co2': 13260, 'no': 13586, 'no2': 13765, 'o3': 13745}, 'pm': {'pm1': 13200, 'pm10': 13202, 'pm25': 13201}}",2.54,8.34,34.82,0.83,6.29,1.18,645609874,16.8,MOD-00613,26.8,2026-03-31T19:46:22,2026-03-31T12:46:22,https://api.quant-aq.com/v1/devices/MOD-00613/data/645609723
883.73,565.1,"{'lat': None, 'lon': None}","{'rh': 17.0, 'temp': 26.8, 'wd': 0.0, 'ws': 0.0, 'ws_scalar': 0.0}","{'gas': {'co': 13498, 'co2': 13260, 'no': 13586, 'no2': 13765, 'o3': 13745}, 'pm': {'pm1': 13200, 'pm10': 13202, 'pm25': 13201}}",2.54,8.32,33.83,1.22,15.64,1.61,645609872,17.0,MOD-00613,26.8,2026-03-31T19:45:22,2026-03-31T12:45:22,https://api.quant-aq.com/v1/devices/MOD-00613/data/645609720
889.37,571.24,"{'lat': None, 'lon': None}","{'rh': 17.0, 'temp': 26.7, 'wd': 0.0, 'ws': 0.0, 'ws_scalar': 0.0}","{'gas': {'co': 13498, 'co2': 13260, 'no': 13586, 'no2': 13765, 'o3': 13745}, 'pm': {'pm1': 13200, 'pm10': 13202, 'pm25': 13201}}",2.54,8.33,33.8,1.6,3.7,1.8,645609871,17.0,MOD-00613,26.7,2026-03-31T19:44:22,2026-03-31T12:44:22,https://api.quant-aq.com/v1/devices/MOD-00613/data/645609721
882.76,575.21,"{'lat': None, 'lon': None}","{'rh': 17.2, 'temp': 26.8, 'wd': 0.0, 'ws': 0.0, 'ws_scalar': 0.0}","{'gas': {'co': 13498, 'co2': 13260, 'no': 13586, 'no2': 13765, 'o3': 13745}, 'pm': {'pm1': 13200, 'pm10': 13202, 'pm25': 13201}}",2.54,8.3,34.0,1.41,11.99,1.51,645609873,17.2,MOD-00613,26.8,2026-03-31T19:43:22,2026-03-31T12:43:22,https://api.quant-aq.com/v1/devices/MOD-00613/data/645609722
889.78,577.38,"{'lat': None, 'lon': None}","{'rh': 17.0, 'temp': 26.7, 'wd': 0.0, 'ws': 0.0, 'ws_scalar': 0.0}","{'gas': {'co': 13498, 'co2': 13260, 'no': 13586, 'no2': 13765, 'o3': 13745}, 'pm': {'pm1': 13200, 'pm10': 13202, 'pm25': 13201}}",2.54,8.33,33.8,1.35,6.95,1.53,645607596,17.0,MOD-00613,26.7,2026-03-31T19:42:22,2026-03-31T12:42:22,https://api.quant-aq.com/v1/devices/MOD-00613/data/645607445
884.03,574.85,"{'lat': None, 'lon': None}","{'rh': 17.0, 'temp': 26.7, 'wd': 0.0, 'ws': 0.0, 'ws_scalar': 0.0}","{'gas': {'co': 13498, 'co2': 13260, 'no': 13586, 'no2': 13765, 'o3': 13745}, 'pm': {'pm1': 13200, 'pm10': 13202, 'pm25': 13201}}",2.54,8.33,34.27,0.88,1.18,1.05,645607595,17.0,MOD-00613,26.7,2026-03-31T19:41:22,2026-03-31T12:41:22,https://api.quant-aq.com/v1/devices/MOD-00613/data/645607444
879.51,575.82,"{'lat': None, 'lon': None}","{'rh': 17.0, 'temp': 26.7, 'wd': 0.0, 'ws': 0.0, 'ws_scalar': 0.0}","{'gas': {'co': 13498, 'co2': 13260, 'no': 13586, 'no2': 13765, 'o3': 13745}, 'pm': {'pm1': 13200, 'pm10': 13202, 'pm25': 13201}}",2.54,8.33,34.5,1.45,5.21,1.7,645607594,17.0,MOD-00613,26.7,2026-03-31T19:40:22,2026-03-31T12:40:22,https://api.quant-aq.com/v1/devices/MOD-00613/data/645607443
889.71,582.68,"{'lat': None, 'lon': None}","{'rh': 17.1, 'temp': 26.7, 'wd': 0.0, 'ws': 0.0, 'ws_scalar': 0.0}","{'gas': {'co': 13498, 'co2': 13260, 'no': 13586, 'no2': 13765, 'o3': 13745}, 'pm': {'pm1': 13200, 'pm10': 13202, 'pm25': 13201}}",2.54,8.32,34.47,1.16,3.52,1.45,645607593,17.1,MOD-00613,26.7,2026-03-31T19:39:22,2026-03-31T12:39:22,https://api.quant-aq.com/v1/devices/MOD-00613/data/645607442
883.62,583.16,"{'lat': None, 'lon': None}","{'rh': 17.0, 'temp': 26.7, 'wd': 0.0, 'ws': 0.0, 'ws_scalar': 0.0}","{'gas': {'co': 13498, 'co2': 13260, 'no': 13586, 'no2': 13765, 'o3': 13745}, 'pm': {'pm1': 13200, 'pm10': 13202, 'pm25': 13201}}",2.54,8.33,34.73,1.08,14.3,1.31,645605350,17.0,MOD-00613,26.7,2026-03-31T19:38:22,2026-03-31T12:38:22,https://api.quant-aq.com/v1/devices/MOD-00613/data/645605199
881.23,577.14,"{'lat': None, 'lon': None}","{'rh': 16.9, 'temp': 26.7, 'wd': 0.0, 'ws': 0.0, 'ws_scalar': 0.0}","{'gas': {'co': 13498, 'co2': 13260, 'no': 13586, 'no2': 13765, 'o3': 13745}, 'pm': {'pm1': 13200, 'pm10': 13202, 'pm25': 13201}}",2.54,8.34,35.0,1.36,3.83,1.51,645605351,16.9,MOD-00613,26.7,2026-03-31T19:37:22,2026-03-31T12:37:22,https://api.quant-aq.com/v1/devices/MOD-00613/data/645605200
892.58,583.16,"{'lat': None, 'lon': None}","{'rh': 17.1, 'temp': 26.7, 'wd': 0.0, 'ws': 0.0, 'ws_scalar': 0.0}","{'gas': {'co': 13498, 'co2': 13260, 'no': 13586, 'no2': 13765, 'o3': 13745}, 'pm': {'pm1': 13200, 'pm10': 13202, 'pm25': 13201}}",2.54,8.32,33.77,1.3,11.83,1.56,645605349,17.1,MOD-00613,26.7,2026-03-31T19:36:22,2026-03-31T12:36:22,https://api.quant-aq.com/v1/devices/MOD-00613/data/645605198
889.22,577.74,"{'lat': None, 'lon': None}","{'rh': 17.2, 'temp': 26.7, 'wd': 0.0, 'ws': 0.0, 'ws_scalar': 0.0}","{'gas': {'co': 13498, 'co2': 13260, 'no': 13586, 'no2': 13765, 'o3': 13745}, 'pm': {'pm1': 13200, 'pm10': 13202, 'pm25': 13201}}",2.54,8.31,33.97,1.11,20.3,1.32,645605348,17.2,MOD-00613,26.7,2026-03-31T19:35:22,2026-03-31T12:35:22,https://api.quant-aq.com/v1/devices/MOD-00613/data/645605197
891.01,574.25,"{'lat': None, 'lon': None}","{'rh': 17.0, 'temp': 26.7, 'wd': 0.0, 'ws': 0.0, 'ws_scalar': 0.0}","{'gas': {'co': 13498, 'co2': 13260, 'no': 13586, 'no2': 13765, 'o3': 13745}, 'pm': {'pm1': 13200, 'pm10': 13202, 'pm25': 13201}}",2.54,8.33,34.73,1.41,1.6,1.56,645603151,17.0,MOD-00613,26.7,2026-03-31T19:34:22,2026-03-31T12:34:22,https://api.quant-aq.com/v1/devices/MOD-00613/data/645603003
888.62,567.87,"{'lat': None, 'lon': None}","{'rh': 16.9, 'temp': 26.7, 'wd': 0.0, 'ws': 0.0, 'ws_scalar': 0.0}","{'gas': {'co': 13498, 'co2': 13260, 'no': 13586, 'no2': 13765, 'o3': 13745}, 'pm': {'pm1': 13200, 'pm10': 13202, 'pm25': 13201}}",2.54,8.34,34.3,1.62,3.23,1.88,645603150,16.9,MOD-00613,26.7,2026-03-31T19:33:22,2026-03-31T12:33:22,https://api.quant-aq.com/v1/devices/MOD-00613/data/645602999
891.35,567.51,"{'lat': None, 'lon': None}","{'rh': 17.1, 'temp': 26.7, 'wd': 0.0, 'ws': 0.0, 'ws_scalar': 0.0}","{'gas': {'co': 13498, 'co2': 13260, 'no': 13586, 'no2': 13765, 'o3': 13745}, 'pm': {'pm1': 13200, 'pm10': 13202, 'pm25': 13201}}",2.54,8.32,34.47,1.43,6.04,1.8,645603149,17.1,MOD-00613,26.7,2026-03-31T19:32:22,2026-03-31T12:32:22,https://api.quant-aq.com/v1/devices/MOD-00613/data/645602998
888.06,564.49,"{'lat': None, 'lon': None}","{'rh': 17.1, 'temp': 26.7, 'wd': 0.0, 'ws': 0.0, 'ws_scalar': 0.0}","{'gas': {'co': 13498, 'co2': 13260, 'no': 13586, 'no2': 13765, 'o3': 13745}, 'pm': {'pm1': 13200, 'pm10': 13202, 'pm25': 13201}}",2.54,8.32,34.47,1.95,3.3,2.13,645603152,17.1,MOD-00613,26.7,2026-03-31T19:31:22,2026-03-31T12:31:22,https://api.quant-aq.com/v1/devices/MOD-00613/data/645603001
891.42,560.64,"{'lat': None, 'lon': None}","{'rh': 17.0, 'temp': 26.7, 'wd': 0.0, 'ws': 0.0, 'ws_scalar': 0.0}","{'gas': {'co': 13498, 'co2': 13260, 'no': 13586, 'no2': 13765, 'o3': 13745}, 'pm': {'pm1': 13200, 'pm10': 13202, 'pm25': 13201}}",2.54,8.33,34.27,1.52,1.74,1.66,645600938,17.0,MOD-00613,26.7,2026-03-31T19:30:22,2026-03-31T12:30:22,https://api.quant-aq.com/v1/devices/MOD-00613/data/645600787
886.83,564.98,"{'lat': None, 'lon': None}","{'rh': 17.1, 'temp': 26.7, 'wd': 0.0, 'ws': 0.0, 'ws_scalar': 0.0}","{'gas': {'co': 13498, 'co2': 13260, 'no': 13586, 'no2': 13765, 'o3': 13745}, 'pm': {'pm1': 13200, 'pm10': 13202, 'pm25': 13201}}",2.54,8.32,33.77,1.12,10.37,1.33,645600935,17.1,MOD-00613,26.7,2026-03-31T19:29:22,2026-03-31T12:29:22,https://api.quant-aq.com/v1/devices/MOD-00613/data/645600784
889.71,566.06,"{'lat': None, 'lon': None}","{'rh': 17.1, 'temp': 26.7, 'wd': 0.0, 'ws': 0.0, 'ws_scalar': 0.0}","{'gas': {'co': 13498, 'co2': 13260, 'no': 13586, 'no2': 13765, 'o3': 13745}, 'pm': {'pm1': 13200, 'pm10': 13202, 'pm25': 13201}}",2.54,8.32,34.0,1.37,5.78,1.64,645600937,17.1,MOD-00613,26.7,2026-03-31T19:28:22,2026-03-31T12:28:22,https://api.quant-aq.com/v1/devices/MOD-00613/data/645600785
887.47,569.91,"{'lat': None, 'lon': None}","{'rh': 17.2, 'temp': 26.6, 'wd': 0.0, 'ws': 0.0, 'ws_scalar': 0.0}","{'gas': {'co': 13498, 'co2': 13260, 'no': 13586, 'no2': 13765, 'o3': 13745}, 'pm': {'pm1': 13200, 'pm10': 13202, 'pm25': 13201}}",2.54,8.31,33.95,1.05,10.26,1.2,645600936,17.2,MOD-00613,26.6,2026-03-31T19:27:22,2026-03-31T12:27:22,https://api.quant-aq.com/v1/devices/MOD-00613/data/645600786
888.3,568.71,"{'lat': None, 'lon': None}","{'rh': 17.2, 'temp': 26.6, 'wd': 0.0, 'ws': 0.0, 'ws_scalar': 0.0}","{'gas': {'co': 13498, 'co2': 13260, 'no': 13586, 'no2': 13765, 'o3': 13745}, 'pm': {'pm1': 13200, 'pm10': 13202, 'pm25': 13201}}",2.54,8.31,33.95,1.13,2.44,1.38,645598748,17.2,MOD-00613,26.6,2026-03-31T19:26:22,2026-03-31T12:26:22,https://api.quant-aq.com/v1/devices/MOD-00613/data/645598598
887.62,567.51,"{'lat': None, 'lon': None}","{'rh': 17.0, 'temp': 26.6, 'wd': 0.0, 'ws': 0.0, 'ws_scalar': 0.0}","{'gas': {'co': 13498, 'co2': 13260, 'no': 13586, 'no2': 13765, 'o3': 13745}, 'pm': {'pm1': 13200, 'pm10': 13202, 'pm25': 13201}}",2.54,8.33,34.47,1.3,3.71,1.41,645598749,17.0,MOD-00613,26.6,2026-03-31T19:25:22,2026-03-31T12:25:22,https://api.quant-aq.com/v1/devices/MOD-00613/data/645598597
888.44,566.78,"{'lat': None, 'lon': None}","{'rh': 17.0, 'temp': 26.6, 'wd': 0.0, 'ws': 0.0, 'ws_scalar': 0.0}","{'gas': {'co': 13498, 'co2': 13260, 'no': 13586, 'no2': 13765, 'o3': 13745}, 'pm': {'pm1': 13200, 'pm10': 13202, 'pm25': 13201}}",2.54,8.33,34.01,1.4,3.17,1.6,645598750,17.0,MOD-00613,26.6,2026-03-31T19:24:22,2026-03-31T12:24:22,https://api.quant-aq.com/v1/devices/MOD-00613/data/645598599
886.31,566.42,"{'lat': None, 'lon': None}","{'rh': 17.1, 'temp': 26.6, 'wd': 0.0, 'ws': 0.0, 'ws_scalar': 0.0}","{'gas': {'co': 13498, 'co2': 13260, 'no': 13586, 'no2': 13765, 'o3': 13745}, 'pm': {'pm1': 13200, 'pm10': 13202, 'pm25': 13201}}",2.54,8.32,34.44,1.47,6.97,1.77,645598747,17.1,MOD-00613,26.6,2026-03-31T19:23:22,2026-03-31T12:23:22,https://api.quant-aq.com/v1/devices/MOD-00613/data/645598596
891.58,566.78,"{'lat': None, 'lon': None}","{'rh': 17.2, 'temp': 26.6, 'wd': 0.0, 'ws': 0.0, 'ws_scalar': 0.0}","{'gas': {'co': 13498, 'co2': 13260, 'no': 13586, 'no2': 13765, 'o3': 13745}, 'pm': {'pm1': 13200, 'pm10': 13202, 'pm25': 13201}}",2.54,8.31,33.48,1.32,2.6,1.65,645596495,17.2,MOD-00613,26.6,2026-03-31T19:22:22,2026-03-31T12:22:22,https://api.quant-aq.com/v1/devices/MOD-00613/data/645596344
883.44,564.86,"{'lat': None, 'lon': None}","{'rh': 17.1, 'temp': 26.6, 'wd': 0.0, 'ws': 0.0, 'ws_scalar': 0.0}","{'gas': {'co': 13498, 'co2': 13260, 'no': 13586, 'no2': 13765, 'o3': 13745}, 'pm': {'pm1': 13200, 'pm10': 13202, 'pm25': 13201}}",2.54,8.32,33.98,1.02,8.5,1.33,645596496,17.1,MOD-00613,26.6,2026-03-31T19:21:22,2026-03-31T12:21:22,https://api.quant-aq.com/v1/devices/MOD-00613/data/645596345
891.24,563.41,"{'lat': None, 'lon': None}","{'rh': 17.1, 'temp': 26.6, 'wd': 0.0, 'ws': 0.0, 'ws_scalar': 0.0}","{'gas': {'co': 13498, 'co2': 13260, 'no': 13586, 'no2': 13765, 'o3': 13745}, 'pm': {'pm1': 13200, 'pm10': 13202, 'pm25': 13201}}",2.54,8.32,33.98,1.26,11.12,1.35,645596497,17.1,MOD-00613,26.6,2026-03-31T19:20:22,2026-03-31T12:20:22,https://api.quant-aq.com/v1/devices/MOD-00613/data/645596346
884.67,565.1,"{'lat': None, 'lon': None}","{'rh': 17.1, 'temp': 26.6, 'wd': 0.0, 'ws': 0.0, 'ws_scalar': 0.0}","{'gas': {'co': 13498, 'co2': 13260, 'no': 13586, 'no2': 13765, 'o3': 13745}, 'pm': {'pm1': 13200, 'pm10': 13202, 'pm25': 13201}}",2.54,8.32,33.74,1.04,1.28,1.24,645596498,17.1,MOD-00613,26.6,2026-03-31T19:19:22,2026-03-31T12:19:22,https://api.quant-aq.com/v1/devices/MOD-00613/data/645596348
891.58,566.06,"{'lat': None, 'lon': None}","{'rh': 17.2, 'temp': 26.6, 'wd': 0.0, 'ws': 0.0, 'ws_scalar': 0.0}","{'gas': {'co': 13498, 'co2': 13260, 'no': 13586, 'no2': 13765, 'o3': 13745}, 'pm': {'pm1': 13200, 'pm10': 13202, 'pm25': 13201}}",2.54,8.31,33.95,1.06,10.34,1.19,645594267,17.2,MOD-00613,26.6,2026-03-31T19:18:22,2026-03-31T12:18:22,https://api.quant-aq.com/v1/devices/MOD-00613/data/645594116
891.1,564.13,"{'lat': None, 'lon': None}","{'rh': 17.3, 'temp': 26.6, 'wd': 0.0, 'ws': 0.0, 'ws_scalar': 0.0}","{'gas': {'co': 13498, 'co2': 13260, 'no': 13586, 'no2': 13765, 'o3': 13745}, 'pm': {'pm1': 13200, 'pm10': 13202, 'pm25': 13201}}",2.54,8.3,34.15,1.14,3.95,1.3,645594266,17.3,MOD-00613,26.6,2026-03-31T19:17:22,2026-03-31T12:17:22,https://api.quant-aq.com/v1/devices/MOD-00613/data/645594115
888.3,569.07,"{'lat': None, 'lon': None}","{'rh': 17.2, 'temp': 26.6, 'wd': 0.0, 'ws': 0.0, 'ws_scalar': 0.0}","{'gas': {'co': 13498, 'co2': 13260, 'no': 13586, 'no2': 13765, 'o3': 13745}, 'pm': {'pm1': 13200, 'pm10': 13202, 'pm25': 13201}}",2.54,8.31,34.18,1.27,2.1,1.41,645594264,17.2,MOD-00613,26.6,2026-03-31T19:16:22,2026-03-31T12:16:22,https://api.quant-aq.com/v1/devices/MOD-00613/data/645594113
890.69,570.76,"{'lat': None, 'lon': None}","{'rh': 17.3, 'temp': 26.6, 'wd': 0.0, 'ws': 0.0, 'ws_scalar': 0.0}","{'gas': {'co': 13498, 'co2': 13260, 'no': 13586, 'no2': 13765, 'o3': 13745}, 'pm': {'pm1': 13200, 'pm10': 13202, 'pm25': 13201}}",2.54,8.3,33.92,1.15,5.5,1.41,645594265,17.3,MOD-00613,26.6,2026-03-31T19:15:22,2026-03-31T12:15:22,https://api.quant-aq.com/v1/devices/MOD-00613/data/645594114
886.51,580.03,"{'lat': None, 'lon': None}","{'rh': 17.4, 'temp': 26.6, 'wd': 0.0, 'ws': 0.0, 'ws_scalar': 0.0}","{'gas': {'co': 13498, 'co2': 13260, 'no': 13586, 'no2': 13765, 'o3': 13745}, 'pm': {'pm1': 13200, 'pm10': 13202, 'pm25': 13201}}",2.44,8.29,34.12,1.27,3.79,1.5,645592057,17.4,MOD-00613,26.6,2026-03-31T19:14:22,2026-03-31T12:14:22,https://api.quant-aq.com/v1/devices/MOD-00613/data/645591909
886.99,574.85,"{'lat': None, 'lon': None}","{'rh': 17.3, 'temp': 26.6, 'wd': 0.0, 'ws': 0.0, 'ws_scalar': 0.0}","{'gas': {'co': 13498, 'co2': 13260, 'no': 13586, 'no2': 13765, 'o3': 13745}, 'pm': {'pm1': 13200, 'pm10': 13202, 'pm25': 13201}}",2.44,8.3,34.15,1.26,5.86,1.5,645592054,17.3,MOD-00613,26.6,2026-03-31T19:13:22,2026-03-31T12:13:22,https://api.quant-aq.com/v1/devices/MOD-00613/data/645591903
895.02,579.31,"{'lat': None, 'lon': None}","{'rh': 17.4, 'temp': 26.5, 'wd': 0.0, 'ws': 0.0, 'ws_scalar': 0.0}","{'gas': {'co': 13498, 'co2': 13260, 'no': 13586, 'no2': 13765, 'o3': 13745}, 'pm': {'pm1': 13200, 'pm10': 13202, 'pm25': 13201}}",2.54,8.3,33.86,1.17,3.74,1.48,645592053,17.4,MOD-00613,26.5,2026-03-31T19:12:22,2026-03-31T12:12:22,https://api.quant-aq.com/v1/devices/MOD-00613/data/645591902
887.56,580.51,"{'lat': None, 'lon': None}","{'rh': 17.5, 'temp': 26.5, 'wd': 0.0, 'ws': 0.0, 'ws_scalar': 0.0}","{'gas': {'co': 13498, 'co2': 13260, 'no': 13586, 'no2': 13765, 'o3': 13745}, 'pm': {'pm1': 13200, 'pm10': 13202, 'pm25': 13201}}",2.44,8.29,33.83,1.05,3.9,1.22,645592052,17.5,MOD-00613,26.5,2026-03-31T19:11:22,2026-03-31T12:11:22,https://api.quant-aq.com/v1/devices/MOD-00613/data/645591901
891.26,577.38,"{'lat': None, 'lon': None}","{'rh': 17.5, 'temp': 26.5, 'wd': 0.0, 'ws': 0.0, 'ws_scalar': 0.0}","{'gas': {'co': 13498, 'co2': 13260, 'no': 13586, 'no2': 13765, 'o3': 13745}, 'pm': {'pm1': 13200, 'pm10': 13202, 'pm25': 13201}}",2.44,8.29,33.83,0.99,1.85,1.31,645589869,17.5,MOD-00613,26.5,2026-03-31T19:10:22,2026-03-31T12:10:22,https://api.quant-aq.com/v1/devices/MOD-00613/data/645589720
882.64,579.55,"{'lat': None, 'lon': None}","{'rh': 17.5, 'temp': 26.5, 'wd': 0.0, 'ws': 0.0, 'ws_scalar': 0.0}","{'gas': {'co': 13498, 'co2': 13260, 'no': 13586, 'no2': 13765, 'o3': 13745}, 'pm': {'pm1': 13200, 'pm10': 13202, 'pm25': 13201}}",2.44,8.29,34.3,0.85,4.59,1.24,645589868,17.5,MOD-00613,26.5,2026-03-31T19:09:22,2026-03-31T12:09:22,https://api.quant-aq.com/v1/devices/MOD-00613/data/645589717
883.46,578.22,"{'lat': None, 'lon': None}","{'rh': 17.5, 'temp': 26.5, 'wd': 0.0, 'ws': 0.0, 'ws_scalar': 0.0}","{'gas': {'co': 13498, 'co2': 13260, 'no': 13586, 'no2': 13765, 'o3': 13745}, 'pm': {'pm1': 13200, 'pm10': 13202, 'pm25': 13201}}",2.44,8.29,33.59,1.16,6.99,1.52,645589865,17.5,MOD-00613,26.5,2026-03-31T19:08:22,2026-03-31T12:08:22,https://api.quant-aq.com/v1/devices/MOD-00613/data/645589715
886.4,562.21,"{'lat': None, 'lon': None}","{'rh': 17.4, 'temp': 26.5, 'wd': 0.0, 'ws': 0.0, 'ws_scalar': 0.0}","{'gas': {'co': 13498, 'co2': 13260, 'no': 13586, 'no2': 13765, 'o3': 13745}, 'pm': {'pm1': 13200, 'pm10': 13202, 'pm25': 13201}}",2.44,8.3,34.33,1.24,4.59,1.51,645589863,17.4,MOD-00613,26.5,2026-03-31T19:07:22,2026-03-31T12:07:22,https://api.quant-aq.com/v1/devices/MOD-00613/data/645589713
892.15,553.53,"{'lat': None, 'lon': None}","{'rh': 17.4, 'temp': 26.5, 'wd': 0.0, 'ws': 0.0, 'ws_scalar': 0.0}","{'gas': {'co': 13498, 'co2': 13260, 'no': 13586, 'no2': 13765, 'o3': 13745}, 'pm': {'pm1': 13200, 'pm10': 13202, 'pm25': 13201}}",2.44,8.3,34.09,1.24,6.08,1.47,645587661,17.4,MOD-00613,26.5,2026-03-31T19:06:22,2026-03-31T12:06:22,https://api.quant-aq.com/v1/devices/MOD-00613/data/645587510
887.3,557.51,"{'lat': None, 'lon': None}","{'rh': 17.3, 'temp': 26.5, 'wd': 0.0, 'ws': 0.0, 'ws_scalar': 0.0}","{'gas': {'co': 13498, 'co2': 13260, 'no': 13586, 'no2': 13765, 'o3': 13745}, 'pm': {'pm1': 13200, 'pm10': 13202, 'pm25': 13201}}",2.44,8.31,34.12,1.29,1.88,1.47,645587660,17.3,MOD-00613,26.5,2026-03-31T19:05:22,2026-03-31T12:05:22,https://api.quant-aq.com/v1/devices/MOD-00613/data/645587509
887.3,556.79,"{'lat': None, 'lon': None}","{'rh': 17.3, 'temp': 26.5, 'wd': 0.0, 'ws': 0.0, 'ws_scalar': 0.0}","{'gas': {'co': 13498, 'co2': 13260, 'no': 13586, 'no2': 13765, 'o3': 13745}, 'pm': {'pm1': 13200, 'pm10': 13202, 'pm25': 13201}}",2.44,8.31,33.89,1.44,11.05,1.59,645587658,17.3,MOD-00613,26.5,2026-03-31T19:04:22,2026-03-31T12:04:22,https://api.quant-aq.com/v1/devices/MOD-00613/data/645587507
884.83,552.09,"{'lat': None, 'lon': None}","{'rh': 17.3, 'temp': 26.5, 'wd': 0.0, 'ws': 0.0, 'ws_scalar': 0.0}","{'gas': {'co': 13498, 'co2': 13260, 'no': 13586, 'no2': 13765, 'o3': 13745}, 'pm': {'pm1': 13200, 'pm10': 13202, 'pm25': 13201}}",2.44,8.31,34.36,1.14,2.48,1.33,645587659,17.3,MOD-00613,26.5,2026-03-31T19:03:22,2026-03-31T12:03:22,https://api.quant-aq.com/v1/devices/MOD-00613/data/645587508
881.14,552.45,"{'lat': None, 'lon': None}","{'rh': 17.3, 'temp': 26.5, 'wd': 0.0, 'ws': 0.0, 'ws_scalar': 0.0}","{'gas': {'co': 13498, 'co2': 13260, 'no': 13586, 'no2': 13765, 'o3': 13745}, 'pm': {'pm1': 13200, 'pm10': 13202, 'pm25': 13201}}",2.44,8.31,34.12,1.15,1.29,1.29,645585420,17.3,MOD-00613,26.5,2026-03-31T19:02:22,2026-03-31T12:02:22,https://api.quant-aq.com/v1/devices/MOD-00613/data/645585269
881.21,551.73,"{'lat': None, 'lon': None}","{'rh': 17.2, 'temp': 26.5, 'wd': 0.0, 'ws': 0.0, 'ws_scalar': 0.0}","{'gas': {'co': 13498, 'co2': 13260, 'no': 13586, 'no2': 13765, 'o3': 13745}, 'pm': {'pm1': 13200, 'pm10': 13202, 'pm25': 13201}}",2.44,8.32,33.92,0.94,3.41,1.06,645585417,17.2,MOD-00613,26.5,2026-03-31T19:01:22,2026-03-31T12:01:22,https://api.quant-aq.com/v1/devices/MOD-00613/data/645585268
883.19,551.85,"{'lat': None, 'lon': None}","{'rh': 17.3, 'temp': 26.5, 'wd': 0.0, 'ws': 0.0, 'ws_scalar': 0.0}","{'gas': {'co': 13498, 'co2': 13260, 'no': 13586, 'no2': 13765, 'o3': 13745}, 'pm': {'pm1': 13200, 'pm10': 13202, 'pm25': 13201}}",2.44,8.31,34.12,1.46,2.64,1.75,645585419,17.3,MOD-00613,26.5,2026-03-31T19:00:22,2026-03-31T12:00:22,https://api.quant-aq.com/v1/devices/MOD-00613/data/645585266
879.8,557.03,"{'lat': None, 'lon': None}","{'rh': 17.3, 'temp': 26.4, 'wd': 0.0, 'ws': 0.0, 'ws_scalar': 0.0}","{'gas': {'co': 13498, 'co2': 13260, 'no': 13586, 'no2': 13765, 'o3': 13745}, 'pm': {'pm1': 13200, 'pm10': 13202, 'pm25': 13201}}",2.44,8.32,34.8,1.31,2.02,1.48,645585418,17.3,MOD-00613,26.4,2026-03-31T18:59:22,2026-03-31T11:59:22,https://api.quant-aq.com/v1/devices/MOD-00613/data/645585267
886.37,556.54,"{'lat': None, 'lon': None}","{'rh': 17.3, 'temp': 26.4, 'wd': 0.0, 'ws': 0.0, 'ws_scalar': 0.0}","{'gas': {'co': 13498, 'co2': 13260, 'no': 13586, 'no2': 13765, 'o3': 13745}, 'pm': {'pm1': 13200, 'pm10': 13202, 'pm25': 13201}}",2.44,8.32,34.09,1.15,2.76,1.33,645583204,17.3,MOD-00613,26.4,2026-03-31T18:58:22,2026-03-31T11:58:22,https://api.quant-aq.com/v1/devices/MOD-00613/data/645583053
881.85,551.37,"{'lat': None, 'lon': None}","{'rh': 17.3, 'temp': 26.4, 'wd': 0.0, 'ws': 0.0, 'ws_scalar': 0.0}","{'gas': {'co': 13498, 'co2': 13260, 'no': 13586, 'no2': 13765, 'o3': 13745}, 'pm': {'pm1': 13200, 'pm10': 13202, 'pm25': 13201}}",2.44,8.32,34.33,1.5,1.78,1.7,645583208,17.3,MOD-00613,26.4,2026-03-31T18:57:22,2026-03-31T11:57:22,https://api.quant-aq.com/v1/devices/MOD-00613/data/645583058
878.57,549.44,"{'lat': None, 'lon': None}","{'rh': 17.3, 'temp': 26.4, 'wd': 0.0, 'ws': 0.0, 'ws_scalar': 0.0}","{'gas': {'co': 13498, 'co2': 13260, 'no': 13586, 'no2': 13765, 'o3': 13745}, 'pm': {'pm1': 13200, 'pm10': 13202, 'pm25': 13201}}",2.44,8.32,34.56,1.05,1.25,1.09,645583205,17.3,MOD-00613,26.4,2026-03-31T18:56:22,2026-03-31T11:56:22,https://api.quant-aq.com/v1/devices/MOD-00613/data/645583054
880.96,550.16,"{'lat': None, 'lon': None}","{'rh': 17.4, 'temp': 26.4, 'wd': 0.0, 'ws': 0.0, 'ws_scalar': 0.0}","{'gas': {'co': 13498, 'co2': 13260, 'no': 13586, 'no2': 13765, 'o3': 13745}, 'pm': {'pm1': 13200, 'pm10': 13202, 'pm25': 13201}}",2.44,8.31,33.83,0.88,10.2,1.02,645583207,17.4,MOD-00613,26.4,2026-03-31T18:55:22,2026-03-31T11:55:22,https://api.quant-aq.com/v1/devices/MOD-00613/data/645583057
881.03,555.46,"{'lat': None, 'lon': None}","{'rh': 17.3, 'temp': 26.4, 'wd': 0.0, 'ws': 0.0, 'ws_scalar': 0.0}","{'gas': {'co': 13498, 'co2': 13260, 'no': 13586, 'no2': 13765, 'o3': 13745}, 'pm': {'pm1': 13200, 'pm10': 13202, 'pm25': 13201}}",2.44,8.32,34.33,0.96,2.8,1.09,645583206,17.3,MOD-00613,26.4,2026-03-31T18:54:22,2026-03-31T11:54:22,https://api.quant-aq.com/v1/devices/MOD-00613/data/645583055
881.03,553.77,"{'lat': None, 'lon': None}","{'rh': 17.3, 'temp': 26.4, 'wd': 0.0, 'ws': 0.0, 'ws_scalar': 0.0}","{'gas': {'co': 13498, 'co2': 13260, 'no': 13586, 'no2': 13765, 'o3': 13745}, 'pm': {'pm1': 13200, 'pm10': 13202, 'pm25': 13201}}",2.44,8.32,34.56,1.33,1.94,1.45,645580436,17.3,MOD-00613,26.4,2026-03-31T18:53:22,2026-03-31T11:53:22,https://api.quant-aq.com/v1/devices/MOD-00613/data/645580285
878.98,558.83,"{'lat': None, 'lon': None}","{'rh': 17.3, 'temp': 26.4, 'wd': 0.0, 'ws': 0.0, 'ws_scalar': 0.0}","{'gas': {'co': 13498, 'co2': 13260, 'no': 13586, 'no2': 13765, 'o3': 13745}, 'pm': {'pm1': 13200, 'pm10': 13202, 'pm25': 13201}}",2.44,8.32,34.8,1.0,3.27,1.17,645580435,17.3,MOD-00613,26.4,2026-03-31T18:52:22,2026-03-31T11:52:22,https://api.quant-aq.com/v1/devices/MOD-00613/data/645580284
884.65,566.54,"{'lat': None, 'lon': None}","{'rh': 17.4, 'temp': 26.4, 'wd': 0.0, 'ws': 0.0, 'ws_scalar': 0.0}","{'gas': {'co': 13498, 'co2': 13260, 'no': 13586, 'no2': 13765, 'o3': 13745}, 'pm': {'pm1': 13200, 'pm10': 13202, 'pm25': 13201}}",2.44,8.31,34.53,1.28,1.65,1.49,645580433,17.4,MOD-00613,26.4,2026-03-31T18:51:22,2026-03-31T11:51:22,https://api.quant-aq.com/v1/devices/MOD-00613/data/645580282
876.03,556.42,"{'lat': None, 'lon': None}","{'rh': 17.4, 'temp': 26.4, 'wd': 0.0, 'ws': 0.0, 'ws_scalar': 0.0}","{'gas': {'co': 13498, 'co2': 13260, 'no': 13586, 'no2': 13765, 'o3': 13745}, 'pm': {'pm1': 13200, 'pm10': 13202, 'pm25': 13201}}",2.42,8.31,35.0,1.15,1.3,1.3,645580431,17.4,MOD-00613,26.4,2026-03-31T18:50:22,2026-03-31T11:50:22,https://api.quant-aq.com/v1/devices/MOD-00613/data/645580280
878.57,557.51,"{'lat': None, 'lon': None}","{'rh': 17.3, 'temp': 26.4, 'wd': 0.0, 'ws': 0.0, 'ws_scalar': 0.0}","{'gas': {'co': 13498, 'co2': 13260, 'no': 13586, 'no2': 13765, 'o3': 13745}, 'pm': {'pm1': 13200, 'pm10': 13202, 'pm25': 13201}}",2.44,8.32,34.56,1.26,1.83,1.34,645580429,17.3,MOD-00613,26.4,2026-03-31T18:49:22,2026-03-31T11:49:22,https://api.quant-aq.com/v1/devices/MOD-00613/data/645580278
876.03,558.47,"{'lat': None, 'lon': None}","{'rh': 17.4, 'temp': 26.4, 'wd': 0.0, 'ws': 0.0, 'ws_scalar': 0.0}","{'gas': {'co': 13498, 'co2': 13260, 'no': 13586, 'no2': 13765, 'o3': 13745}, 'pm': {'pm1': 13200, 'pm10': 13202, 'pm25': 13201}}",2.44,8.31,34.53,0.91,1.24,1.07,645577697,17.4,MOD-00613,26.4,2026-03-31T18:48:22,2026-03-31T11:48:22,https://api.quant-aq.com/v1/devices/MOD-00613/data/645577546
877.41,553.29,"{'lat': None, 'lon': None}","{'rh': 17.2, 'temp': 26.4, 'wd': 0.0, 'ws': 0.0, 'ws_scalar': 0.0}","{'gas': {'co': 13498, 'co2': 13260, 'no': 13586, 'no2': 13765, 'o3': 13745}, 'pm': {'pm1': 13200, 'pm10': 13202, 'pm25': 13201}}",2.54,8.33,34.12,1.21,5.95,1.35,645577694,17.2,MOD-00613,26.4,2026-03-31T18:47:22,2026-03-31T11:47:22,https://api.quant-aq.com/v1/devices/MOD-00613/data/645577543
878.09,559.56,"{'lat': None, 'lon': None}","{'rh': 17.4, 'temp': 26.4, 'wd': 0.0, 'ws': 0.0, 'ws_scalar': 0.0}","{'gas': {'co': 13498, 'co2': 13260, 'no': 13586, 'no2': 13765, 'o3': 13745}, 'pm': {'pm1': 13200, 'pm10': 13202, 'pm25': 13201}}",2.44,8.31,33.83,1.22,11.01,1.35,645577695,17.4,MOD-00613,26.4,2026-03-31T18:46:22,2026-03-31T11:46:22,https://api.quant-aq.com/v1/devices/MOD-00613/data/645577545
873.5,558.83,"{'lat': None, 'lon': None}","{'rh': 17.5, 'temp': 26.4, 'wd': 0.0, 'ws': 0.0, 'ws_scalar': 0.0}","{'gas': {'co': 13498, 'co2': 13260, 'no': 13586, 'no2': 13765, 'o3': 13745}, 'pm': {'pm1': 13200, 'pm10': 13202, 'pm25': 13201}}",2.44,8.3,34.5,1.22,10.47,1.47,645577696,17.5,MOD-00613,26.4,2026-03-31T18:45:22,2026-03-31T11:45:22,https://api.quant-aq.com/v1/devices/MOD-00613/data/645577544
878.84,555.22,"{'lat': None, 'lon': None}","{'rh': 17.5, 'temp': 26.4, 'wd': 0.0, 'ws': 0.0, 'ws_scalar': 0.0}","{'gas': {'co': 13498, 'co2': 13260, 'no': 13586, 'no2': 13765, 'o3': 13745}, 'pm': {'pm1': 13200, 'pm10': 13202, 'pm25': 13201}}",2.44,8.3,34.03,0.83,2.08,1.03,645575431,17.5,MOD-00613,26.4,2026-03-31T18:44:22,2026-03-31T11:44:22,https://api.quant-aq.com/v1/devices/MOD-00613/data/645575280
873.98,553.89,"{'lat': None, 'lon': None}","{'rh': 17.4, 'temp': 26.4, 'wd': 0.0, 'ws': 0.0, 'ws_scalar': 0.0}","{'gas': {'co': 13498, 'co2': 13260, 'no': 13586, 'no2': 13765, 'o3': 13745}, 'pm': {'pm1': 13200, 'pm10': 13202, 'pm25': 13201}}",2.44,8.31,34.3,1.21,1.45,1.36,645575430,17.4,MOD-00613,26.4,2026-03-31T18:43:22,2026-03-31T11:43:22,https://api.quant-aq.com/v1/devices/MOD-00613/data/645575279
884.65,558.35,"{'lat': None, 'lon': None}","{'rh': 17.4, 'temp': 26.4, 'wd': 0.0, 'ws': 0.0, 'ws_scalar': 0.0}","{'gas': {'co': 13498, 'co2': 13260, 'no': 13586, 'no2': 13765, 'o3': 13745}, 'pm': {'pm1': 13200, 'pm10': 13202, 'pm25': 13201}}",2.44,8.31,34.3,1.11,1.5,1.26,645575432,17.4,MOD-00613,26.4,2026-03-31T18:42:22,2026-03-31T11:42:22,https://api.quant-aq.com/v1/devices/MOD-00613/data/645575282
880.0,573.17,"{'lat': None, 'lon': None}","{'rh': 17.6, 'temp': 26.4, 'wd': 0.0, 'ws': 0.0, 'ws_scalar': 0.0}","{'gas': {'co': 13498, 'co2': 13260, 'no': 13586, 'no2': 13765, 'o3': 13745}, 'pm': {'pm1': 13200, 'pm10': 13202, 'pm25': 13201}}",2.42,8.28,34.0,1.51,4.2,1.7,645575433,17.6,MOD-00613,26.4,2026-03-31T18:41:22,2026-03-31T11:41:22,https://api.quant-aq.com/v1/devices/MOD-00613/data/645575281
880.48,558.71,"{'lat': None, 'lon': None}","{'rh': 17.5, 'temp': 26.4, 'wd': 0.0, 'ws': 0.0, 'ws_scalar': 0.0}","{'gas': {'co': 13498, 'co2': 13260, 'no': 13586, 'no2': 13765, 'o3': 13745}, 'pm': {'pm1': 13200, 'pm10': 13202, 'pm25': 13201}}",2.44,8.3,33.8,1.14,2.9,1.27,645573207,17.5,MOD-00613,26.4,2026-03-31T18:40:22,2026-03-31T11:40:22,https://api.quant-aq.com/v1/devices/MOD-00613/data/645573056
873.09,557.99,"{'lat': None, 'lon': None}","{'rh': 17.5, 'temp': 26.4, 'wd': 0.0, 'ws': 0.0, 'ws_scalar': 0.0}","{'gas': {'co': 13498, 'co2': 13260, 'no': 13586, 'no2': 13765, 'o3': 13745}, 'pm': {'pm1': 13200, 'pm10': 13202, 'pm25': 13201}}",2.44,8.3,33.8,1.28,1.47,1.43,645573206,17.5,MOD-00613,26.4,2026-03-31T18:39:22,2026-03-31T11:39:22,https://api.quant-aq.com/v1/devices/MOD-00613/data/645573057
876.3,554.5,"{'lat': None, 'lon': None}","{'rh': 17.6, 'temp': 26.4, 'wd': 0.0, 'ws': 0.0, 'ws_scalar': 0.0}","{'gas': {'co': 13498, 'co2': 13260, 'no': 13586, 'no2': 13765, 'o3': 13745}, 'pm': {'pm1': 13200, 'pm10': 13202, 'pm25': 13201}}",2.44,8.28,34.0,0.91,1.96,1.01,645573209,17.6,MOD-00613,26.4,2026-03-31T18:38:22,2026-03-31T11:38:22,https://api.quant-aq.com/v1/devices/MOD-00613/data/645573058
871.68,556.42,"{'lat': None, 'lon': None}","{'rh': 17.6, 'temp': 26.3, 'wd': 0.0, 'ws': 0.0, 'ws_scalar': 0.0}","{'gas': {'co': 13498, 'co2': 13260, 'no': 13586, 'no2': 13765, 'o3': 13745}, 'pm': {'pm1': 13200, 'pm10': 13202, 'pm25': 13201}}",2.44,8.75,33.74,0.78,2.07,0.9,645573208,17.6,MOD-00613,26.3,2026-03-31T18:37:22,2026-03-31T11:37:22,https://api.quant-aq.com/v1/devices/MOD-00613/data/645573055
876.12,553.89,"{'lat': None, 'lon': None}","{'rh': 17.7, 'temp': 26.3, 'wd': 0.0, 'ws': 0.0, 'ws_scalar': 0.0}","{'gas': {'co': 13498, 'co2': 13260, 'no': 13586, 'no2': 13765, 'o3': 13745}, 'pm': {'pm1': 13200, 'pm10': 13202, 'pm25': 13201}}",2.41,8.74,33.95,1.15,3.08,1.27,645571018,17.7,MOD-00613,26.3,2026-03-31T18:36:22,2026-03-31T11:36:22,https://api.quant-aq.com/v1/devices/MOD-00613/data/645570869
880.23,554.26,"{'lat': None, 'lon': None}","{'rh': 17.7, 'temp': 26.3, 'wd': 0.0, 'ws': 0.0, 'ws_scalar': 0.0}","{'gas': {'co': 13498, 'co2': 13260, 'no': 13586, 'no2': 13765, 'o3': 13745}, 'pm': {'pm1': 13200, 'pm10': 13202, 'pm25': 13201}}",2.41,8.74,33.48,0.96,3.26,1.08,645571022,17.7,MOD-00613,26.3,2026-03-31T18:35:22,2026-03-31T11:35:22,https://api.quant-aq.com/v1/devices/MOD-00613/data/645570871
873.73,553.65,"{'lat': None, 'lon': None}","{'rh': 17.6, 'temp': 26.3, 'wd': 0.0, 'ws': 0.0, 'ws_scalar': 0.0}","{'gas': {'co': 13498, 'co2': 13260, 'no': 13586, 'no2': 13765, 'o3': 13745}, 'pm': {'pm1': 13200, 'pm10': 13202, 'pm25': 13201}}",2.44,8.76,33.74,1.03,5.7,1.18,645571020,17.6,MOD-00613,26.3,2026-03-31T18:34:22,2026-03-31T11:34:22,https://api.quant-aq.com/v1/devices/MOD-00613/data/645570870
875.37,553.17,"{'lat': None, 'lon': None}","{'rh': 17.6, 'temp': 26.3, 'wd': 0.0, 'ws': 0.0, 'ws_scalar': 0.0}","{'gas': {'co': 13498, 'co2': 13260, 'no': 13586, 'no2': 13765, 'o3': 13745}, 'pm': {'pm1': 13200, 'pm10': 13202, 'pm25': 13201}}",2.44,8.76,33.98,1.04,1.8,1.24,645571021,17.6,MOD-00613,26.3,2026-03-31T18:33:22,2026-03-31T11:33:22,https://api.quant-aq.com/v1/devices/MOD-00613/data/645570868
872.43,548.84,"{'lat': None, 'lon': None}","{'rh': 17.7, 'temp': 26.3, 'wd': 0.0, 'ws': 0.0, 'ws_scalar': 0.0}","{'gas': {'co': 13498, 'co2': 13260, 'no': 13586, 'no2': 13765, 'o3': 13745}, 'pm': {'pm1': 13200, 'pm10': 13202, 'pm25': 13201}}",2.41,8.28,33.95,1.35,3.57,1.39,645568802,17.7,MOD-00613,26.3,2026-03-31T18:32:22,2026-03-31T11:32:22,https://api.quant-aq.com/v1/devices/MOD-00613/data/645568651
872.43,552.57,"{'lat': None, 'lon': None}","{'rh': 17.7, 'temp': 26.3, 'wd': 0.0, 'ws': 0.0, 'ws_scalar': 0.0}","{'gas': {'co': 13498, 'co2': 13260, 'no': 13586, 'no2': 13765, 'o3': 13745}, 'pm': {'pm1': 13200, 'pm10': 13202, 'pm25': 13201}}",2.41,8.74,34.18,1.15,1.4,1.24,645568803,17.7,MOD-00613,26.3,2026-03-31T18:31:22,2026-03-31T11:31:22,https://api.quant-aq.com/v1/devices/MOD-00613/data/645568652
874.89,551.85,"{'lat': None, 'lon': None}","{'rh': 17.7, 'temp': 26.3, 'wd': 0.0, 'ws': 0.0, 'ws_scalar': 0.0}","{'gas': {'co': 13498, 'co2': 13260, 'no': 13586, 'no2': 13765, 'o3': 13745}, 'pm': {'pm1': 13200, 'pm10': 13202, 'pm25': 13201}}",2.41,8.74,34.18,1.12,1.76,1.23,645568805,17.7,MOD-00613,26.3,2026-03-31T18:30:22,2026-03-31T11:30:22,https://api.quant-aq.com/v1/devices/MOD-00613/data/645568654
874.96,553.89,"{'lat': None, 'lon': None}","{'rh': 17.6, 'temp': 26.3, 'wd': 0.0, 'ws': 0.0, 'ws_scalar': 0.0}","{'gas': {'co': 13498, 'co2': 13260, 'no': 13586, 'no2': 13765, 'o3': 13745}, 'pm': {'pm1': 13200, 'pm10': 13202, 'pm25': 13201}}",2.44,8.29,33.98,1.29,1.86,1.49,645568806,17.6,MOD-00613,26.3,2026-03-31T18:29:22,2026-03-31T11:29:22,https://api.quant-aq.com/v1/devices/MOD-00613/data/645568655
872.84,556.67,"{'lat': None, 'lon': None}","{'rh': 17.7, 'temp': 26.3, 'wd': 0.0, 'ws': 0.0, 'ws_scalar': 0.0}","{'gas': {'co': 13498, 'co2': 13260, 'no': 13586, 'no2': 13765, 'o3': 13745}, 'pm': {'pm1': 13200, 'pm10': 13202, 'pm25': 13201}}",2.44,8.74,33.48,1.17,3.97,1.34,645568804,17.7,MOD-00613,26.3,2026-03-31T18:28:22,2026-03-31T11:28:22,https://api.quant-aq.com/v1/devices/MOD-00613/data/645568653
870.61,559.56,"{'lat': None, 'lon': None}","{'rh': 17.8, 'temp': 26.2, 'wd': 0.0, 'ws': 0.0, 'ws_scalar': 0.0}","{'gas': {'co': 13498, 'co2': 13260, 'no': 13586, 'no2': 13765, 'o3': 13745}, 'pm': {'pm1': 13200, 'pm10': 13202, 'pm25': 13201}}",2.44,9.58,33.89,1.02,2.03,1.19,645565987,17.8,MOD-00613,26.2,2026-03-31T18:27:22,2026-03-31T11:27:22,https://api.quant-aq.com/v1/devices/MOD-00613/data/645565836
873.0,561.96,"{'lat': None, 'lon': None}","{'rh': 17.9, 'temp': 26.2, 'wd': 0.0, 'ws': 0.0, 'ws_scalar': 0.0}","{'gas': {'co': 13498, 'co2': 13260, 'no': 13586, 'no2': 13765, 'o3': 13745}, 'pm': {'pm1': 13200, 'pm10': 13202, 'pm25': 13201}}",2.41,9.2,33.62,1.0,1.56,1.16,645565988,17.9,MOD-00613,26.2,2026-03-31T18:26:22,2026-03-31T11:26:22,https://api.quant-aq.com/v1/devices/MOD-00613/data/645565837
869.3,569.31,"{'lat': None, 'lon': None}","{'rh': 17.9, 'temp': 26.2, 'wd': 0.0, 'ws': 0.0, 'ws_scalar': 0.0}","{'gas': {'co': 13498, 'co2': 13260, 'no': 13586, 'no2': 13765, 'o3': 13745}, 'pm': {'pm1': 13200, 'pm10': 13202, 'pm25': 13201}}",2.41,9.2,33.39,1.22,3.49,1.39,645565989,17.9,MOD-00613,26.2,2026-03-31T18:25:22,2026-03-31T11:25:22,https://api.quant-aq.com/v1/devices/MOD-00613/data/645565838
867.18,575.7,"{'lat': None, 'lon': None}","{'rh': 18.0, 'temp': 26.2, 'wd': 0.0, 'ws': 0.0, 'ws_scalar': 0.0}","{'gas': {'co': 13498, 'co2': 13260, 'no': 13586, 'no2': 13765, 'o3': 13745}, 'pm': {'pm1': 13200, 'pm10': 13202, 'pm25': 13201}}",2.41,9.19,33.83,1.13,12.17,1.25,645565986,18.0,MOD-00613,26.2,2026-03-31T18:24:22,2026-03-31T11:24:22,https://api.quant-aq.com/v1/devices/MOD-00613/data/645565835
870.8,575.33,"{'lat': None, 'lon': None}","{'rh': 18.1, 'temp': 26.2, 'wd': 0.0, 'ws': 0.0, 'ws_scalar': 0.0}","{'gas': {'co': 13498, 'co2': 13260, 'no': 13586, 'no2': 13765, 'o3': 13745}, 'pm': {'pm1': 13200, 'pm10': 13202, 'pm25': 13201}}",2.41,9.18,33.33,0.98,7.04,1.19,645563788,18.1,MOD-00613,26.2,2026-03-31T18:23:22,2026-03-31T11:23:22,https://api.quant-aq.com/v1/devices/MOD-00613/data/645563637
861.43,577.98,"{'lat': None, 'lon': None}","{'rh': 18.0, 'temp': 26.2, 'wd': 0.0, 'ws': 0.0, 'ws_scalar': 0.0}","{'gas': {'co': 13498, 'co2': 13260, 'no': 13586, 'no2': 13765, 'o3': 13745}, 'pm': {'pm1': 13200, 'pm10': 13202, 'pm25': 13201}}",2.41,9.19,33.59,0.87,3.11,1.04,645563789,18.0,MOD-00613,26.2,2026-03-31T18:22:22,2026-03-31T11:22:22,https://api.quant-aq.com/v1/devices/MOD-00613/data/645563638
863.0,582.32,"{'lat': None, 'lon': None}","{'rh': 18.1, 'temp': 26.2, 'wd': 0.0, 'ws': 0.0, 'ws_scalar': 0.0}","{'gas': {'co': 13498, 'co2': 13260, 'no': 13586, 'no2': 13765, 'o3': 13745}, 'pm': {'pm1': 13200, 'pm10': 13202, 'pm25': 13201}}",2.41,9.19,33.33,1.42,10.19,1.66,645563786,18.1,MOD-00613,26.2,2026-03-31T18:21:22,2026-03-31T11:21:22,https://api.quant-aq.com/v1/devices/MOD-00613/data/645563635
862.18,575.33,"{'lat': None, 'lon': None}","{'rh': 18.1, 'temp': 26.2, 'wd': 0.0, 'ws': 0.0, 'ws_scalar': 0.0}","{'gas': {'co': 13498, 'co2': 13260, 'no': 13586, 'no2': 13765, 'o3': 13745}, 'pm': {'pm1': 13200, 'pm10': 13202, 'pm25': 13201}}",2.41,9.18,33.8,1.4,2.83,1.57,645563787,18.1,MOD-00613,26.2,2026-03-31T18:20:22,2026-03-31T11:20:22,https://api.quant-aq.com/v1/devices/MOD-00613/data/645563636
867.48,572.56,"{'lat': None, 'lon': None}","{'rh': 18.0, 'temp': 26.1, 'wd': 0.0, 'ws': 0.0, 'ws_scalar': 0.0}","{'gas': {'co': 13498, 'co2': 13260, 'no': 13586, 'no2': 13765, 'o3': 13745}, 'pm': {'pm1': 13200, 'pm10': 13202, 'pm25': 13201}}",2.41,9.2,33.8,0.92,11.65,1.11,645561554,18.0,MOD-00613,26.1,2026-03-31T18:19:22,2026-03-31T11:19:22,https://api.quant-aq.com/v1/devices/MOD-00613/data/645561403
862.56,579.79,"{'lat': None, 'lon': None}","{'rh': 18.0, 'temp': 26.1, 'wd': 0.0, 'ws': 0.0, 'ws_scalar': 0.0}","{'gas': {'co': 13498, 'co2': 13260, 'no': 13586, 'no2': 13765, 'o3': 13745}, 'pm': {'pm1': 13200, 'pm10': 13202, 'pm25': 13201}}",2.41,9.2,33.8,1.14,3.66,1.33,645561551,18.0,MOD-00613,26.1,2026-03-31T18:18:22,2026-03-31T11:18:22,https://api.quant-aq.com/v1/devices/MOD-00613/data/645561401
857.97,592.2,"{'lat': None, 'lon': None}","{'rh': 18.1, 'temp': 26.1, 'wd': 0.0, 'ws': 0.0, 'ws_scalar': 0.0}","{'gas': {'co': 13498, 'co2': 13260, 'no': 13586, 'no2': 13765, 'o3': 13745}, 'pm': {'pm1': 13200, 'pm10': 13202, 'pm25': 13201}}",2.41,9.19,33.54,1.13,27.17,1.35,645561552,18.1,MOD-00613,26.1,2026-03-31T18:17:22,2026-03-31T11:17:22,https://api.quant-aq.com/v1/devices/MOD-00613/data/645561400
863.31,604.48,"{'lat': None, 'lon': None}","{'rh': 18.1, 'temp': 26.1, 'wd': 0.0, 'ws': 0.0, 'ws_scalar': 0.0}","{'gas': {'co': 13498, 'co2': 13260, 'no': 13586, 'no2': 13765, 'o3': 13745}, 'pm': {'pm1': 13200, 'pm10': 13202, 'pm25': 13201}}",2.41,9.19,34.24,1.07,4.45,1.48,645561553,18.1,MOD-00613,26.1,2026-03-31T18:16:22,2026-03-31T11:16:22,https://api.quant-aq.com/v1/devices/MOD-00613/data/645561402
857.01,627.25,"{'lat': None, 'lon': None}","{'rh': 18.3, 'temp': 26.1, 'wd': 0.0, 'ws': 0.0, 'ws_scalar': 0.0}","{'gas': {'co': 13498, 'co2': 13260, 'no': 13586, 'no2': 13765, 'o3': 13745}, 'pm': {'pm1': 13200, 'pm10': 13202, 'pm25': 13201}}",2.41,9.36,33.71,1.29,4.32,1.52,645559326,18.3,MOD-00613,26.1,2026-03-31T18:15:22,2026-03-31T11:15:22,https://api.quant-aq.com/v1/devices/MOD-00613/data/645559177
855.63,617.13,"{'lat': None, 'lon': None}","{'rh': 18.5, 'temp': 26.1, 'wd': 0.0, 'ws': 0.0, 'ws_scalar': 0.0}","{'gas': {'co': 13498, 'co2': 13260, 'no': 13586, 'no2': 13765, 'o3': 13745}, 'pm': {'pm1': 13200, 'pm10': 13202, 'pm25': 13201}}",2.41,9.87,33.89,1.11,13.93,1.35,645559321,18.5,MOD-00613,26.1,2026-03-31T18:14:22,2026-03-31T11:14:22,https://api.quant-aq.com/v1/devices/MOD-00613/data/645559172
854.51,574.85,"{'lat': None, 'lon': None}","{'rh': 18.2, 'temp': 26.0, 'wd': 0.0, 'ws': 0.0, 'ws_scalar': 0.0}","{'gas': {'co': 13498, 'co2': 13260, 'no': 13586, 'no2': 13765, 'o3': 13745}, 'pm': {'pm1': 13200, 'pm10': 13202, 'pm25': 13201}}",2.41,9.37,33.71,0.92,17.4,1.3,645559323,18.2,MOD-00613,26.0,2026-03-31T18:13:22,2026-03-31T11:13:22,https://api.quant-aq.com/v1/devices/MOD-00613/data/645559174
853.01,577.5,"{'lat': None, 'lon': None}","{'rh': 18.0, 'temp': 26.0, 'wd': 0.0, 'ws': 0.0, 'ws_scalar': 0.0}","{'gas': {'co': 13498, 'co2': 13260, 'no': 13586, 'no2': 13765, 'o3': 13745}, 'pm': {'pm1': 13200, 'pm10': 13202, 'pm25': 13201}}",2.41,9.2,33.07,1.02,7.03,1.26,645559324,18.0,MOD-00613,26.0,2026-03-31T18:12:22,2026-03-31T11:12:22,https://api.quant-aq.com/v1/devices/MOD-00613/data/645559175
850.81,582.68,"{'lat': None, 'lon': None}","{'rh': 18.2, 'temp': 26.0, 'wd': 0.0, 'ws': 0.0, 'ws_scalar': 0.0}","{'gas': {'co': 13498, 'co2': 13260, 'no': 13586, 'no2': 13765, 'o3': 13745}, 'pm': {'pm1': 13200, 'pm10': 13202, 'pm25': 13201}}",2.41,9.37,33.71,0.99,2.24,1.17,645557111,18.2,MOD-00613,26.0,2026-03-31T18:11:22,2026-03-31T11:11:22,https://api.quant-aq.com/v1/devices/MOD-00613/data/645556960
852.67,558.59,"{'lat': None, 'lon': None}","{'rh': 17.9, 'temp': 26.0, 'wd': 0.0, 'ws': 0.0, 'ws_scalar': 0.0}","{'gas': {'co': 13498, 'co2': 13260, 'no': 13586, 'no2': 13765, 'o3': 13745}, 'pm': {'pm1': 13200, 'pm10': 13202, 'pm25': 13201}}",2.44,9.21,33.33,0.75,6.9,0.9,645557112,17.9,MOD-00613,26.0,2026-03-31T18:10:22,2026-03-31T11:10:22,https://api.quant-aq.com/v1/devices/MOD-00613/data/645556961
846.85,566.18,"{'lat': None, 'lon': None}","{'rh': 18.0, 'temp': 26.0, 'wd': 0.0, 'ws': 0.0, 'ws_scalar': 0.0}","{'gas': {'co': 13498, 'co2': 13260, 'no': 13586, 'no2': 13765, 'o3': 13745}, 'pm': {'pm1': 13200, 'pm10': 13202, 'pm25': 13201}}",2.41,9.2,33.07,1.31,2.72,1.62,645557113,18.0,MOD-00613,26.0,2026-03-31T18:09:22,2026-03-31T11:09:22,https://api.quant-aq.com/v1/devices/MOD-00613/data/645556963
846.3,568.47,"{'lat': None, 'lon': None}","{'rh': 18.2, 'temp': 26.0, 'wd': 0.0, 'ws': 0.0, 'ws_scalar': 0.0}","{'gas': {'co': 13498, 'co2': 13260, 'no': 13586, 'no2': 13765, 'o3': 13745}, 'pm': {'pm1': 13200, 'pm10': 13202, 'pm25': 13201}}",2.41,9.18,33.01,0.95,21.53,1.3,645557114,18.2,MOD-00613,26.0,2026-03-31T18:08:22,2026-03-31T11:08:22,https://api.quant-aq.com/v1/devices/MOD-00613/data/645556962
843.42,577.74,"{'lat': None, 'lon': None}","{'rh': 18.2, 'temp': 26.0, 'wd': 0.0, 'ws': 0.0, 'ws_scalar': 0.0}","{'gas': {'co': 13498, 'co2': 13260, 'no': 13586, 'no2': 13765, 'o3': 13745}, 'pm': {'pm1': 13200, 'pm10': 13202, 'pm25': 13201}}",2.41,9.37,33.48,1.08,5.75,1.33,645554888,18.2,MOD-00613,26.0,2026-03-31T18:07:22,2026-03-31T11:07:22,https://api.quant-aq.com/v1/devices/MOD-00613/data/645554737
845.89,570.16,"{'lat': None, 'lon': None}","{'rh': 18.2, 'temp': 26.0, 'wd': 0.0, 'ws': 0.0, 'ws_scalar': 0.0}","{'gas': {'co': 13498, 'co2': 13260, 'no': 13586, 'no2': 13765, 'o3': 13745}, 'pm': {'pm1': 13200, 'pm10': 13202, 'pm25': 13201}}",2.41,9.18,33.71,0.73,4.7,1.01,645554887,18.2,MOD-00613,26.0,2026-03-31T18:06:22,2026-03-31T11:06:22,https://api.quant-aq.com/v1/devices/MOD-00613/data/645554736
842.6,566.3,"{'lat': None, 'lon': None}","{'rh': 18.2, 'temp': 26.0, 'wd': 0.0, 'ws': 0.0, 'ws_scalar': 0.0}","{'gas': {'co': 13498, 'co2': 13260, 'no': 13586, 'no2': 13765, 'o3': 13745}, 'pm': {'pm1': 13200, 'pm10': 13202, 'pm25': 13201}}",2.41,9.18,33.48,1.02,3.27,1.25,645554886,18.2,MOD-00613,26.0,2026-03-31T18:05:22,2026-03-31T11:05:22,https://api.quant-aq.com/v1/devices/MOD-00613/data/645554735
842.57,561.0,"{'lat': None, 'lon': None}","{'rh': 18.1, 'temp': 25.9, 'wd': 0.0, 'ws': 0.0, 'ws_scalar': 0.0}","{'gas': {'co': 13498, 'co2': 13260, 'no': 13586, 'no2': 13765, 'o3': 13745}, 'pm': {'pm1': 13200, 'pm10': 13202, 'pm25': 13201}}",2.41,9.2,33.48,1.01,4.27,1.21,645554885,18.1,MOD-00613,25.9,2026-03-31T18:04:22,2026-03-31T11:04:22,https://api.quant-aq.com/v1/devices/MOD-00613/data/645554734
849.62,547.99,"{'lat': None, 'lon': None}","{'rh': 18.0, 'temp': 25.9, 'wd': 0.0, 'ws': 0.0, 'ws_scalar': 0.0}","{'gas': {'co': 13498, 'co2': 13260, 'no': 13586, 'no2': 13765, 'o3': 13745}, 'pm': {'pm1': 13200, 'pm10': 13202, 'pm25': 13201}}",2.41,9.21,32.8,0.92,1.52,1.16,645552645,18.0,MOD-00613,25.9,2026-03-31T18:03:22,2026-03-31T11:03:22,https://api.quant-aq.com/v1/devices/MOD-00613/data/645552493
841.89,545.22,"{'lat': None, 'lon': None}","{'rh': 17.9, 'temp': 25.9, 'wd': 0.0, 'ws': 0.0, 'ws_scalar': 0.0}","{'gas': {'co': 13498, 'co2': 13260, 'no': 13586, 'no2': 13765, 'o3': 13745}, 'pm': {'pm1': 13200, 'pm10': 13202, 'pm25': 13201}}",2.44,9.22,33.54,0.97,1.66,1.16,645552646,17.9,MOD-00613,25.9,2026-03-31T18:02:22,2026-03-31T11:02:22,https://api.quant-aq.com/v1/devices/MOD-00613/data/645552495
844.69,552.69,"{'lat': None, 'lon': None}","{'rh': 18.0, 'temp': 25.9, 'wd': 0.0, 'ws': 0.0, 'ws_scalar': 0.0}","{'gas': {'co': 13498, 'co2': 13260, 'no': 13586, 'no2': 13765, 'o3': 13745}, 'pm': {'pm1': 13200, 'pm10': 13202, 'pm25': 13201}}",2.41,9.21,33.51,1.06,2.08,1.32,645552647,18.0,MOD-00613,25.9,2026-03-31T18:01:22,2026-03-31T11:01:22,https://api.quant-aq.com/v1/devices/MOD-00613/data/645552496
841.82,553.41,"{'lat': None, 'lon': None}","{'rh': 18.0, 'temp': 25.9, 'wd': 0.0, 'ws': 0.0, 'ws_scalar': 0.0}","{'gas': {'co': 13498, 'co2': 13260, 'no': 13586, 'no2': 13765, 'o3': 13745}, 'pm': {'pm1': 13200, 'pm10': 13202, 'pm25': 13201}}",2.41,9.21,33.27,1.18,2.47,1.36,645552644,18.0,MOD-00613,25.9,2026-03-31T18:00:22,2026-03-31T11:00:22,https://api.quant-aq.com/v1/devices/MOD-00613/data/645552494
845.1,551.73,"{'lat': None, 'lon': None}","{'rh': 18.0, 'temp': 25.9, 'wd': 0.0, 'ws': 0.0, 'ws_scalar': 0.0}","{'gas': {'co': 13498, 'co2': 13260, 'no': 13586, 'no2': 13765, 'o3': 13745}, 'pm': {'pm1': 13200, 'pm10': 13202, 'pm25': 13201}}",2.41,9.21,33.04,1.28,2.79,1.42,645552643,18.0,MOD-00613,25.9,2026-03-31T17:59:22,2026-03-31T10:59:22,https://api.quant-aq.com/v1/devices/MOD-00613/data/645552492
839.21,559.32,"{'lat': None, 'lon': None}","{'rh': 18.2, 'temp': 25.9, 'wd': 0.0, 'ws': 0.0, 'ws_scalar': 0.0}","{'gas': {'co': 13498, 'co2': 13260, 'no': 13586, 'no2': 13765, 'o3': 13745}, 'pm': {'pm1': 13200, 'pm10': 13202, 'pm25': 13201}}",2.41,9.19,33.69,1.02,5.11,1.34,645549854,18.2,MOD-00613,25.9,2026-03-31T17:58:22,2026-03-31T10:58:22,https://api.quant-aq.com/v1/devices/MOD-00613/data/645549703
837.94,553.77,"{'lat': None, 'lon': None}","{'rh': 18.1, 'temp': 25.8, 'wd': 0.0, 'ws': 0.0, 'ws_scalar': 0.0}","{'gas': {'co': 13498, 'co2': 13260, 'no': 13586, 'no2': 13765, 'o3': 13745}, 'pm': {'pm1': 13200, 'pm10': 13202, 'pm25': 13201}}",2.41,9.39,33.45,0.86,4.45,1.11,645549855,18.1,MOD-00613,25.8,2026-03-31T17:57:22,2026-03-31T10:57:22,https://api.quant-aq.com/v1/devices/MOD-00613/data/645549705
840.48,543.3,"{'lat': None, 'lon': None}","{'rh': 18.0, 'temp': 25.8, 'wd': 0.0, 'ws': 0.0, 'ws_scalar': 0.0}","{'gas': {'co': 13498, 'co2': 13260, 'no': 13586, 'no2': 13765, 'o3': 13745}, 'pm': {'pm1': 13200, 'pm10': 13202, 'pm25': 13201}}",2.33,9.21,33.48,1.41,6.88,1.6,645549856,18.0,MOD-00613,25.8,2026-03-31T17:56:22,2026-03-31T10:56:22,https://api.quant-aq.com/v1/devices/MOD-00613/data/645549704
836.37,552.57,"{'lat': None, 'lon': None}","{'rh': 18.0, 'temp': 25.8, 'wd': 0.0, 'ws': 0.0, 'ws_scalar': 0.0}","{'gas': {'co': 13498, 'co2': 13260, 'no': 13586, 'no2': 13765, 'o3': 13745}, 'pm': {'pm1': 13200, 'pm10': 13202, 'pm25': 13201}}",2.35,9.21,33.25,1.05,1.88,1.3,645549857,18.0,MOD-00613,25.8,2026-03-31T17:55:22,2026-03-31T10:55:22,https://api.quant-aq.com/v1/devices/MOD-00613/data/645549706
839.99,549.92,"{'lat': None, 'lon': None}","{'rh': 18.1, 'temp': 25.8, 'wd': 0.0, 'ws': 0.0, 'ws_scalar': 0.0}","{'gas': {'co': 13498, 'co2': 13260, 'no': 13586, 'no2': 13765, 'o3': 13745}, 'pm': {'pm1': 13200, 'pm10': 13202, 'pm25': 13201}}",2.33,9.39,33.69,1.2,3.52,1.34,645547655,18.1,MOD-00613,25.8,2026-03-31T17:54:22,2026-03-31T10:54:22,https://api.quant-aq.com/v1/devices/MOD-00613/data/645547504
833.57,540.65,"{'lat': None, 'lon': None}","{'rh': 17.9, 'temp': 25.8, 'wd': 0.0, 'ws': 0.0, 'ws_scalar': 0.0}","{'gas': {'co': 13498, 'co2': 13260, 'no': 13586, 'no2': 13765, 'o3': 13745}, 'pm': {'pm1': 13200, 'pm10': 13202, 'pm25': 13201}}",2.41,9.22,33.99,1.16,12.4,1.34,645547658,17.9,MOD-00613,25.8,2026-03-31T17:53:22,2026-03-31T10:53:22,https://api.quant-aq.com/v1/devices/MOD-00613/data/645547507
833.57,536.79,"{'lat': None, 'lon': None}","{'rh': 17.9, 'temp': 25.8, 'wd': 0.0, 'ws': 0.0, 'ws_scalar': 0.0}","{'gas': {'co': 13498, 'co2': 13260, 'no': 13586, 'no2': 13765, 'o3': 13745}, 'pm': {'pm1': 13200, 'pm10': 13202, 'pm25': 13201}}",2.35,9.22,33.28,0.95,3.12,1.19,645547657,17.9,MOD-00613,25.8,2026-03-31T17:52:22,2026-03-31T10:52:22,https://api.quant-aq.com/v1/devices/MOD-00613/data/645547506
838.16,528.84,"{'lat': None, 'lon': None}","{'rh': 17.8, 'temp': 25.8, 'wd': 0.0, 'ws': 0.0, 'ws_scalar': 0.0}","{'gas': {'co': 13498, 'co2': 13260, 'no': 13586, 'no2': 13765, 'o3': 13745}, 'pm': {'pm1': 13200, 'pm10': 13202, 'pm25': 13201}}",2.35,9.23,33.54,1.13,6.38,1.29,645547656,17.8,MOD-00613,25.8,2026-03-31T17:51:22,2026-03-31T10:51:22,https://api.quant-aq.com/v1/devices/MOD-00613/data/645547505
834.05,522.7,"{'lat': None, 'lon': None}","{'rh': 17.8, 'temp': 25.8, 'wd': 0.0, 'ws': 0.0, 'ws_scalar': 0.0}","{'gas': {'co': 13498, 'co2': 13260, 'no': 13586, 'no2': 13765, 'o3': 13745}, 'pm': {'pm1': 13200, 'pm10': 13202, 'pm25': 13201}}",2.41,9.23,33.54,0.97,1.28,1.19,645545419,17.8,MOD-00613,25.8,2026-03-31T17:50:22,2026-03-31T10:50:22,https://api.quant-aq.com/v1/devices/MOD-00613/data/645545268
834.05,520.89,"{'lat': None, 'lon': None}","{'rh': 17.8, 'temp': 25.8, 'wd': 0.0, 'ws': 0.0, 'ws_scalar': 0.0}","{'gas': {'co': 13498, 'co2': 13260, 'no': 13586, 'no2': 13765, 'o3': 13745}, 'pm': {'pm1': 13200, 'pm10': 13202, 'pm25': 13201}}",2.35,9.23,33.31,1.08,2.01,1.18,645545421,17.8,MOD-00613,25.8,2026-03-31T17:49:22,2026-03-31T10:49:22,https://api.quant-aq.com/v1/devices/MOD-00613/data/645545269
837.64,518.0,"{'lat': None, 'lon': None}","{'rh': 17.8, 'temp': 25.7, 'wd': 0.0, 'ws': 0.0, 'ws_scalar': 0.0}","{'gas': {'co': 13498, 'co2': 13260, 'no': 13586, 'no2': 13765, 'o3': 13745}, 'pm': {'pm1': 13200, 'pm10': 13202, 'pm25': 13201}}",2.35,9.24,33.52,0.84,1.18,0.98,645545420,17.8,MOD-00613,25.7,2026-03-31T17:48:22,2026-03-31T10:48:22,https://api.quant-aq.com/v1/devices/MOD-00613/data/645545270
830.25,519.09,"{'lat': None, 'lon': None}","{'rh': 17.8, 'temp': 25.7, 'wd': 0.0, 'ws': 0.0, 'ws_scalar': 0.0}","{'gas': {'co': 13498, 'co2': 13260, 'no': 13586, 'no2': 13765, 'o3': 13745}, 'pm': {'pm1': 13200, 'pm10': 13202, 'pm25': 13201}}",2.35,9.24,33.28,0.87,3.12,0.95,645545418,17.8,MOD-00613,25.7,2026-03-31T17:47:22,2026-03-31T10:47:22,https://api.quant-aq.com/v1/devices/MOD-00613/data/645545267
830.66,514.39,"{'lat': None, 'lon': None}","{'rh': 17.8, 'temp': 25.7, 'wd': 0.0, 'ws': 0.0, 'ws_scalar': 0.0}","{'gas': {'co': 13498, 'co2': 13260, 'no': 13586, 'no2': 13765, 'o3': 13745}, 'pm': {'pm1': 13200, 'pm10': 13202, 'pm25': 13201}}",2.35,9.24,33.28,1.2,1.33,1.33,645543227,17.8,MOD-00613,25.7,2026-03-31T17:46:22,2026-03-31T10:46:22,https://api.quant-aq.com/v1/devices/MOD-00613/data/645543075
828.2,513.55,"{'lat': None, 'lon': None}","{'rh': 17.8, 'temp': 25.7, 'wd': 0.0, 'ws': 0.0, 'ws_scalar': 0.0}","{'gas': {'co': 13498, 'co2': 13260, 'no': 13586, 'no2': 13765, 'o3': 13745}, 'pm': {'pm1': 13200, 'pm10': 13202, 'pm25': 13201}}",2.35,9.24,33.99,0.96,1.82,1.07,645543226,17.8,MOD-00613,25.7,2026-03-31T17:45:22,2026-03-31T10:45:22,https://api.quant-aq.com/v1/devices/MOD-00613/data/645543076
826.14,514.87,"{'lat': None, 'lon': None}","{'rh': 17.8, 'temp': 25.7, 'wd': 0.0, 'ws': 0.0, 'ws_scalar': 0.0}","{'gas': {'co': 13498, 'co2': 13260, 'no': 13586, 'no2': 13765, 'o3': 13745}, 'pm': {'pm1': 13200, 'pm10': 13202, 'pm25': 13201}}",2.35,9.24,33.52,0.75,0.78,0.78,645543230,17.8,MOD-00613,25.7,2026-03-31T17:44:22,2026-03-31T10:44:22,https://api.quant-aq.com/v1/devices/MOD-00613/data/645543078
833.53,513.43,"{'lat': None, 'lon': None}","{'rh': 17.8, 'temp': 25.7, 'wd': 0.0, 'ws': 0.0, 'ws_scalar': 0.0}","{'gas': {'co': 13498, 'co2': 13260, 'no': 13586, 'no2': 13765, 'o3': 13745}, 'pm': {'pm1': 13200, 'pm10': 13202, 'pm25': 13201}}",2.35,9.24,33.52,1.36,1.46,1.41,645543229,17.8,MOD-00613,25.7,2026-03-31T17:43:22,2026-03-31T10:43:22,https://api.quant-aq.com/v1/devices/MOD-00613/data/645543079
832.71,513.3,"{'lat': None, 'lon': None}","{'rh': 17.8, 'temp': 25.7, 'wd': 0.0, 'ws': 0.0, 'ws_scalar': 0.0}","{'gas': {'co': 13498, 'co2': 13260, 'no': 13586, 'no2': 13765, 'o3': 13745}, 'pm': {'pm1': 13200, 'pm10': 13202, 'pm25': 13201}}",2.35,9.24,33.75,1.06,1.37,1.16,645543228,17.8,MOD-00613,25.7,2026-03-31T17:42:22,2026-03-31T10:42:22,https://api.quant-aq.com/v1/devices/MOD-00613/data/645543077
829.8,512.22,"{'lat': None, 'lon': None}","{'rh': 17.7, 'temp': 25.6, 'wd': 0.0, 'ws': 0.0, 'ws_scalar': 0.0}","{'gas': {'co': 13498, 'co2': 13260, 'no': 13586, 'no2': 13765, 'o3': 13745}, 'pm': {'pm1': 13200, 'pm10': 13202, 'pm25': 13201}}",2.35,9.25,33.99,0.94,1.41,1.05,645540467,17.7,MOD-00613,25.6,2026-03-31T17:41:22,2026-03-31T10:41:22,https://api.quant-aq.com/v1/devices/MOD-00613/data/645540317
828.57,510.05,"{'lat': None, 'lon': None}","{'rh': 17.7, 'temp': 25.6, 'wd': 0.0, 'ws': 0.0, 'ws_scalar': 0.0}","{'gas': {'co': 13498, 'co2': 13260, 'no': 13586, 'no2': 13765, 'o3': 13745}, 'pm': {'pm1': 13200, 'pm10': 13202, 'pm25': 13201}}",2.35,9.25,33.99,0.94,1.64,0.99,645540468,17.7,MOD-00613,25.6,2026-03-31T17:40:22,2026-03-31T10:40:22,https://api.quant-aq.com/v1/devices/MOD-00613/data/645540318
830.55,508.01,"{'lat': None, 'lon': None}","{'rh': 17.8, 'temp': 25.6, 'wd': 0.0, 'ws': 0.0, 'ws_scalar': 0.0}","{'gas': {'co': 13498, 'co2': 13260, 'no': 13586, 'no2': 13765, 'o3': 13745}, 'pm': {'pm1': 13200, 'pm10': 13202, 'pm25': 13201}}",2.35,9.24,34.2,1.13,1.87,1.22,645540466,17.8,MOD-00613,25.6,2026-03-31T17:39:22,2026-03-31T10:39:22,https://api.quant-aq.com/v1/devices/MOD-00613/data/645540315
826.93,508.25,"{'lat': None, 'lon': None}","{'rh': 17.7, 'temp': 25.6, 'wd': 0.0, 'ws': 0.0, 'ws_scalar': 0.0}","{'gas': {'co': 13498, 'co2': 13260, 'no': 13586, 'no2': 13765, 'o3': 13745}, 'pm': {'pm1': 13200, 'pm10': 13202, 'pm25': 13201}}",2.35,9.25,33.52,0.8,0.89,0.85,645540464,17.7,MOD-00613,25.6,2026-03-31T17:38:22,2026-03-31T10:38:22,https://api.quant-aq.com/v1/devices/MOD-00613/data/645540313
829.32,505.11,"{'lat': None, 'lon': None}","{'rh': 17.8, 'temp': 25.6, 'wd': 0.0, 'ws': 0.0, 'ws_scalar': 0.0}","{'gas': {'co': 13498, 'co2': 13260, 'no': 13586, 'no2': 13765, 'o3': 13745}, 'pm': {'pm1': 13200, 'pm10': 13202, 'pm25': 13201}}",2.35,9.24,33.72,0.94,0.99,0.99,645540465,17.8,MOD-00613,25.6,2026-03-31T17:37:22,2026-03-31T10:37:22,https://api.quant-aq.com/v1/devices/MOD-00613/data/645540314
829.8,507.04,"{'lat': None, 'lon': None}","{'rh': 17.7, 'temp': 25.6, 'wd': 0.0, 'ws': 0.0, 'ws_scalar': 0.0}","{'gas': {'co': 13498, 'co2': 13260, 'no': 13586, 'no2': 13765, 'o3': 13745}, 'pm': {'pm1': 13200, 'pm10': 13202, 'pm25': 13201}}",2.35,9.25,34.23,1.19,3.42,1.25,645537722,17.7,MOD-00613,25.6,2026-03-31T17:36:22,2026-03-31T10:36:22,https://api.quant-aq.com/v1/devices/MOD-00613/data/645537572
831.85,504.75,"{'lat': None, 'lon': None}","{'rh': 17.7, 'temp': 25.6, 'wd': 0.0, 'ws': 0.0, 'ws_scalar': 0.0}","{'gas': {'co': 13498, 'co2': 13260, 'no': 13586, 'no2': 13765, 'o3': 13745}, 'pm': {'pm1': 13200, 'pm10': 13202, 'pm25': 13201}}",2.35,9.25,34.46,1.02,10.3,1.16,645537729,17.7,MOD-00613,25.6,2026-03-31T17:35:22,2026-03-31T10:35:22,https://api.quant-aq.com/v1/devices/MOD-00613/data/645537581
822.48,500.42,"{'lat': None, 'lon': None}","{'rh': 17.6, 'temp': 25.6, 'wd': 0.0, 'ws': 0.0, 'ws_scalar': 0.0}","{'gas': {'co': 13498, 'co2': 13260, 'no': 13586, 'no2': 13765, 'o3': 13745}, 'pm': {'pm1': 13200, 'pm10': 13202, 'pm25': 13201}}",2.35,9.26,33.78,1.1,1.36,1.23,645537724,17.6,MOD-00613,25.6,2026-03-31T17:34:22,2026-03-31T10:34:22,https://api.quant-aq.com/v1/devices/MOD-00613/data/645537575
824.95,499.09,"{'lat': None, 'lon': None}","{'rh': 17.6, 'temp': 25.6, 'wd': 0.0, 'ws': 0.0, 'ws_scalar': 0.0}","{'gas': {'co': 13498, 'co2': 13260, 'no': 13586, 'no2': 13765, 'o3': 13745}, 'pm': {'pm1': 13200, 'pm10': 13202, 'pm25': 13201}}",2.35,8.79,34.02,0.92,1.13,1.05,645537728,17.6,MOD-00613,25.6,2026-03-31T17:33:22,2026-03-31T10:33:22,https://api.quant-aq.com/v1/devices/MOD-00613/data/645537579
816.97,494.64,"{'lat': None, 'lon': None}","{'rh': 17.7, 'temp': 25.5, 'wd': 0.0, 'ws': 0.0, 'ws_scalar': 0.0}","{'gas': {'co': 13498, 'co2': 13260, 'no': 13586, 'no2': 13765, 'o3': 13745}, 'pm': {'pm1': 13200, 'pm10': 13202, 'pm25': 13201}}",2.35,9.26,33.96,1.12,1.65,1.2,645537726,17.7,MOD-00613,25.5,2026-03-31T17:32:22,2026-03-31T10:32:22,https://api.quant-aq.com/v1/devices/MOD-00613/data/645537576
821.55,497.41,"{'lat': None, 'lon': None}","{'rh': 17.6, 'temp': 25.5, 'wd': 0.0, 'ws': 0.0, 'ws_scalar': 0.0}","{'gas': {'co': 13498, 'co2': 13260, 'no': 13586, 'no2': 13765, 'o3': 13745}, 'pm': {'pm1': 13200, 'pm10': 13202, 'pm25': 13201}}",2.35,9.27,33.99,1.24,1.71,1.28,645534918,17.6,MOD-00613,25.5,2026-03-31T17:31:22,2026-03-31T10:31:22,https://api.quant-aq.com/v1/devices/MOD-00613/data/645534767
814.5,497.89,"{'lat': None, 'lon': None}","{'rh': 17.7, 'temp': 25.5, 'wd': 0.0, 'ws': 0.0, 'ws_scalar': 0.0}","{'gas': {'co': 13498, 'co2': 13260, 'no': 13586, 'no2': 13765, 'o3': 13745}, 'pm': {'pm1': 13200, 'pm10': 13202, 'pm25': 13201}}",2.35,9.26,33.49,0.84,2.41,0.86,645534921,17.7,MOD-00613,25.5,2026-03-31T17:30:22,2026-03-31T10:30:22,https://api.quant-aq.com/v1/devices/MOD-00613/data/645534769
813.75,496.2,"{'lat': None, 'lon': None}","{'rh': 17.6, 'temp': 25.5, 'wd': 0.0, 'ws': 0.0, 'ws_scalar': 0.0}","{'gas': {'co': 13498, 'co2': 13260, 'no': 13586, 'no2': 13765, 'o3': 13745}, 'pm': {'pm1': 13200, 'pm10': 13202, 'pm25': 13201}}",2.35,9.27,33.76,0.9,1.17,0.98,645534920,17.6,MOD-00613,25.5,2026-03-31T17:29:22,2026-03-31T10:29:22,https://api.quant-aq.com/v1/devices/MOD-00613/data/645534770
816.63,490.42,"{'lat': None, 'lon': None}","{'rh': 17.6, 'temp': 25.5, 'wd': 0.0, 'ws': 0.0, 'ws_scalar': 0.0}","{'gas': {'co': 13498, 'co2': 13260, 'no': 13586, 'no2': 13765, 'o3': 13745}, 'pm': {'pm1': 13200, 'pm10': 13202, 'pm25': 13201}}",2.35,9.27,34.23,0.87,1.49,0.97,645534917,17.6,MOD-00613,25.5,2026-03-31T17:28:22,2026-03-31T10:28:22,https://api.quant-aq.com/v1/devices/MOD-00613/data/645534766
811.77,490.3,"{'lat': None, 'lon': None}","{'rh': 17.5, 'temp': 25.5, 'wd': 0.0, 'ws': 0.0, 'ws_scalar': 0.0}","{'gas': {'co': 13498, 'co2': 13260, 'no': 13586, 'no2': 13765, 'o3': 13745}, 'pm': {'pm1': 13200, 'pm10': 13202, 'pm25': 13201}}",2.35,9.28,34.02,0.75,0.91,0.87,645534919,17.5,MOD-00613,25.5,2026-03-31T17:27:22,2026-03-31T10:27:22,https://api.quant-aq.com/v1/devices/MOD-00613/data/645534768
815.88,490.06,"{'lat': None, 'lon': None}","{'rh': 17.5, 'temp': 25.5, 'wd': 0.0, 'ws': 0.0, 'ws_scalar': 0.0}","{'gas': {'co': 13498, 'co2': 13260, 'no': 13586, 'no2': 13765, 'o3': 13745}, 'pm': {'pm1': 13200, 'pm10': 13202, 'pm25': 13201}}",2.35,8.8,34.02,0.85,0.94,0.94,645532126,17.5,MOD-00613,25.5,2026-03-31T17:26:22,2026-03-31T10:26:22,https://api.quant-aq.com/v1/devices/MOD-00613/data/645531975
814.57,489.58,"{'lat': None, 'lon': None}","{'rh': 17.6, 'temp': 25.5, 'wd': 0.0, 'ws': 0.0, 'ws_scalar': 0.0}","{'gas': {'co': 13498, 'co2': 13260, 'no': 13586, 'no2': 13765, 'o3': 13745}, 'pm': {'pm1': 13200, 'pm10': 13202, 'pm25': 13201}}",2.35,9.27,33.76,0.99,2.67,1.08,645532124,17.6,MOD-00613,25.5,2026-03-31T17:25:22,2026-03-31T10:25:22,https://api.quant-aq.com/v1/devices/MOD-00613/data/645531973
819.5,488.25,"{'lat': None, 'lon': None}","{'rh': 17.6, 'temp': 25.5, 'wd': 0.0, 'ws': 0.0, 'ws_scalar': 0.0}","{'gas': {'co': 13498, 'co2': 13260, 'no': 13586, 'no2': 13765, 'o3': 13745}, 'pm': {'pm1': 13200, 'pm10': 13202, 'pm25': 13201}}",2.35,9.27,34.47,0.8,2.57,0.92,645532125,17.6,MOD-00613,25.5,2026-03-31T17:24:22,2026-03-31T10:24:22,https://api.quant-aq.com/v1/devices/MOD-00613/data/645531974
815.06,489.1,"{'lat': None, 'lon': None}","{'rh': 17.5, 'temp': 25.5, 'wd': 0.0, 'ws': 0.0, 'ws_scalar': 0.0}","{'gas': {'co': 13498, 'co2': 13260, 'no': 13586, 'no2': 13765, 'o3': 13745}, 'pm': {'pm1': 13200, 'pm10': 13202, 'pm25': 13201}}",2.35,9.28,34.26,1.14,3.02,1.27,645532123,17.5,MOD-00613,25.5,2026-03-31T17:23:22,2026-03-31T10:23:22,https://api.quant-aq.com/v1/devices/MOD-00613/data/645531972
812.59,490.78,"{'lat': None, 'lon': None}","{'rh': 17.5, 'temp': 25.5, 'wd': 0.0, 'ws': 0.0, 'ws_scalar': 0.0}","{'gas': {'co': 13498, 'co2': 13260, 'no': 13586, 'no2': 13765, 'o3': 13745}, 'pm': {'pm1': 13200, 'pm10': 13202, 'pm25': 13201}}",2.35,9.28,34.73,1.05,2.97,1.18,645532122,17.5,MOD-00613,25.5,2026-03-31T17:22:22,2026-03-31T10:22:22,https://api.quant-aq.com/v1/devices/MOD-00613/data/645531971
816.52,489.22,"{'lat': None, 'lon': None}","{'rh': 17.6, 'temp': 25.4, 'wd': 0.0, 'ws': 0.0, 'ws_scalar': 0.0}","{'gas': {'co': 13498, 'co2': 13260, 'no': 13586, 'no2': 13765, 'o3': 13745}, 'pm': {'pm1': 13200, 'pm10': 13202, 'pm25': 13201}}",2.35,9.27,33.97,1.26,1.47,1.38,645529356,17.6,MOD-00613,25.4,2026-03-31T17:21:22,2026-03-31T10:21:22,https://api.quant-aq.com/v1/devices/MOD-00613/data/645529205
822.75,488.85,"{'lat': None, 'lon': None}","{'rh': 17.5, 'temp': 25.4, 'wd': 0.0, 'ws': 0.0, 'ws_scalar': 0.0}","{'gas': {'co': 13498, 'co2': 13260, 'no': 13586, 'no2': 13765, 'o3': 13745}, 'pm': {'pm1': 13200, 'pm10': 13202, 'pm25': 13201}}",2.35,9.28,34.47,0.92,1.22,0.98,645529355,17.5,MOD-00613,25.4,2026-03-31T17:20:22,2026-03-31T10:20:22,https://api.quant-aq.com/v1/devices/MOD-00613/data/645529202
813.31,486.2,"{'lat': None, 'lon': None}","{'rh': 17.5, 'temp': 25.4, 'wd': 0.0, 'ws': 0.0, 'ws_scalar': 0.0}","{'gas': {'co': 13498, 'co2': 13260, 'no': 13586, 'no2': 13765, 'o3': 13745}, 'pm': {'pm1': 13200, 'pm10': 13202, 'pm25': 13201}}",2.35,9.28,33.99,0.77,0.9,0.85,645529354,17.5,MOD-00613,25.4,2026-03-31T17:19:22,2026-03-31T10:19:22,https://api.quant-aq.com/v1/devices/MOD-00613/data/645529204
815.29,485.48,"{'lat': None, 'lon': None}","{'rh': 17.6, 'temp': 25.4, 'wd': 0.0, 'ws': 0.0, 'ws_scalar': 0.0}","{'gas': {'co': 13498, 'co2': 13260, 'no': 13586, 'no2': 13765, 'o3': 13745}, 'pm': {'pm1': 13200, 'pm10': 13202, 'pm25': 13201}}",2.35,9.27,33.73,1.01,1.15,1.07,645529353,17.6,MOD-00613,25.4,2026-03-31T17:18:22,2026-03-31T10:18:22,https://api.quant-aq.com/v1/devices/MOD-00613/data/645529203
813.16,484.16,"{'lat': None, 'lon': None}","{'rh': 17.7, 'temp': 25.4, 'wd': 0.0, 'ws': 0.0, 'ws_scalar': 0.0}","{'gas': {'co': 13498, 'co2': 13260, 'no': 13586, 'no2': 13765, 'o3': 13745}, 'pm': {'pm1': 13200, 'pm10': 13202, 'pm25': 13201}}",2.35,9.26,33.94,0.75,1.05,0.81,645529352,17.7,MOD-00613,25.4,2026-03-31T17:17:22,2026-03-31T10:17:22,https://api.quant-aq.com/v1/devices/MOD-00613/data/645529200
821.78,482.95,"{'lat': None, 'lon': None}","{'rh': 17.7, 'temp': 25.4, 'wd': 0.0, 'ws': 0.0, 'ws_scalar': 0.0}","{'gas': {'co': 13498, 'co2': 13260, 'no': 13586, 'no2': 13765, 'o3': 13745}, 'pm': {'pm1': 13200, 'pm10': 13202, 'pm25': 13201}}",2.35,9.26,34.41,0.94,1.07,1.02,645526579,17.7,MOD-00613,25.4,2026-03-31T17:16:22,2026-03-31T10:16:22,https://api.quant-aq.com/v1/devices/MOD-00613/data/645526429
818.98,482.47,"{'lat': None, 'lon': None}","{'rh': 17.6, 'temp': 25.4, 'wd': 0.0, 'ws': 0.0, 'ws_scalar': 0.0}","{'gas': {'co': 13498, 'co2': 13260, 'no': 13586, 'no2': 13765, 'o3': 13745}, 'pm': {'pm1': 13200, 'pm10': 13202, 'pm25': 13201}}",2.35,9.27,33.97,1.07,1.36,1.16,645526578,17.6,MOD-00613,25.4,2026-03-31T17:15:22,2026-03-31T10:15:22,https://api.quant-aq.com/v1/devices/MOD-00613/data/645526425
818.98,481.99,"{'lat': None, 'lon': None}","{'rh': 17.6, 'temp': 25.4, 'wd': 0.0, 'ws': 0.0, 'ws_scalar': 0.0}","{'gas': {'co': 13498, 'co2': 13260, 'no': 13586, 'no2': 13765, 'o3': 13745}, 'pm': {'pm1': 13200, 'pm10': 13202, 'pm25': 13201}}",2.35,9.27,34.44,1.02,1.09,1.05,645526576,17.6,MOD-00613,25.4,2026-03-31T17:14:22,2026-03-31T10:14:22,https://api.quant-aq.com/v1/devices/MOD-00613/data/645526427
818.16,481.99,"{'lat': None, 'lon': None}","{'rh': 17.6, 'temp': 25.4, 'wd': 0.0, 'ws': 0.0, 'ws_scalar': 0.0}","{'gas': {'co': 13498, 'co2': 13260, 'no': 13586, 'no2': 13765, 'o3': 13745}, 'pm': {'pm1': 13200, 'pm10': 13202, 'pm25': 13201}}",2.35,9.27,33.97,0.94,1.26,0.95,645526581,17.6,MOD-00613,25.4,2026-03-31T17:13:22,2026-03-31T10:13:22,https://api.quant-aq.com/v1/devices/MOD-00613/data/645526430
815.52,483.55,"{'lat': None, 'lon': None}","{'rh': 17.7, 'temp': 25.3, 'wd': 0.0, 'ws': 0.0, 'ws_scalar': 0.0}","{'gas': {'co': 13498, 'co2': 13260, 'no': 13586, 'no2': 13765, 'o3': 13745}, 'pm': {'pm1': 13200, 'pm10': 13202, 'pm25': 13201}}",2.35,9.27,33.91,0.75,1.44,0.85,645526580,17.7,MOD-00613,25.3,2026-03-31T17:12:22,2026-03-31T10:12:22,https://api.quant-aq.com/v1/devices/MOD-00613/data/645526428
816.82,478.74,"{'lat': None, 'lon': None}","{'rh': 17.6, 'temp': 25.3, 'wd': 0.0, 'ws': 0.0, 'ws_scalar': 0.0}","{'gas': {'co': 13498, 'co2': 13260, 'no': 13586, 'no2': 13765, 'o3': 13745}, 'pm': {'pm1': 13200, 'pm10': 13202, 'pm25': 13201}}",2.35,9.28,34.41,0.76,0.8,0.8,645523776,17.6,MOD-00613,25.3,2026-03-31T17:11:22,2026-03-31T10:11:22,https://api.quant-aq.com/v1/devices/MOD-00613/data/645523625
820.11,479.94,"{'lat': None, 'lon': None}","{'rh': 17.6, 'temp': 25.3, 'wd': 0.0, 'ws': 0.0, 'ws_scalar': 0.0}","{'gas': {'co': 13498, 'co2': 13260, 'no': 13586, 'no2': 13765, 'o3': 13745}, 'pm': {'pm1': 13200, 'pm10': 13202, 'pm25': 13201}}",2.35,9.28,33.7,0.59,5.21,0.69,645523777,17.6,MOD-00613,25.3,2026-03-31T17:10:22,2026-03-31T10:10:22,https://api.quant-aq.com/v1/devices/MOD-00613/data/645523626
818.46,477.65,"{'lat': None, 'lon': None}","{'rh': 17.6, 'temp': 25.3, 'wd': 0.0, 'ws': 0.0, 'ws_scalar': 0.0}","{'gas': {'co': 13498, 'co2': 13260, 'no': 13586, 'no2': 13765, 'o3': 13745}, 'pm': {'pm1': 13200, 'pm10': 13202, 'pm25': 13201}}",2.35,9.28,33.94,0.88,11.68,0.95,645523774,17.6,MOD-00613,25.3,2026-03-31T17:09:22,2026-03-31T10:09:22,https://api.quant-aq.com/v1/devices/MOD-00613/data/645523623
817.57,478.98,"{'lat': None, 'lon': None}","{'rh': 17.7, 'temp': 25.3, 'wd': 0.0, 'ws': 0.0, 'ws_scalar': 0.0}","{'gas': {'co': 13498, 'co2': 13260, 'no': 13586, 'no2': 13765, 'o3': 13745}, 'pm': {'pm1': 13200, 'pm10': 13202, 'pm25': 13201}}",2.35,9.27,33.91,1.11,1.25,1.21,645523775,17.7,MOD-00613,25.3,2026-03-31T17:08:22,2026-03-31T10:08:22,https://api.quant-aq.com/v1/devices/MOD-00613/data/645523624
822.16,478.74,"{'lat': None, 'lon': None}","{'rh': 17.6, 'temp': 25.3, 'wd': 0.0, 'ws': 0.0, 'ws_scalar': 0.0}","{'gas': {'co': 13498, 'co2': 13260, 'no': 13586, 'no2': 13765, 'o3': 13745}, 'pm': {'pm1': 13200, 'pm10': 13202, 'pm25': 13201}}",2.35,9.28,34.41,0.87,3.2,0.99,645523773,17.6,MOD-00613,25.3,2026-03-31T17:07:22,2026-03-31T10:07:22,https://api.quant-aq.com/v1/devices/MOD-00613/data/645523622
809.77,481.03,"{'lat': None, 'lon': None}","{'rh': 17.7, 'temp': 25.3, 'wd': 0.0, 'ws': 0.0, 'ws_scalar': 0.0}","{'gas': {'co': 13498, 'co2': 13260, 'no': 13586, 'no2': 13765, 'o3': 13745}, 'pm': {'pm1': 13200, 'pm10': 13202, 'pm25': 13201}}",2.35,9.27,34.15,0.81,1.67,0.88,645521010,17.7,MOD-00613,25.3,2026-03-31T17:06:22,2026-03-31T10:06:22,https://api.quant-aq.com/v1/devices/MOD-00613/data/645520859
821.68,481.27,"{'lat': None, 'lon': None}","{'rh': 17.7, 'temp': 25.3, 'wd': 0.0, 'ws': 0.0, 'ws_scalar': 0.0}","{'gas': {'co': 13498, 'co2': 13260, 'no': 13586, 'no2': 13765, 'o3': 13745}, 'pm': {'pm1': 13200, 'pm10': 13202, 'pm25': 13201}}",2.35,9.27,34.15,0.73,5.73,0.86,645521009,17.7,MOD-00613,25.3,2026-03-31T17:05:22,2026-03-31T10:05:22,https://api.quant-aq.com/v1/devices/MOD-00613/data/645520858
817.64,481.63,"{'lat': None, 'lon': None}","{'rh': 17.6, 'temp': 25.3, 'wd': 0.0, 'ws': 0.0, 'ws_scalar': 0.0}","{'gas': {'co': 13498, 'co2': 13260, 'no': 13586, 'no2': 13765, 'o3': 13745}, 'pm': {'pm1': 13200, 'pm10': 13202, 'pm25': 13201}}",2.35,9.28,33.94,0.81,1.42,0.87,645521013,17.6,MOD-00613,25.3,2026-03-31T17:04:22,2026-03-31T10:04:22,https://api.quant-aq.com/v1/devices/MOD-00613/data/645520862
815.45,476.57,"{'lat': None, 'lon': None}","{'rh': 17.8, 'temp': 25.3, 'wd': 0.0, 'ws': 0.0, 'ws_scalar': 0.0}","{'gas': {'co': 13498, 'co2': 13260, 'no': 13586, 'no2': 13765, 'o3': 13745}, 'pm': {'pm1': 13200, 'pm10': 13202, 'pm25': 13201}}",2.35,9.45,34.35,0.89,1.02,0.91,645521012,17.8,MOD-00613,25.3,2026-03-31T17:03:22,2026-03-31T10:03:22,https://api.quant-aq.com/v1/devices/MOD-00613/data/645520860
813.77,480.66,"{'lat': None, 'lon': None}","{'rh': 17.7, 'temp': 25.2, 'wd': 0.0, 'ws': 0.0, 'ws_scalar': 0.0}","{'gas': {'co': 13498, 'co2': 13260, 'no': 13586, 'no2': 13765, 'o3': 13745}, 'pm': {'pm1': 13200, 'pm10': 13202, 'pm25': 13201}}",2.35,9.27,34.12,0.62,0.64,0.64,645521011,17.7,MOD-00613,25.2,2026-03-31T17:02:22,2026-03-31T10:02:22,https://api.quant-aq.com/v1/devices/MOD-00613/data/645520861
820.0,478.5,"{'lat': None, 'lon': None}","{'rh': 17.6, 'temp': 25.2, 'wd': 0.0, 'ws': 0.0, 'ws_scalar': 0.0}","{'gas': {'co': 13498, 'co2': 13260, 'no': 13586, 'no2': 13765, 'o3': 13745}, 'pm': {'pm1': 13200, 'pm10': 13202, 'pm25': 13201}}",2.35,9.29,33.91,0.96,0.98,0.98,645518252,17.6,MOD-00613,25.2,2026-03-31T17:01:22,2026-03-31T10:01:22,https://api.quant-aq.com/v1/devices/MOD-00613/data/645518102
814.59,478.13,"{'lat': None, 'lon': None}","{'rh': 17.7, 'temp': 25.2, 'wd': 0.0, 'ws': 0.0, 'ws_scalar': 0.0}","{'gas': {'co': 13498, 'co2': 13260, 'no': 13586, 'no2': 13765, 'o3': 13745}, 'pm': {'pm1': 13200, 'pm10': 13202, 'pm25': 13201}}",2.35,9.28,34.36,0.67,2.92,0.82,645518257,17.7,MOD-00613,25.2,2026-03-31T17:00:22,2026-03-31T10:00:22,https://api.quant-aq.com/v1/devices/MOD-00613/data/645518106
815.07,477.05,"{'lat': None, 'lon': None}","{'rh': 17.6, 'temp': 25.2, 'wd': 0.0, 'ws': 0.0, 'ws_scalar': 0.0}","{'gas': {'co': 13498, 'co2': 13260, 'no': 13586, 'no2': 13765, 'o3': 13745}, 'pm': {'pm1': 13200, 'pm10': 13202, 'pm25': 13201}}",2.35,9.28,34.62,0.83,5.85,0.88,645518251,17.6,MOD-00613,25.2,2026-03-31T16:59:22,2026-03-31T09:59:22,https://api.quant-aq.com/v1/devices/MOD-00613/data/645518100
815.48,476.81,"{'lat': None, 'lon': None}","{'rh': 17.6, 'temp': 25.2, 'wd': 0.0, 'ws': 0.0, 'ws_scalar': 0.0}","{'gas': {'co': 13498, 'co2': 13260, 'no': 13586, 'no2': 13765, 'o3': 13745}, 'pm': {'pm1': 13200, 'pm10': 13202, 'pm25': 13201}}",2.35,9.29,34.15,2.59,2.63,2.63,645518253,17.6,MOD-00613,25.2,2026-03-31T16:58:22,2026-03-31T09:58:22,https://api.quant-aq.com/v1/devices/MOD-00613/data/645518103
821.64,476.57,"{'lat': None, 'lon': None}","{'rh': 17.6, 'temp': 25.2, 'wd': 0.0, 'ws': 0.0, 'ws_scalar': 0.0}","{'gas': {'co': 13498, 'co2': 13260, 'no': 13586, 'no2': 13765, 'o3': 13745}, 'pm': {'pm1': 13200, 'pm10': 13202, 'pm25': 13201}}",2.35,9.28,34.62,0.72,1.1,0.85,645518255,17.6,MOD-00613,25.2,2026-03-31T16:57:22,2026-03-31T09:57:22,https://api.quant-aq.com/v1/devices/MOD-00613/data/645518105
815.0,477.29,"{'lat': None, 'lon': None}","{'rh': 17.7, 'temp': 25.2, 'wd': 0.0, 'ws': 0.0, 'ws_scalar': 0.0}","{'gas': {'co': 13498, 'co2': 13260, 'no': 13586, 'no2': 13765, 'o3': 13745}, 'pm': {'pm1': 13200, 'pm10': 13202, 'pm25': 13201}}",2.35,9.28,34.36,0.55,1.25,0.66,645515532,17.7,MOD-00613,25.2,2026-03-31T16:56:22,2026-03-31T09:56:22,https://api.quant-aq.com/v1/devices/MOD-00613/data/645515381
815.0,476.93,"{'lat': None, 'lon': None}","{'rh': 17.7, 'temp': 25.2, 'wd': 0.0, 'ws': 0.0, 'ws_scalar': 0.0}","{'gas': {'co': 13498, 'co2': 13260, 'no': 13586, 'no2': 13765, 'o3': 13745}, 'pm': {'pm1': 13200, 'pm10': 13202, 'pm25': 13201}}",2.35,9.28,34.12,0.85,1.89,0.98,645515531,17.7,MOD-00613,25.2,2026-03-31T16:55:22,2026-03-31T09:55:22,https://api.quant-aq.com/v1/devices/MOD-00613/data/645515380
817.05,475.73,"{'lat': None, 'lon': None}","{'rh': 17.7, 'temp': 25.2, 'wd': 0.0, 'ws': 0.0, 'ws_scalar': 0.0}","{'gas': {'co': 13498, 'co2': 13260, 'no': 13586, 'no2': 13765, 'o3': 13745}, 'pm': {'pm1': 13200, 'pm10': 13202, 'pm25': 13201}}",2.35,9.28,34.36,1.07,10.47,1.12,645515528,17.7,MOD-00613,25.2,2026-03-31T16:54:22,2026-03-31T09:54:22,https://api.quant-aq.com/v1/devices/MOD-00613/data/645515377
824.1,473.8,"{'lat': None, 'lon': None}","{'rh': 17.6, 'temp': 25.2, 'wd': 0.0, 'ws': 0.0, 'ws_scalar': 0.0}","{'gas': {'co': 13498, 'co2': 13260, 'no': 13586, 'no2': 13765, 'o3': 13745}, 'pm': {'pm1': 13200, 'pm10': 13202, 'pm25': 13201}}",2.35,9.28,34.39,0.77,0.81,0.81,645515530,17.6,MOD-00613,25.2,2026-03-31T16:53:22,2026-03-31T09:53:22,https://api.quant-aq.com/v1/devices/MOD-00613/data/645515379
820.34,473.56,"{'lat': None, 'lon': None}","{'rh': 17.7, 'temp': 25.2, 'wd': 0.0, 'ws': 0.0, 'ws_scalar': 0.0}","{'gas': {'co': 13498, 'co2': 13260, 'no': 13586, 'no2': 13765, 'o3': 13745}, 'pm': {'pm1': 13200, 'pm10': 13202, 'pm25': 13201}}",2.35,9.28,34.12,0.47,0.62,0.53,645515529,17.7,MOD-00613,25.2,2026-03-31T16:52:22,2026-03-31T09:52:22,https://api.quant-aq.com/v1/devices/MOD-00613/data/645515378
825.67,474.16,"{'lat': None, 'lon': None}","{'rh': 17.7, 'temp': 25.2, 'wd': 0.0, 'ws': 0.0, 'ws_scalar': 0.0}","{'gas': {'co': 13498, 'co2': 13260, 'no': 13586, 'no2': 13765, 'o3': 13745}, 'pm': {'pm1': 13200, 'pm10': 13202, 'pm25': 13201}}",2.35,9.27,34.12,0.63,0.73,0.69,645512673,17.7,MOD-00613,25.2,2026-03-31T16:51:22,2026-03-31T09:51:22,https://api.quant-aq.com/v1/devices/MOD-00613/data/645512522
820.75,470.67,"{'lat': None, 'lon': None}","{'rh': 17.7, 'temp': 25.2, 'wd': 0.0, 'ws': 0.0, 'ws_scalar': 0.0}","{'gas': {'co': 13498, 'co2': 13260, 'no': 13586, 'no2': 13765, 'o3': 13745}, 'pm': {'pm1': 13200, 'pm10': 13202, 'pm25': 13201}}",2.35,9.27,33.64,0.66,0.83,0.75,645512672,17.7,MOD-00613,25.2,2026-03-31T16:50:22,2026-03-31T09:50:22,https://api.quant-aq.com/v1/devices/MOD-00613/data/645512521
818.7,472.71,"{'lat': None, 'lon': None}","{'rh': 17.7, 'temp': 25.2, 'wd': 0.0, 'ws': 0.0, 'ws_scalar': 0.0}","{'gas': {'co': 13498, 'co2': 13260, 'no': 13586, 'no2': 13765, 'o3': 13745}, 'pm': {'pm1': 13200, 'pm10': 13202, 'pm25': 13201}}",2.35,9.28,34.12,0.87,1.06,0.9,645512674,17.7,MOD-00613,25.2,2026-03-31T16:49:22,2026-03-31T09:49:22,https://api.quant-aq.com/v1/devices/MOD-00613/data/645512523
819.0,472.59,"{'lat': None, 'lon': None}","{'rh': 17.7, 'temp': 25.1, 'wd': 0.0, 'ws': 0.0, 'ws_scalar': 0.0}","{'gas': {'co': 13498, 'co2': 13260, 'no': 13586, 'no2': 13765, 'o3': 13745}, 'pm': {'pm1': 13200, 'pm10': 13202, 'pm25': 13201}}",2.35,9.28,34.09,0.48,0.71,0.55,645512671,17.7,MOD-00613,25.1,2026-03-31T16:48:22,2026-03-31T09:48:22,https://api.quant-aq.com/v1/devices/MOD-00613/data/645512520
814.89,471.99,"{'lat': None, 'lon': None}","{'rh': 17.7, 'temp': 25.1, 'wd': 0.0, 'ws': 0.0, 'ws_scalar': 0.0}","{'gas': {'co': 13498, 'co2': 13260, 'no': 13586, 'no2': 13765, 'o3': 13745}, 'pm': {'pm1': 13200, 'pm10': 13202, 'pm25': 13201}}",2.35,9.47,33.38,0.93,1.2,1.0,645512675,17.7,MOD-00613,25.1,2026-03-31T16:47:22,2026-03-31T09:47:22,https://api.quant-aq.com/v1/devices/MOD-00613/data/645512524
821.05,474.28,"{'lat': None, 'lon': None}","{'rh': 17.7, 'temp': 25.1, 'wd': 0.0, 'ws': 0.0, 'ws_scalar': 0.0}","{'gas': {'co': 13498, 'co2': 13260, 'no': 13586, 'no2': 13765, 'o3': 13745}, 'pm': {'pm1': 13200, 'pm10': 13202, 'pm25': 13201}}",2.35,9.47,33.85,0.79,0.88,0.84,645509883,17.7,MOD-00613,25.1,2026-03-31T16:46:22,2026-03-31T09:46:22,https://api.quant-aq.com/v1/devices/MOD-00613/data/645509733
821.87,472.59,"{'lat': None, 'lon': None}","{'rh': 17.7, 'temp': 25.1, 'wd': 0.0, 'ws': 0.0, 'ws_scalar': 0.0}","{'gas': {'co': 13498, 'co2': 13260, 'no': 13586, 'no2': 13765, 'o3': 13745}, 'pm': {'pm1': 13200, 'pm10': 13202, 'pm25': 13201}}",2.35,9.47,33.62,0.75,0.86,0.81,645509881,17.7,MOD-00613,25.1,2026-03-31T16:45:22,2026-03-31T09:45:22,https://api.quant-aq.com/v1/devices/MOD-00613/data/645509731
817.77,472.84,"{'lat': None, 'lon': None}","{'rh': 17.7, 'temp': 25.1, 'wd': 0.0, 'ws': 0.0, 'ws_scalar': 0.0}","{'gas': {'co': 13498, 'co2': 13260, 'no': 13586, 'no2': 13765, 'o3': 13745}, 'pm': {'pm1': 13200, 'pm10': 13202, 'pm25': 13201}}",2.35,9.28,33.62,1.08,1.32,1.12,645509886,17.7,MOD-00613,25.1,2026-03-31T16:44:22,2026-03-31T09:44:22,https://api.quant-aq.com/v1/devices/MOD-00613/data/645509735
817.77,473.32,"{'lat': None, 'lon': None}","{'rh': 17.7, 'temp': 25.1, 'wd': 0.0, 'ws': 0.0, 'ws_scalar': 0.0}","{'gas': {'co': 13498, 'co2': 13260, 'no': 13586, 'no2': 13765, 'o3': 13745}, 'pm': {'pm1': 13200, 'pm10': 13202, 'pm25': 13201}}",2.35,9.28,33.85,0.56,0.62,0.62,645509885,17.7,MOD-00613,25.1,2026-03-31T16:43:22,2026-03-31T09:43:22,https://api.quant-aq.com/v1/devices/MOD-00613/data/645509734
816.12,472.35,"{'lat': None, 'lon': None}","{'rh': 17.7, 'temp': 25.1, 'wd': 0.0, 'ws': 0.0, 'ws_scalar': 0.0}","{'gas': {'co': 13498, 'co2': 13260, 'no': 13586, 'no2': 13765, 'o3': 13745}, 'pm': {'pm1': 13200, 'pm10': 13202, 'pm25': 13201}}",2.35,9.28,33.85,0.74,0.87,0.83,645509879,17.7,MOD-00613,25.1,2026-03-31T16:42:22,2026-03-31T09:42:22,https://api.quant-aq.com/v1/devices/MOD-00613/data/645509730
819.82,472.84,"{'lat': None, 'lon': None}","{'rh': 17.7, 'temp': 25.1, 'wd': 0.0, 'ws': 0.0, 'ws_scalar': 0.0}","{'gas': {'co': 13498, 'co2': 13260, 'no': 13586, 'no2': 13765, 'o3': 13745}, 'pm': {'pm1': 13200, 'pm10': 13202, 'pm25': 13201}}",2.35,9.28,33.85,0.64,0.69,0.69,645507085,17.7,MOD-00613,25.1,2026-03-31T16:41:22,2026-03-31T09:41:22,https://api.quant-aq.com/v1/devices/MOD-00613/data/645506935
820.98,473.32,"{'lat': None, 'lon': None}","{'rh': 17.8, 'temp': 25.1, 'wd': 0.0, 'ws': 0.0, 'ws_scalar': 0.0}","{'gas': {'co': 13498, 'co2': 13260, 'no': 13586, 'no2': 13765, 'o3': 13745}, 'pm': {'pm1': 13200, 'pm10': 13202, 'pm25': 13201}}",2.35,9.46,34.06,0.73,0.78,0.78,645507083,17.8,MOD-00613,25.1,2026-03-31T16:40:22,2026-03-31T09:40:22,https://api.quant-aq.com/v1/devices/MOD-00613/data/645506934
814.41,474.64,"{'lat': None, 'lon': None}","{'rh': 17.8, 'temp': 25.1, 'wd': 0.0, 'ws': 0.0, 'ws_scalar': 0.0}","{'gas': {'co': 13498, 'co2': 13260, 'no': 13586, 'no2': 13765, 'o3': 13745}, 'pm': {'pm1': 13200, 'pm10': 13202, 'pm25': 13201}}",2.35,9.46,33.59,0.73,0.96,0.92,645507078,17.8,MOD-00613,25.1,2026-03-31T16:39:22,2026-03-31T09:39:22,https://api.quant-aq.com/v1/devices/MOD-00613/data/645506927
819.34,476.69,"{'lat': None, 'lon': None}","{'rh': 17.8, 'temp': 25.1, 'wd': 0.0, 'ws': 0.0, 'ws_scalar': 0.0}","{'gas': {'co': 13498, 'co2': 13260, 'no': 13586, 'no2': 13765, 'o3': 13745}, 'pm': {'pm1': 13200, 'pm10': 13202, 'pm25': 13201}}",2.35,9.46,33.35,0.66,0.77,0.73,645507079,17.8,MOD-00613,25.1,2026-03-31T16:38:22,2026-03-31T09:38:22,https://api.quant-aq.com/v1/devices/MOD-00613/data/645506929
821.39,476.21,"{'lat': None, 'lon': None}","{'rh': 17.8, 'temp': 25.1, 'wd': 0.0, 'ws': 0.0, 'ws_scalar': 0.0}","{'gas': {'co': 13498, 'co2': 13260, 'no': 13586, 'no2': 13765, 'o3': 13745}, 'pm': {'pm1': 13200, 'pm10': 13202, 'pm25': 13201}}",2.35,9.46,33.83,0.6,1.09,0.63,645507081,17.8,MOD-00613,25.1,2026-03-31T16:37:22,2026-03-31T09:37:22,https://api.quant-aq.com/v1/devices/MOD-00613/data/645506933
819.68,475.97,"{'lat': None, 'lon': None}","{'rh': 17.9, 'temp': 25.1, 'wd': 0.0, 'ws': 0.0, 'ws_scalar': 0.0}","{'gas': {'co': 13498, 'co2': 13260, 'no': 13586, 'no2': 13765, 'o3': 13745}, 'pm': {'pm1': 13200, 'pm10': 13202, 'pm25': 13201}}",2.35,9.45,34.27,0.57,0.84,0.63,645504321,17.9,MOD-00613,25.1,2026-03-31T16:36:22,2026-03-31T09:36:22,https://api.quant-aq.com/v1/devices/MOD-00613/data/645504169
816.05,475.36,"{'lat': None, 'lon': None}","{'rh': 17.8, 'temp': 25.1, 'wd': 0.0, 'ws': 0.0, 'ws_scalar': 0.0}","{'gas': {'co': 13498, 'co2': 13260, 'no': 13586, 'no2': 13765, 'o3': 13745}, 'pm': {'pm1': 13200, 'pm10': 13202, 'pm25': 13201}}",2.35,9.46,33.59,0.62,1.12,0.66,645504318,17.8,MOD-00613,25.1,2026-03-31T16:35:22,2026-03-31T09:35:22,https://api.quant-aq.com/v1/devices/MOD-00613/data/645504168
811.95,472.23,"{'lat': None, 'lon': None}","{'rh': 17.8, 'temp': 25.1, 'wd': 0.0, 'ws': 0.0, 'ws_scalar': 0.0}","{'gas': {'co': 13498, 'co2': 13260, 'no': 13586, 'no2': 13765, 'o3': 13745}, 'pm': {'pm1': 13200, 'pm10': 13202, 'pm25': 13201}}",2.35,9.47,34.06,0.47,0.56,0.52,645504319,17.8,MOD-00613,25.1,2026-03-31T16:34:22,2026-03-31T09:34:22,https://api.quant-aq.com/v1/devices/MOD-00613/data/645504167
816.87,472.84,"{'lat': None, 'lon': None}","{'rh': 17.8, 'temp': 25.1, 'wd': 0.0, 'ws': 0.0, 'ws_scalar': 0.0}","{'gas': {'co': 13498, 'co2': 13260, 'no': 13586, 'no2': 13765, 'o3': 13745}, 'pm': {'pm1': 13200, 'pm10': 13202, 'pm25': 13201}}",2.35,9.47,34.06,0.6,0.65,0.65,645504320,17.8,MOD-00613,25.1,2026-03-31T16:33:22,2026-03-31T09:33:22,https://api.quant-aq.com/v1/devices/MOD-00613/data/645504170
818.11,475.12,"{'lat': None, 'lon': None}","{'rh': 17.8, 'temp': 25.1, 'wd': 0.0, 'ws': 0.0, 'ws_scalar': 0.0}","{'gas': {'co': 13498, 'co2': 13260, 'no': 13586, 'no2': 13765, 'o3': 13745}, 'pm': {'pm1': 13200, 'pm10': 13202, 'pm25': 13201}}",2.35,9.46,33.83,0.5,0.68,0.52,645504317,17.8,MOD-00613,25.1,2026-03-31T16:32:22,2026-03-31T09:32:22,https://api.quant-aq.com/v1/devices/MOD-00613/data/645504166
817.21,471.27,"{'lat': None, 'lon': None}","{'rh': 17.9, 'temp': 25.1, 'wd': 0.0, 'ws': 0.0, 'ws_scalar': 0.0}","{'gas': {'co': 13498, 'co2': 13260, 'no': 13586, 'no2': 13765, 'o3': 13745}, 'pm': {'pm1': 13200, 'pm10': 13202, 'pm25': 13201}}",2.35,9.45,34.51,0.83,0.96,0.87,645501547,17.9,MOD-00613,25.1,2026-03-31T16:31:22,2026-03-31T09:31:22,https://api.quant-aq.com/v1/devices/MOD-00613/data/645501396
818.86,471.39,"{'lat': None, 'lon': None}","{'rh': 17.9, 'temp': 25.1, 'wd': 0.0, 'ws': 0.0, 'ws_scalar': 0.0}","{'gas': {'co': 13498, 'co2': 13260, 'no': 13586, 'no2': 13765, 'o3': 13745}, 'pm': {'pm1': 13200, 'pm10': 13202, 'pm25': 13201}}",2.35,9.45,34.03,0.59,0.59,0.59,645501546,17.9,MOD-00613,25.1,2026-03-31T16:30:22,2026-03-31T09:30:22,https://api.quant-aq.com/v1/devices/MOD-00613/data/645501395
813.93,473.56,"{'lat': None, 'lon': None}","{'rh': 17.9, 'temp': 25.1, 'wd': 0.0, 'ws': 0.0, 'ws_scalar': 0.0}","{'gas': {'co': 13498, 'co2': 13260, 'no': 13586, 'no2': 13765, 'o3': 13745}, 'pm': {'pm1': 13200, 'pm10': 13202, 'pm25': 13201}}",2.35,9.45,33.8,0.65,0.66,0.66,645501545,17.9,MOD-00613,25.1,2026-03-31T16:29:22,2026-03-31T09:29:22,https://api.quant-aq.com/v1/devices/MOD-00613/data/645501394
815.16,471.63,"{'lat': None, 'lon': None}","{'rh': 17.9, 'temp': 25.1, 'wd': 0.0, 'ws': 0.0, 'ws_scalar': 0.0}","{'gas': {'co': 13498, 'co2': 13260, 'no': 13586, 'no2': 13765, 'o3': 13745}, 'pm': {'pm1': 13200, 'pm10': 13202, 'pm25': 13201}}",2.35,9.45,34.51,0.75,1.01,0.81,645501543,17.9,MOD-00613,25.1,2026-03-31T16:28:22,2026-03-31T09:28:22,https://api.quant-aq.com/v1/devices/MOD-00613/data/645501392
820.91,469.94,"{'lat': None, 'lon': None}","{'rh': 17.9, 'temp': 25.1, 'wd': 0.0, 'ws': 0.0, 'ws_scalar': 0.0}","{'gas': {'co': 13498, 'co2': 13260, 'no': 13586, 'no2': 13765, 'o3': 13745}, 'pm': {'pm1': 13200, 'pm10': 13202, 'pm25': 13201}}",2.35,9.45,33.8,0.75,0.82,0.78,645501544,17.9,MOD-00613,25.1,2026-03-31T16:27:22,2026-03-31T09:27:22,https://api.quant-aq.com/v1/devices/MOD-00613/data/645501393
819.68,470.43,"{'lat': None, 'lon': None}","{'rh': 17.9, 'temp': 25.1, 'wd': 0.0, 'ws': 0.0, 'ws_scalar': 0.0}","{'gas': {'co': 13498, 'co2': 13260, 'no': 13586, 'no2': 13765, 'o3': 13745}, 'pm': {'pm1': 13200, 'pm10': 13202, 'pm25': 13201}}",2.35,9.45,33.8,0.72,0.93,0.77,645498727,17.9,MOD-00613,25.1,2026-03-31T16:26:22,2026-03-31T09:26:22,https://api.quant-aq.com/v1/devices/MOD-00613/data/645498576
815.16,470.67,"{'lat': None, 'lon': None}","{'rh': 17.9, 'temp': 25.1, 'wd': 0.0, 'ws': 0.0, 'ws_scalar': 0.0}","{'gas': {'co': 13498, 'co2': 13260, 'no': 13586, 'no2': 13765, 'o3': 13745}, 'pm': {'pm1': 13200, 'pm10': 13202, 'pm25': 13201}}",2.35,9.45,33.56,0.51,1.01,0.55,645498729,17.9,MOD-00613,25.1,2026-03-31T16:25:22,2026-03-31T09:25:22,https://api.quant-aq.com/v1/devices/MOD-00613/data/645498578
820.02,468.38,"{'lat': None, 'lon': None}","{'rh': 18.0, 'temp': 25.1, 'wd': 0.0, 'ws': 0.0, 'ws_scalar': 0.0}","{'gas': {'co': 13498, 'co2': 13260, 'no': 13586, 'no2': 13765, 'o3': 13745}, 'pm': {'pm1': 13200, 'pm10': 13202, 'pm25': 13201}}",2.35,9.17,34.01,0.67,1.16,0.69,645498726,18.0,MOD-00613,25.1,2026-03-31T16:24:22,2026-03-31T09:24:22,https://api.quant-aq.com/v1/devices/MOD-00613/data/645498575
815.09,472.11,"{'lat': None, 'lon': None}","{'rh': 18.0, 'temp': 25.1, 'wd': 0.0, 'ws': 0.0, 'ws_scalar': 0.0}","{'gas': {'co': 13498, 'co2': 13260, 'no': 13586, 'no2': 13765, 'o3': 13745}, 'pm': {'pm1': 13200, 'pm10': 13202, 'pm25': 13201}}",2.35,9.17,33.53,0.77,0.8,0.8,645498728,18.0,MOD-00613,25.1,2026-03-31T16:23:22,2026-03-31T09:23:22,https://api.quant-aq.com/v1/devices/MOD-00613/data/645498577
816.39,470.31,"{'lat': None, 'lon': None}","{'rh': 17.9, 'temp': 25.1, 'wd': 0.0, 'ws': 0.0, 'ws_scalar': 0.0}","{'gas': {'co': 13498, 'co2': 13260, 'no': 13586, 'no2': 13765, 'o3': 13745}, 'pm': {'pm1': 13200, 'pm10': 13202, 'pm25': 13201}}",2.35,9.45,33.56,0.58,0.61,0.61,645498725,17.9,MOD-00613,25.1,2026-03-31T16:22:22,2026-03-31T09:22:22,https://api.quant-aq.com/v1/devices/MOD-00613/data/645498574
821.66,470.31,"{'lat': None, 'lon': None}","{'rh': 18.0, 'temp': 25.1, 'wd': 0.0, 'ws': 0.0, 'ws_scalar': 0.0}","{'gas': {'co': 13498, 'co2': 13260, 'no': 13586, 'no2': 13765, 'o3': 13745}, 'pm': {'pm1': 13200, 'pm10': 13202, 'pm25': 13201}}",2.35,9.17,34.01,0.83,0.93,0.88,645495947,18.0,MOD-00613,25.1,2026-03-31T16:21:22,2026-03-31T09:21:22,https://api.quant-aq.com/v1/devices/MOD-00613/data/645495796
823.71,470.55,"{'lat': None, 'lon': None}","{'rh': 18.0, 'temp': 25.1, 'wd': 0.0, 'ws': 0.0, 'ws_scalar': 0.0}","{'gas': {'co': 13498, 'co2': 13260, 'no': 13586, 'no2': 13765, 'o3': 13745}, 'pm': {'pm1': 13200, 'pm10': 13202, 'pm25': 13201}}",2.35,9.17,34.01,0.66,0.72,0.72,645495946,18.0,MOD-00613,25.1,2026-03-31T16:20:22,2026-03-31T09:20:22,https://api.quant-aq.com/v1/devices/MOD-00613/data/645495794
819.2,470.06,"{'lat': None, 'lon': None}","{'rh': 18.0, 'temp': 25.1, 'wd': 0.0, 'ws': 0.0, 'ws_scalar': 0.0}","{'gas': {'co': 13498, 'co2': 13260, 'no': 13586, 'no2': 13765, 'o3': 13745}, 'pm': {'pm1': 13200, 'pm10': 13202, 'pm25': 13201}}",2.35,9.17,33.53,0.46,0.48,0.48,645495948,18.0,MOD-00613,25.1,2026-03-31T16:19:22,2026-03-31T09:19:22,https://api.quant-aq.com/v1/devices/MOD-00613/data/645495797
821.55,469.94,"{'lat': None, 'lon': None}","{'rh': 18.0, 'temp': 25.0, 'wd': 0.0, 'ws': 0.0, 'ws_scalar': 0.0}","{'gas': {'co': 13498, 'co2': 13260, 'no': 13586, 'no2': 13765, 'o3': 13745}, 'pm': {'pm1': 13200, 'pm10': 13202, 'pm25': 13201}}",2.35,9.18,33.98,0.65,0.75,0.71,645495944,18.0,MOD-00613,25.0,2026-03-31T16:18:22,2026-03-31T09:18:22,https://api.quant-aq.com/v1/devices/MOD-00613/data/645495793
822.37,468.86,"{'lat': None, 'lon': None}","{'rh': 18.0, 'temp': 25.0, 'wd': 0.0, 'ws': 0.0, 'ws_scalar': 0.0}","{'gas': {'co': 13498, 'co2': 13260, 'no': 13586, 'no2': 13765, 'o3': 13745}, 'pm': {'pm1': 13200, 'pm10': 13202, 'pm25': 13201}}",2.35,9.18,33.26,0.76,0.78,0.78,645495945,18.0,MOD-00613,25.0,2026-03-31T16:17:22,2026-03-31T09:17:22,https://api.quant-aq.com/v1/devices/MOD-00613/data/645495795
818.68,469.22,"{'lat': None, 'lon': None}","{'rh': 18.0, 'temp': 25.0, 'wd': 0.0, 'ws': 0.0, 'ws_scalar': 0.0}","{'gas': {'co': 13498, 'co2': 13260, 'no': 13586, 'no2': 13765, 'o3': 13745}, 'pm': {'pm1': 13200, 'pm10': 13202, 'pm25': 13201}}",2.35,9.18,33.74,0.37,0.47,0.43,645493213,18.0,MOD-00613,25.0,2026-03-31T16:16:22,2026-03-31T09:16:22,https://api.quant-aq.com/v1/devices/MOD-00613/data/645493062
819.09,468.26,"{'lat': None, 'lon': None}","{'rh': 18.0, 'temp': 25.0, 'wd': 0.0, 'ws': 0.0, 'ws_scalar': 0.0}","{'gas': {'co': 13498, 'co2': 13260, 'no': 13586, 'no2': 13765, 'o3': 13745}, 'pm': {'pm1': 13200, 'pm10': 13202, 'pm25': 13201}}",2.35,9.18,33.5,0.52,0.62,0.57,645493212,18.0,MOD-00613,25.0,2026-03-31T16:15:22,2026-03-31T09:15:22,https://api.quant-aq.com/v1/devices/MOD-00613/data/645493061
821.48,471.15,"{'lat': None, 'lon': None}","{'rh': 18.1, 'temp': 25.0, 'wd': 0.0, 'ws': 0.0, 'ws_scalar': 0.0}","{'gas': {'co': 13498, 'co2': 13260, 'no': 13586, 'no2': 13765, 'o3': 13745}, 'pm': {'pm1': 13200, 'pm10': 13202, 'pm25': 13201}}",2.35,9.17,33.47,0.71,0.72,0.72,645493209,18.1,MOD-00613,25.0,2026-03-31T16:14:22,2026-03-31T09:14:22,https://api.quant-aq.com/v1/devices/MOD-00613/data/645493058
823.6,466.69,"{'lat': None, 'lon': None}","{'rh': 18.0, 'temp': 25.0, 'wd': 0.0, 'ws': 0.0, 'ws_scalar': 0.0}","{'gas': {'co': 13498, 'co2': 13260, 'no': 13586, 'no2': 13765, 'o3': 13745}, 'pm': {'pm1': 13200, 'pm10': 13202, 'pm25': 13201}}",2.35,9.18,33.26,0.6,0.65,0.65,645493211,18.0,MOD-00613,25.0,2026-03-31T16:13:22,2026-03-31T09:13:22,https://api.quant-aq.com/v1/devices/MOD-00613/data/645493060
821.89,468.14,"{'lat': None, 'lon': None}","{'rh': 18.1, 'temp': 25.0, 'wd': 0.0, 'ws': 0.0, 'ws_scalar': 0.0}","{'gas': {'co': 13498, 'co2': 13260, 'no': 13586, 'no2': 13765, 'o3': 13745}, 'pm': {'pm1': 13200, 'pm10': 13202, 'pm25': 13201}}",2.35,9.17,33.47,0.68,0.86,0.69,645493210,18.1,MOD-00613,25.0,2026-03-31T16:12:22,2026-03-31T09:12:22,https://api.quant-aq.com/v1/devices/MOD-00613/data/645493059
818.2,471.27,"{'lat': None, 'lon': None}","{'rh': 18.1, 'temp': 25.0, 'wd': 0.0, 'ws': 0.0, 'ws_scalar': 0.0}","{'gas': {'co': 13498, 'co2': 13260, 'no': 13586, 'no2': 13765, 'o3': 13745}, 'pm': {'pm1': 13200, 'pm10': 13202, 'pm25': 13201}}",2.35,9.17,33.23,0.71,0.71,0.71,645490402,18.1,MOD-00613,25.0,2026-03-31T16:11:22,2026-03-31T09:11:22,https://api.quant-aq.com/v1/devices/MOD-00613/data/645490251
826.0,469.58,"{'lat': None, 'lon': None}","{'rh': 18.1, 'temp': 25.0, 'wd': 0.0, 'ws': 0.0, 'ws_scalar': 0.0}","{'gas': {'co': 13498, 'co2': 13260, 'no': 13586, 'no2': 13765, 'o3': 13745}, 'pm': {'pm1': 13200, 'pm10': 13202, 'pm25': 13201}}",2.35,9.17,33.47,0.54,0.65,0.61,645490401,18.1,MOD-00613,25.0,2026-03-31T16:10:22,2026-03-31T09:10:22,https://api.quant-aq.com/v1/devices/MOD-00613/data/645490250
826.41,468.98,"{'lat': None, 'lon': None}","{'rh': 18.1, 'temp': 25.0, 'wd': 0.0, 'ws': 0.0, 'ws_scalar': 0.0}","{'gas': {'co': 13498, 'co2': 13260, 'no': 13586, 'no2': 13765, 'o3': 13745}, 'pm': {'pm1': 13200, 'pm10': 13202, 'pm25': 13201}}",2.35,9.17,33.23,0.58,0.59,0.59,645490400,18.1,MOD-00613,25.0,2026-03-31T16:09:22,2026-03-31T09:09:22,https://api.quant-aq.com/v1/devices/MOD-00613/data/645490249
825.17,468.74,"{'lat': None, 'lon': None}","{'rh': 18.1, 'temp': 25.0, 'wd': 0.0, 'ws': 0.0, 'ws_scalar': 0.0}","{'gas': {'co': 13498, 'co2': 13260, 'no': 13586, 'no2': 13765, 'o3': 13745}, 'pm': {'pm1': 13200, 'pm10': 13202, 'pm25': 13201}}",2.35,9.17,33.0,0.58,0.66,0.66,645490399,18.1,MOD-00613,25.0,2026-03-31T16:08:22,2026-03-31T09:08:22,https://api.quant-aq.com/v1/devices/MOD-00613/data/645490248
823.94,469.58,"{'lat': None, 'lon': None}","{'rh': 18.1, 'temp': 25.0, 'wd': 0.0, 'ws': 0.0, 'ws_scalar': 0.0}","{'gas': {'co': 13498, 'co2': 13260, 'no': 13586, 'no2': 13765, 'o3': 13745}, 'pm': {'pm1': 13200, 'pm10': 13202, 'pm25': 13201}}",2.33,9.17,33.0,0.74,0.78,0.78,645490398,18.1,MOD-00613,25.0,2026-03-31T16:07:22,2026-03-31T09:07:22,https://api.quant-aq.com/v1/devices/MOD-00613/data/645490247
832.08,469.22,"{'lat': None, 'lon': None}","{'rh': 18.2, 'temp': 25.0, 'wd': 0.0, 'ws': 0.0, 'ws_scalar': 0.0}","{'gas': {'co': 13498, 'co2': 13260, 'no': 13586, 'no2': 13765, 'o3': 13745}, 'pm': {'pm1': 13200, 'pm10': 13202, 'pm25': 13201}}",2.33,9.16,33.21,0.52,0.53,0.53,645487634,18.2,MOD-00613,25.0,2026-03-31T16:06:22,2026-03-31T09:06:22,https://api.quant-aq.com/v1/devices/MOD-00613/data/645487483
831.67,469.34,"{'lat': None, 'lon': None}","{'rh': 18.2, 'temp': 25.0, 'wd': 0.0, 'ws': 0.0, 'ws_scalar': 0.0}","{'gas': {'co': 13498, 'co2': 13260, 'no': 13586, 'no2': 13765, 'o3': 13745}, 'pm': {'pm1': 13200, 'pm10': 13202, 'pm25': 13201}}",2.33,9.16,32.97,0.75,0.77,0.77,645487632,18.2,MOD-00613,25.0,2026-03-31T16:05:22,2026-03-31T09:05:22,https://api.quant-aq.com/v1/devices/MOD-00613/data/645487485
827.57,468.86,"{'lat': None, 'lon': None}","{'rh': 18.2, 'temp': 25.0, 'wd': 0.0, 'ws': 0.0, 'ws_scalar': 0.0}","{'gas': {'co': 13498, 'co2': 13260, 'no': 13586, 'no2': 13765, 'o3': 13745}, 'pm': {'pm1': 13200, 'pm10': 13202, 'pm25': 13201}}",2.33,9.16,32.73,0.9,1.01,0.97,645487639,18.2,MOD-00613,25.0,2026-03-31T16:04:22,2026-03-31T09:04:22,https://api.quant-aq.com/v1/devices/MOD-00613/data/645487487
827.98,469.1,"{'lat': None, 'lon': None}","{'rh': 18.2, 'temp': 25.0, 'wd': 0.0, 'ws': 0.0, 'ws_scalar': 0.0}","{'gas': {'co': 13498, 'co2': 13260, 'no': 13586, 'no2': 13765, 'o3': 13745}, 'pm': {'pm1': 13200, 'pm10': 13202, 'pm25': 13201}}",2.33,9.16,32.97,0.63,0.65,0.65,645487637,18.2,MOD-00613,25.0,2026-03-31T16:03:22,2026-03-31T09:03:22,https://api.quant-aq.com/v1/devices/MOD-00613/data/645487486
834.13,471.39,"{'lat': None, 'lon': None}","{'rh': 18.2, 'temp': 25.0, 'wd': 0.0, 'ws': 0.0, 'ws_scalar': 0.0}","{'gas': {'co': 13498, 'co2': 13260, 'no': 13586, 'no2': 13765, 'o3': 13745}, 'pm': {'pm1': 13200, 'pm10': 13202, 'pm25': 13201}}",2.33,9.16,32.97,0.97,0.97,0.97,645487631,18.2,MOD-00613,25.0,2026-03-31T16:02:22,2026-03-31T09:02:22,https://api.quant-aq.com/v1/devices/MOD-00613/data/645487480
830.44,469.34,"{'lat': None, 'lon': None}","{'rh': 18.2, 'temp': 25.0, 'wd': 0.0, 'ws': 0.0, 'ws_scalar': 0.0}","{'gas': {'co': 13498, 'co2': 13260, 'no': 13586, 'no2': 13765, 'o3': 13745}, 'pm': {'pm1': 13200, 'pm10': 13202, 'pm25': 13201}}",2.33,9.16,32.97,0.71,0.73,0.73,645484851,18.2,MOD-00613,25.0,2026-03-31T16:01:22,2026-03-31T09:01:22,https://api.quant-aq.com/v1/devices/MOD-00613/data/645484700
834.96,469.22,"{'lat': None, 'lon': None}","{'rh': 18.2, 'temp': 25.0, 'wd': 0.0, 'ws': 0.0, 'ws_scalar': 0.0}","{'gas': {'co': 13498, 'co2': 13260, 'no': 13586, 'no2': 13765, 'o3': 13745}, 'pm': {'pm1': 13200, 'pm10': 13202, 'pm25': 13201}}",2.33,9.16,32.97,0.61,0.63,0.63,645484852,18.2,MOD-00613,25.0,2026-03-31T16:00:22,2026-03-31T09:00:22,https://api.quant-aq.com/v1/devices/MOD-00613/data/645484701
832.49,469.7,"{'lat': None, 'lon': None}","{'rh': 18.2, 'temp': 25.0, 'wd': 0.0, 'ws': 0.0, 'ws_scalar': 0.0}","{'gas': {'co': 13498, 'co2': 13260, 'no': 13586, 'no2': 13765, 'o3': 13745}, 'pm': {'pm1': 13200, 'pm10': 13202, 'pm25': 13201}}",2.33,9.16,32.73,0.77,1.27,0.82,645484854,18.2,MOD-00613,25.0,2026-03-31T15:59:22,2026-03-31T08:59:22,https://api.quant-aq.com/v1/devices/MOD-00613/data/645484705
837.35,469.58,"{'lat': None, 'lon': None}","{'rh': 18.3, 'temp': 25.0, 'wd': 0.0, 'ws': 0.0, 'ws_scalar': 0.0}","{'gas': {'co': 13498, 'co2': 13260, 'no': 13586, 'no2': 13765, 'o3': 13745}, 'pm': {'pm1': 13200, 'pm10': 13202, 'pm25': 13201}}",2.33,9.15,32.7,0.77,0.87,0.83,645484855,18.3,MOD-00613,25.0,2026-03-31T15:58:22,2026-03-31T08:58:22,https://api.quant-aq.com/v1/devices/MOD-00613/data/645484704
833.24,468.74,"{'lat': None, 'lon': None}","{'rh': 18.3, 'temp': 25.0, 'wd': 0.0, 'ws': 0.0, 'ws_scalar': 0.0}","{'gas': {'co': 13498, 'co2': 13260, 'no': 13586, 'no2': 13765, 'o3': 13745}, 'pm': {'pm1': 13200, 'pm10': 13202, 'pm25': 13201}}",2.33,9.95,32.94,0.61,0.71,0.67,645484853,18.3,MOD-00613,25.0,2026-03-31T15:57:22,2026-03-31T08:57:22,https://api.quant-aq.com/v1/devices/MOD-00613/data/645484702
834.06,470.91,"{'lat': None, 'lon': None}","{'rh': 18.3, 'temp': 25.0, 'wd': 0.0, 'ws': 0.0, 'ws_scalar': 0.0}","{'gas': {'co': 13498, 'co2': 13260, 'no': 13586, 'no2': 13765, 'o3': 13745}, 'pm': {'pm1': 13200, 'pm10': 13202, 'pm25': 13201}}",2.33,9.95,32.94,0.78,0.83,0.83,645482137,18.3,MOD-00613,25.0,2026-03-31T15:56:22,2026-03-31T08:56:22,https://api.quant-aq.com/v1/devices/MOD-00613/data/645481986
838.99,470.79,"{'lat': None, 'lon': None}","{'rh': 18.3, 'temp': 25.0, 'wd': 0.0, 'ws': 0.0, 'ws_scalar': 0.0}","{'gas': {'co': 13498, 'co2': 13260, 'no': 13586, 'no2': 13765, 'o3': 13745}, 'pm': {'pm1': 13200, 'pm10': 13202, 'pm25': 13201}}",2.33,9.15,32.7,0.76,0.83,0.79,645482135,18.3,MOD-00613,25.0,2026-03-31T15:55:22,2026-03-31T08:55:22,https://api.quant-aq.com/v1/devices/MOD-00613/data/645481984
839.4,470.55,"{'lat': None, 'lon': None}","{'rh': 18.3, 'temp': 25.0, 'wd': 0.0, 'ws': 0.0, 'ws_scalar': 0.0}","{'gas': {'co': 13498, 'co2': 13260, 'no': 13586, 'no2': 13765, 'o3': 13745}, 'pm': {'pm1': 13200, 'pm10': 13202, 'pm25': 13201}}",2.33,9.95,32.7,0.62,0.71,0.67,645482134,18.3,MOD-00613,25.0,2026-03-31T15:54:22,2026-03-31T08:54:22,https://api.quant-aq.com/v1/devices/MOD-00613/data/645481983
834.47,468.62,"{'lat': None, 'lon': None}","{'rh': 18.3, 'temp': 25.0, 'wd': 0.0, 'ws': 0.0, 'ws_scalar': 0.0}","{'gas': {'co': 13498, 'co2': 13260, 'no': 13586, 'no2': 13765, 'o3': 13745}, 'pm': {'pm1': 13200, 'pm10': 13202, 'pm25': 13201}}",2.33,9.15,32.7,0.88,1.04,0.88,645482136,18.3,MOD-00613,25.0,2026-03-31T15:53:22,2026-03-31T08:53:22,https://api.quant-aq.com/v1/devices/MOD-00613/data/645481985
838.1,469.94,"{'lat': None, 'lon': None}","{'rh': 18.4, 'temp': 25.0, 'wd': 0.0, 'ws': 0.0, 'ws_scalar': 0.0}","{'gas': {'co': 13498, 'co2': 13260, 'no': 13586, 'no2': 13765, 'o3': 13745}, 'pm': {'pm1': 13200, 'pm10': 13202, 'pm25': 13201}}",2.33,9.33,32.43,0.69,1.15,0.7,645482133,18.4,MOD-00613,25.0,2026-03-31T15:52:22,2026-03-31T08:52:22,https://api.quant-aq.com/v1/devices/MOD-00613/data/645481982
840.15,468.5,"{'lat': None, 'lon': None}","{'rh': 18.4, 'temp': 25.0, 'wd': 0.0, 'ws': 0.0, 'ws_scalar': 0.0}","{'gas': {'co': 13498, 'co2': 13260, 'no': 13586, 'no2': 13765, 'o3': 13745}, 'pm': {'pm1': 13200, 'pm10': 13202, 'pm25': 13201}}",2.33,9.94,32.19,0.59,0.59,0.59,645479286,18.4,MOD-00613,25.0,2026-03-31T15:51:22,2026-03-31T08:51:22,https://api.quant-aq.com/v1/devices/MOD-00613/data/645479135
835.22,467.9,"{'lat': None, 'lon': None}","{'rh': 18.4, 'temp': 25.0, 'wd': 0.0, 'ws': 0.0, 'ws_scalar': 0.0}","{'gas': {'co': 13498, 'co2': 13260, 'no': 13586, 'no2': 13765, 'o3': 13745}, 'pm': {'pm1': 13200, 'pm10': 13202, 'pm25': 13201}}",2.33,9.33,32.91,0.87,0.97,0.92,645479288,18.4,MOD-00613,25.0,2026-03-31T15:50:22,2026-03-31T08:50:22,https://api.quant-aq.com/v1/devices/MOD-00613/data/645479137
844.67,471.51,"{'lat': None, 'lon': None}","{'rh': 18.4, 'temp': 25.0, 'wd': 0.0, 'ws': 0.0, 'ws_scalar': 0.0}","{'gas': {'co': 13498, 'co2': 13260, 'no': 13586, 'no2': 13765, 'o3': 13745}, 'pm': {'pm1': 13200, 'pm10': 13202, 'pm25': 13201}}",2.33,9.33,32.19,0.8,1.0,0.83,645479285,18.4,MOD-00613,25.0,2026-03-31T15:49:22,2026-03-31T08:49:22,https://api.quant-aq.com/v1/devices/MOD-00613/data/645479134
844.67,471.03,"{'lat': None, 'lon': None}","{'rh': 18.4, 'temp': 25.0, 'wd': 0.0, 'ws': 0.0, 'ws_scalar': 0.0}","{'gas': {'co': 13498, 'co2': 13260, 'no': 13586, 'no2': 13765, 'o3': 13745}, 'pm': {'pm1': 13200, 'pm10': 13202, 'pm25': 13201}}",2.33,9.33,32.43,0.84,0.84,0.84,645479284,18.4,MOD-00613,25.0,2026-03-31T15:48:22,2026-03-31T08:48:22,https://api.quant-aq.com/v1/devices/MOD-00613/data/645479133
845.9,470.43,"{'lat': None, 'lon': None}","{'rh': 18.4, 'temp': 25.0, 'wd': 0.0, 'ws': 0.0, 'ws_scalar': 0.0}","{'gas': {'co': 13498, 'co2': 13260, 'no': 13586, 'no2': 13765, 'o3': 13745}, 'pm': {'pm1': 13200, 'pm10': 13202, 'pm25': 13201}}",2.33,9.33,32.91,0.72,0.73,0.73,645479287,18.4,MOD-00613,25.0,2026-03-31T15:47:22,2026-03-31T08:47:22,https://api.quant-aq.com/v1/devices/MOD-00613/data/645479136
847.95,472.11,"{'lat': None, 'lon': None}","{'rh': 18.4, 'temp': 25.0, 'wd': 0.0, 'ws': 0.0, 'ws_scalar': 0.0}","{'gas': {'co': 13498, 'co2': 13260, 'no': 13586, 'no2': 13765, 'o3': 13745}, 'pm': {'pm1': 13200, 'pm10': 13202, 'pm25': 13201}}",2.33,9.94,32.43,0.77,0.87,0.83,645476483,18.4,MOD-00613,25.0,2026-03-31T15:46:22,2026-03-31T08:46:22,https://api.quant-aq.com/v1/devices/MOD-00613/data/645476331
845.08,471.63,"{'lat': None, 'lon': None}","{'rh': 18.4, 'temp': 25.0, 'wd': 0.0, 'ws': 0.0, 'ws_scalar': 0.0}","{'gas': {'co': 13498, 'co2': 13260, 'no': 13586, 'no2': 13765, 'o3': 13745}, 'pm': {'pm1': 13200, 'pm10': 13202, 'pm25': 13201}}",2.33,9.94,31.95,0.69,0.76,0.72,645476482,18.4,MOD-00613,25.0,2026-03-31T15:45:22,2026-03-31T08:45:22,https://api.quant-aq.com/v1/devices/MOD-00613/data/645476332
849.52,469.22,"{'lat': None, 'lon': None}","{'rh': 18.5, 'temp': 25.0, 'wd': 0.0, 'ws': 0.0, 'ws_scalar': 0.0}","{'gas': {'co': 13498, 'co2': 13260, 'no': 13586, 'no2': 13765, 'o3': 13745}, 'pm': {'pm1': 13200, 'pm10': 13202, 'pm25': 13201}}",2.33,9.32,32.4,0.74,0.77,0.77,645476481,18.5,MOD-00613,25.0,2026-03-31T15:44:22,2026-03-31T08:44:22,https://api.quant-aq.com/v1/devices/MOD-00613/data/645476330
848.7,471.51,"{'lat': None, 'lon': None}","{'rh': 18.5, 'temp': 25.0, 'wd': 0.0, 'ws': 0.0, 'ws_scalar': 0.0}","{'gas': {'co': 13498, 'co2': 13260, 'no': 13586, 'no2': 13765, 'o3': 13745}, 'pm': {'pm1': 13200, 'pm10': 13202, 'pm25': 13201}}",2.33,9.32,32.16,0.64,0.68,0.68,645476480,18.5,MOD-00613,25.0,2026-03-31T15:43:22,2026-03-31T08:43:22,https://api.quant-aq.com/v1/devices/MOD-00613/data/645476329
845.42,469.7,"{'lat': None, 'lon': None}","{'rh': 18.5, 'temp': 25.0, 'wd': 0.0, 'ws': 0.0, 'ws_scalar': 0.0}","{'gas': {'co': 13498, 'co2': 13260, 'no': 13586, 'no2': 13765, 'o3': 13745}, 'pm': {'pm1': 13200, 'pm10': 13202, 'pm25': 13201}}",2.33,9.32,32.4,0.77,0.84,0.8,645476484,18.5,MOD-00613,25.0,2026-03-31T15:42:22,2026-03-31T08:42:22,https://api.quant-aq.com/v1/devices/MOD-00613/data/645476333
848.29,474.16,"{'lat': None, 'lon': None}","{'rh': 18.5, 'temp': 25.0, 'wd': 0.0, 'ws': 0.0, 'ws_scalar': 0.0}","{'gas': {'co': 13498, 'co2': 13260, 'no': 13586, 'no2': 13765, 'o3': 13745}, 'pm': {'pm1': 13200, 'pm10': 13202, 'pm25': 13201}}",2.33,9.32,32.4,0.64,0.65,0.65,645473731,18.5,MOD-00613,25.0,2026-03-31T15:41:22,2026-03-31T08:41:22,https://api.quant-aq.com/v1/devices/MOD-00613/data/645473579
844.59,471.75,"{'lat': None, 'lon': None}","{'rh': 18.5, 'temp': 25.0, 'wd': 0.0, 'ws': 0.0, 'ws_scalar': 0.0}","{'gas': {'co': 13498, 'co2': 13260, 'no': 13586, 'no2': 13765, 'o3': 13745}, 'pm': {'pm1': 13200, 'pm10': 13202, 'pm25': 13201}}",2.33,9.32,31.92,0.61,0.62,0.62,645473734,18.5,MOD-00613,25.0,2026-03-31T15:40:22,2026-03-31T08:40:22,https://api.quant-aq.com/v1/devices/MOD-00613/data/645473582
845.42,472.59,"{'lat': None, 'lon': None}","{'rh': 18.5, 'temp': 25.0, 'wd': 0.0, 'ws': 0.0, 'ws_scalar': 0.0}","{'gas': {'co': 13498, 'co2': 13260, 'no': 13586, 'no2': 13765, 'o3': 13745}, 'pm': {'pm1': 13200, 'pm10': 13202, 'pm25': 13201}}",2.33,9.32,31.92,0.51,0.52,0.52,645473730,18.5,MOD-00613,25.0,2026-03-31T15:39:22,2026-03-31T08:39:22,https://api.quant-aq.com/v1/devices/MOD-00613/data/645473580
852.39,471.51,"{'lat': None, 'lon': None}","{'rh': 18.5, 'temp': 25.0, 'wd': 0.0, 'ws': 0.0, 'ws_scalar': 0.0}","{'gas': {'co': 13498, 'co2': 13260, 'no': 13586, 'no2': 13765, 'o3': 13745}, 'pm': {'pm1': 13200, 'pm10': 13202, 'pm25': 13201}}",2.33,9.32,32.64,0.7,1.42,0.77,645473733,18.5,MOD-00613,25.0,2026-03-31T15:38:22,2026-03-31T08:38:22,https://api.quant-aq.com/v1/devices/MOD-00613/data/645473583
847.88,471.87,"{'lat': None, 'lon': None}","{'rh': 18.5, 'temp': 25.0, 'wd': 0.0, 'ws': 0.0, 'ws_scalar': 0.0}","{'gas': {'co': 13498, 'co2': 13260, 'no': 13586, 'no2': 13765, 'o3': 13745}, 'pm': {'pm1': 13200, 'pm10': 13202, 'pm25': 13201}}",2.33,9.32,32.16,0.68,0.7,0.7,645473732,18.5,MOD-00613,25.0,2026-03-31T15:37:22,2026-03-31T08:37:22,https://api.quant-aq.com/v1/devices/MOD-00613/data/645473581
851.16,475.0,"{'lat': None, 'lon': None}","{'rh': 18.5, 'temp': 25.0, 'wd': 0.0, 'ws': 0.0, 'ws_scalar': 0.0}","{'gas': {'co': 13498, 'co2': 13260, 'no': 13586, 'no2': 13765, 'o3': 13745}, 'pm': {'pm1': 13200, 'pm10': 13202, 'pm25': 13201}}",2.33,9.32,31.92,1.04,2.47,1.14,645471013,18.5,MOD-00613,25.0,2026-03-31T15:36:22,2026-03-31T08:36:22,https://api.quant-aq.com/v1/devices/MOD-00613/data/645470862
854.04,472.35,"{'lat': None, 'lon': None}","{'rh': 18.5, 'temp': 25.0, 'wd': 0.0, 'ws': 0.0, 'ws_scalar': 0.0}","{'gas': {'co': 13498, 'co2': 13260, 'no': 13586, 'no2': 13765, 'o3': 13745}, 'pm': {'pm1': 13200, 'pm10': 13202, 'pm25': 13201}}",2.33,9.32,31.68,0.93,0.95,0.95,645471015,18.5,MOD-00613,25.0,2026-03-31T15:35:22,2026-03-31T08:35:22,https://api.quant-aq.com/v1/devices/MOD-00613/data/645470864
851.57,472.11,"{'lat': None, 'lon': None}","{'rh': 18.5, 'temp': 25.0, 'wd': 0.0, 'ws': 0.0, 'ws_scalar': 0.0}","{'gas': {'co': 13498, 'co2': 13260, 'no': 13586, 'no2': 13765, 'o3': 13745}, 'pm': {'pm1': 13200, 'pm10': 13202, 'pm25': 13201}}",2.33,9.32,32.16,0.95,0.95,0.95,645471016,18.5,MOD-00613,25.0,2026-03-31T15:34:22,2026-03-31T08:34:22,https://api.quant-aq.com/v1/devices/MOD-00613/data/645470865
851.98,473.8,"{'lat': None, 'lon': None}","{'rh': 18.5, 'temp': 25.0, 'wd': 0.0, 'ws': 0.0, 'ws_scalar': 0.0}","{'gas': {'co': 13498, 'co2': 13260, 'no': 13586, 'no2': 13765, 'o3': 13745}, 'pm': {'pm1': 13200, 'pm10': 13202, 'pm25': 13201}}",2.33,9.32,31.92,0.84,0.85,0.85,645471017,18.5,MOD-00613,25.0,2026-03-31T15:33:22,2026-03-31T08:33:22,https://api.quant-aq.com/v1/devices/MOD-00613/data/645470866
854.04,471.51,"{'lat': None, 'lon': None}","{'rh': 18.5, 'temp': 25.0, 'wd': 0.0, 'ws': 0.0, 'ws_scalar': 0.0}","{'gas': {'co': 13498, 'co2': 13260, 'no': 13586, 'no2': 13765, 'o3': 13745}, 'pm': {'pm1': 13200, 'pm10': 13202, 'pm25': 13201}}",2.33,9.32,32.16,0.94,0.97,0.97,645471014,18.5,MOD-00613,25.0,2026-03-31T15:32:22,2026-03-31T08:32:22,https://api.quant-aq.com/v1/devices/MOD-00613/data/645470863
858.48,473.92,"{'lat': None, 'lon': None}","{'rh': 18.6, 'temp': 25.0, 'wd': 0.0, 'ws': 0.0, 'ws_scalar': 0.0}","{'gas': {'co': 13498, 'co2': 13260, 'no': 13586, 'no2': 13765, 'o3': 13745}, 'pm': {'pm1': 13200, 'pm10': 13202, 'pm25': 13201}}",2.33,8.94,31.65,1.15,1.15,1.15,645468200,18.6,MOD-00613,25.0,2026-03-31T15:31:22,2026-03-31T08:31:22,https://api.quant-aq.com/v1/devices/MOD-00613/data/645468049
856.09,474.04,"{'lat': None, 'lon': None}","{'rh': 18.5, 'temp': 25.0, 'wd': 0.0, 'ws': 0.0, 'ws_scalar': 0.0}","{'gas': {'co': 13498, 'co2': 13260, 'no': 13586, 'no2': 13765, 'o3': 13745}, 'pm': {'pm1': 13200, 'pm10': 13202, 'pm25': 13201}}",2.33,9.32,31.92,0.84,0.86,0.86,645468201,18.5,MOD-00613,25.0,2026-03-31T15:30:22,2026-03-31T08:30:22,https://api.quant-aq.com/v1/devices/MOD-00613/data/645468051
856.43,472.35,"{'lat': None, 'lon': None}","{'rh': 18.6, 'temp': 25.0, 'wd': 0.0, 'ws': 0.0, 'ws_scalar': 0.0}","{'gas': {'co': 13498, 'co2': 13260, 'no': 13586, 'no2': 13765, 'o3': 13745}, 'pm': {'pm1': 13200, 'pm10': 13202, 'pm25': 13201}}",2.33,8.94,31.89,0.96,1.0,1.0,645468203,18.6,MOD-00613,25.0,2026-03-31T15:29:22,2026-03-31T08:29:22,https://api.quant-aq.com/v1/devices/MOD-00613/data/645468052
854.38,472.35,"{'lat': None, 'lon': None}","{'rh': 18.6, 'temp': 25.0, 'wd': 0.0, 'ws': 0.0, 'ws_scalar': 0.0}","{'gas': {'co': 13498, 'co2': 13260, 'no': 13586, 'no2': 13765, 'o3': 13745}, 'pm': {'pm1': 13200, 'pm10': 13202, 'pm25': 13201}}",2.33,8.94,31.65,0.73,0.76,0.76,645468199,18.6,MOD-00613,25.0,2026-03-31T15:28:22,2026-03-31T08:28:22,https://api.quant-aq.com/v1/devices/MOD-00613/data/645468048
863.0,471.75,"{'lat': None, 'lon': None}","{'rh': 18.6, 'temp': 25.0, 'wd': 0.0, 'ws': 0.0, 'ws_scalar': 0.0}","{'gas': {'co': 13498, 'co2': 13260, 'no': 13586, 'no2': 13765, 'o3': 13745}, 'pm': {'pm1': 13200, 'pm10': 13202, 'pm25': 13201}}",2.33,8.94,31.41,0.74,0.81,0.77,645468202,18.6,MOD-00613,25.0,2026-03-31T15:27:22,2026-03-31T08:27:22,https://api.quant-aq.com/v1/devices/MOD-00613/data/645468050
860.53,474.04,"{'lat': None, 'lon': None}","{'rh': 18.6, 'temp': 25.0, 'wd': 0.0, 'ws': 0.0, 'ws_scalar': 0.0}","{'gas': {'co': 13498, 'co2': 13260, 'no': 13586, 'no2': 13765, 'o3': 13745}, 'pm': {'pm1': 13200, 'pm10': 13202, 'pm25': 13201}}",2.33,8.94,31.89,0.72,0.74,0.74,645465358,18.6,MOD-00613,25.0,2026-03-31T15:26:22,2026-03-31T08:26:22,https://api.quant-aq.com/v1/devices/MOD-00613/data/645465208
858.48,473.08,"{'lat': None, 'lon': None}","{'rh': 18.6, 'temp': 25.0, 'wd': 0.0, 'ws': 0.0, 'ws_scalar': 0.0}","{'gas': {'co': 13498, 'co2': 13260, 'no': 13586, 'no2': 13765, 'o3': 13745}, 'pm': {'pm1': 13200, 'pm10': 13202, 'pm25': 13201}}",2.33,8.94,31.41,0.83,0.96,0.88,645465359,18.6,MOD-00613,25.0,2026-03-31T15:25:22,2026-03-31T08:25:22,https://api.quant-aq.com/v1/devices/MOD-00613/data/645465207
858.48,471.87,"{'lat': None, 'lon': None}","{'rh': 18.6, 'temp': 25.0, 'wd': 0.0, 'ws': 0.0, 'ws_scalar': 0.0}","{'gas': {'co': 13498, 'co2': 13260, 'no': 13586, 'no2': 13765, 'o3': 13745}, 'pm': {'pm1': 13200, 'pm10': 13202, 'pm25': 13201}}",2.33,8.94,31.89,0.97,1.07,1.03,645465357,18.6,MOD-00613,25.0,2026-03-31T15:24:22,2026-03-31T08:24:22,https://api.quant-aq.com/v1/devices/MOD-00613/data/645465206
862.1,471.27,"{'lat': None, 'lon': None}","{'rh': 18.7, 'temp': 25.0, 'wd': 0.0, 'ws': 0.0, 'ws_scalar': 0.0}","{'gas': {'co': 13498, 'co2': 13260, 'no': 13586, 'no2': 13765, 'o3': 13745}, 'pm': {'pm1': 13200, 'pm10': 13202, 'pm25': 13201}}",2.33,8.94,31.62,0.79,0.81,0.81,645465356,18.7,MOD-00613,25.0,2026-03-31T15:23:22,2026-03-31T08:23:22,https://api.quant-aq.com/v1/devices/MOD-00613/data/645465205
863.75,475.61,"{'lat': None, 'lon': None}","{'rh': 18.7, 'temp': 25.0, 'wd': 0.0, 'ws': 0.0, 'ws_scalar': 0.0}","{'gas': {'co': 13498, 'co2': 13260, 'no': 13586, 'no2': 13765, 'o3': 13745}, 'pm': {'pm1': 13200, 'pm10': 13202, 'pm25': 13201}}",2.33,8.94,31.62,0.9,0.96,0.92,645465360,18.7,MOD-00613,25.0,2026-03-31T15:22:22,2026-03-31T08:22:22,https://api.quant-aq.com/v1/devices/MOD-00613/data/645465209
866.21,475.0,"{'lat': None, 'lon': None}","{'rh': 18.7, 'temp': 25.0, 'wd': 0.0, 'ws': 0.0, 'ws_scalar': 0.0}","{'gas': {'co': 13498, 'co2': 13260, 'no': 13586, 'no2': 13765, 'o3': 13745}, 'pm': {'pm1': 13200, 'pm10': 13202, 'pm25': 13201}}",2.33,8.94,31.62,0.74,0.77,0.77,645462626,18.7,MOD-00613,25.0,2026-03-31T15:21:22,2026-03-31T08:21:22,https://api.quant-aq.com/v1/devices/MOD-00613/data/645462475
867.03,474.4,"{'lat': None, 'lon': None}","{'rh': 18.7, 'temp': 25.0, 'wd': 0.0, 'ws': 0.0, 'ws_scalar': 0.0}","{'gas': {'co': 13498, 'co2': 13260, 'no': 13586, 'no2': 13765, 'o3': 13745}, 'pm': {'pm1': 13200, 'pm10': 13202, 'pm25': 13201}}",2.33,8.94,31.38,0.79,0.86,0.82,645462624,18.7,MOD-00613,25.0,2026-03-31T15:20:22,2026-03-31T08:20:22,https://api.quant-aq.com/v1/devices/MOD-00613/data/645462473
861.69,475.61,"{'lat': None, 'lon': None}","{'rh': 18.7, 'temp': 25.0, 'wd': 0.0, 'ws': 0.0, 'ws_scalar': 0.0}","{'gas': {'co': 13498, 'co2': 13260, 'no': 13586, 'no2': 13765, 'o3': 13745}, 'pm': {'pm1': 13200, 'pm10': 13202, 'pm25': 13201}}",2.33,8.94,31.14,0.73,0.75,0.75,645462627,18.7,MOD-00613,25.0,2026-03-31T15:19:22,2026-03-31T08:19:22,https://api.quant-aq.com/v1/devices/MOD-00613/data/645462476
866.62,476.57,"{'lat': None, 'lon': None}","{'rh': 18.7, 'temp': 25.0, 'wd': 0.0, 'ws': 0.0, 'ws_scalar': 0.0}","{'gas': {'co': 13498, 'co2': 13260, 'no': 13586, 'no2': 13765, 'o3': 13745}, 'pm': {'pm1': 13200, 'pm10': 13202, 'pm25': 13201}}",2.33,8.94,31.14,0.94,1.02,0.98,645462625,18.7,MOD-00613,25.0,2026-03-31T15:18:22,2026-03-31T08:18:22,https://api.quant-aq.com/v1/devices/MOD-00613/data/645462474
875.24,476.09,"{'lat': None, 'lon': None}","{'rh': 18.7, 'temp': 25.0, 'wd': 0.0, 'ws': 0.0, 'ws_scalar': 0.0}","{'gas': {'co': 13498, 'co2': 13260, 'no': 13586, 'no2': 13765, 'o3': 13745}, 'pm': {'pm1': 13200, 'pm10': 13202, 'pm25': 13201}}",2.33,8.94,31.14,0.64,0.67,0.67,645462623,18.7,MOD-00613,25.0,2026-03-31T15:17:22,2026-03-31T08:17:22,https://api.quant-aq.com/v1/devices/MOD-00613/data/645462472
868.6,474.4,"{'lat': None, 'lon': None}","{'rh': 18.8, 'temp': 25.0, 'wd': 0.0, 'ws': 0.0, 'ws_scalar': 0.0}","{'gas': {'co': 13498, 'co2': 13260, 'no': 13586, 'no2': 13765, 'o3': 13745}, 'pm': {'pm1': 13200, 'pm10': 13202, 'pm25': 13201}}",2.33,8.93,31.11,0.86,0.91,0.91,645459845,18.8,MOD-00613,25.0,2026-03-31T15:16:22,2026-03-31T08:16:22,https://api.quant-aq.com/v1/devices/MOD-00613/data/645459694
869.42,477.65,"{'lat': None, 'lon': None}","{'rh': 18.8, 'temp': 25.0, 'wd': 0.0, 'ws': 0.0, 'ws_scalar': 0.0}","{'gas': {'co': 13498, 'co2': 13260, 'no': 13586, 'no2': 13765, 'o3': 13745}, 'pm': {'pm1': 13200, 'pm10': 13202, 'pm25': 13201}}",2.33,8.93,31.35,0.55,0.57,0.57,645459846,18.8,MOD-00613,25.0,2026-03-31T15:15:22,2026-03-31T08:15:22,https://api.quant-aq.com/v1/devices/MOD-00613/data/645459695
871.14,478.13,"{'lat': None, 'lon': None}","{'rh': 18.7, 'temp': 25.0, 'wd': 0.0, 'ws': 0.0, 'ws_scalar': 0.0}","{'gas': {'co': 13498, 'co2': 13260, 'no': 13586, 'no2': 13765, 'o3': 13745}, 'pm': {'pm1': 13200, 'pm10': 13202, 'pm25': 13201}}",2.33,8.94,30.66,1.32,1.32,1.32,645459844,18.7,MOD-00613,25.0,2026-03-31T15:14:22,2026-03-31T08:14:22,https://api.quant-aq.com/v1/devices/MOD-00613/data/645459693
867.37,477.41,"{'lat': None, 'lon': None}","{'rh': 18.8, 'temp': 25.0, 'wd': 0.0, 'ws': 0.0, 'ws_scalar': 0.0}","{'gas': {'co': 13498, 'co2': 13260, 'no': 13586, 'no2': 13765, 'o3': 13745}, 'pm': {'pm1': 13200, 'pm10': 13202, 'pm25': 13201}}",2.33,8.93,31.35,0.72,0.74,0.74,645459842,18.8,MOD-00613,25.0,2026-03-31T15:13:22,2026-03-31T08:13:22,https://api.quant-aq.com/v1/devices/MOD-00613/data/645459691
871.14,476.33,"{'lat': None, 'lon': None}","{'rh': 18.7, 'temp': 25.0, 'wd': 0.0, 'ws': 0.0, 'ws_scalar': 0.0}","{'gas': {'co': 13498, 'co2': 13260, 'no': 13586, 'no2': 13765, 'o3': 13745}, 'pm': {'pm1': 13200, 'pm10': 13202, 'pm25': 13201}}",2.33,8.94,31.14,0.8,0.81,0.81,645459843,18.7,MOD-00613,25.0,2026-03-31T15:12:22,2026-03-31T08:12:22,https://api.quant-aq.com/v1/devices/MOD-00613/data/645459692
871.55,476.81,"{'lat': None, 'lon': None}","{'rh': 18.7, 'temp': 25.0, 'wd': 0.0, 'ws': 0.0, 'ws_scalar': 0.0}","{'gas': {'co': 13498, 'co2': 13260, 'no': 13586, 'no2': 13765, 'o3': 13745}, 'pm': {'pm1': 13200, 'pm10': 13202, 'pm25': 13201}}",2.33,8.94,31.38,0.66,0.69,0.69,645457048,18.7,MOD-00613,25.0,2026-03-31T15:11:22,2026-03-31T08:11:22,https://api.quant-aq.com/v1/devices/MOD-00613/data/645456897
871.47,473.32,"{'lat': None, 'lon': None}","{'rh': 18.8, 'temp': 25.0, 'wd': 0.0, 'ws': 0.0, 'ws_scalar': 0.0}","{'gas': {'co': 13498, 'co2': 13260, 'no': 13586, 'no2': 13765, 'o3': 13745}, 'pm': {'pm1': 13200, 'pm10': 13202, 'pm25': 13201}}",2.33,8.93,31.35,0.69,0.8,0.76,645457046,18.8,MOD-00613,25.0,2026-03-31T15:10:22,2026-03-31T08:10:22,https://api.quant-aq.com/v1/devices/MOD-00613/data/645456895
868.6,473.08,"{'lat': None, 'lon': None}","{'rh': 18.8, 'temp': 25.0, 'wd': 0.0, 'ws': 0.0, 'ws_scalar': 0.0}","{'gas': {'co': 13498, 'co2': 13260, 'no': 13586, 'no2': 13765, 'o3': 13745}, 'pm': {'pm1': 13200, 'pm10': 13202, 'pm25': 13201}}",2.33,8.93,31.11,0.61,0.63,0.63,645457044,18.8,MOD-00613,25.0,2026-03-31T15:09:22,2026-03-31T08:09:22,https://api.quant-aq.com/v1/devices/MOD-00613/data/645456891
870.65,476.09,"{'lat': None, 'lon': None}","{'rh': 18.8, 'temp': 25.0, 'wd': 0.0, 'ws': 0.0, 'ws_scalar': 0.0}","{'gas': {'co': 13498, 'co2': 13260, 'no': 13586, 'no2': 13765, 'o3': 13745}, 'pm': {'pm1': 13200, 'pm10': 13202, 'pm25': 13201}}",2.33,8.93,31.11,0.66,0.72,0.68,645457040,18.8,MOD-00613,25.0,2026-03-31T15:08:22,2026-03-31T08:08:22,https://api.quant-aq.com/v1/devices/MOD-00613/data/645456893
867.78,477.65,"{'lat': None, 'lon': None}","{'rh': 18.8, 'temp': 25.0, 'wd': 0.0, 'ws': 0.0, 'ws_scalar': 0.0}","{'gas': {'co': 13498, 'co2': 13260, 'no': 13586, 'no2': 13765, 'o3': 13745}, 'pm': {'pm1': 13200, 'pm10': 13202, 'pm25': 13201}}",2.33,8.93,31.11,0.79,0.81,0.81,645457042,18.8,MOD-00613,25.0,2026-03-31T15:07:22,2026-03-31T08:07:22,https://api.quant-aq.com/v1/devices/MOD-00613/data/645456894
873.94,476.09,"{'lat': None, 'lon': None}","{'rh': 18.8, 'temp': 25.0, 'wd': 0.0, 'ws': 0.0, 'ws_scalar': 0.0}","{'gas': {'co': 13498, 'co2': 13260, 'no': 13586, 'no2': 13765, 'o3': 13745}, 'pm': {'pm1': 13200, 'pm10': 13202, 'pm25': 13201}}",2.33,8.93,30.87,0.69,0.86,0.7,645454271,18.8,MOD-00613,25.0,2026-03-31T15:06:22,2026-03-31T08:06:22,https://api.quant-aq.com/v1/devices/MOD-00613/data/645454120
872.3,477.29,"{'lat': None, 'lon': None}","{'rh': 18.8, 'temp': 25.0, 'wd': 0.0, 'ws': 0.0, 'ws_scalar': 0.0}","{'gas': {'co': 13498, 'co2': 13260, 'no': 13586, 'no2': 13765, 'o3': 13745}, 'pm': {'pm1': 13200, 'pm10': 13202, 'pm25': 13201}}",2.33,8.93,31.11,0.95,0.96,0.96,645454270,18.8,MOD-00613,25.0,2026-03-31T15:05:22,2026-03-31T08:05:22,https://api.quant-aq.com/v1/devices/MOD-00613/data/645454119
862.44,473.56,"{'lat': None, 'lon': None}","{'rh': 18.8, 'temp': 25.0, 'wd': 0.0, 'ws': 0.0, 'ws_scalar': 0.0}","{'gas': {'co': 13498, 'co2': 13260, 'no': 13586, 'no2': 13765, 'o3': 13745}, 'pm': {'pm1': 13200, 'pm10': 13202, 'pm25': 13201}}",2.33,8.93,31.11,0.91,0.92,0.92,645454267,18.8,MOD-00613,25.0,2026-03-31T15:04:22,2026-03-31T08:04:22,https://api.quant-aq.com/v1/devices/MOD-00613/data/645454116
866.55,477.41,"{'lat': None, 'lon': None}","{'rh': 18.8, 'temp': 25.0, 'wd': 0.0, 'ws': 0.0, 'ws_scalar': 0.0}","{'gas': {'co': 13498, 'co2': 13260, 'no': 13586, 'no2': 13765, 'o3': 13745}, 'pm': {'pm1': 13200, 'pm10': 13202, 'pm25': 13201}}",2.33,8.93,31.35,0.59,0.6,0.6,645454268,18.8,MOD-00613,25.0,2026-03-31T15:03:22,2026-03-31T08:03:22,https://api.quant-aq.com/v1/devices/MOD-00613/data/645454117
872.3,476.57,"{'lat': None, 'lon': None}","{'rh': 18.8, 'temp': 25.0, 'wd': 0.0, 'ws': 0.0, 'ws_scalar': 0.0}","{'gas': {'co': 13498, 'co2': 13260, 'no': 13586, 'no2': 13765, 'o3': 13745}, 'pm': {'pm1': 13200, 'pm10': 13202, 'pm25': 13201}}",2.33,8.93,31.11,0.9,1.17,0.97,645454269,18.8,MOD-00613,25.0,2026-03-31T15:02:22,2026-03-31T08:02:22,https://api.quant-aq.com/v1/devices/MOD-00613/data/645454118
865.73,477.65,"{'lat': None, 'lon': None}","{'rh': 18.8, 'temp': 25.0, 'wd': 0.0, 'ws': 0.0, 'ws_scalar': 0.0}","{'gas': {'co': 13498, 'co2': 13260, 'no': 13586, 'no2': 13765, 'o3': 13745}, 'pm': {'pm1': 13200, 'pm10': 13202, 'pm25': 13201}}",2.33,8.93,30.87,0.57,0.64,0.6,645451506,18.8,MOD-00613,25.0,2026-03-31T15:01:22,2026-03-31T08:01:22,https://api.quant-aq.com/v1/devices/MOD-00613/data/645451355
868.6,477.53,"{'lat': None, 'lon': None}","{'rh': 18.8, 'temp': 25.0, 'wd': 0.0, 'ws': 0.0, 'ws_scalar': 0.0}","{'gas': {'co': 13498, 'co2': 13260, 'no': 13586, 'no2': 13765, 'o3': 13745}, 'pm': {'pm1': 13200, 'pm10': 13202, 'pm25': 13201}}",2.33,8.93,31.11,0.73,0.74,0.74,645451507,18.8,MOD-00613,25.0,2026-03-31T15:00:22,2026-03-31T08:00:22,https://api.quant-aq.com/v1/devices/MOD-00613/data/645451356
864.09,477.53,"{'lat': None, 'lon': None}","{'rh': 18.8, 'temp': 25.0, 'wd': 0.0, 'ws': 0.0, 'ws_scalar': 0.0}","{'gas': {'co': 13498, 'co2': 13260, 'no': 13586, 'no2': 13765, 'o3': 13745}, 'pm': {'pm1': 13200, 'pm10': 13202, 'pm25': 13201}}",2.33,8.93,30.63,0.76,0.78,0.78,645451504,18.8,MOD-00613,25.0,2026-03-31T14:59:22,2026-03-31T07:59:22,https://api.quant-aq.com/v1/devices/MOD-00613/data/645451354
863.6,475.85,"{'lat': None, 'lon': None}","{'rh': 18.9, 'temp': 25.0, 'wd': 0.0, 'ws': 0.0, 'ws_scalar': 0.0}","{'gas': {'co': 13498, 'co2': 13260, 'no': 13586, 'no2': 13765, 'o3': 13745}, 'pm': {'pm1': 13200, 'pm10': 13202, 'pm25': 13201}}",2.33,8.93,31.08,1.0,1.05,1.05,645451505,18.9,MOD-00613,25.0,2026-03-31T14:58:22,2026-03-31T07:58:22,https://api.quant-aq.com/v1/devices/MOD-00613/data/645451353
858.75,476.57,"{'lat': None, 'lon': None}","{'rh': 18.8, 'temp': 25.0, 'wd': 0.0, 'ws': 0.0, 'ws_scalar': 0.0}","{'gas': {'co': 13498, 'co2': 13260, 'no': 13586, 'no2': 13765, 'o3': 13745}, 'pm': {'pm1': 13200, 'pm10': 13202, 'pm25': 13201}}",2.33,8.93,30.87,0.7,0.72,0.72,645451503,18.8,MOD-00613,25.0,2026-03-31T14:57:22,2026-03-31T07:57:22,https://api.quant-aq.com/v1/devices/MOD-00613/data/645451352
858.75,475.12,"{'lat': None, 'lon': None}","{'rh': 18.8, 'temp': 25.0, 'wd': 0.0, 'ws': 0.0, 'ws_scalar': 0.0}","{'gas': {'co': 13498, 'co2': 13260, 'no': 13586, 'no2': 13765, 'o3': 13745}, 'pm': {'pm1': 13200, 'pm10': 13202, 'pm25': 13201}}",2.33,8.93,31.11,0.78,0.78,0.78,645448760,18.8,MOD-00613,25.0,2026-03-31T14:56:22,2026-03-31T07:56:22,https://api.quant-aq.com/v1/devices/MOD-00613/data/645448609
861.96,471.39,"{'lat': None, 'lon': None}","{'rh': 18.9, 'temp': 25.0, 'wd': 0.0, 'ws': 0.0, 'ws_scalar': 0.0}","{'gas': {'co': 13498, 'co2': 13260, 'no': 13586, 'no2': 13765, 'o3': 13745}, 'pm': {'pm1': 13200, 'pm10': 13202, 'pm25': 13201}}",2.33,8.93,31.08,0.72,0.78,0.74,645448758,18.9,MOD-00613,25.0,2026-03-31T14:55:22,2026-03-31T07:55:22,https://api.quant-aq.com/v1/devices/MOD-00613/data/645448607
864.5,477.05,"{'lat': None, 'lon': None}","{'rh': 18.8, 'temp': 25.0, 'wd': 0.0, 'ws': 0.0, 'ws_scalar': 0.0}","{'gas': {'co': 13498, 'co2': 13260, 'no': 13586, 'no2': 13765, 'o3': 13745}, 'pm': {'pm1': 13200, 'pm10': 13202, 'pm25': 13201}}",2.33,8.93,31.35,0.83,0.89,0.85,645448759,18.8,MOD-00613,25.0,2026-03-31T14:54:22,2026-03-31T07:54:22,https://api.quant-aq.com/v1/devices/MOD-00613/data/645448608
860.32,477.41,"{'lat': None, 'lon': None}","{'rh': 18.9, 'temp': 25.0, 'wd': 0.0, 'ws': 0.0, 'ws_scalar': 0.0}","{'gas': {'co': 13498, 'co2': 13260, 'no': 13586, 'no2': 13765, 'o3': 13745}, 'pm': {'pm1': 13200, 'pm10': 13202, 'pm25': 13201}}",2.33,8.93,31.08,0.64,0.68,0.68,645448757,18.9,MOD-00613,25.0,2026-03-31T14:53:22,2026-03-31T07:53:22,https://api.quant-aq.com/v1/devices/MOD-00613/data/645448606
858.68,478.74,"{'lat': None, 'lon': None}","{'rh': 18.9, 'temp': 25.0, 'wd': 0.0, 'ws': 0.0, 'ws_scalar': 0.0}","{'gas': {'co': 13498, 'co2': 13260, 'no': 13586, 'no2': 13765, 'o3': 13745}, 'pm': {'pm1': 13200, 'pm10': 13202, 'pm25': 13201}}",2.34,8.93,31.32,0.75,0.78,0.78,645448756,18.9,MOD-00613,25.0,2026-03-31T14:52:22,2026-03-31T07:52:22,https://api.quant-aq.com/v1/devices/MOD-00613/data/645448605
865.66,477.05,"{'lat': None, 'lon': None}","{'rh': 18.9, 'temp': 25.0, 'wd': 0.0, 'ws': 0.0, 'ws_scalar': 0.0}","{'gas': {'co': 13498, 'co2': 13260, 'no': 13586, 'no2': 13765, 'o3': 13745}, 'pm': {'pm1': 13200, 'pm10': 13202, 'pm25': 13201}}",2.33,8.93,30.84,0.62,0.62,0.62,645445966,18.9,MOD-00613,25.0,2026-03-31T14:51:22,2026-03-31T07:51:22,https://api.quant-aq.com/v1/devices/MOD-00613/data/645445815
860.73,476.81,"{'lat': None, 'lon': None}","{'rh': 18.9, 'temp': 25.0, 'wd': 0.0, 'ws': 0.0, 'ws_scalar': 0.0}","{'gas': {'co': 13498, 'co2': 13260, 'no': 13586, 'no2': 13765, 'o3': 13745}, 'pm': {'pm1': 13200, 'pm10': 13202, 'pm25': 13201}}",2.33,8.93,31.08,0.77,0.81,0.81,645445965,18.9,MOD-00613,25.0,2026-03-31T14:50:22,2026-03-31T07:50:22,https://api.quant-aq.com/v1/devices/MOD-00613/data/645445814
862.37,476.69,"{'lat': None, 'lon': None}","{'rh': 18.9, 'temp': 25.0, 'wd': 0.0, 'ws': 0.0, 'ws_scalar': 0.0}","{'gas': {'co': 13498, 'co2': 13260, 'no': 13586, 'no2': 13765, 'o3': 13745}, 'pm': {'pm1': 13200, 'pm10': 13202, 'pm25': 13201}}",2.33,8.93,30.84,0.66,0.66,0.66,645445964,18.9,MOD-00613,25.0,2026-03-31T14:49:22,2026-03-31T07:49:22,https://api.quant-aq.com/v1/devices/MOD-00613/data/645445813
857.14,476.09,"{'lat': None, 'lon': None}","{'rh': 18.9, 'temp': 25.1, 'wd': 0.0, 'ws': 0.0, 'ws_scalar': 0.0}","{'gas': {'co': 13498, 'co2': 13260, 'no': 13586, 'no2': 13765, 'o3': 13745}, 'pm': {'pm1': 13200, 'pm10': 13202, 'pm25': 13201}}",2.33,8.92,31.11,0.7,0.71,0.71,645445962,18.9,MOD-00613,25.1,2026-03-31T14:48:22,2026-03-31T07:48:22,https://api.quant-aq.com/v1/devices/MOD-00613/data/645445811
860.8,476.81,"{'lat': None, 'lon': None}","{'rh': 18.8, 'temp': 25.0, 'wd': 0.0, 'ws': 0.0, 'ws_scalar': 0.0}","{'gas': {'co': 13498, 'co2': 13260, 'no': 13586, 'no2': 13765, 'o3': 13745}, 'pm': {'pm1': 13200, 'pm10': 13202, 'pm25': 13201}}",2.33,8.93,30.87,0.99,1.0,1.0,645445963,18.8,MOD-00613,25.0,2026-03-31T14:47:22,2026-03-31T07:47:22,https://api.quant-aq.com/v1/devices/MOD-00613/data/645445812
855.39,477.29,"{'lat': None, 'lon': None}","{'rh': 18.9, 'temp': 25.0, 'wd': 0.0, 'ws': 0.0, 'ws_scalar': 0.0}","{'gas': {'co': 13498, 'co2': 13260, 'no': 13586, 'no2': 13765, 'o3': 13745}, 'pm': {'pm1': 13200, 'pm10': 13202, 'pm25': 13201}}",2.33,8.93,30.84,0.98,0.98,0.98,645443145,18.9,MOD-00613,25.0,2026-03-31T14:46:22,2026-03-31T07:46:22,https://api.quant-aq.com/v1/devices/MOD-00613/data/645442993
851.7,475.97,"{'lat': None, 'lon': None}","{'rh': 18.9, 'temp': 25.0, 'wd': 0.0, 'ws': 0.0, 'ws_scalar': 0.0}","{'gas': {'co': 13498, 'co2': 13260, 'no': 13586, 'no2': 13765, 'o3': 13745}, 'pm': {'pm1': 13200, 'pm10': 13202, 'pm25': 13201}}",2.33,8.93,31.08,0.84,0.86,0.86,645443143,18.9,MOD-00613,25.0,2026-03-31T14:45:22,2026-03-31T07:45:22,https://api.quant-aq.com/v1/devices/MOD-00613/data/645442991
854.98,476.45,"{'lat': None, 'lon': None}","{'rh': 18.9, 'temp': 25.0, 'wd': 0.0, 'ws': 0.0, 'ws_scalar': 0.0}","{'gas': {'co': 13498, 'co2': 13260, 'no': 13586, 'no2': 13765, 'o3': 13745}, 'pm': {'pm1': 13200, 'pm10': 13202, 'pm25': 13201}}",2.33,8.93,30.84,0.77,0.8,0.8,645443141,18.9,MOD-00613,25.0,2026-03-31T14:44:22,2026-03-31T07:44:22,https://api.quant-aq.com/v1/devices/MOD-00613/data/645442990
857.97,477.65,"{'lat': None, 'lon': None}","{'rh': 18.9, 'temp': 25.1, 'wd': 0.0, 'ws': 0.0, 'ws_scalar': 0.0}","{'gas': {'co': 13498, 'co2': 13260, 'no': 13586, 'no2': 13765, 'o3': 13745}, 'pm': {'pm1': 13200, 'pm10': 13202, 'pm25': 13201}}",2.33,8.92,31.11,0.58,0.6,0.6,645443142,18.9,MOD-00613,25.1,2026-03-31T14:43:22,2026-03-31T07:43:22,https://api.quant-aq.com/v1/devices/MOD-00613/data/645442992
853.45,475.36,"{'lat': None, 'lon': None}","{'rh': 18.9, 'temp': 25.1, 'wd': 0.0, 'ws': 0.0, 'ws_scalar': 0.0}","{'gas': {'co': 13498, 'co2': 13260, 'no': 13586, 'no2': 13765, 'o3': 13745}, 'pm': {'pm1': 13200, 'pm10': 13202, 'pm25': 13201}}",2.33,8.92,31.11,0.58,0.59,0.59,645443140,18.9,MOD-00613,25.1,2026-03-31T14:42:22,2026-03-31T07:42:22,https://api.quant-aq.com/v1/devices/MOD-00613/data/645442989
853.45,476.57,"{'lat': None, 'lon': None}","{'rh': 18.9, 'temp': 25.1, 'wd': 0.0, 'ws': 0.0, 'ws_scalar': 0.0}","{'gas': {'co': 13498, 'co2': 13260, 'no': 13586, 'no2': 13765, 'o3': 13745}, 'pm': {'pm1': 13200, 'pm10': 13202, 'pm25': 13201}}",2.33,8.92,30.87,0.71,0.74,0.74,645440404,18.9,MOD-00613,25.1,2026-03-31T14:41:22,2026-03-31T07:41:22,https://api.quant-aq.com/v1/devices/MOD-00613/data/645440253
850.99,475.61,"{'lat': None, 'lon': None}","{'rh': 18.9, 'temp': 25.1, 'wd': 0.0, 'ws': 0.0, 'ws_scalar': 0.0}","{'gas': {'co': 13498, 'co2': 13260, 'no': 13586, 'no2': 13765, 'o3': 13745}, 'pm': {'pm1': 13200, 'pm10': 13202, 'pm25': 13201}}",2.33,8.92,31.11,0.66,0.75,0.71,645440402,18.9,MOD-00613,25.1,2026-03-31T14:40:22,2026-03-31T07:40:22,https://api.quant-aq.com/v1/devices/MOD-00613/data/645440251
845.24,475.85,"{'lat': None, 'lon': None}","{'rh': 18.9, 'temp': 25.1, 'wd': 0.0, 'ws': 0.0, 'ws_scalar': 0.0}","{'gas': {'co': 13498, 'co2': 13260, 'no': 13586, 'no2': 13765, 'o3': 13745}, 'pm': {'pm1': 13200, 'pm10': 13202, 'pm25': 13201}}",2.34,8.92,30.87,0.84,0.88,0.88,645440403,18.9,MOD-00613,25.1,2026-03-31T14:39:22,2026-03-31T07:39:22,https://api.quant-aq.com/v1/devices/MOD-00613/data/645440252
848.93,475.61,"{'lat': None, 'lon': None}","{'rh': 18.9, 'temp': 25.1, 'wd': 0.0, 'ws': 0.0, 'ws_scalar': 0.0}","{'gas': {'co': 13498, 'co2': 13260, 'no': 13586, 'no2': 13765, 'o3': 13745}, 'pm': {'pm1': 13200, 'pm10': 13202, 'pm25': 13201}}",2.33,8.92,31.35,0.39,0.4,0.4,645440401,18.9,MOD-00613,25.1,2026-03-31T14:38:22,2026-03-31T07:38:22,https://api.quant-aq.com/v1/devices/MOD-00613/data/645440250
845.24,475.49,"{'lat': None, 'lon': None}","{'rh': 18.9, 'temp': 25.1, 'wd': 0.0, 'ws': 0.0, 'ws_scalar': 0.0}","{'gas': {'co': 13498, 'co2': 13260, 'no': 13586, 'no2': 13765, 'o3': 13745}, 'pm': {'pm1': 13200, 'pm10': 13202, 'pm25': 13201}}",2.34,8.92,31.11,0.62,0.64,0.64,645440400,18.9,MOD-00613,25.1,2026-03-31T14:37:22,2026-03-31T07:37:22,https://api.quant-aq.com/v1/devices/MOD-00613/data/645440249
849.34,474.4,"{'lat': None, 'lon': None}","{'rh': 18.9, 'temp': 25.1, 'wd': 0.0, 'ws': 0.0, 'ws_scalar': 0.0}","{'gas': {'co': 13498, 'co2': 13260, 'no': 13586, 'no2': 13765, 'o3': 13745}, 'pm': {'pm1': 13200, 'pm10': 13202, 'pm25': 13201}}",2.34,8.92,30.87,0.88,0.92,0.92,645437611,18.9,MOD-00613,25.1,2026-03-31T14:36:22,2026-03-31T07:36:22,https://api.quant-aq.com/v1/devices/MOD-00613/data/645437461
844.83,475.97,"{'lat': None, 'lon': None}","{'rh': 18.9, 'temp': 25.1, 'wd': 0.0, 'ws': 0.0, 'ws_scalar': 0.0}","{'gas': {'co': 13498, 'co2': 13260, 'no': 13586, 'no2': 13765, 'o3': 13745}, 'pm': {'pm1': 13200, 'pm10': 13202, 'pm25': 13201}}",2.33,8.92,30.87,0.82,0.87,0.87,645437612,18.9,MOD-00613,25.1,2026-03-31T14:35:22,2026-03-31T07:35:22,https://api.quant-aq.com/v1/devices/MOD-00613/data/645437460
845.24,477.05,"{'lat': None, 'lon': None}","{'rh': 18.9, 'temp': 25.1, 'wd': 0.0, 'ws': 0.0, 'ws_scalar': 0.0}","{'gas': {'co': 13498, 'co2': 13260, 'no': 13586, 'no2': 13765, 'o3': 13745}, 'pm': {'pm1': 13200, 'pm10': 13202, 'pm25': 13201}}",2.34,8.92,31.11,0.75,0.76,0.76,645437609,18.9,MOD-00613,25.1,2026-03-31T14:34:22,2026-03-31T07:34:22,https://api.quant-aq.com/v1/devices/MOD-00613/data/645437458
843.6,478.86,"{'lat': None, 'lon': None}","{'rh': 18.9, 'temp': 25.1, 'wd': 0.0, 'ws': 0.0, 'ws_scalar': 0.0}","{'gas': {'co': 13498, 'co2': 13260, 'no': 13586, 'no2': 13765, 'o3': 13745}, 'pm': {'pm1': 13200, 'pm10': 13202, 'pm25': 13201}}",2.34,8.92,31.11,0.79,0.79,0.79,645437610,18.9,MOD-00613,25.1,2026-03-31T14:33:22,2026-03-31T07:33:22,https://api.quant-aq.com/v1/devices/MOD-00613/data/645437459
846.06,473.68,"{'lat': None, 'lon': None}","{'rh': 18.9, 'temp': 25.1, 'wd': 0.0, 'ws': 0.0, 'ws_scalar': 0.0}","{'gas': {'co': 13498, 'co2': 13260, 'no': 13586, 'no2': 13765, 'o3': 13745}, 'pm': {'pm1': 13200, 'pm10': 13202, 'pm25': 13201}}",2.34,8.92,31.35,0.66,0.69,0.69,645437608,18.9,MOD-00613,25.1,2026-03-31T14:32:22,2026-03-31T07:32:22,https://api.quant-aq.com/v1/devices/MOD-00613/data/645437457
845.24,476.09,"{'lat': None, 'lon': None}","{'rh': 18.9, 'temp': 25.1, 'wd': 0.0, 'ws': 0.0, 'ws_scalar': 0.0}","{'gas': {'co': 13498, 'co2': 13260, 'no': 13586, 'no2': 13765, 'o3': 13745}, 'pm': {'pm1': 13200, 'pm10': 13202, 'pm25': 13201}}",2.34,8.92,31.35,0.87,0.9,0.9,645434802,18.9,MOD-00613,25.1,2026-03-31T14:31:22,2026-03-31T07:31:22,https://api.quant-aq.com/v1/devices/MOD-00613/data/645434651
846.88,474.04,"{'lat': None, 'lon': None}","{'rh': 18.9, 'temp': 25.1, 'wd': 0.0, 'ws': 0.0, 'ws_scalar': 0.0}","{'gas': {'co': 13498, 'co2': 13260, 'no': 13586, 'no2': 13765, 'o3': 13745}, 'pm': {'pm1': 13200, 'pm10': 13202, 'pm25': 13201}}",2.34,8.92,31.11,0.76,0.76,0.76,645434801,18.9,MOD-00613,25.1,2026-03-31T14:30:22,2026-03-31T07:30:22,https://api.quant-aq.com/v1/devices/MOD-00613/data/645434650
843.6,469.58,"{'lat': None, 'lon': None}","{'rh': 18.9, 'temp': 25.1, 'wd': 0.0, 'ws': 0.0, 'ws_scalar': 0.0}","{'gas': {'co': 13498, 'co2': 13260, 'no': 13586, 'no2': 13765, 'o3': 13745}, 'pm': {'pm1': 13200, 'pm10': 13202, 'pm25': 13201}}",2.33,8.92,31.11,0.75,0.82,0.78,645434800,18.9,MOD-00613,25.1,2026-03-31T14:29:22,2026-03-31T07:29:22,https://api.quant-aq.com/v1/devices/MOD-00613/data/645434649
840.72,470.79,"{'lat': None, 'lon': None}","{'rh': 18.9, 'temp': 25.1, 'wd': 0.0, 'ws': 0.0, 'ws_scalar': 0.0}","{'gas': {'co': 13498, 'co2': 13260, 'no': 13586, 'no2': 13765, 'o3': 13745}, 'pm': {'pm1': 13200, 'pm10': 13202, 'pm25': 13201}}",2.34,8.92,31.35,0.52,0.76,0.57,645434799,18.9,MOD-00613,25.1,2026-03-31T14:28:22,2026-03-31T07:28:22,https://api.quant-aq.com/v1/devices/MOD-00613/data/645434648
844.42,474.52,"{'lat': None, 'lon': None}","{'rh': 18.9, 'temp': 25.1, 'wd': 0.0, 'ws': 0.0, 'ws_scalar': 0.0}","{'gas': {'co': 13498, 'co2': 13260, 'no': 13586, 'no2': 13765, 'o3': 13745}, 'pm': {'pm1': 13200, 'pm10': 13202, 'pm25': 13201}}",2.34,8.92,31.11,0.58,0.65,0.61,645434798,18.9,MOD-00613,25.1,2026-03-31T14:27:22,2026-03-31T07:27:22,https://api.quant-aq.com/v1/devices/MOD-00613/data/645434647
844.01,473.68,"{'lat': None, 'lon': None}","{'rh': 18.9, 'temp': 25.1, 'wd': 0.0, 'ws': 0.0, 'ws_scalar': 0.0}","{'gas': {'co': 13498, 'co2': 13260, 'no': 13586, 'no2': 13765, 'o3': 13745}, 'pm': {'pm1': 13200, 'pm10': 13202, 'pm25': 13201}}",2.34,8.92,31.11,0.47,0.47,0.47,645431974,18.9,MOD-00613,25.1,2026-03-31T14:26:22,2026-03-31T07:26:22,https://api.quant-aq.com/v1/devices/MOD-00613/data/645431822
842.78,473.2,"{'lat': None, 'lon': None}","{'rh': 18.9, 'temp': 25.1, 'wd': 0.0, 'ws': 0.0, 'ws_scalar': 0.0}","{'gas': {'co': 13498, 'co2': 13260, 'no': 13586, 'no2': 13765, 'o3': 13745}, 'pm': {'pm1': 13200, 'pm10': 13202, 'pm25': 13201}}",2.34,8.92,31.11,0.8,0.83,0.83,645431976,18.9,MOD-00613,25.1,2026-03-31T14:25:22,2026-03-31T07:25:22,https://api.quant-aq.com/v1/devices/MOD-00613/data/645431825
845.65,473.08,"{'lat': None, 'lon': None}","{'rh': 18.9, 'temp': 25.1, 'wd': 0.0, 'ws': 0.0, 'ws_scalar': 0.0}","{'gas': {'co': 13498, 'co2': 13260, 'no': 13586, 'no2': 13765, 'o3': 13745}, 'pm': {'pm1': 13200, 'pm10': 13202, 'pm25': 13201}}",2.34,8.92,30.87,0.77,0.78,0.78,645431975,18.9,MOD-00613,25.1,2026-03-31T14:24:22,2026-03-31T07:24:22,https://api.quant-aq.com/v1/devices/MOD-00613/data/645431824
840.72,474.76,"{'lat': None, 'lon': None}","{'rh': 18.9, 'temp': 25.1, 'wd': 0.0, 'ws': 0.0, 'ws_scalar': 0.0}","{'gas': {'co': 13498, 'co2': 13260, 'no': 13586, 'no2': 13765, 'o3': 13745}, 'pm': {'pm1': 13200, 'pm10': 13202, 'pm25': 13201}}",2.33,8.92,31.35,0.8,0.82,0.82,645431973,18.9,MOD-00613,25.1,2026-03-31T14:23:22,2026-03-31T07:23:22,https://api.quant-aq.com/v1/devices/MOD-00613/data/645431823
846.47,474.88,"{'lat': None, 'lon': None}","{'rh': 18.9, 'temp': 25.1, 'wd': 0.0, 'ws': 0.0, 'ws_scalar': 0.0}","{'gas': {'co': 13498, 'co2': 13260, 'no': 13586, 'no2': 13765, 'o3': 13745}, 'pm': {'pm1': 13200, 'pm10': 13202, 'pm25': 13201}}",2.34,8.92,30.63,0.51,0.52,0.52,645431978,18.9,MOD-00613,25.1,2026-03-31T14:22:22,2026-03-31T07:22:22,https://api.quant-aq.com/v1/devices/MOD-00613/data/645431830
844.01,473.68,"{'lat': None, 'lon': None}","{'rh': 18.9, 'temp': 25.1, 'wd': 0.0, 'ws': 0.0, 'ws_scalar': 0.0}","{'gas': {'co': 13498, 'co2': 13260, 'no': 13586, 'no2': 13765, 'o3': 13745}, 'pm': {'pm1': 13200, 'pm10': 13202, 'pm25': 13201}}",2.34,8.92,31.35,0.7,0.7,0.7,645429218,18.9,MOD-00613,25.1,2026-03-31T14:21:22,2026-03-31T07:21:22,https://api.quant-aq.com/v1/devices/MOD-00613/data/645429068
839.49,473.68,"{'lat': None, 'lon': None}","{'rh': 18.9, 'temp': 25.1, 'wd': 0.0, 'ws': 0.0, 'ws_scalar': 0.0}","{'gas': {'co': 13498, 'co2': 13260, 'no': 13586, 'no2': 13765, 'o3': 13745}, 'pm': {'pm1': 13200, 'pm10': 13202, 'pm25': 13201}}",2.33,8.92,31.11,0.72,0.72,0.72,645429222,18.9,MOD-00613,25.1,2026-03-31T14:20:22,2026-03-31T07:20:22,https://api.quant-aq.com/v1/devices/MOD-00613/data/645429071
844.42,473.68,"{'lat': None, 'lon': None}","{'rh': 18.9, 'temp': 25.1, 'wd': 0.0, 'ws': 0.0, 'ws_scalar': 0.0}","{'gas': {'co': 13498, 'co2': 13260, 'no': 13586, 'no2': 13765, 'o3': 13745}, 'pm': {'pm1': 13200, 'pm10': 13202, 'pm25': 13201}}",2.34,8.92,31.59,1.1,1.17,1.13,645429220,18.9,MOD-00613,25.1,2026-03-31T14:19:22,2026-03-31T07:19:22,https://api.quant-aq.com/v1/devices/MOD-00613/data/645429069
837.85,472.59,"{'lat': None, 'lon': None}","{'rh': 18.9, 'temp': 25.1, 'wd': 0.0, 'ws': 0.0, 'ws_scalar': 0.0}","{'gas': {'co': 13498, 'co2': 13260, 'no': 13586, 'no2': 13765, 'o3': 13745}, 'pm': {'pm1': 13200, 'pm10': 13202, 'pm25': 13201}}",2.34,8.92,30.87,0.88,0.91,0.91,645429217,18.9,MOD-00613,25.1,2026-03-31T14:18:22,2026-03-31T07:18:22,https://api.quant-aq.com/v1/devices/MOD-00613/data/645429066
842.78,474.4,"{'lat': None, 'lon': None}","{'rh': 18.9, 'temp': 25.1, 'wd': 0.0, 'ws': 0.0, 'ws_scalar': 0.0}","{'gas': {'co': 13498, 'co2': 13260, 'no': 13586, 'no2': 13765, 'o3': 13745}, 'pm': {'pm1': 13200, 'pm10': 13202, 'pm25': 13201}}",2.33,8.92,31.35,0.48,0.62,0.54,645429215,18.9,MOD-00613,25.1,2026-03-31T14:17:22,2026-03-31T07:17:22,https://api.quant-aq.com/v1/devices/MOD-00613/data/645429064
844.83,474.16,"{'lat': None, 'lon': None}","{'rh': 18.9, 'temp': 25.1, 'wd': 0.0, 'ws': 0.0, 'ws_scalar': 0.0}","{'gas': {'co': 13498, 'co2': 13260, 'no': 13586, 'no2': 13765, 'o3': 13745}, 'pm': {'pm1': 13200, 'pm10': 13202, 'pm25': 13201}}",2.34,8.92,31.11,0.64,0.77,0.69,645426465,18.9,MOD-00613,25.1,2026-03-31T14:16:22,2026-03-31T07:16:22,https://api.quant-aq.com/v1/devices/MOD-00613/data/645426314
837.44,473.68,"{'lat': None, 'lon': None}","{'rh': 18.9, 'temp': 25.1, 'wd': 0.0, 'ws': 0.0, 'ws_scalar': 0.0}","{'gas': {'co': 13498, 'co2': 13260, 'no': 13586, 'no2': 13765, 'o3': 13745}, 'pm': {'pm1': 13200, 'pm10': 13202, 'pm25': 13201}}",2.34,8.91,31.11,0.7,0.73,0.73,645426466,18.9,MOD-00613,25.1,2026-03-31T14:15:22,2026-03-31T07:15:22,https://api.quant-aq.com/v1/devices/MOD-00613/data/645426316
844.01,473.44,"{'lat': None, 'lon': None}","{'rh': 18.9, 'temp': 25.1, 'wd': 0.0, 'ws': 0.0, 'ws_scalar': 0.0}","{'gas': {'co': 13498, 'co2': 13260, 'no': 13586, 'no2': 13765, 'o3': 13745}, 'pm': {'pm1': 13200, 'pm10': 13202, 'pm25': 13201}}",2.34,8.92,31.11,0.42,0.45,0.45,645426467,18.9,MOD-00613,25.1,2026-03-31T14:14:22,2026-03-31T07:14:22,https://api.quant-aq.com/v1/devices/MOD-00613/data/645426315
853.86,474.16,"{'lat': None, 'lon': None}","{'rh': 18.9, 'temp': 25.1, 'wd': 0.0, 'ws': 0.0, 'ws_scalar': 0.0}","{'gas': {'co': 13498, 'co2': 13260, 'no': 13586, 'no2': 13765, 'o3': 13745}, 'pm': {'pm1': 13200, 'pm10': 13202, 'pm25': 13201}}",2.33,8.91,31.11,0.74,0.77,0.77,645426463,18.9,MOD-00613,25.1,2026-03-31T14:13:22,2026-03-31T07:13:22,https://api.quant-aq.com/v1/devices/MOD-00613/data/645426313
841.96,473.2,"{'lat': None, 'lon': None}","{'rh': 18.9, 'temp': 25.1, 'wd': 0.0, 'ws': 0.0, 'ws_scalar': 0.0}","{'gas': {'co': 13498, 'co2': 13260, 'no': 13586, 'no2': 13765, 'o3': 13745}, 'pm': {'pm1': 13200, 'pm10': 13202, 'pm25': 13201}}",2.33,8.92,31.11,0.69,0.71,0.71,645426464,18.9,MOD-00613,25.1,2026-03-31T14:12:22,2026-03-31T07:12:22,https://api.quant-aq.com/v1/devices/MOD-00613/data/645426312
843.6,475.0,"{'lat': None, 'lon': None}","{'rh': 18.9, 'temp': 25.1, 'wd': 0.0, 'ws': 0.0, 'ws_scalar': 0.0}","{'gas': {'co': 13498, 'co2': 13260, 'no': 13586, 'no2': 13765, 'o3': 13745}, 'pm': {'pm1': 13200, 'pm10': 13202, 'pm25': 13201}}",2.33,8.92,31.11,0.65,0.65,0.65,645423676,18.9,MOD-00613,25.1,2026-03-31T14:11:22,2026-03-31T07:11:22,https://api.quant-aq.com/v1/devices/MOD-00613/data/645423525
850.17,475.36,"{'lat': None, 'lon': None}","{'rh': 18.9, 'temp': 25.1, 'wd': 0.0, 'ws': 0.0, 'ws_scalar': 0.0}","{'gas': {'co': 13498, 'co2': 13260, 'no': 13586, 'no2': 13765, 'o3': 13745}, 'pm': {'pm1': 13200, 'pm10': 13202, 'pm25': 13201}}",2.34,8.92,31.11,0.64,0.67,0.67,645423675,18.9,MOD-00613,25.1,2026-03-31T14:10:22,2026-03-31T07:10:22,https://api.quant-aq.com/v1/devices/MOD-00613/data/645423523
841.96,474.88,"{'lat': None, 'lon': None}","{'rh': 18.9, 'temp': 25.1, 'wd': 0.0, 'ws': 0.0, 'ws_scalar': 0.0}","{'gas': {'co': 13498, 'co2': 13260, 'no': 13586, 'no2': 13765, 'o3': 13745}, 'pm': {'pm1': 13200, 'pm10': 13202, 'pm25': 13201}}",2.34,8.91,31.35,0.81,0.88,0.84,645423673,18.9,MOD-00613,25.1,2026-03-31T14:09:22,2026-03-31T07:09:22,https://api.quant-aq.com/v1/devices/MOD-00613/data/645423522
842.78,473.92,"{'lat': None, 'lon': None}","{'rh': 18.9, 'temp': 25.1, 'wd': 0.0, 'ws': 0.0, 'ws_scalar': 0.0}","{'gas': {'co': 13498, 'co2': 13260, 'no': 13586, 'no2': 13765, 'o3': 13745}, 'pm': {'pm1': 13200, 'pm10': 13202, 'pm25': 13201}}",2.33,8.92,31.35,0.81,0.81,0.81,645423677,18.9,MOD-00613,25.1,2026-03-31T14:08:22,2026-03-31T07:08:22,https://api.quant-aq.com/v1/devices/MOD-00613/data/645423526
842.78,474.52,"{'lat': None, 'lon': None}","{'rh': 18.9, 'temp': 25.1, 'wd': 0.0, 'ws': 0.0, 'ws_scalar': 0.0}","{'gas': {'co': 13498, 'co2': 13260, 'no': 13586, 'no2': 13765, 'o3': 13745}, 'pm': {'pm1': 13200, 'pm10': 13202, 'pm25': 13201}}",2.34,8.92,30.87,0.49,0.52,0.52,645423674,18.9,MOD-00613,25.1,2026-03-31T14:07:22,2026-03-31T07:07:22,https://api.quant-aq.com/v1/devices/MOD-00613/data/645423524
845.24,474.64,"{'lat': None, 'lon': None}","{'rh': 18.9, 'temp': 25.1, 'wd': 0.0, 'ws': 0.0, 'ws_scalar': 0.0}","{'gas': {'co': 13498, 'co2': 13260, 'no': 13586, 'no2': 13765, 'o3': 13745}, 'pm': {'pm1': 13200, 'pm10': 13202, 'pm25': 13201}}",2.33,8.92,31.35,0.69,0.7,0.7,645420858,18.9,MOD-00613,25.1,2026-03-31T14:06:22,2026-03-31T07:06:22,https://api.quant-aq.com/v1/devices/MOD-00613/data/645420708
848.11,476.93,"{'lat': None, 'lon': None}","{'rh': 18.9, 'temp': 25.1, 'wd': 0.0, 'ws': 0.0, 'ws_scalar': 0.0}","{'gas': {'co': 13498, 'co2': 13260, 'no': 13586, 'no2': 13765, 'o3': 13745}, 'pm': {'pm1': 13200, 'pm10': 13202, 'pm25': 13201}}",2.34,8.92,30.87,0.6,0.61,0.61,645420856,18.9,MOD-00613,25.1,2026-03-31T14:05:22,2026-03-31T07:05:22,https://api.quant-aq.com/v1/devices/MOD-00613/data/645420705
839.08,475.12,"{'lat': None, 'lon': None}","{'rh': 18.9, 'temp': 25.1, 'wd': 0.0, 'ws': 0.0, 'ws_scalar': 0.0}","{'gas': {'co': 13498, 'co2': 13260, 'no': 13586, 'no2': 13765, 'o3': 13745}, 'pm': {'pm1': 13200, 'pm10': 13202, 'pm25': 13201}}",2.33,8.92,31.11,0.59,0.64,0.64,645420860,18.9,MOD-00613,25.1,2026-03-31T14:04:22,2026-03-31T07:04:22,https://api.quant-aq.com/v1/devices/MOD-00613/data/645420709
842.37,474.16,"{'lat': None, 'lon': None}","{'rh': 18.9, 'temp': 25.1, 'wd': 0.0, 'ws': 0.0, 'ws_scalar': 0.0}","{'gas': {'co': 13498, 'co2': 13260, 'no': 13586, 'no2': 13765, 'o3': 13745}, 'pm': {'pm1': 13200, 'pm10': 13202, 'pm25': 13201}}",2.34,8.92,30.39,0.59,0.62,0.62,645420857,18.9,MOD-00613,25.1,2026-03-31T14:03:22,2026-03-31T07:03:22,https://api.quant-aq.com/v1/devices/MOD-00613/data/645420707
843.19,475.12,"{'lat': None, 'lon': None}","{'rh': 18.9, 'temp': 25.1, 'wd': 0.0, 'ws': 0.0, 'ws_scalar': 0.0}","{'gas': {'co': 13498, 'co2': 13260, 'no': 13586, 'no2': 13765, 'o3': 13745}, 'pm': {'pm1': 13200, 'pm10': 13202, 'pm25': 13201}}",2.33,8.92,30.87,0.63,0.74,0.69,645420859,18.9,MOD-00613,25.1,2026-03-31T14:02:22,2026-03-31T07:02:22,https://api.quant-aq.com/v1/devices/MOD-00613/data/645420710
844.01,471.99,"{'lat': None, 'lon': None}","{'rh': 18.9, 'temp': 25.1, 'wd': 0.0, 'ws': 0.0, 'ws_scalar': 0.0}","{'gas': {'co': 13498, 'co2': 13260, 'no': 13586, 'no2': 13765, 'o3': 13745}, 'pm': {'pm1': 13200, 'pm10': 13202, 'pm25': 13201}}",2.34,8.91,31.11,0.75,0.75,0.75,645418116,18.9,MOD-00613,25.1,2026-03-31T14:01:22,2026-03-31T07:01:22,https://api.quant-aq.com/v1/devices/MOD-00613/data/645417964
843.6,472.96,"{'lat': None, 'lon': None}","{'rh': 18.9, 'temp': 25.1, 'wd': 0.0, 'ws': 0.0, 'ws_scalar': 0.0}","{'gas': {'co': 13498, 'co2': 13260, 'no': 13586, 'no2': 13765, 'o3': 13745}, 'pm': {'pm1': 13200, 'pm10': 13202, 'pm25': 13201}}",2.33,8.92,30.87,0.46,0.53,0.49,645418113,18.9,MOD-00613,25.1,2026-03-31T14:00:22,2026-03-31T07:00:22,https://api.quant-aq.com/v1/devices/MOD-00613/data/645417962
842.78,474.04,"{'lat': None, 'lon': None}","{'rh': 18.9, 'temp': 25.1, 'wd': 0.0, 'ws': 0.0, 'ws_scalar': 0.0}","{'gas': {'co': 13498, 'co2': 13260, 'no': 13586, 'no2': 13765, 'o3': 13745}, 'pm': {'pm1': 13200, 'pm10': 13202, 'pm25': 13201}}",2.33,8.92,31.11,0.5,0.58,0.53,645418112,18.9,MOD-00613,25.1,2026-03-31T13:59:22,2026-03-31T06:59:22,https://api.quant-aq.com/v1/devices/MOD-00613/data/645417961
839.9,474.52,"{'lat': None, 'lon': None}","{'rh': 18.9, 'temp': 25.1, 'wd': 0.0, 'ws': 0.0, 'ws_scalar': 0.0}","{'gas': {'co': 13498, 'co2': 13260, 'no': 13586, 'no2': 13765, 'o3': 13745}, 'pm': {'pm1': 13200, 'pm10': 13202, 'pm25': 13201}}",2.33,8.92,31.11,0.67,0.67,0.67,645418110,18.9,MOD-00613,25.1,2026-03-31T13:58:22,2026-03-31T06:58:22,https://api.quant-aq.com/v1/devices/MOD-00613/data/645417959
840.72,472.47,"{'lat': None, 'lon': None}","{'rh': 18.9, 'temp': 25.1, 'wd': 0.0, 'ws': 0.0, 'ws_scalar': 0.0}","{'gas': {'co': 13498, 'co2': 13260, 'no': 13586, 'no2': 13765, 'o3': 13745}, 'pm': {'pm1': 13200, 'pm10': 13202, 'pm25': 13201}}",2.34,8.92,30.87,0.8,0.8,0.8,645418104,18.9,MOD-00613,25.1,2026-03-31T13:57:22,2026-03-31T06:57:22,https://api.quant-aq.com/v1/devices/MOD-00613/data/645417952
836.62,472.96,"{'lat': None, 'lon': None}","{'rh': 18.9, 'temp': 25.1, 'wd': 0.0, 'ws': 0.0, 'ws_scalar': 0.0}","{'gas': {'co': 13498, 'co2': 13260, 'no': 13586, 'no2': 13765, 'o3': 13745}, 'pm': {'pm1': 13200, 'pm10': 13202, 'pm25': 13201}}",2.33,8.91,31.11,0.75,0.78,0.78,645415360,18.9,MOD-00613,25.1,2026-03-31T13:56:22,2026-03-31T06:56:22,https://api.quant-aq.com/v1/devices/MOD-00613/data/645415209
842.78,473.44,"{'lat': None, 'lon': None}","{'rh': 18.9, 'temp': 25.1, 'wd': 0.0, 'ws': 0.0, 'ws_scalar': 0.0}","{'gas': {'co': 13498, 'co2': 13260, 'no': 13586, 'no2': 13765, 'o3': 13745}, 'pm': {'pm1': 13200, 'pm10': 13202, 'pm25': 13201}}",2.34,8.92,30.87,0.74,0.77,0.77,645415358,18.9,MOD-00613,25.1,2026-03-31T13:55:22,2026-03-31T06:55:22,https://api.quant-aq.com/v1/devices/MOD-00613/data/645415207
840.72,474.16,"{'lat': None, 'lon': None}","{'rh': 18.9, 'temp': 25.1, 'wd': 0.0, 'ws': 0.0, 'ws_scalar': 0.0}","{'gas': {'co': 13498, 'co2': 13260, 'no': 13586, 'no2': 13765, 'o3': 13745}, 'pm': {'pm1': 13200, 'pm10': 13202, 'pm25': 13201}}",2.33,8.92,31.11,0.92,0.95,0.95,645415359,18.9,MOD-00613,25.1,2026-03-31T13:54:22,2026-03-31T06:54:22,https://api.quant-aq.com/v1/devices/MOD-00613/data/645415208
837.44,472.11,"{'lat': None, 'lon': None}","{'rh': 18.9, 'temp': 25.1, 'wd': 0.0, 'ws': 0.0, 'ws_scalar': 0.0}","{'gas': {'co': 13498, 'co2': 13260, 'no': 13586, 'no2': 13765, 'o3': 13745}, 'pm': {'pm1': 13200, 'pm10': 13202, 'pm25': 13201}}",2.33,8.91,30.87,0.49,0.52,0.52,645415356,18.9,MOD-00613,25.1,2026-03-31T13:53:22,2026-03-31T06:53:22,https://api.quant-aq.com/v1/devices/MOD-00613/data/645415205
836.21,473.56,"{'lat': None, 'lon': None}","{'rh': 18.9, 'temp': 25.1, 'wd': 0.0, 'ws': 0.0, 'ws_scalar': 0.0}","{'gas': {'co': 13498, 'co2': 13260, 'no': 13586, 'no2': 13765, 'o3': 13745}, 'pm': {'pm1': 13200, 'pm10': 13202, 'pm25': 13201}}",2.33,8.92,30.63,0.64,0.64,0.64,645415357,18.9,MOD-00613,25.1,2026-03-31T13:52:22,2026-03-31T06:52:22,https://api.quant-aq.com/v1/devices/MOD-00613/data/645415206
836.21,475.36,"{'lat': None, 'lon': None}","{'rh': 18.9, 'temp': 25.1, 'wd': 0.0, 'ws': 0.0, 'ws_scalar': 0.0}","{'gas': {'co': 13498, 'co2': 13260, 'no': 13586, 'no2': 13765, 'o3': 13745}, 'pm': {'pm1': 13200, 'pm10': 13202, 'pm25': 13201}}",2.33,8.91,30.87,1.13,1.15,1.15,645412588,18.9,MOD-00613,25.1,2026-03-31T13:51:22,2026-03-31T06:51:22,https://api.quant-aq.com/v1/devices/MOD-00613/data/645412437
836.21,474.52,"{'lat': None, 'lon': None}","{'rh': 18.9, 'temp': 25.1, 'wd': 0.0, 'ws': 0.0, 'ws_scalar': 0.0}","{'gas': {'co': 13498, 'co2': 13260, 'no': 13586, 'no2': 13765, 'o3': 13745}, 'pm': {'pm1': 13200, 'pm10': 13202, 'pm25': 13201}}",2.33,8.92,30.63,0.63,0.64,0.64,645412586,18.9,MOD-00613,25.1,2026-03-31T13:50:22,2026-03-31T06:50:22,https://api.quant-aq.com/v1/devices/MOD-00613/data/645412434
836.32,474.64,"{'lat': None, 'lon': None}","{'rh': 18.9, 'temp': 25.2, 'wd': 0.0, 'ws': 0.0, 'ws_scalar': 0.0}","{'gas': {'co': 13498, 'co2': 13260, 'no': 13586, 'no2': 13765, 'o3': 13745}, 'pm': {'pm1': 13200, 'pm10': 13202, 'pm25': 13201}}",2.33,8.91,30.66,0.58,0.61,0.61,645412585,18.9,MOD-00613,25.2,2026-03-31T13:49:22,2026-03-31T06:49:22,https://api.quant-aq.com/v1/devices/MOD-00613/data/645412435
840.01,471.27,"{'lat': None, 'lon': None}","{'rh': 18.9, 'temp': 25.2, 'wd': 0.0, 'ws': 0.0, 'ws_scalar': 0.0}","{'gas': {'co': 13498, 'co2': 13260, 'no': 13586, 'no2': 13765, 'o3': 13745}, 'pm': {'pm1': 13200, 'pm10': 13202, 'pm25': 13201}}",2.33,8.91,30.9,0.73,0.73,0.73,645412587,18.9,MOD-00613,25.2,2026-03-31T13:48:22,2026-03-31T06:48:22,https://api.quant-aq.com/v1/devices/MOD-00613/data/645412436
836.73,471.51,"{'lat': None, 'lon': None}","{'rh': 18.9, 'temp': 25.2, 'wd': 0.0, 'ws': 0.0, 'ws_scalar': 0.0}","{'gas': {'co': 13498, 'co2': 13260, 'no': 13586, 'no2': 13765, 'o3': 13745}, 'pm': {'pm1': 13200, 'pm10': 13202, 'pm25': 13201}}",2.33,8.91,30.9,0.7,0.71,0.71,645412584,18.9,MOD-00613,25.2,2026-03-31T13:47:22,2026-03-31T06:47:22,https://api.quant-aq.com/v1/devices/MOD-00613/data/645412433
833.03,470.19,"{'lat': None, 'lon': None}","{'rh': 18.9, 'temp': 25.2, 'wd': 0.0, 'ws': 0.0, 'ws_scalar': 0.0}","{'gas': {'co': 13498, 'co2': 13260, 'no': 13586, 'no2': 13765, 'o3': 13745}, 'pm': {'pm1': 13200, 'pm10': 13202, 'pm25': 13201}}",2.33,8.91,30.66,0.69,0.72,0.72,645409767,18.9,MOD-00613,25.2,2026-03-31T13:46:22,2026-03-31T06:46:22,https://api.quant-aq.com/v1/devices/MOD-00613/data/645409616
840.01,469.58,"{'lat': None, 'lon': None}","{'rh': 18.9, 'temp': 25.2, 'wd': 0.0, 'ws': 0.0, 'ws_scalar': 0.0}","{'gas': {'co': 13498, 'co2': 13260, 'no': 13586, 'no2': 13765, 'o3': 13745}, 'pm': {'pm1': 13200, 'pm10': 13202, 'pm25': 13201}}",2.34,8.91,31.14,0.61,0.67,0.67,645409768,18.9,MOD-00613,25.2,2026-03-31T13:45:22,2026-03-31T06:45:22,https://api.quant-aq.com/v1/devices/MOD-00613/data/645409617
831.8,471.27,"{'lat': None, 'lon': None}","{'rh': 18.9, 'temp': 25.2, 'wd': 0.0, 'ws': 0.0, 'ws_scalar': 0.0}","{'gas': {'co': 13498, 'co2': 13260, 'no': 13586, 'no2': 13765, 'o3': 13745}, 'pm': {'pm1': 13200, 'pm10': 13202, 'pm25': 13201}}",2.33,8.91,31.38,0.79,0.79,0.79,645409764,18.9,MOD-00613,25.2,2026-03-31T13:44:22,2026-03-31T06:44:22,https://api.quant-aq.com/v1/devices/MOD-00613/data/645409613
830.57,474.28,"{'lat': None, 'lon': None}","{'rh': 18.9, 'temp': 25.2, 'wd': 0.0, 'ws': 0.0, 'ws_scalar': 0.0}","{'gas': {'co': 13498, 'co2': 13260, 'no': 13586, 'no2': 13765, 'o3': 13745}, 'pm': {'pm1': 13200, 'pm10': 13202, 'pm25': 13201}}",2.33,8.91,31.14,0.7,0.71,0.71,645409765,18.9,MOD-00613,25.2,2026-03-31T13:43:22,2026-03-31T06:43:22,https://api.quant-aq.com/v1/devices/MOD-00613/data/645409614
835.5,467.9,"{'lat': None, 'lon': None}","{'rh': 18.9, 'temp': 25.2, 'wd': 0.0, 'ws': 0.0, 'ws_scalar': 0.0}","{'gas': {'co': 13498, 'co2': 13260, 'no': 13586, 'no2': 13765, 'o3': 13745}, 'pm': {'pm1': 13200, 'pm10': 13202, 'pm25': 13201}}",2.33,8.91,30.66,0.58,0.58,0.58,645409766,18.9,MOD-00613,25.2,2026-03-31T13:42:22,2026-03-31T06:42:22,https://api.quant-aq.com/v1/devices/MOD-00613/data/645409615
834.26,473.2,"{'lat': None, 'lon': None}","{'rh': 18.9, 'temp': 25.2, 'wd': 0.0, 'ws': 0.0, 'ws_scalar': 0.0}","{'gas': {'co': 13498, 'co2': 13260, 'no': 13586, 'no2': 13765, 'o3': 13745}, 'pm': {'pm1': 13200, 'pm10': 13202, 'pm25': 13201}}",2.33,8.91,30.18,0.62,0.68,0.68,645406993,18.9,MOD-00613,25.2,2026-03-31T13:41:22,2026-03-31T06:41:22,https://api.quant-aq.com/v1/devices/MOD-00613/data/645406843
832.62,469.58,"{'lat': None, 'lon': None}","{'rh': 18.9, 'temp': 25.2, 'wd': 0.0, 'ws': 0.0, 'ws_scalar': 0.0}","{'gas': {'co': 13498, 'co2': 13260, 'no': 13586, 'no2': 13765, 'o3': 13745}, 'pm': {'pm1': 13200, 'pm10': 13202, 'pm25': 13201}}",2.33,8.91,30.66,0.61,0.61,0.61,645406992,18.9,MOD-00613,25.2,2026-03-31T13:40:22,2026-03-31T06:40:22,https://api.quant-aq.com/v1/devices/MOD-00613/data/645406841
833.44,473.56,"{'lat': None, 'lon': None}","{'rh': 18.9, 'temp': 25.2, 'wd': 0.0, 'ws': 0.0, 'ws_scalar': 0.0}","{'gas': {'co': 13498, 'co2': 13260, 'no': 13586, 'no2': 13765, 'o3': 13745}, 'pm': {'pm1': 13200, 'pm10': 13202, 'pm25': 13201}}",2.33,8.91,31.14,0.7,0.7,0.7,645406995,18.9,MOD-00613,25.2,2026-03-31T13:39:22,2026-03-31T06:39:22,https://api.quant-aq.com/v1/devices/MOD-00613/data/645406844
833.03,470.91,"{'lat': None, 'lon': None}","{'rh': 18.9, 'temp': 25.2, 'wd': 0.0, 'ws': 0.0, 'ws_scalar': 0.0}","{'gas': {'co': 13498, 'co2': 13260, 'no': 13586, 'no2': 13765, 'o3': 13745}, 'pm': {'pm1': 13200, 'pm10': 13202, 'pm25': 13201}}",2.33,8.91,30.9,0.76,0.79,0.79,645406991,18.9,MOD-00613,25.2,2026-03-31T13:38:22,2026-03-31T06:38:22,https://api.quant-aq.com/v1/devices/MOD-00613/data/645406840
834.67,471.63,"{'lat': None, 'lon': None}","{'rh': 18.9, 'temp': 25.2, 'wd': 0.0, 'ws': 0.0, 'ws_scalar': 0.0}","{'gas': {'co': 13498, 'co2': 13260, 'no': 13586, 'no2': 13765, 'o3': 13745}, 'pm': {'pm1': 13200, 'pm10': 13202, 'pm25': 13201}}",2.33,8.91,30.66,0.75,0.76,0.76,645406994,18.9,MOD-00613,25.2,2026-03-31T13:37:22,2026-03-31T06:37:22,https://api.quant-aq.com/v1/devices/MOD-00613/data/645406842
830.57,469.46,"{'lat': None, 'lon': None}","{'rh': 18.9, 'temp': 25.2, 'wd': 0.0, 'ws': 0.0, 'ws_scalar': 0.0}","{'gas': {'co': 13498, 'co2': 13260, 'no': 13586, 'no2': 13765, 'o3': 13745}, 'pm': {'pm1': 13200, 'pm10': 13202, 'pm25': 13201}}",2.33,8.91,31.14,0.59,0.68,0.64,645404239,18.9,MOD-00613,25.2,2026-03-31T13:36:22,2026-03-31T06:36:22,https://api.quant-aq.com/v1/devices/MOD-00613/data/645404088
830.16,471.03,"{'lat': None, 'lon': None}","{'rh': 18.9, 'temp': 25.2, 'wd': 0.0, 'ws': 0.0, 'ws_scalar': 0.0}","{'gas': {'co': 13498, 'co2': 13260, 'no': 13586, 'no2': 13765, 'o3': 13745}, 'pm': {'pm1': 13200, 'pm10': 13202, 'pm25': 13201}}",2.33,8.91,30.9,0.57,0.65,0.61,645404238,18.9,MOD-00613,25.2,2026-03-31T13:35:22,2026-03-31T06:35:22,https://api.quant-aq.com/v1/devices/MOD-00613/data/645404087
831.8,469.22,"{'lat': None, 'lon': None}","{'rh': 18.9, 'temp': 25.2, 'wd': 0.0, 'ws': 0.0, 'ws_scalar': 0.0}","{'gas': {'co': 13498, 'co2': 13260, 'no': 13586, 'no2': 13765, 'o3': 13745}, 'pm': {'pm1': 13200, 'pm10': 13202, 'pm25': 13201}}",2.33,8.91,30.9,0.35,0.38,0.38,645404237,18.9,MOD-00613,25.2,2026-03-31T13:34:22,2026-03-31T06:34:22,https://api.quant-aq.com/v1/devices/MOD-00613/data/645404086
836.32,472.96,"{'lat': None, 'lon': None}","{'rh': 18.9, 'temp': 25.2, 'wd': 0.0, 'ws': 0.0, 'ws_scalar': 0.0}","{'gas': {'co': 13498, 'co2': 13260, 'no': 13586, 'no2': 13765, 'o3': 13745}, 'pm': {'pm1': 13200, 'pm10': 13202, 'pm25': 13201}}",2.33,8.91,30.9,0.7,1.33,0.72,645404235,18.9,MOD-00613,25.2,2026-03-31T13:33:22,2026-03-31T06:33:22,https://api.quant-aq.com/v1/devices/MOD-00613/data/645404085
830.98,469.46,"{'lat': None, 'lon': None}","{'rh': 18.9, 'temp': 25.2, 'wd': 0.0, 'ws': 0.0, 'ws_scalar': 0.0}","{'gas': {'co': 13498, 'co2': 13260, 'no': 13586, 'no2': 13765, 'o3': 13745}, 'pm': {'pm1': 13200, 'pm10': 13202, 'pm25': 13201}}",2.34,8.91,31.14,0.83,0.85,0.85,645404236,18.9,MOD-00613,25.2,2026-03-31T13:32:22,2026-03-31T06:32:22,https://api.quant-aq.com/v1/devices/MOD-00613/data/645404084
836.32,470.67,"{'lat': None, 'lon': None}","{'rh': 18.9, 'temp': 25.2, 'wd': 0.0, 'ws': 0.0, 'ws_scalar': 0.0}","{'gas': {'co': 13498, 'co2': 13260, 'no': 13586, 'no2': 13765, 'o3': 13745}, 'pm': {'pm1': 13200, 'pm10': 13202, 'pm25': 13201}}",2.33,8.9,30.9,0.66,0.69,0.69,645401447,18.9,MOD-00613,25.2,2026-03-31T13:31:22,2026-03-31T06:31:22,https://api.quant-aq.com/v1/devices/MOD-00613/data/645401296
835.5,471.87,"{'lat': None, 'lon': None}","{'rh': 18.9, 'temp': 25.2, 'wd': 0.0, 'ws': 0.0, 'ws_scalar': 0.0}","{'gas': {'co': 13498, 'co2': 13260, 'no': 13586, 'no2': 13765, 'o3': 13745}, 'pm': {'pm1': 13200, 'pm10': 13202, 'pm25': 13201}}",2.33,8.91,31.14,0.68,0.68,0.68,645401446,18.9,MOD-00613,25.2,2026-03-31T13:30:22,2026-03-31T06:30:22,https://api.quant-aq.com/v1/devices/MOD-00613/data/645401295
830.16,467.42,"{'lat': None, 'lon': None}","{'rh': 18.9, 'temp': 25.2, 'wd': 0.0, 'ws': 0.0, 'ws_scalar': 0.0}","{'gas': {'co': 13498, 'co2': 13260, 'no': 13586, 'no2': 13765, 'o3': 13745}, 'pm': {'pm1': 13200, 'pm10': 13202, 'pm25': 13201}}",2.33,8.9,31.14,0.92,0.99,0.94,645401445,18.9,MOD-00613,25.2,2026-03-31T13:29:22,2026-03-31T06:29:22,https://api.quant-aq.com/v1/devices/MOD-00613/data/645401294
833.48,469.82,"{'lat': None, 'lon': None}","{'rh': 19.0, 'temp': 25.3, 'wd': 0.0, 'ws': 0.0, 'ws_scalar': 0.0}","{'gas': {'co': 13498, 'co2': 13260, 'no': 13586, 'no2': 13765, 'o3': 13745}, 'pm': {'pm1': 13200, 'pm10': 13202, 'pm25': 13201}}",2.33,8.89,31.14,0.62,0.65,0.65,645401444,19.0,MOD-00613,25.3,2026-03-31T13:28:22,2026-03-31T06:28:22,https://api.quant-aq.com/v1/devices/MOD-00613/data/645401293
833.96,470.06,"{'lat': None, 'lon': None}","{'rh': 18.9, 'temp': 25.3, 'wd': 0.0, 'ws': 0.0, 'ws_scalar': 0.0}","{'gas': {'co': 13498, 'co2': 13260, 'no': 13586, 'no2': 13765, 'o3': 13745}, 'pm': {'pm1': 13200, 'pm10': 13202, 'pm25': 13201}}",2.33,8.9,30.69,0.83,0.86,0.86,645401443,18.9,MOD-00613,25.3,2026-03-31T13:27:22,2026-03-31T06:27:22,https://api.quant-aq.com/v1/devices/MOD-00613/data/645401292
836.83,470.67,"{'lat': None, 'lon': None}","{'rh': 18.9, 'temp': 25.3, 'wd': 0.0, 'ws': 0.0, 'ws_scalar': 0.0}","{'gas': {'co': 13498, 'co2': 13260, 'no': 13586, 'no2': 13765, 'o3': 13745}, 'pm': {'pm1': 13200, 'pm10': 13202, 'pm25': 13201}}",2.34,8.9,30.93,0.91,0.95,0.95,645398636,18.9,MOD-00613,25.3,2026-03-31T13:26:22,2026-03-31T06:26:22,https://api.quant-aq.com/v1/devices/MOD-00613/data/645398485
830.61,472.47,"{'lat': None, 'lon': None}","{'rh': 19.0, 'temp': 25.3, 'wd': 0.0, 'ws': 0.0, 'ws_scalar': 0.0}","{'gas': {'co': 13498, 'co2': 13260, 'no': 13586, 'no2': 13765, 'o3': 13745}, 'pm': {'pm1': 13200, 'pm10': 13202, 'pm25': 13201}}",2.34,8.89,31.14,0.44,0.45,0.45,645398635,19.0,MOD-00613,25.3,2026-03-31T13:25:22,2026-03-31T06:25:22,https://api.quant-aq.com/v1/devices/MOD-00613/data/645398484
827.8,471.99,"{'lat': None, 'lon': None}","{'rh': 18.9, 'temp': 25.3, 'wd': 0.0, 'ws': 0.0, 'ws_scalar': 0.0}","{'gas': {'co': 13498, 'co2': 13260, 'no': 13586, 'no2': 13765, 'o3': 13745}, 'pm': {'pm1': 13200, 'pm10': 13202, 'pm25': 13201}}",2.33,8.9,30.45,0.55,0.55,0.55,645398637,18.9,MOD-00613,25.3,2026-03-31T13:24:22,2026-03-31T06:24:22,https://api.quant-aq.com/v1/devices/MOD-00613/data/645398486
831.91,473.92,"{'lat': None, 'lon': None}","{'rh': 18.9, 'temp': 25.3, 'wd': 0.0, 'ws': 0.0, 'ws_scalar': 0.0}","{'gas': {'co': 13498, 'co2': 13260, 'no': 13586, 'no2': 13765, 'o3': 13745}, 'pm': {'pm1': 13200, 'pm10': 13202, 'pm25': 13201}}",2.33,8.9,31.41,0.61,0.63,0.63,645398638,18.9,MOD-00613,25.3,2026-03-31T13:23:22,2026-03-31T06:23:22,https://api.quant-aq.com/v1/devices/MOD-00613/data/645398487
835.19,471.51,"{'lat': None, 'lon': None}","{'rh': 18.9, 'temp': 25.3, 'wd': 0.0, 'ws': 0.0, 'ws_scalar': 0.0}","{'gas': {'co': 13498, 'co2': 13260, 'no': 13586, 'no2': 13765, 'o3': 13745}, 'pm': {'pm1': 13200, 'pm10': 13202, 'pm25': 13201}}",2.33,8.9,30.69,0.79,0.8,0.8,645398634,18.9,MOD-00613,25.3,2026-03-31T13:22:22,2026-03-31T06:22:22,https://api.quant-aq.com/v1/devices/MOD-00613/data/645398483
831.5,471.51,"{'lat': None, 'lon': None}","{'rh': 18.9, 'temp': 25.3, 'wd': 0.0, 'ws': 0.0, 'ws_scalar': 0.0}","{'gas': {'co': 13498, 'co2': 13260, 'no': 13586, 'no2': 13765, 'o3': 13745}, 'pm': {'pm1': 13200, 'pm10': 13202, 'pm25': 13201}}",2.33,8.9,30.93,0.69,0.79,0.79,645395893,18.9,MOD-00613,25.3,2026-03-31T13:21:22,2026-03-31T06:21:22,https://api.quant-aq.com/v1/devices/MOD-00613/data/645395742
840.87,471.03,"{'lat': None, 'lon': None}","{'rh': 19.0, 'temp': 25.3, 'wd': 0.0, 'ws': 0.0, 'ws_scalar': 0.0}","{'gas': {'co': 13498, 'co2': 13260, 'no': 13586, 'no2': 13765, 'o3': 13745}, 'pm': {'pm1': 13200, 'pm10': 13202, 'pm25': 13201}}",2.34,8.89,30.66,0.76,0.8,0.8,645395890,19.0,MOD-00613,25.3,2026-03-31T13:20:22,2026-03-31T06:20:22,https://api.quant-aq.com/v1/devices/MOD-00613/data/645395740
833.89,471.75,"{'lat': None, 'lon': None}","{'rh': 19.0, 'temp': 25.3, 'wd': 0.0, 'ws': 0.0, 'ws_scalar': 0.0}","{'gas': {'co': 13498, 'co2': 13260, 'no': 13586, 'no2': 13765, 'o3': 13745}, 'pm': {'pm1': 13200, 'pm10': 13202, 'pm25': 13201}}",2.34,8.89,30.9,0.55,0.57,0.57,645395889,19.0,MOD-00613,25.3,2026-03-31T13:19:22,2026-03-31T06:19:22,https://api.quant-aq.com/v1/devices/MOD-00613/data/645395739
834.71,472.23,"{'lat': None, 'lon': None}","{'rh': 19.0, 'temp': 25.3, 'wd': 0.0, 'ws': 0.0, 'ws_scalar': 0.0}","{'gas': {'co': 13498, 'co2': 13260, 'no': 13586, 'no2': 13765, 'o3': 13745}, 'pm': {'pm1': 13200, 'pm10': 13202, 'pm25': 13201}}",2.33,8.89,30.9,0.8,0.82,0.82,645395888,19.0,MOD-00613,25.3,2026-03-31T13:18:22,2026-03-31T06:18:22,https://api.quant-aq.com/v1/devices/MOD-00613/data/645395737
838.0,468.62,"{'lat': None, 'lon': None}","{'rh': 19.0, 'temp': 25.3, 'wd': 0.0, 'ws': 0.0, 'ws_scalar': 0.0}","{'gas': {'co': 13498, 'co2': 13260, 'no': 13586, 'no2': 13765, 'o3': 13745}, 'pm': {'pm1': 13200, 'pm10': 13202, 'pm25': 13201}}",2.34,8.89,30.9,0.86,0.88,0.88,645395887,19.0,MOD-00613,25.3,2026-03-31T13:17:22,2026-03-31T06:17:22,https://api.quant-aq.com/v1/devices/MOD-00613/data/645395736
839.57,470.43,"{'lat': None, 'lon': None}","{'rh': 19.1, 'temp': 25.3, 'wd': 0.0, 'ws': 0.0, 'ws_scalar': 0.0}","{'gas': {'co': 13498, 'co2': 13260, 'no': 13586, 'no2': 13765, 'o3': 13745}, 'pm': {'pm1': 13200, 'pm10': 13202, 'pm25': 13201}}",2.34,8.88,30.62,0.51,0.54,0.54,645393143,19.1,MOD-00613,25.3,2026-03-31T13:16:22,2026-03-31T06:16:22,https://api.quant-aq.com/v1/devices/MOD-00613/data/645392992
836.28,471.15,"{'lat': None, 'lon': None}","{'rh': 19.1, 'temp': 25.3, 'wd': 0.0, 'ws': 0.0, 'ws_scalar': 0.0}","{'gas': {'co': 13498, 'co2': 13260, 'no': 13586, 'no2': 13765, 'o3': 13745}, 'pm': {'pm1': 13200, 'pm10': 13202, 'pm25': 13201}}",2.34,8.88,30.39,0.76,0.77,0.77,645393142,19.1,MOD-00613,25.3,2026-03-31T13:15:22,2026-03-31T06:15:22,https://api.quant-aq.com/v1/devices/MOD-00613/data/645392991
829.71,471.99,"{'lat': None, 'lon': None}","{'rh': 19.1, 'temp': 25.3, 'wd': 0.0, 'ws': 0.0, 'ws_scalar': 0.0}","{'gas': {'co': 13498, 'co2': 13260, 'no': 13586, 'no2': 13765, 'o3': 13745}, 'pm': {'pm1': 13200, 'pm10': 13202, 'pm25': 13201}}",2.34,8.88,30.86,0.74,0.75,0.75,645393140,19.1,MOD-00613,25.3,2026-03-31T13:14:22,2026-03-31T06:14:22,https://api.quant-aq.com/v1/devices/MOD-00613/data/645392989
833.75,471.75,"{'lat': None, 'lon': None}","{'rh': 19.2, 'temp': 25.3, 'wd': 0.0, 'ws': 0.0, 'ws_scalar': 0.0}","{'gas': {'co': 13498, 'co2': 13260, 'no': 13586, 'no2': 13765, 'o3': 13745}, 'pm': {'pm1': 13200, 'pm10': 13202, 'pm25': 13201}}",2.34,8.87,30.35,0.49,0.56,0.52,645393141,19.2,MOD-00613,25.3,2026-03-31T13:13:22,2026-03-31T06:13:22,https://api.quant-aq.com/v1/devices/MOD-00613/data/645392990
825.88,468.14,"{'lat': None, 'lon': None}","{'rh': 19.3, 'temp': 25.3, 'wd': 0.0, 'ws': 0.0, 'ws_scalar': 0.0}","{'gas': {'co': 13498, 'co2': 13260, 'no': 13586, 'no2': 13765, 'o3': 13745}, 'pm': {'pm1': 13200, 'pm10': 13202, 'pm25': 13201}}",2.34,8.86,30.32,0.66,0.78,0.74,645393139,19.3,MOD-00613,25.3,2026-03-31T13:12:22,2026-03-31T06:12:22,https://api.quant-aq.com/v1/devices/MOD-00613/data/645392988
827.52,472.59,"{'lat': None, 'lon': None}","{'rh': 19.3, 'temp': 25.3, 'wd': 0.0, 'ws': 0.0, 'ws_scalar': 0.0}","{'gas': {'co': 13498, 'co2': 13260, 'no': 13586, 'no2': 13765, 'o3': 13745}, 'pm': {'pm1': 13200, 'pm10': 13202, 'pm25': 13201}}",2.34,8.85,30.32,1.01,1.02,1.02,645390351,19.3,MOD-00613,25.3,2026-03-31T13:11:22,2026-03-31T06:11:22,https://api.quant-aq.com/v1/devices/MOD-00613/data/645390200
827.52,468.26,"{'lat': None, 'lon': None}","{'rh': 19.3, 'temp': 25.3, 'wd': 0.0, 'ws': 0.0, 'ws_scalar': 0.0}","{'gas': {'co': 13498, 'co2': 13260, 'no': 13586, 'no2': 13765, 'o3': 13745}, 'pm': {'pm1': 13200, 'pm10': 13202, 'pm25': 13201}}",2.34,8.85,30.32,0.75,0.77,0.77,645390349,19.3,MOD-00613,25.3,2026-03-31T13:10:22,2026-03-31T06:10:22,https://api.quant-aq.com/v1/devices/MOD-00613/data/645390198
822.59,470.19,"{'lat': None, 'lon': None}","{'rh': 19.3, 'temp': 25.3, 'wd': 0.0, 'ws': 0.0, 'ws_scalar': 0.0}","{'gas': {'co': 13498, 'co2': 13260, 'no': 13586, 'no2': 13765, 'o3': 13745}, 'pm': {'pm1': 13200, 'pm10': 13202, 'pm25': 13201}}",2.34,8.86,30.56,0.64,0.64,0.64,645390352,19.3,MOD-00613,25.3,2026-03-31T13:09:22,2026-03-31T06:09:22,https://api.quant-aq.com/v1/devices/MOD-00613/data/645390201
827.11,468.26,"{'lat': None, 'lon': None}","{'rh': 19.3, 'temp': 25.3, 'wd': 0.0, 'ws': 0.0, 'ws_scalar': 0.0}","{'gas': {'co': 13498, 'co2': 13260, 'no': 13586, 'no2': 13765, 'o3': 13745}, 'pm': {'pm1': 13200, 'pm10': 13202, 'pm25': 13201}}",2.34,8.86,30.32,0.65,0.67,0.67,645390350,19.3,MOD-00613,25.3,2026-03-31T13:08:22,2026-03-31T06:08:22,https://api.quant-aq.com/v1/devices/MOD-00613/data/645390199
830.8,469.22,"{'lat': None, 'lon': None}","{'rh': 19.3, 'temp': 25.3, 'wd': 0.0, 'ws': 0.0, 'ws_scalar': 0.0}","{'gas': {'co': 13498, 'co2': 13260, 'no': 13586, 'no2': 13765, 'o3': 13745}, 'pm': {'pm1': 13200, 'pm10': 13202, 'pm25': 13201}}",2.34,8.85,30.56,0.49,0.49,0.49,645390353,19.3,MOD-00613,25.3,2026-03-31T13:07:22,2026-03-31T06:07:22,https://api.quant-aq.com/v1/devices/MOD-00613/data/645390202
829.16,467.9,"{'lat': None, 'lon': None}","{'rh': 19.3, 'temp': 25.3, 'wd': 0.0, 'ws': 0.0, 'ws_scalar': 0.0}","{'gas': {'co': 13498, 'co2': 13260, 'no': 13586, 'no2': 13765, 'o3': 13745}, 'pm': {'pm1': 13200, 'pm10': 13202, 'pm25': 13201}}",2.34,8.86,30.32,0.46,0.47,0.47,645387424,19.3,MOD-00613,25.3,2026-03-31T13:06:22,2026-03-31T06:06:22,https://api.quant-aq.com/v1/devices/MOD-00613/data/645387273
823.82,469.34,"{'lat': None, 'lon': None}","{'rh': 19.3, 'temp': 25.3, 'wd': 0.0, 'ws': 0.0, 'ws_scalar': 0.0}","{'gas': {'co': 13498, 'co2': 13260, 'no': 13586, 'no2': 13765, 'o3': 13745}, 'pm': {'pm1': 13200, 'pm10': 13202, 'pm25': 13201}}",2.34,8.86,30.56,0.91,0.94,0.94,645387423,19.3,MOD-00613,25.3,2026-03-31T13:05:22,2026-03-31T06:05:22,https://api.quant-aq.com/v1/devices/MOD-00613/data/645387272
825.47,466.69,"{'lat': None, 'lon': None}","{'rh': 19.3, 'temp': 25.3, 'wd': 0.0, 'ws': 0.0, 'ws_scalar': 0.0}","{'gas': {'co': 13498, 'co2': 13260, 'no': 13586, 'no2': 13765, 'o3': 13745}, 'pm': {'pm1': 13200, 'pm10': 13202, 'pm25': 13201}}",2.34,8.86,30.8,0.73,0.84,0.8,645387421,19.3,MOD-00613,25.3,2026-03-31T13:04:22,2026-03-31T06:04:22,https://api.quant-aq.com/v1/devices/MOD-00613/data/645387270
828.34,467.9,"{'lat': None, 'lon': None}","{'rh': 19.3, 'temp': 25.3, 'wd': 0.0, 'ws': 0.0, 'ws_scalar': 0.0}","{'gas': {'co': 13498, 'co2': 13260, 'no': 13586, 'no2': 13765, 'o3': 13745}, 'pm': {'pm1': 13200, 'pm10': 13202, 'pm25': 13201}}",2.34,8.86,30.08,0.63,0.64,0.64,645387420,19.3,MOD-00613,25.3,2026-03-31T13:03:22,2026-03-31T06:03:22,https://api.quant-aq.com/v1/devices/MOD-00613/data/645387269
827.93,466.69,"{'lat': None, 'lon': None}","{'rh': 19.3, 'temp': 25.3, 'wd': 0.0, 'ws': 0.0, 'ws_scalar': 0.0}","{'gas': {'co': 13498, 'co2': 13260, 'no': 13586, 'no2': 13765, 'o3': 13745}, 'pm': {'pm1': 13200, 'pm10': 13202, 'pm25': 13201}}",2.34,8.86,30.32,0.69,0.72,0.72,645387422,19.3,MOD-00613,25.3,2026-03-31T13:02:22,2026-03-31T06:02:22,https://api.quant-aq.com/v1/devices/MOD-00613/data/645387271
828.34,467.29,"{'lat': None, 'lon': None}","{'rh': 19.3, 'temp': 25.3, 'wd': 0.0, 'ws': 0.0, 'ws_scalar': 0.0}","{'gas': {'co': 13498, 'co2': 13260, 'no': 13586, 'no2': 13765, 'o3': 13745}, 'pm': {'pm1': 13200, 'pm10': 13202, 'pm25': 13201}}",2.34,8.85,30.32,0.55,0.67,0.59,645384413,19.3,MOD-00613,25.3,2026-03-31T13:01:22,2026-03-31T06:01:22,https://api.quant-aq.com/v1/devices/MOD-00613/data/645384261
820.54,471.15,"{'lat': None, 'lon': None}","{'rh': 19.3, 'temp': 25.3, 'wd': 0.0, 'ws': 0.0, 'ws_scalar': 0.0}","{'gas': {'co': 13498, 'co2': 13260, 'no': 13586, 'no2': 13765, 'o3': 13745}, 'pm': {'pm1': 13200, 'pm10': 13202, 'pm25': 13201}}",2.34,8.86,30.32,0.62,0.62,0.62,645384412,19.3,MOD-00613,25.3,2026-03-31T13:00:22,2026-03-31T06:00:22,https://api.quant-aq.com/v1/devices/MOD-00613/data/645384263
818.49,469.94,"{'lat': None, 'lon': None}","{'rh': 19.3, 'temp': 25.3, 'wd': 0.0, 'ws': 0.0, 'ws_scalar': 0.0}","{'gas': {'co': 13498, 'co2': 13260, 'no': 13586, 'no2': 13765, 'o3': 13745}, 'pm': {'pm1': 13200, 'pm10': 13202, 'pm25': 13201}}",2.34,8.86,30.8,0.78,0.78,0.78,645384410,19.3,MOD-00613,25.3,2026-03-31T12:59:22,2026-03-31T05:59:22,https://api.quant-aq.com/v1/devices/MOD-00613/data/645384259
825.88,466.09,"{'lat': None, 'lon': None}","{'rh': 19.3, 'temp': 25.3, 'wd': 0.0, 'ws': 0.0, 'ws_scalar': 0.0}","{'gas': {'co': 13498, 'co2': 13260, 'no': 13586, 'no2': 13765, 'o3': 13745}, 'pm': {'pm1': 13200, 'pm10': 13202, 'pm25': 13201}}",2.34,8.86,30.08,0.82,1.27,0.82,645384409,19.3,MOD-00613,25.3,2026-03-31T12:58:22,2026-03-31T05:58:22,https://api.quant-aq.com/v1/devices/MOD-00613/data/645384258
822.18,468.38,"{'lat': None, 'lon': None}","{'rh': 19.3, 'temp': 25.3, 'wd': 0.0, 'ws': 0.0, 'ws_scalar': 0.0}","{'gas': {'co': 13498, 'co2': 13260, 'no': 13586, 'no2': 13765, 'o3': 13745}, 'pm': {'pm1': 13200, 'pm10': 13202, 'pm25': 13201}}",2.34,8.85,30.32,0.5,0.52,0.52,645384411,19.3,MOD-00613,25.3,2026-03-31T12:57:22,2026-03-31T05:57:22,https://api.quant-aq.com/v1/devices/MOD-00613/data/645384260
830.8,468.38,"{'lat': None, 'lon': None}","{'rh': 19.3, 'temp': 25.3, 'wd': 0.0, 'ws': 0.0, 'ws_scalar': 0.0}","{'gas': {'co': 13498, 'co2': 13260, 'no': 13586, 'no2': 13765, 'o3': 13745}, 'pm': {'pm1': 13200, 'pm10': 13202, 'pm25': 13201}}",2.34,8.86,30.56,0.64,0.66,0.66,645381686,19.3,MOD-00613,25.3,2026-03-31T12:56:22,2026-03-31T05:56:22,https://api.quant-aq.com/v1/devices/MOD-00613/data/645381535
825.06,468.98,"{'lat': None, 'lon': None}","{'rh': 19.3, 'temp': 25.3, 'wd': 0.0, 'ws': 0.0, 'ws_scalar': 0.0}","{'gas': {'co': 13498, 'co2': 13260, 'no': 13586, 'no2': 13765, 'o3': 13745}, 'pm': {'pm1': 13200, 'pm10': 13202, 'pm25': 13201}}",2.34,8.85,30.56,0.54,0.59,0.59,645381684,19.3,MOD-00613,25.3,2026-03-31T12:55:22,2026-03-31T05:55:22,https://api.quant-aq.com/v1/devices/MOD-00613/data/645381533
829.57,467.05,"{'lat': None, 'lon': None}","{'rh': 19.3, 'temp': 25.3, 'wd': 0.0, 'ws': 0.0, 'ws_scalar': 0.0}","{'gas': {'co': 13498, 'co2': 13260, 'no': 13586, 'no2': 13765, 'o3': 13745}, 'pm': {'pm1': 13200, 'pm10': 13202, 'pm25': 13201}}",2.34,8.86,30.32,0.68,0.72,0.72,645381685,19.3,MOD-00613,25.3,2026-03-31T12:54:22,2026-03-31T05:54:22,https://api.quant-aq.com/v1/devices/MOD-00613/data/645381534
825.47,466.33,"{'lat': None, 'lon': None}","{'rh': 19.3, 'temp': 25.3, 'wd': 0.0, 'ws': 0.0, 'ws_scalar': 0.0}","{'gas': {'co': 13498, 'co2': 13260, 'no': 13586, 'no2': 13765, 'o3': 13745}, 'pm': {'pm1': 13200, 'pm10': 13202, 'pm25': 13201}}",2.34,8.86,30.56,0.82,0.84,0.84,645381682,19.3,MOD-00613,25.3,2026-03-31T12:53:22,2026-03-31T05:53:22,https://api.quant-aq.com/v1/devices/MOD-00613/data/645381531
819.31,467.66,"{'lat': None, 'lon': None}","{'rh': 19.3, 'temp': 25.3, 'wd': 0.0, 'ws': 0.0, 'ws_scalar': 0.0}","{'gas': {'co': 13498, 'co2': 13260, 'no': 13586, 'no2': 13765, 'o3': 13745}, 'pm': {'pm1': 13200, 'pm10': 13202, 'pm25': 13201}}",2.34,8.86,30.32,0.67,0.71,0.71,645381683,19.3,MOD-00613,25.3,2026-03-31T12:52:22,2026-03-31T05:52:22,https://api.quant-aq.com/v1/devices/MOD-00613/data/645381532
822.18,468.74,"{'lat': None, 'lon': None}","{'rh': 19.3, 'temp': 25.3, 'wd': 0.0, 'ws': 0.0, 'ws_scalar': 0.0}","{'gas': {'co': 13498, 'co2': 13260, 'no': 13586, 'no2': 13765, 'o3': 13745}, 'pm': {'pm1': 13200, 'pm10': 13202, 'pm25': 13201}}",2.34,8.85,30.32,0.71,0.72,0.72,645378885,19.3,MOD-00613,25.3,2026-03-31T12:51:22,2026-03-31T05:51:22,https://api.quant-aq.com/v1/devices/MOD-00613/data/645378734
827.52,468.86,"{'lat': None, 'lon': None}","{'rh': 19.3, 'temp': 25.3, 'wd': 0.0, 'ws': 0.0, 'ws_scalar': 0.0}","{'gas': {'co': 13498, 'co2': 13260, 'no': 13586, 'no2': 13765, 'o3': 13745}, 'pm': {'pm1': 13200, 'pm10': 13202, 'pm25': 13201}}",2.34,8.86,30.32,0.44,0.44,0.44,645378884,19.3,MOD-00613,25.3,2026-03-31T12:50:22,2026-03-31T05:50:22,https://api.quant-aq.com/v1/devices/MOD-00613/data/645378733
827.52,469.94,"{'lat': None, 'lon': None}","{'rh': 19.3, 'temp': 25.3, 'wd': 0.0, 'ws': 0.0, 'ws_scalar': 0.0}","{'gas': {'co': 13498, 'co2': 13260, 'no': 13586, 'no2': 13765, 'o3': 13745}, 'pm': {'pm1': 13200, 'pm10': 13202, 'pm25': 13201}}",2.34,8.86,30.32,0.65,0.72,0.68,645378883,19.3,MOD-00613,25.3,2026-03-31T12:49:22,2026-03-31T05:49:22,https://api.quant-aq.com/v1/devices/MOD-00613/data/645378732
827.11,468.98,"{'lat': None, 'lon': None}","{'rh': 19.3, 'temp': 25.3, 'wd': 0.0, 'ws': 0.0, 'ws_scalar': 0.0}","{'gas': {'co': 13498, 'co2': 13260, 'no': 13586, 'no2': 13765, 'o3': 13745}, 'pm': {'pm1': 13200, 'pm10': 13202, 'pm25': 13201}}",2.34,8.86,30.32,0.68,0.68,0.68,645378882,19.3,MOD-00613,25.3,2026-03-31T12:48:22,2026-03-31T05:48:22,https://api.quant-aq.com/v1/devices/MOD-00613/data/645378731
820.2,469.22,"{'lat': None, 'lon': None}","{'rh': 19.2, 'temp': 25.3, 'wd': 0.0, 'ws': 0.0, 'ws_scalar': 0.0}","{'gas': {'co': 13498, 'co2': 13260, 'no': 13586, 'no2': 13765, 'o3': 13745}, 'pm': {'pm1': 13200, 'pm10': 13202, 'pm25': 13201}}",2.34,8.86,30.59,0.66,0.73,0.68,645378881,19.2,MOD-00613,25.3,2026-03-31T12:47:22,2026-03-31T05:47:22,https://api.quant-aq.com/v1/devices/MOD-00613/data/645378730
819.38,467.9,"{'lat': None, 'lon': None}","{'rh': 19.2, 'temp': 25.3, 'wd': 0.0, 'ws': 0.0, 'ws_scalar': 0.0}","{'gas': {'co': 13498, 'co2': 13260, 'no': 13586, 'no2': 13765, 'o3': 13745}, 'pm': {'pm1': 13200, 'pm10': 13202, 'pm25': 13201}}",2.34,8.87,30.11,0.46,0.55,0.51,645376088,19.2,MOD-00613,25.3,2026-03-31T12:46:22,2026-03-31T05:46:22,https://api.quant-aq.com/v1/devices/MOD-00613/data/645375937
825.13,467.05,"{'lat': None, 'lon': None}","{'rh': 19.2, 'temp': 25.3, 'wd': 0.0, 'ws': 0.0, 'ws_scalar': 0.0}","{'gas': {'co': 13498, 'co2': 13260, 'no': 13586, 'no2': 13765, 'o3': 13745}, 'pm': {'pm1': 13200, 'pm10': 13202, 'pm25': 13201}}",2.34,8.87,30.11,0.8,0.83,0.83,645376084,19.2,MOD-00613,25.3,2026-03-31T12:45:22,2026-03-31T05:45:22,https://api.quant-aq.com/v1/devices/MOD-00613/data/645375933
828.0,467.9,"{'lat': None, 'lon': None}","{'rh': 19.2, 'temp': 25.3, 'wd': 0.0, 'ws': 0.0, 'ws_scalar': 0.0}","{'gas': {'co': 13498, 'co2': 13260, 'no': 13586, 'no2': 13765, 'o3': 13745}, 'pm': {'pm1': 13200, 'pm10': 13202, 'pm25': 13201}}",2.34,8.86,30.35,0.8,0.83,0.83,645376086,19.2,MOD-00613,25.3,2026-03-31T12:44:22,2026-03-31T05:44:22,https://api.quant-aq.com/v1/devices/MOD-00613/data/645375934
821.02,470.19,"{'lat': None, 'lon': None}","{'rh': 19.2, 'temp': 25.3, 'wd': 0.0, 'ws': 0.0, 'ws_scalar': 0.0}","{'gas': {'co': 13498, 'co2': 13260, 'no': 13586, 'no2': 13765, 'o3': 13745}, 'pm': {'pm1': 13200, 'pm10': 13202, 'pm25': 13201}}",2.34,8.86,30.59,0.7,0.7,0.7,645376085,19.2,MOD-00613,25.3,2026-03-31T12:43:22,2026-03-31T05:43:22,https://api.quant-aq.com/v1/devices/MOD-00613/data/645375935
825.95,468.5,"{'lat': None, 'lon': None}","{'rh': 19.2, 'temp': 25.3, 'wd': 0.0, 'ws': 0.0, 'ws_scalar': 0.0}","{'gas': {'co': 13498, 'co2': 13260, 'no': 13586, 'no2': 13765, 'o3': 13745}, 'pm': {'pm1': 13200, 'pm10': 13202, 'pm25': 13201}}",2.34,8.87,30.35,0.48,0.49,0.49,645376087,19.2,MOD-00613,25.3,2026-03-31T12:42:22,2026-03-31T05:42:22,https://api.quant-aq.com/v1/devices/MOD-00613/data/645375936
825.13,469.34,"{'lat': None, 'lon': None}","{'rh': 19.2, 'temp': 25.3, 'wd': 0.0, 'ws': 0.0, 'ws_scalar': 0.0}","{'gas': {'co': 13498, 'co2': 13260, 'no': 13586, 'no2': 13765, 'o3': 13745}, 'pm': {'pm1': 13200, 'pm10': 13202, 'pm25': 13201}}",2.34,8.87,30.35,0.82,0.85,0.85,645373343,19.2,MOD-00613,25.3,2026-03-31T12:41:22,2026-03-31T05:41:22,https://api.quant-aq.com/v1/devices/MOD-00613/data/645373192
822.18,467.05,"{'lat': None, 'lon': None}","{'rh': 19.3, 'temp': 25.3, 'wd': 0.0, 'ws': 0.0, 'ws_scalar': 0.0}","{'gas': {'co': 13498, 'co2': 13260, 'no': 13586, 'no2': 13765, 'o3': 13745}, 'pm': {'pm1': 13200, 'pm10': 13202, 'pm25': 13201}}",2.34,8.85,30.32,0.54,0.55,0.55,645373340,19.3,MOD-00613,25.3,2026-03-31T12:40:22,2026-03-31T05:40:22,https://api.quant-aq.com/v1/devices/MOD-00613/data/645373191
820.54,464.77,"{'lat': None, 'lon': None}","{'rh': 19.3, 'temp': 25.3, 'wd': 0.0, 'ws': 0.0, 'ws_scalar': 0.0}","{'gas': {'co': 13498, 'co2': 13260, 'no': 13586, 'no2': 13765, 'o3': 13745}, 'pm': {'pm1': 13200, 'pm10': 13202, 'pm25': 13201}}",2.34,8.85,30.8,0.6,0.67,0.63,645373342,19.3,MOD-00613,25.3,2026-03-31T12:39:22,2026-03-31T05:39:22,https://api.quant-aq.com/v1/devices/MOD-00613/data/645373190
822.18,465.13,"{'lat': None, 'lon': None}","{'rh': 19.3, 'temp': 25.3, 'wd': 0.0, 'ws': 0.0, 'ws_scalar': 0.0}","{'gas': {'co': 13498, 'co2': 13260, 'no': 13586, 'no2': 13765, 'o3': 13745}, 'pm': {'pm1': 13200, 'pm10': 13202, 'pm25': 13201}}",2.34,8.86,30.32,0.7,0.75,0.75,645373339,19.3,MOD-00613,25.3,2026-03-31T12:38:22,2026-03-31T05:38:22,https://api.quant-aq.com/v1/devices/MOD-00613/data/645373188
822.59,468.86,"{'lat': None, 'lon': None}","{'rh': 19.3, 'temp': 25.3, 'wd': 0.0, 'ws': 0.0, 'ws_scalar': 0.0}","{'gas': {'co': 13498, 'co2': 13260, 'no': 13586, 'no2': 13765, 'o3': 13745}, 'pm': {'pm1': 13200, 'pm10': 13202, 'pm25': 13201}}",2.34,8.86,30.56,0.88,0.88,0.88,645373341,19.3,MOD-00613,25.3,2026-03-31T12:37:22,2026-03-31T05:37:22,https://api.quant-aq.com/v1/devices/MOD-00613/data/645373189
820.54,466.81,"{'lat': None, 'lon': None}","{'rh': 19.3, 'temp': 25.3, 'wd': 0.0, 'ws': 0.0, 'ws_scalar': 0.0}","{'gas': {'co': 13498, 'co2': 13260, 'no': 13586, 'no2': 13765, 'o3': 13745}, 'pm': {'pm1': 13200, 'pm10': 13202, 'pm25': 13201}}",2.34,8.85,30.32,0.59,0.61,0.61,645370592,19.3,MOD-00613,25.3,2026-03-31T12:36:22,2026-03-31T05:36:22,https://api.quant-aq.com/v1/devices/MOD-00613/data/645370440
820.61,466.69,"{'lat': None, 'lon': None}","{'rh': 19.2, 'temp': 25.3, 'wd': 0.0, 'ws': 0.0, 'ws_scalar': 0.0}","{'gas': {'co': 13498, 'co2': 13260, 'no': 13586, 'no2': 13765, 'o3': 13745}, 'pm': {'pm1': 13200, 'pm10': 13202, 'pm25': 13201}}",2.34,8.86,30.59,0.83,0.92,0.88,645370593,19.2,MOD-00613,25.3,2026-03-31T12:35:22,2026-03-31T05:35:22,https://api.quant-aq.com/v1/devices/MOD-00613/data/645370443
820.95,470.06,"{'lat': None, 'lon': None}","{'rh': 19.3, 'temp': 25.3, 'wd': 0.0, 'ws': 0.0, 'ws_scalar': 0.0}","{'gas': {'co': 13498, 'co2': 13260, 'no': 13586, 'no2': 13765, 'o3': 13745}, 'pm': {'pm1': 13200, 'pm10': 13202, 'pm25': 13201}}",2.34,8.85,30.32,0.48,0.51,0.51,645370590,19.3,MOD-00613,25.3,2026-03-31T12:34:22,2026-03-31T05:34:22,https://api.quant-aq.com/v1/devices/MOD-00613/data/645370439
820.54,468.38,"{'lat': None, 'lon': None}","{'rh': 19.3, 'temp': 25.3, 'wd': 0.0, 'ws': 0.0, 'ws_scalar': 0.0}","{'gas': {'co': 13498, 'co2': 13260, 'no': 13586, 'no2': 13765, 'o3': 13745}, 'pm': {'pm1': 13200, 'pm10': 13202, 'pm25': 13201}}",2.34,8.86,30.32,0.51,0.59,0.54,645370591,19.3,MOD-00613,25.3,2026-03-31T12:33:22,2026-03-31T05:33:22,https://api.quant-aq.com/v1/devices/MOD-00613/data/645370441
819.31,466.81,"{'lat': None, 'lon': None}","{'rh': 19.3, 'temp': 25.3, 'wd': 0.0, 'ws': 0.0, 'ws_scalar': 0.0}","{'gas': {'co': 13498, 'co2': 13260, 'no': 13586, 'no2': 13765, 'o3': 13745}, 'pm': {'pm1': 13200, 'pm10': 13202, 'pm25': 13201}}",2.34,8.85,30.32,0.86,0.86,0.86,645370594,19.3,MOD-00613,25.3,2026-03-31T12:32:22,2026-03-31T05:32:22,https://api.quant-aq.com/v1/devices/MOD-00613/data/645370442
820.95,465.25,"{'lat': None, 'lon': None}","{'rh': 19.3, 'temp': 25.3, 'wd': 0.0, 'ws': 0.0, 'ws_scalar': 0.0}","{'gas': {'co': 13498, 'co2': 13260, 'no': 13586, 'no2': 13765, 'o3': 13745}, 'pm': {'pm1': 13200, 'pm10': 13202, 'pm25': 13201}}",2.34,8.86,30.32,0.47,0.48,0.48,645367612,19.3,MOD-00613,25.3,2026-03-31T12:31:22,2026-03-31T05:31:22,https://api.quant-aq.com/v1/devices/MOD-00613/data/645367461
818.9,465.49,"{'lat': None, 'lon': None}","{'rh': 19.3, 'temp': 25.3, 'wd': 0.0, 'ws': 0.0, 'ws_scalar': 0.0}","{'gas': {'co': 13498, 'co2': 13260, 'no': 13586, 'no2': 13765, 'o3': 13745}, 'pm': {'pm1': 13200, 'pm10': 13202, 'pm25': 13201}}",2.34,8.86,30.32,0.59,0.59,0.59,645367613,19.3,MOD-00613,25.3,2026-03-31T12:30:22,2026-03-31T05:30:22,https://api.quant-aq.com/v1/devices/MOD-00613/data/645367462
826.29,465.61,"{'lat': None, 'lon': None}","{'rh': 19.3, 'temp': 25.3, 'wd': 0.0, 'ws': 0.0, 'ws_scalar': 0.0}","{'gas': {'co': 13498, 'co2': 13260, 'no': 13586, 'no2': 13765, 'o3': 13745}, 'pm': {'pm1': 13200, 'pm10': 13202, 'pm25': 13201}}",2.34,8.85,30.32,0.71,0.72,0.72,645367611,19.3,MOD-00613,25.3,2026-03-31T12:29:22,2026-03-31T05:29:22,https://api.quant-aq.com/v1/devices/MOD-00613/data/645367460
819.72,465.25,"{'lat': None, 'lon': None}","{'rh': 19.3, 'temp': 25.3, 'wd': 0.0, 'ws': 0.0, 'ws_scalar': 0.0}","{'gas': {'co': 13498, 'co2': 13260, 'no': 13586, 'no2': 13765, 'o3': 13745}, 'pm': {'pm1': 13200, 'pm10': 13202, 'pm25': 13201}}",2.34,8.85,30.8,0.66,0.76,0.71,645367610,19.3,MOD-00613,25.3,2026-03-31T12:28:22,2026-03-31T05:28:22,https://api.quant-aq.com/v1/devices/MOD-00613/data/645367459
818.9,462.48,"{'lat': None, 'lon': None}","{'rh': 19.3, 'temp': 25.3, 'wd': 0.0, 'ws': 0.0, 'ws_scalar': 0.0}","{'gas': {'co': 13498, 'co2': 13260, 'no': 13586, 'no2': 13765, 'o3': 13745}, 'pm': {'pm1': 13200, 'pm10': 13202, 'pm25': 13201}}",2.34,8.85,30.32,0.4,0.47,0.43,645367614,19.3,MOD-00613,25.3,2026-03-31T12:27:22,2026-03-31T05:27:22,https://api.quant-aq.com/v1/devices/MOD-00613/data/645367463
820.13,464.89,"{'lat': None, 'lon': None}","{'rh': 19.3, 'temp': 25.3, 'wd': 0.0, 'ws': 0.0, 'ws_scalar': 0.0}","{'gas': {'co': 13498, 'co2': 13260, 'no': 13586, 'no2': 13765, 'o3': 13745}, 'pm': {'pm1': 13200, 'pm10': 13202, 'pm25': 13201}}",2.34,8.85,30.56,0.69,0.73,0.73,645364817,19.3,MOD-00613,25.3,2026-03-31T12:26:22,2026-03-31T05:26:22,https://api.quant-aq.com/v1/devices/MOD-00613/data/645364666
825.06,465.37,"{'lat': None, 'lon': None}","{'rh': 19.3, 'temp': 25.3, 'wd': 0.0, 'ws': 0.0, 'ws_scalar': 0.0}","{'gas': {'co': 13498, 'co2': 13260, 'no': 13586, 'no2': 13765, 'o3': 13745}, 'pm': {'pm1': 13200, 'pm10': 13202, 'pm25': 13201}}",2.34,8.86,29.84,0.68,0.71,0.71,645364816,19.3,MOD-00613,25.3,2026-03-31T12:25:22,2026-03-31T05:25:22,https://api.quant-aq.com/v1/devices/MOD-00613/data/645364665
821.36,465.13,"{'lat': None, 'lon': None}","{'rh': 19.3, 'temp': 25.3, 'wd': 0.0, 'ws': 0.0, 'ws_scalar': 0.0}","{'gas': {'co': 13498, 'co2': 13260, 'no': 13586, 'no2': 13765, 'o3': 13745}, 'pm': {'pm1': 13200, 'pm10': 13202, 'pm25': 13201}}",2.34,8.85,30.32,0.73,0.76,0.76,645364815,19.3,MOD-00613,25.3,2026-03-31T12:24:22,2026-03-31T05:24:22,https://api.quant-aq.com/v1/devices/MOD-00613/data/645364664
827.11,466.81,"{'lat': None, 'lon': None}","{'rh': 19.3, 'temp': 25.3, 'wd': 0.0, 'ws': 0.0, 'ws_scalar': 0.0}","{'gas': {'co': 13498, 'co2': 13260, 'no': 13586, 'no2': 13765, 'o3': 13745}, 'pm': {'pm1': 13200, 'pm10': 13202, 'pm25': 13201}}",2.34,8.85,30.08,0.63,0.67,0.67,645364814,19.3,MOD-00613,25.3,2026-03-31T12:23:22,2026-03-31T05:23:22,https://api.quant-aq.com/v1/devices/MOD-00613/data/645364663
818.9,464.89,"{'lat': None, 'lon': None}","{'rh': 19.3, 'temp': 25.3, 'wd': 0.0, 'ws': 0.0, 'ws_scalar': 0.0}","{'gas': {'co': 13498, 'co2': 13260, 'no': 13586, 'no2': 13765, 'o3': 13745}, 'pm': {'pm1': 13200, 'pm10': 13202, 'pm25': 13201}}",2.34,8.85,30.56,0.67,0.69,0.69,645364813,19.3,MOD-00613,25.3,2026-03-31T12:22:22,2026-03-31T05:22:22,https://api.quant-aq.com/v1/devices/MOD-00613/data/645364662
820.95,460.19,"{'lat': None, 'lon': None}","{'rh': 19.3, 'temp': 25.3, 'wd': 0.0, 'ws': 0.0, 'ws_scalar': 0.0}","{'gas': {'co': 13498, 'co2': 13260, 'no': 13586, 'no2': 13765, 'o3': 13745}, 'pm': {'pm1': 13200, 'pm10': 13202, 'pm25': 13201}}",2.34,8.85,30.32,0.58,0.6,0.6,645362071,19.3,MOD-00613,25.3,2026-03-31T12:21:22,2026-03-31T05:21:22,https://api.quant-aq.com/v1/devices/MOD-00613/data/645361919
819.31,464.89,"{'lat': None, 'lon': None}","{'rh': 19.3, 'temp': 25.3, 'wd': 0.0, 'ws': 0.0, 'ws_scalar': 0.0}","{'gas': {'co': 13498, 'co2': 13260, 'no': 13586, 'no2': 13765, 'o3': 13745}, 'pm': {'pm1': 13200, 'pm10': 13202, 'pm25': 13201}}",2.34,8.85,30.56,0.62,0.62,0.62,645362068,19.3,MOD-00613,25.3,2026-03-31T12:20:22,2026-03-31T05:20:22,https://api.quant-aq.com/v1/devices/MOD-00613/data/645361918
817.26,467.17,"{'lat': None, 'lon': None}","{'rh': 19.3, 'temp': 25.3, 'wd': 0.0, 'ws': 0.0, 'ws_scalar': 0.0}","{'gas': {'co': 13498, 'co2': 13260, 'no': 13586, 'no2': 13765, 'o3': 13745}, 'pm': {'pm1': 13200, 'pm10': 13202, 'pm25': 13201}}",2.34,8.85,30.56,0.59,0.66,0.61,645362070,19.3,MOD-00613,25.3,2026-03-31T12:19:22,2026-03-31T05:19:22,https://api.quant-aq.com/v1/devices/MOD-00613/data/645361920
823.41,463.32,"{'lat': None, 'lon': None}","{'rh': 19.3, 'temp': 25.3, 'wd': 0.0, 'ws': 0.0, 'ws_scalar': 0.0}","{'gas': {'co': 13498, 'co2': 13260, 'no': 13586, 'no2': 13765, 'o3': 13745}, 'pm': {'pm1': 13200, 'pm10': 13202, 'pm25': 13201}}",2.34,8.85,30.32,0.78,0.84,0.84,645362067,19.3,MOD-00613,25.3,2026-03-31T12:18:22,2026-03-31T05:18:22,https://api.quant-aq.com/v1/devices/MOD-00613/data/645361916
819.79,465.01,"{'lat': None, 'lon': None}","{'rh': 19.2, 'temp': 25.3, 'wd': 0.0, 'ws': 0.0, 'ws_scalar': 0.0}","{'gas': {'co': 13498, 'co2': 13260, 'no': 13586, 'no2': 13765, 'o3': 13745}, 'pm': {'pm1': 13200, 'pm10': 13202, 'pm25': 13201}}",2.34,8.86,30.35,0.48,0.49,0.49,645362063,19.2,MOD-00613,25.3,2026-03-31T12:17:22,2026-03-31T05:17:22,https://api.quant-aq.com/v1/devices/MOD-00613/data/645361913
822.59,465.61,"{'lat': None, 'lon': None}","{'rh': 19.3, 'temp': 25.3, 'wd': 0.0, 'ws': 0.0, 'ws_scalar': 0.0}","{'gas': {'co': 13498, 'co2': 13260, 'no': 13586, 'no2': 13765, 'o3': 13745}, 'pm': {'pm1': 13200, 'pm10': 13202, 'pm25': 13201}}",2.34,8.85,30.56,0.82,0.83,0.83,645359331,19.3,MOD-00613,25.3,2026-03-31T12:16:22,2026-03-31T05:16:22,https://api.quant-aq.com/v1/devices/MOD-00613/data/645359180
824.31,465.25,"{'lat': None, 'lon': None}","{'rh': 19.2, 'temp': 25.3, 'wd': 0.0, 'ws': 0.0, 'ws_scalar': 0.0}","{'gas': {'co': 13498, 'co2': 13260, 'no': 13586, 'no2': 13765, 'o3': 13745}, 'pm': {'pm1': 13200, 'pm10': 13202, 'pm25': 13201}}",2.34,8.86,30.35,0.83,0.84,0.84,645359330,19.2,MOD-00613,25.3,2026-03-31T12:15:22,2026-03-31T05:15:22,https://api.quant-aq.com/v1/devices/MOD-00613/data/645359179
818.9,464.64,"{'lat': None, 'lon': None}","{'rh': 19.3, 'temp': 25.3, 'wd': 0.0, 'ws': 0.0, 'ws_scalar': 0.0}","{'gas': {'co': 13498, 'co2': 13260, 'no': 13586, 'no2': 13765, 'o3': 13745}, 'pm': {'pm1': 13200, 'pm10': 13202, 'pm25': 13201}}",2.34,8.85,30.56,0.65,0.68,0.68,645359327,19.3,MOD-00613,25.3,2026-03-31T12:14:22,2026-03-31T05:14:22,https://api.quant-aq.com/v1/devices/MOD-00613/data/645359176
829.57,463.32,"{'lat': None, 'lon': None}","{'rh': 19.3, 'temp': 25.3, 'wd': 0.0, 'ws': 0.0, 'ws_scalar': 0.0}","{'gas': {'co': 13498, 'co2': 13260, 'no': 13586, 'no2': 13765, 'o3': 13745}, 'pm': {'pm1': 13200, 'pm10': 13202, 'pm25': 13201}}",2.34,8.85,30.56,0.57,0.6,0.6,645359328,19.3,MOD-00613,25.3,2026-03-31T12:13:22,2026-03-31T05:13:22,https://api.quant-aq.com/v1/devices/MOD-00613/data/645359177
815.2,466.81,"{'lat': None, 'lon': None}","{'rh': 19.3, 'temp': 25.3, 'wd': 0.0, 'ws': 0.0, 'ws_scalar': 0.0}","{'gas': {'co': 13498, 'co2': 13260, 'no': 13586, 'no2': 13765, 'o3': 13745}, 'pm': {'pm1': 13200, 'pm10': 13202, 'pm25': 13201}}",2.34,8.85,30.32,0.58,0.64,0.6,645359329,19.3,MOD-00613,25.3,2026-03-31T12:12:22,2026-03-31T05:12:22,https://api.quant-aq.com/v1/devices/MOD-00613/data/645359178
819.38,466.93,"{'lat': None, 'lon': None}","{'rh': 19.2, 'temp': 25.3, 'wd': 0.0, 'ws': 0.0, 'ws_scalar': 0.0}","{'gas': {'co': 13498, 'co2': 13260, 'no': 13586, 'no2': 13765, 'o3': 13745}, 'pm': {'pm1': 13200, 'pm10': 13202, 'pm25': 13201}}",2.34,8.87,30.35,0.66,0.69,0.69,645356557,19.2,MOD-00613,25.3,2026-03-31T12:11:22,2026-03-31T05:11:22,https://api.quant-aq.com/v1/devices/MOD-00613/data/645356406
818.97,462.0,"{'lat': None, 'lon': None}","{'rh': 19.2, 'temp': 25.3, 'wd': 0.0, 'ws': 0.0, 'ws_scalar': 0.0}","{'gas': {'co': 13498, 'co2': 13260, 'no': 13586, 'no2': 13765, 'o3': 13745}, 'pm': {'pm1': 13200, 'pm10': 13202, 'pm25': 13201}}",2.34,8.86,30.59,0.93,0.93,0.93,645356561,19.2,MOD-00613,25.3,2026-03-31T12:10:22,2026-03-31T05:10:22,https://api.quant-aq.com/v1/devices/MOD-00613/data/645356409
820.2,466.81,"{'lat': None, 'lon': None}","{'rh': 19.2, 'temp': 25.3, 'wd': 0.0, 'ws': 0.0, 'ws_scalar': 0.0}","{'gas': {'co': 13498, 'co2': 13260, 'no': 13586, 'no2': 13765, 'o3': 13745}, 'pm': {'pm1': 13200, 'pm10': 13202, 'pm25': 13201}}",2.34,8.86,30.35,0.82,0.83,0.83,645356558,19.2,MOD-00613,25.3,2026-03-31T12:09:22,2026-03-31T05:09:22,https://api.quant-aq.com/v1/devices/MOD-00613/data/645356407
818.56,466.33,"{'lat': None, 'lon': None}","{'rh': 19.2, 'temp': 25.3, 'wd': 0.0, 'ws': 0.0, 'ws_scalar': 0.0}","{'gas': {'co': 13498, 'co2': 13260, 'no': 13586, 'no2': 13765, 'o3': 13745}, 'pm': {'pm1': 13200, 'pm10': 13202, 'pm25': 13201}}",2.34,8.87,30.59,0.56,0.6,0.6,645356559,19.2,MOD-00613,25.3,2026-03-31T12:08:22,2026-03-31T05:08:22,https://api.quant-aq.com/v1/devices/MOD-00613/data/645356408
816.1,463.44,"{'lat': None, 'lon': None}","{'rh': 19.2, 'temp': 25.3, 'wd': 0.0, 'ws': 0.0, 'ws_scalar': 0.0}","{'gas': {'co': 13498, 'co2': 13260, 'no': 13586, 'no2': 13765, 'o3': 13745}, 'pm': {'pm1': 13200, 'pm10': 13202, 'pm25': 13201}}",2.34,8.86,30.59,0.77,0.77,0.77,645356560,19.2,MOD-00613,25.3,2026-03-31T12:07:22,2026-03-31T05:07:22,https://api.quant-aq.com/v1/devices/MOD-00613/data/645356410
816.1,465.01,"{'lat': None, 'lon': None}","{'rh': 19.2, 'temp': 25.3, 'wd': 0.0, 'ws': 0.0, 'ws_scalar': 0.0}","{'gas': {'co': 13498, 'co2': 13260, 'no': 13586, 'no2': 13765, 'o3': 13745}, 'pm': {'pm1': 13200, 'pm10': 13202, 'pm25': 13201}}",2.34,8.86,30.35,0.74,0.76,0.76,645353745,19.2,MOD-00613,25.3,2026-03-31T12:06:22,2026-03-31T05:06:22,https://api.quant-aq.com/v1/devices/MOD-00613/data/645353593
816.44,464.89,"{'lat': None, 'lon': None}","{'rh': 19.3, 'temp': 25.3, 'wd': 0.0, 'ws': 0.0, 'ws_scalar': 0.0}","{'gas': {'co': 13498, 'co2': 13260, 'no': 13586, 'no2': 13765, 'o3': 13745}, 'pm': {'pm1': 13200, 'pm10': 13202, 'pm25': 13201}}",2.34,8.85,30.08,0.4,0.4,0.4,645353744,19.3,MOD-00613,25.3,2026-03-31T12:05:22,2026-03-31T05:05:22,https://api.quant-aq.com/v1/devices/MOD-00613/data/645353594
821.84,466.57,"{'lat': None, 'lon': None}","{'rh': 19.2, 'temp': 25.3, 'wd': 0.0, 'ws': 0.0, 'ws_scalar': 0.0}","{'gas': {'co': 13498, 'co2': 13260, 'no': 13586, 'no2': 13765, 'o3': 13745}, 'pm': {'pm1': 13200, 'pm10': 13202, 'pm25': 13201}}",2.34,8.87,30.11,0.75,0.75,0.75,645353743,19.2,MOD-00613,25.3,2026-03-31T12:04:22,2026-03-31T05:04:22,https://api.quant-aq.com/v1/devices/MOD-00613/data/645353592
820.95,464.77,"{'lat': None, 'lon': None}","{'rh': 19.3, 'temp': 25.3, 'wd': 0.0, 'ws': 0.0, 'ws_scalar': 0.0}","{'gas': {'co': 13498, 'co2': 13260, 'no': 13586, 'no2': 13765, 'o3': 13745}, 'pm': {'pm1': 13200, 'pm10': 13202, 'pm25': 13201}}",2.34,8.85,30.32,0.69,0.71,0.71,645353741,19.3,MOD-00613,25.3,2026-03-31T12:03:22,2026-03-31T05:03:22,https://api.quant-aq.com/v1/devices/MOD-00613/data/645353590
818.97,466.93,"{'lat': None, 'lon': None}","{'rh': 19.2, 'temp': 25.3, 'wd': 0.0, 'ws': 0.0, 'ws_scalar': 0.0}","{'gas': {'co': 13498, 'co2': 13260, 'no': 13586, 'no2': 13765, 'o3': 13745}, 'pm': {'pm1': 13200, 'pm10': 13202, 'pm25': 13201}}",2.34,8.86,30.83,0.68,0.73,0.73,645353742,19.2,MOD-00613,25.3,2026-03-31T12:02:22,2026-03-31T05:02:22,https://api.quant-aq.com/v1/devices/MOD-00613/data/645353591
821.43,467.05,"{'lat': None, 'lon': None}","{'rh': 19.2, 'temp': 25.3, 'wd': 0.0, 'ws': 0.0, 'ws_scalar': 0.0}","{'gas': {'co': 13498, 'co2': 13260, 'no': 13586, 'no2': 13765, 'o3': 13745}, 'pm': {'pm1': 13200, 'pm10': 13202, 'pm25': 13201}}",2.34,8.86,29.87,0.63,0.64,0.64,645351014,19.2,MOD-00613,25.3,2026-03-31T12:01:22,2026-03-31T05:01:22,https://api.quant-aq.com/v1/devices/MOD-00613/data/645350863
818.49,464.28,"{'lat': None, 'lon': None}","{'rh': 19.3, 'temp': 25.3, 'wd': 0.0, 'ws': 0.0, 'ws_scalar': 0.0}","{'gas': {'co': 13498, 'co2': 13260, 'no': 13586, 'no2': 13765, 'o3': 13745}, 'pm': {'pm1': 13200, 'pm10': 13202, 'pm25': 13201}}",2.34,8.85,30.08,0.6,0.63,0.63,645351015,19.3,MOD-00613,25.3,2026-03-31T12:00:22,2026-03-31T05:00:22,https://api.quant-aq.com/v1/devices/MOD-00613/data/645350864
809.53,465.85,"{'lat': None, 'lon': None}","{'rh': 19.2, 'temp': 25.3, 'wd': 0.0, 'ws': 0.0, 'ws_scalar': 0.0}","{'gas': {'co': 13498, 'co2': 13260, 'no': 13586, 'no2': 13765, 'o3': 13745}, 'pm': {'pm1': 13200, 'pm10': 13202, 'pm25': 13201}}",2.34,8.86,30.83,0.63,0.64,0.64,645351016,19.2,MOD-00613,25.3,2026-03-31T11:59:22,2026-03-31T04:59:22,https://api.quant-aq.com/v1/devices/MOD-00613/data/645350865
819.79,465.13,"{'lat': None, 'lon': None}","{'rh': 19.2, 'temp': 25.3, 'wd': 0.0, 'ws': 0.0, 'ws_scalar': 0.0}","{'gas': {'co': 13498, 'co2': 13260, 'no': 13586, 'no2': 13765, 'o3': 13745}, 'pm': {'pm1': 13200, 'pm10': 13202, 'pm25': 13201}}",2.34,8.86,30.59,0.53,0.53,0.53,645351013,19.2,MOD-00613,25.3,2026-03-31T11:58:22,2026-03-31T04:58:22,https://api.quant-aq.com/v1/devices/MOD-00613/data/645350862
818.56,463.56,"{'lat': None, 'lon': None}","{'rh': 19.2, 'temp': 25.3, 'wd': 0.0, 'ws': 0.0, 'ws_scalar': 0.0}","{'gas': {'co': 13498, 'co2': 13260, 'no': 13586, 'no2': 13765, 'o3': 13745}, 'pm': {'pm1': 13200, 'pm10': 13202, 'pm25': 13201}}",2.34,8.86,30.35,0.74,0.75,0.75,645351012,19.2,MOD-00613,25.3,2026-03-31T11:57:22,2026-03-31T04:57:22,https://api.quant-aq.com/v1/devices/MOD-00613/data/645350861
817.33,462.96,"{'lat': None, 'lon': None}","{'rh': 19.2, 'temp': 25.3, 'wd': 0.0, 'ws': 0.0, 'ws_scalar': 0.0}","{'gas': {'co': 13498, 'co2': 13260, 'no': 13586, 'no2': 13765, 'o3': 13745}, 'pm': {'pm1': 13200, 'pm10': 13202, 'pm25': 13201}}",2.34,8.86,30.59,0.65,0.68,0.68,645348284,19.2,MOD-00613,25.3,2026-03-31T11:56:22,2026-03-31T04:56:22,https://api.quant-aq.com/v1/devices/MOD-00613/data/645348133
818.15,463.68,"{'lat': None, 'lon': None}","{'rh': 19.2, 'temp': 25.3, 'wd': 0.0, 'ws': 0.0, 'ws_scalar': 0.0}","{'gas': {'co': 13498, 'co2': 13260, 'no': 13586, 'no2': 13765, 'o3': 13745}, 'pm': {'pm1': 13200, 'pm10': 13202, 'pm25': 13201}}",2.34,8.86,30.35,0.87,0.87,0.87,645348285,19.2,MOD-00613,25.3,2026-03-31T11:55:22,2026-03-31T04:55:22,https://api.quant-aq.com/v1/devices/MOD-00613/data/645348134
818.15,462.36,"{'lat': None, 'lon': None}","{'rh': 19.2, 'temp': 25.3, 'wd': 0.0, 'ws': 0.0, 'ws_scalar': 0.0}","{'gas': {'co': 13498, 'co2': 13260, 'no': 13586, 'no2': 13765, 'o3': 13745}, 'pm': {'pm1': 13200, 'pm10': 13202, 'pm25': 13201}}",2.34,8.86,30.59,0.76,0.79,0.79,645348282,19.2,MOD-00613,25.3,2026-03-31T11:54:22,2026-03-31T04:54:22,https://api.quant-aq.com/v1/devices/MOD-00613/data/645348131
819.38,465.73,"{'lat': None, 'lon': None}","{'rh': 19.2, 'temp': 25.3, 'wd': 0.0, 'ws': 0.0, 'ws_scalar': 0.0}","{'gas': {'co': 13498, 'co2': 13260, 'no': 13586, 'no2': 13765, 'o3': 13745}, 'pm': {'pm1': 13200, 'pm10': 13202, 'pm25': 13201}}",2.34,8.86,30.11,0.61,0.62,0.62,645348283,19.2,MOD-00613,25.3,2026-03-31T11:53:22,2026-03-31T04:53:22,https://api.quant-aq.com/v1/devices/MOD-00613/data/645348132
818.56,466.81,"{'lat': None, 'lon': None}","{'rh': 19.2, 'temp': 25.3, 'wd': 0.0, 'ws': 0.0, 'ws_scalar': 0.0}","{'gas': {'co': 13498, 'co2': 13260, 'no': 13586, 'no2': 13765, 'o3': 13745}, 'pm': {'pm1': 13200, 'pm10': 13202, 'pm25': 13201}}",2.34,8.86,30.83,0.85,0.93,0.89,645348281,19.2,MOD-00613,25.3,2026-03-31T11:52:22,2026-03-31T04:52:22,https://api.quant-aq.com/v1/devices/MOD-00613/data/645348130
821.02,463.92,"{'lat': None, 'lon': None}","{'rh': 19.2, 'temp': 25.3, 'wd': 0.0, 'ws': 0.0, 'ws_scalar': 0.0}","{'gas': {'co': 13498, 'co2': 13260, 'no': 13586, 'no2': 13765, 'o3': 13745}, 'pm': {'pm1': 13200, 'pm10': 13202, 'pm25': 13201}}",2.34,8.86,30.59,0.73,0.74,0.74,645345477,19.2,MOD-00613,25.3,2026-03-31T11:51:22,2026-03-31T04:51:22,https://api.quant-aq.com/v1/devices/MOD-00613/data/645345327
814.45,463.56,"{'lat': None, 'lon': None}","{'rh': 19.2, 'temp': 25.3, 'wd': 0.0, 'ws': 0.0, 'ws_scalar': 0.0}","{'gas': {'co': 13498, 'co2': 13260, 'no': 13586, 'no2': 13765, 'o3': 13745}, 'pm': {'pm1': 13200, 'pm10': 13202, 'pm25': 13201}}",2.34,8.86,30.59,0.59,0.6,0.6,645345476,19.2,MOD-00613,25.3,2026-03-31T11:50:22,2026-03-31T04:50:22,https://api.quant-aq.com/v1/devices/MOD-00613/data/645345324
815.69,462.6,"{'lat': None, 'lon': None}","{'rh': 19.2, 'temp': 25.3, 'wd': 0.0, 'ws': 0.0, 'ws_scalar': 0.0}","{'gas': {'co': 13498, 'co2': 13260, 'no': 13586, 'no2': 13765, 'o3': 13745}, 'pm': {'pm1': 13200, 'pm10': 13202, 'pm25': 13201}}",2.34,8.86,30.35,1.02,1.02,1.02,645345475,19.2,MOD-00613,25.3,2026-03-31T11:49:22,2026-03-31T04:49:22,https://api.quant-aq.com/v1/devices/MOD-00613/data/645345326
817.33,466.33,"{'lat': None, 'lon': None}","{'rh': 19.2, 'temp': 25.3, 'wd': 0.0, 'ws': 0.0, 'ws_scalar': 0.0}","{'gas': {'co': 13498, 'co2': 13260, 'no': 13586, 'no2': 13765, 'o3': 13745}, 'pm': {'pm1': 13200, 'pm10': 13202, 'pm25': 13201}}",2.34,8.86,30.35,0.58,0.61,0.61,645345479,19.2,MOD-00613,25.3,2026-03-31T11:48:22,2026-03-31T04:48:22,https://api.quant-aq.com/v1/devices/MOD-00613/data/645345328
818.97,462.48,"{'lat': None, 'lon': None}","{'rh': 19.2, 'temp': 25.3, 'wd': 0.0, 'ws': 0.0, 'ws_scalar': 0.0}","{'gas': {'co': 13498, 'co2': 13260, 'no': 13586, 'no2': 13765, 'o3': 13745}, 'pm': {'pm1': 13200, 'pm10': 13202, 'pm25': 13201}}",2.34,8.86,30.83,0.71,0.71,0.71,645345478,19.2,MOD-00613,25.3,2026-03-31T11:47:22,2026-03-31T04:47:22,https://api.quant-aq.com/v1/devices/MOD-00613/data/645345325
816.92,460.43,"{'lat': None, 'lon': None}","{'rh': 19.2, 'temp': 25.3, 'wd': 0.0, 'ws': 0.0, 'ws_scalar': 0.0}","{'gas': {'co': 13498, 'co2': 13260, 'no': 13586, 'no2': 13765, 'o3': 13745}, 'pm': {'pm1': 13200, 'pm10': 13202, 'pm25': 13201}}",2.34,8.86,30.59,0.75,0.75,0.75,645342680,19.2,MOD-00613,25.3,2026-03-31T11:46:22,2026-03-31T04:46:22,https://api.quant-aq.com/v1/devices/MOD-00613/data/645342529
817.33,463.92,"{'lat': None, 'lon': None}","{'rh': 19.2, 'temp': 25.3, 'wd': 0.0, 'ws': 0.0, 'ws_scalar': 0.0}","{'gas': {'co': 13498, 'co2': 13260, 'no': 13586, 'no2': 13765, 'o3': 13745}, 'pm': {'pm1': 13200, 'pm10': 13202, 'pm25': 13201}}",2.34,8.86,30.59,0.7,0.7,0.7,645342681,19.2,MOD-00613,25.3,2026-03-31T11:45:22,2026-03-31T04:45:22,https://api.quant-aq.com/v1/devices/MOD-00613/data/645342530
814.04,461.15,"{'lat': None, 'lon': None}","{'rh': 19.2, 'temp': 25.3, 'wd': 0.0, 'ws': 0.0, 'ws_scalar': 0.0}","{'gas': {'co': 13498, 'co2': 13260, 'no': 13586, 'no2': 13765, 'o3': 13745}, 'pm': {'pm1': 13200, 'pm10': 13202, 'pm25': 13201}}",2.34,8.86,30.11,0.72,0.73,0.73,645342679,19.2,MOD-00613,25.3,2026-03-31T11:44:22,2026-03-31T04:44:22,https://api.quant-aq.com/v1/devices/MOD-00613/data/645342528
812.81,466.33,"{'lat': None, 'lon': None}","{'rh': 19.2, 'temp': 25.3, 'wd': 0.0, 'ws': 0.0, 'ws_scalar': 0.0}","{'gas': {'co': 13498, 'co2': 13260, 'no': 13586, 'no2': 13765, 'o3': 13745}, 'pm': {'pm1': 13200, 'pm10': 13202, 'pm25': 13201}}",2.34,8.86,30.59,0.53,0.55,0.55,645342677,19.2,MOD-00613,25.3,2026-03-31T11:43:22,2026-03-31T04:43:22,https://api.quant-aq.com/v1/devices/MOD-00613/data/645342526
821.02,464.77,"{'lat': None, 'lon': None}","{'rh': 19.2, 'temp': 25.3, 'wd': 0.0, 'ws': 0.0, 'ws_scalar': 0.0}","{'gas': {'co': 13498, 'co2': 13260, 'no': 13586, 'no2': 13765, 'o3': 13745}, 'pm': {'pm1': 13200, 'pm10': 13202, 'pm25': 13201}}",2.34,8.86,30.59,0.74,0.74,0.74,645342678,19.2,MOD-00613,25.3,2026-03-31T11:42:22,2026-03-31T04:42:22,https://api.quant-aq.com/v1/devices/MOD-00613/data/645342527
814.86,465.49,"{'lat': None, 'lon': None}","{'rh': 19.2, 'temp': 25.3, 'wd': 0.0, 'ws': 0.0, 'ws_scalar': 0.0}","{'gas': {'co': 13498, 'co2': 13260, 'no': 13586, 'no2': 13765, 'o3': 13745}, 'pm': {'pm1': 13200, 'pm10': 13202, 'pm25': 13201}}",2.34,8.86,30.35,0.56,0.57,0.57,645339955,19.2,MOD-00613,25.3,2026-03-31T11:41:22,2026-03-31T04:41:22,https://api.quant-aq.com/v1/devices/MOD-00613/data/645339804
813.22,460.67,"{'lat': None, 'lon': None}","{'rh': 19.2, 'temp': 25.3, 'wd': 0.0, 'ws': 0.0, 'ws_scalar': 0.0}","{'gas': {'co': 13498, 'co2': 13260, 'no': 13586, 'no2': 13765, 'o3': 13745}, 'pm': {'pm1': 13200, 'pm10': 13202, 'pm25': 13201}}",2.34,8.86,30.83,0.79,0.79,0.79,645339954,19.2,MOD-00613,25.3,2026-03-31T11:40:22,2026-03-31T04:40:22,https://api.quant-aq.com/v1/devices/MOD-00613/data/645339803
813.63,462.36,"{'lat': None, 'lon': None}","{'rh': 19.2, 'temp': 25.3, 'wd': 0.0, 'ws': 0.0, 'ws_scalar': 0.0}","{'gas': {'co': 13498, 'co2': 13260, 'no': 13586, 'no2': 13765, 'o3': 13745}, 'pm': {'pm1': 13200, 'pm10': 13202, 'pm25': 13201}}",2.34,8.86,30.59,0.67,0.7,0.7,645339953,19.2,MOD-00613,25.3,2026-03-31T11:39:22,2026-03-31T04:39:22,https://api.quant-aq.com/v1/devices/MOD-00613/data/645339802
817.33,462.84,"{'lat': None, 'lon': None}","{'rh': 19.2, 'temp': 25.3, 'wd': 0.0, 'ws': 0.0, 'ws_scalar': 0.0}","{'gas': {'co': 13498, 'co2': 13260, 'no': 13586, 'no2': 13765, 'o3': 13745}, 'pm': {'pm1': 13200, 'pm10': 13202, 'pm25': 13201}}",2.34,8.86,30.59,0.59,0.6,0.6,645339952,19.2,MOD-00613,25.3,2026-03-31T11:38:22,2026-03-31T04:38:22,https://api.quant-aq.com/v1/devices/MOD-00613/data/645339801
816.51,463.32,"{'lat': None, 'lon': None}","{'rh': 19.2, 'temp': 25.3, 'wd': 0.0, 'ws': 0.0, 'ws_scalar': 0.0}","{'gas': {'co': 13498, 'co2': 13260, 'no': 13586, 'no2': 13765, 'o3': 13745}, 'pm': {'pm1': 13200, 'pm10': 13202, 'pm25': 13201}}",2.34,8.86,31.07,0.53,0.54,0.54,645339951,19.2,MOD-00613,25.3,2026-03-31T11:37:22,2026-03-31T04:37:22,https://api.quant-aq.com/v1/devices/MOD-00613/data/645339800
818.56,463.2,"{'lat': None, 'lon': None}","{'rh': 19.2, 'temp': 25.3, 'wd': 0.0, 'ws': 0.0, 'ws_scalar': 0.0}","{'gas': {'co': 13498, 'co2': 13260, 'no': 13586, 'no2': 13765, 'o3': 13745}, 'pm': {'pm1': 13200, 'pm10': 13202, 'pm25': 13201}}",2.34,8.86,30.35,0.7,0.74,0.74,645337066,19.2,MOD-00613,25.3,2026-03-31T11:36:22,2026-03-31T04:36:22,https://api.quant-aq.com/v1/devices/MOD-00613/data/645336915
814.04,464.28,"{'lat': None, 'lon': None}","{'rh': 19.2, 'temp': 25.3, 'wd': 0.0, 'ws': 0.0, 'ws_scalar': 0.0}","{'gas': {'co': 13498, 'co2': 13260, 'no': 13586, 'no2': 13765, 'o3': 13745}, 'pm': {'pm1': 13200, 'pm10': 13202, 'pm25': 13201}}",2.34,8.86,30.59,0.5,0.5,0.5,645337065,19.2,MOD-00613,25.3,2026-03-31T11:35:22,2026-03-31T04:35:22,https://api.quant-aq.com/v1/devices/MOD-00613/data/645336914
816.92,465.13,"{'lat': None, 'lon': None}","{'rh': 19.2, 'temp': 25.3, 'wd': 0.0, 'ws': 0.0, 'ws_scalar': 0.0}","{'gas': {'co': 13498, 'co2': 13260, 'no': 13586, 'no2': 13765, 'o3': 13745}, 'pm': {'pm1': 13200, 'pm10': 13202, 'pm25': 13201}}",2.34,8.86,30.59,0.63,0.65,0.65,645337063,19.2,MOD-00613,25.3,2026-03-31T11:34:22,2026-03-31T04:34:22,https://api.quant-aq.com/v1/devices/MOD-00613/data/645336912
815.27,463.44,"{'lat': None, 'lon': None}","{'rh': 19.2, 'temp': 25.3, 'wd': 0.0, 'ws': 0.0, 'ws_scalar': 0.0}","{'gas': {'co': 13498, 'co2': 13260, 'no': 13586, 'no2': 13765, 'o3': 13745}, 'pm': {'pm1': 13200, 'pm10': 13202, 'pm25': 13201}}",2.34,8.86,30.35,0.87,0.97,0.93,645337064,19.2,MOD-00613,25.3,2026-03-31T11:33:22,2026-03-31T04:33:22,https://api.quant-aq.com/v1/devices/MOD-00613/data/645336913
816.92,463.32,"{'lat': None, 'lon': None}","{'rh': 19.2, 'temp': 25.3, 'wd': 0.0, 'ws': 0.0, 'ws_scalar': 0.0}","{'gas': {'co': 13498, 'co2': 13260, 'no': 13586, 'no2': 13765, 'o3': 13745}, 'pm': {'pm1': 13200, 'pm10': 13202, 'pm25': 13201}}",2.34,8.86,30.83,0.83,0.86,0.86,645337062,19.2,MOD-00613,25.3,2026-03-31T11:32:22,2026-03-31T04:32:22,https://api.quant-aq.com/v1/devices/MOD-00613/data/645336911
810.76,464.64,"{'lat': None, 'lon': None}","{'rh': 19.2, 'temp': 25.3, 'wd': 0.0, 'ws': 0.0, 'ws_scalar': 0.0}","{'gas': {'co': 13498, 'co2': 13260, 'no': 13586, 'no2': 13765, 'o3': 13745}, 'pm': {'pm1': 13200, 'pm10': 13202, 'pm25': 13201}}",2.34,8.86,30.35,0.69,0.7,0.7,645334412,19.2,MOD-00613,25.3,2026-03-31T11:31:22,2026-03-31T04:31:22,https://api.quant-aq.com/v1/devices/MOD-00613/data/645334261
814.86,463.92,"{'lat': None, 'lon': None}","{'rh': 19.2, 'temp': 25.3, 'wd': 0.0, 'ws': 0.0, 'ws_scalar': 0.0}","{'gas': {'co': 13498, 'co2': 13260, 'no': 13586, 'no2': 13765, 'o3': 13745}, 'pm': {'pm1': 13200, 'pm10': 13202, 'pm25': 13201}}",2.34,8.86,30.59,0.75,0.75,0.75,645334411,19.2,MOD-00613,25.3,2026-03-31T11:30:22,2026-03-31T04:30:22,https://api.quant-aq.com/v1/devices/MOD-00613/data/645334260
821.84,463.56,"{'lat': None, 'lon': None}","{'rh': 19.2, 'temp': 25.3, 'wd': 0.0, 'ws': 0.0, 'ws_scalar': 0.0}","{'gas': {'co': 13498, 'co2': 13260, 'no': 13586, 'no2': 13765, 'o3': 13745}, 'pm': {'pm1': 13200, 'pm10': 13202, 'pm25': 13201}}",2.34,8.86,30.59,0.65,0.66,0.66,645334410,19.2,MOD-00613,25.3,2026-03-31T11:29:22,2026-03-31T04:29:22,https://api.quant-aq.com/v1/devices/MOD-00613/data/645334259
819.79,465.85,"{'lat': None, 'lon': None}","{'rh': 19.2, 'temp': 25.3, 'wd': 0.0, 'ws': 0.0, 'ws_scalar': 0.0}","{'gas': {'co': 13498, 'co2': 13260, 'no': 13586, 'no2': 13765, 'o3': 13745}, 'pm': {'pm1': 13200, 'pm10': 13202, 'pm25': 13201}}",2.34,8.86,30.35,0.55,0.55,0.55,645334409,19.2,MOD-00613,25.3,2026-03-31T11:28:22,2026-03-31T04:28:22,https://api.quant-aq.com/v1/devices/MOD-00613/data/645334258
818.15,463.32,"{'lat': None, 'lon': None}","{'rh': 19.2, 'temp': 25.3, 'wd': 0.0, 'ws': 0.0, 'ws_scalar': 0.0}","{'gas': {'co': 13498, 'co2': 13260, 'no': 13586, 'no2': 13765, 'o3': 13745}, 'pm': {'pm1': 13200, 'pm10': 13202, 'pm25': 13201}}",2.34,8.86,30.11,0.69,0.72,0.72,645334408,19.2,MOD-00613,25.3,2026-03-31T11:27:22,2026-03-31T04:27:22,https://api.quant-aq.com/v1/devices/MOD-00613/data/645334257
816.51,465.01,"{'lat': None, 'lon': None}","{'rh': 19.2, 'temp': 25.3, 'wd': 0.0, 'ws': 0.0, 'ws_scalar': 0.0}","{'gas': {'co': 13498, 'co2': 13260, 'no': 13586, 'no2': 13765, 'o3': 13745}, 'pm': {'pm1': 13200, 'pm10': 13202, 'pm25': 13201}}",2.34,8.86,30.59,0.65,0.68,0.68,645331615,19.2,MOD-00613,25.3,2026-03-31T11:26:22,2026-03-31T04:26:22,https://api.quant-aq.com/v1/devices/MOD-00613/data/645331464
821.84,463.92,"{'lat': None, 'lon': None}","{'rh': 19.2, 'temp': 25.3, 'wd': 0.0, 'ws': 0.0, 'ws_scalar': 0.0}","{'gas': {'co': 13498, 'co2': 13260, 'no': 13586, 'no2': 13765, 'o3': 13745}, 'pm': {'pm1': 13200, 'pm10': 13202, 'pm25': 13201}}",2.34,8.86,30.35,0.8,0.82,0.82,645331613,19.2,MOD-00613,25.3,2026-03-31T11:25:22,2026-03-31T04:25:22,https://api.quant-aq.com/v1/devices/MOD-00613/data/645331462
817.33,463.32,"{'lat': None, 'lon': None}","{'rh': 19.2, 'temp': 25.3, 'wd': 0.0, 'ws': 0.0, 'ws_scalar': 0.0}","{'gas': {'co': 13498, 'co2': 13260, 'no': 13586, 'no2': 13765, 'o3': 13745}, 'pm': {'pm1': 13200, 'pm10': 13202, 'pm25': 13201}}",2.34,8.86,30.59,0.82,0.82,0.82,645331614,19.2,MOD-00613,25.3,2026-03-31T11:24:22,2026-03-31T04:24:22,https://api.quant-aq.com/v1/devices/MOD-00613/data/645331463
814.97,464.89,"{'lat': None, 'lon': None}","{'rh': 19.2, 'temp': 25.4, 'wd': 0.0, 'ws': 0.0, 'ws_scalar': 0.0}","{'gas': {'co': 13498, 'co2': 13260, 'no': 13586, 'no2': 13765, 'o3': 13745}, 'pm': {'pm1': 13200, 'pm10': 13202, 'pm25': 13201}}",2.34,8.86,30.38,0.88,0.89,0.89,645331612,19.2,MOD-00613,25.4,2026-03-31T11:23:22,2026-03-31T04:23:22,https://api.quant-aq.com/v1/devices/MOD-00613/data/645331461
816.1,460.79,"{'lat': None, 'lon': None}","{'rh': 19.2, 'temp': 25.3, 'wd': 0.0, 'ws': 0.0, 'ws_scalar': 0.0}","{'gas': {'co': 13498, 'co2': 13260, 'no': 13586, 'no2': 13765, 'o3': 13745}, 'pm': {'pm1': 13200, 'pm10': 13202, 'pm25': 13201}}",2.34,8.86,30.59,0.56,0.57,0.57,645331610,19.2,MOD-00613,25.3,2026-03-31T11:22:22,2026-03-31T04:22:22,https://api.quant-aq.com/v1/devices/MOD-00613/data/645331459
818.97,463.32,"{'lat': None, 'lon': None}","{'rh': 19.2, 'temp': 25.3, 'wd': 0.0, 'ws': 0.0, 'ws_scalar': 0.0}","{'gas': {'co': 13498, 'co2': 13260, 'no': 13586, 'no2': 13765, 'o3': 13745}, 'pm': {'pm1': 13200, 'pm10': 13202, 'pm25': 13201}}",2.34,8.86,30.59,0.72,0.78,0.74,645328778,19.2,MOD-00613,25.3,2026-03-31T11:21:22,2026-03-31T04:21:22,https://api.quant-aq.com/v1/devices/MOD-00613/data/645328627
817.74,464.16,"{'lat': None, 'lon': None}","{'rh': 19.2, 'temp': 25.3, 'wd': 0.0, 'ws': 0.0, 'ws_scalar': 0.0}","{'gas': {'co': 13498, 'co2': 13260, 'no': 13586, 'no2': 13765, 'o3': 13745}, 'pm': {'pm1': 13200, 'pm10': 13202, 'pm25': 13201}}",2.34,8.86,30.59,0.6,0.62,0.62,645328777,19.2,MOD-00613,25.3,2026-03-31T11:20:22,2026-03-31T04:20:22,https://api.quant-aq.com/v1/devices/MOD-00613/data/645328626
817.74,464.28,"{'lat': None, 'lon': None}","{'rh': 19.2, 'temp': 25.3, 'wd': 0.0, 'ws': 0.0, 'ws_scalar': 0.0}","{'gas': {'co': 13498, 'co2': 13260, 'no': 13586, 'no2': 13765, 'o3': 13745}, 'pm': {'pm1': 13200, 'pm10': 13202, 'pm25': 13201}}",2.34,8.86,30.83,0.67,0.67,0.67,645328776,19.2,MOD-00613,25.3,2026-03-31T11:19:22,2026-03-31T04:19:22,https://api.quant-aq.com/v1/devices/MOD-00613/data/645328625
820.61,463.8,"{'lat': None, 'lon': None}","{'rh': 19.2, 'temp': 25.3, 'wd': 0.0, 'ws': 0.0, 'ws_scalar': 0.0}","{'gas': {'co': 13498, 'co2': 13260, 'no': 13586, 'no2': 13765, 'o3': 13745}, 'pm': {'pm1': 13200, 'pm10': 13202, 'pm25': 13201}}",2.34,8.85,30.35,0.58,0.59,0.59,645328775,19.2,MOD-00613,25.3,2026-03-31T11:18:22,2026-03-31T04:18:22,https://api.quant-aq.com/v1/devices/MOD-00613/data/645328624
816.1,463.32,"{'lat': None, 'lon': None}","{'rh': 19.2, 'temp': 25.3, 'wd': 0.0, 'ws': 0.0, 'ws_scalar': 0.0}","{'gas': {'co': 13498, 'co2': 13260, 'no': 13586, 'no2': 13765, 'o3': 13745}, 'pm': {'pm1': 13200, 'pm10': 13202, 'pm25': 13201}}",2.34,8.86,30.35,0.6,0.61,0.61,645328774,19.2,MOD-00613,25.3,2026-03-31T11:17:22,2026-03-31T04:17:22,https://api.quant-aq.com/v1/devices/MOD-00613/data/645328623
818.15,464.89,"{'lat': None, 'lon': None}","{'rh': 19.2, 'temp': 25.3, 'wd': 0.0, 'ws': 0.0, 'ws_scalar': 0.0}","{'gas': {'co': 13498, 'co2': 13260, 'no': 13586, 'no2': 13765, 'o3': 13745}, 'pm': {'pm1': 13200, 'pm10': 13202, 'pm25': 13201}}",2.34,8.86,30.35,0.61,0.61,0.61,645326101,19.2,MOD-00613,25.3,2026-03-31T11:16:22,2026-03-31T04:16:22,https://api.quant-aq.com/v1/devices/MOD-00613/data/645325950
816.92,464.16,"{'lat': None, 'lon': None}","{'rh': 19.2, 'temp': 25.3, 'wd': 0.0, 'ws': 0.0, 'ws_scalar': 0.0}","{'gas': {'co': 13498, 'co2': 13260, 'no': 13586, 'no2': 13765, 'o3': 13745}, 'pm': {'pm1': 13200, 'pm10': 13202, 'pm25': 13201}}",2.34,8.86,30.59,0.83,0.85,0.85,645326098,19.2,MOD-00613,25.3,2026-03-31T11:15:22,2026-03-31T04:15:22,https://api.quant-aq.com/v1/devices/MOD-00613/data/645325947
817.74,463.68,"{'lat': None, 'lon': None}","{'rh': 19.2, 'temp': 25.3, 'wd': 0.0, 'ws': 0.0, 'ws_scalar': 0.0}","{'gas': {'co': 13498, 'co2': 13260, 'no': 13586, 'no2': 13765, 'o3': 13745}, 'pm': {'pm1': 13200, 'pm10': 13202, 'pm25': 13201}}",2.34,8.86,30.83,0.86,0.87,0.87,645326100,19.2,MOD-00613,25.3,2026-03-31T11:14:22,2026-03-31T04:14:22,https://api.quant-aq.com/v1/devices/MOD-00613/data/645325949
820.2,462.0,"{'lat': None, 'lon': None}","{'rh': 19.2, 'temp': 25.3, 'wd': 0.0, 'ws': 0.0, 'ws_scalar': 0.0}","{'gas': {'co': 13498, 'co2': 13260, 'no': 13586, 'no2': 13765, 'o3': 13745}, 'pm': {'pm1': 13200, 'pm10': 13202, 'pm25': 13201}}",2.34,8.86,30.35,0.88,0.9,0.9,645326099,19.2,MOD-00613,25.3,2026-03-31T11:13:22,2026-03-31T04:13:22,https://api.quant-aq.com/v1/devices/MOD-00613/data/645325948
814.97,463.68,"{'lat': None, 'lon': None}","{'rh': 19.2, 'temp': 25.4, 'wd': 0.0, 'ws': 0.0, 'ws_scalar': 0.0}","{'gas': {'co': 13498, 'co2': 13260, 'no': 13586, 'no2': 13765, 'o3': 13745}, 'pm': {'pm1': 13200, 'pm10': 13202, 'pm25': 13201}}",2.34,8.85,30.62,0.81,0.98,0.9,645326097,19.2,MOD-00613,25.4,2026-03-31T11:12:22,2026-03-31T04:12:22,https://api.quant-aq.com/v1/devices/MOD-00613/data/645325946
824.72,464.04,"{'lat': None, 'lon': None}","{'rh': 19.2, 'temp': 25.3, 'wd': 0.0, 'ws': 0.0, 'ws_scalar': 0.0}","{'gas': {'co': 13498, 'co2': 13260, 'no': 13586, 'no2': 13765, 'o3': 13745}, 'pm': {'pm1': 13200, 'pm10': 13202, 'pm25': 13201}}",2.34,8.86,30.35,0.69,0.72,0.72,645323292,19.2,MOD-00613,25.3,2026-03-31T11:11:22,2026-03-31T04:11:22,https://api.quant-aq.com/v1/devices/MOD-00613/data/645323141
820.2,463.56,"{'lat': None, 'lon': None}","{'rh': 19.2, 'temp': 25.3, 'wd': 0.0, 'ws': 0.0, 'ws_scalar': 0.0}","{'gas': {'co': 13498, 'co2': 13260, 'no': 13586, 'no2': 13765, 'o3': 13745}, 'pm': {'pm1': 13200, 'pm10': 13202, 'pm25': 13201}}",2.34,8.86,30.11,0.85,0.87,0.87,645323294,19.2,MOD-00613,25.3,2026-03-31T11:10:22,2026-03-31T04:10:22,https://api.quant-aq.com/v1/devices/MOD-00613/data/645323143
818.15,464.4,"{'lat': None, 'lon': None}","{'rh': 19.2, 'temp': 25.3, 'wd': 0.0, 'ws': 0.0, 'ws_scalar': 0.0}","{'gas': {'co': 13498, 'co2': 13260, 'no': 13586, 'no2': 13765, 'o3': 13745}, 'pm': {'pm1': 13200, 'pm10': 13202, 'pm25': 13201}}",2.34,8.86,30.59,0.77,0.78,0.78,645323291,19.2,MOD-00613,25.3,2026-03-31T11:09:22,2026-03-31T04:09:22,https://api.quant-aq.com/v1/devices/MOD-00613/data/645323140
819.08,462.96,"{'lat': None, 'lon': None}","{'rh': 19.2, 'temp': 25.4, 'wd': 0.0, 'ws': 0.0, 'ws_scalar': 0.0}","{'gas': {'co': 13498, 'co2': 13260, 'no': 13586, 'no2': 13765, 'o3': 13745}, 'pm': {'pm1': 13200, 'pm10': 13202, 'pm25': 13201}}",2.34,8.85,30.62,0.81,0.83,0.83,645323293,19.2,MOD-00613,25.4,2026-03-31T11:08:22,2026-03-31T04:08:22,https://api.quant-aq.com/v1/devices/MOD-00613/data/645323142
816.2,464.4,"{'lat': None, 'lon': None}","{'rh': 19.2, 'temp': 25.4, 'wd': 0.0, 'ws': 0.0, 'ws_scalar': 0.0}","{'gas': {'co': 13498, 'co2': 13260, 'no': 13586, 'no2': 13765, 'o3': 13745}, 'pm': {'pm1': 13200, 'pm10': 13202, 'pm25': 13201}}",2.34,8.85,30.62,0.94,0.96,0.96,645323295,19.2,MOD-00613,25.4,2026-03-31T11:07:22,2026-03-31T04:07:22,https://api.quant-aq.com/v1/devices/MOD-00613/data/645323144
822.66,464.16,"{'lat': None, 'lon': None}","{'rh': 19.2, 'temp': 25.3, 'wd': 0.0, 'ws': 0.0, 'ws_scalar': 0.0}","{'gas': {'co': 13498, 'co2': 13260, 'no': 13586, 'no2': 13765, 'o3': 13745}, 'pm': {'pm1': 13200, 'pm10': 13202, 'pm25': 13201}}",2.34,8.86,30.83,0.62,0.69,0.69,645320491,19.2,MOD-00613,25.3,2026-03-31T11:06:22,2026-03-31T04:06:22,https://api.quant-aq.com/v1/devices/MOD-00613/data/645320340
817.85,461.51,"{'lat': None, 'lon': None}","{'rh': 19.2, 'temp': 25.4, 'wd': 0.0, 'ws': 0.0, 'ws_scalar': 0.0}","{'gas': {'co': 13498, 'co2': 13260, 'no': 13586, 'no2': 13765, 'o3': 13745}, 'pm': {'pm1': 13200, 'pm10': 13202, 'pm25': 13201}}",2.34,8.85,30.38,0.88,0.97,0.93,645320492,19.2,MOD-00613,25.4,2026-03-31T11:05:22,2026-03-31T04:05:22,https://api.quant-aq.com/v1/devices/MOD-00613/data/645320341
814.15,459.35,"{'lat': None, 'lon': None}","{'rh': 19.2, 'temp': 25.4, 'wd': 0.0, 'ws': 0.0, 'ws_scalar': 0.0}","{'gas': {'co': 13498, 'co2': 13260, 'no': 13586, 'no2': 13765, 'o3': 13745}, 'pm': {'pm1': 13200, 'pm10': 13202, 'pm25': 13201}}",2.34,8.86,30.38,0.53,0.57,0.57,645320489,19.2,MOD-00613,25.4,2026-03-31T11:04:22,2026-03-31T04:04:22,https://api.quant-aq.com/v1/devices/MOD-00613/data/645320338
816.92,466.09,"{'lat': None, 'lon': None}","{'rh': 19.2, 'temp': 25.3, 'wd': 0.0, 'ws': 0.0, 'ws_scalar': 0.0}","{'gas': {'co': 13498, 'co2': 13260, 'no': 13586, 'no2': 13765, 'o3': 13745}, 'pm': {'pm1': 13200, 'pm10': 13202, 'pm25': 13201}}",2.34,8.86,30.11,0.63,0.63,0.63,645320488,19.2,MOD-00613,25.3,2026-03-31T11:03:22,2026-03-31T04:03:22,https://api.quant-aq.com/v1/devices/MOD-00613/data/645320337
818.67,462.84,"{'lat': None, 'lon': None}","{'rh': 19.2, 'temp': 25.4, 'wd': 0.0, 'ws': 0.0, 'ws_scalar': 0.0}","{'gas': {'co': 13498, 'co2': 13260, 'no': 13586, 'no2': 13765, 'o3': 13745}, 'pm': {'pm1': 13200, 'pm10': 13202, 'pm25': 13201}}",2.34,8.85,30.86,0.63,0.64,0.64,645320490,19.2,MOD-00613,25.4,2026-03-31T11:02:22,2026-03-31T04:02:22,https://api.quant-aq.com/v1/devices/MOD-00613/data/645320339
817.02,465.13,"{'lat': None, 'lon': None}","{'rh': 19.2, 'temp': 25.4, 'wd': 0.0, 'ws': 0.0, 'ws_scalar': 0.0}","{'gas': {'co': 13498, 'co2': 13260, 'no': 13586, 'no2': 13765, 'o3': 13745}, 'pm': {'pm1': 13200, 'pm10': 13202, 'pm25': 13201}}",2.34,8.85,30.86,0.93,0.94,0.94,645317755,19.2,MOD-00613,25.4,2026-03-31T11:01:22,2026-03-31T04:01:22,https://api.quant-aq.com/v1/devices/MOD-00613/data/645317604
815.38,464.04,"{'lat': None, 'lon': None}","{'rh': 19.2, 'temp': 25.4, 'wd': 0.0, 'ws': 0.0, 'ws_scalar': 0.0}","{'gas': {'co': 13498, 'co2': 13260, 'no': 13586, 'no2': 13765, 'o3': 13745}, 'pm': {'pm1': 13200, 'pm10': 13202, 'pm25': 13201}}",2.34,8.85,30.62,0.84,0.84,0.84,645317756,19.2,MOD-00613,25.4,2026-03-31T11:00:22,2026-03-31T04:00:22,https://api.quant-aq.com/v1/devices/MOD-00613/data/645317605
814.15,463.8,"{'lat': None, 'lon': None}","{'rh': 19.2, 'temp': 25.4, 'wd': 0.0, 'ws': 0.0, 'ws_scalar': 0.0}","{'gas': {'co': 13498, 'co2': 13260, 'no': 13586, 'no2': 13765, 'o3': 13745}, 'pm': {'pm1': 13200, 'pm10': 13202, 'pm25': 13201}}",2.34,8.85,30.86,0.76,0.94,0.78,645317751,19.2,MOD-00613,25.4,2026-03-31T10:59:22,2026-03-31T03:59:22,https://api.quant-aq.com/v1/devices/MOD-00613/data/645317600
822.77,464.16,"{'lat': None, 'lon': None}","{'rh': 19.2, 'temp': 25.4, 'wd': 0.0, 'ws': 0.0, 'ws_scalar': 0.0}","{'gas': {'co': 13498, 'co2': 13260, 'no': 13586, 'no2': 13765, 'o3': 13745}, 'pm': {'pm1': 13200, 'pm10': 13202, 'pm25': 13201}}",2.34,8.85,30.62,0.7,0.71,0.71,645317750,19.2,MOD-00613,25.4,2026-03-31T10:58:22,2026-03-31T03:58:22,https://api.quant-aq.com/v1/devices/MOD-00613/data/645317599
819.49,464.04,"{'lat': None, 'lon': None}","{'rh': 19.2, 'temp': 25.4, 'wd': 0.0, 'ws': 0.0, 'ws_scalar': 0.0}","{'gas': {'co': 13498, 'co2': 13260, 'no': 13586, 'no2': 13765, 'o3': 13745}, 'pm': {'pm1': 13200, 'pm10': 13202, 'pm25': 13201}}",2.34,8.85,30.86,0.62,0.66,0.66,645317752,19.2,MOD-00613,25.4,2026-03-31T10:57:22,2026-03-31T03:57:22,https://api.quant-aq.com/v1/devices/MOD-00613/data/645317601
811.28,463.44,"{'lat': None, 'lon': None}","{'rh': 19.2, 'temp': 25.4, 'wd': 0.0, 'ws': 0.0, 'ws_scalar': 0.0}","{'gas': {'co': 13498, 'co2': 13260, 'no': 13586, 'no2': 13765, 'o3': 13745}, 'pm': {'pm1': 13200, 'pm10': 13202, 'pm25': 13201}}",2.34,8.86,30.62,0.56,0.64,0.59,645315039,19.2,MOD-00613,25.4,2026-03-31T10:56:22,2026-03-31T03:56:22,https://api.quant-aq.com/v1/devices/MOD-00613/data/645314888
814.97,466.57,"{'lat': None, 'lon': None}","{'rh': 19.2, 'temp': 25.4, 'wd': 0.0, 'ws': 0.0, 'ws_scalar': 0.0}","{'gas': {'co': 13498, 'co2': 13260, 'no': 13586, 'no2': 13765, 'o3': 13745}, 'pm': {'pm1': 13200, 'pm10': 13202, 'pm25': 13201}}",2.34,8.85,30.38,0.53,0.54,0.54,645315040,19.2,MOD-00613,25.4,2026-03-31T10:55:22,2026-03-31T03:55:22,https://api.quant-aq.com/v1/devices/MOD-00613/data/645314889
812.92,465.01,"{'lat': None, 'lon': None}","{'rh': 19.2, 'temp': 25.4, 'wd': 0.0, 'ws': 0.0, 'ws_scalar': 0.0}","{'gas': {'co': 13498, 'co2': 13260, 'no': 13586, 'no2': 13765, 'o3': 13745}, 'pm': {'pm1': 13200, 'pm10': 13202, 'pm25': 13201}}",2.34,8.85,30.62,0.59,0.66,0.62,645315038,19.2,MOD-00613,25.4,2026-03-31T10:54:22,2026-03-31T03:54:22,https://api.quant-aq.com/v1/devices/MOD-00613/data/645314887
819.08,463.44,"{'lat': None, 'lon': None}","{'rh': 19.2, 'temp': 25.4, 'wd': 0.0, 'ws': 0.0, 'ws_scalar': 0.0}","{'gas': {'co': 13498, 'co2': 13260, 'no': 13586, 'no2': 13765, 'o3': 13745}, 'pm': {'pm1': 13200, 'pm10': 13202, 'pm25': 13201}}",2.34,8.86,30.38,0.69,0.69,0.69,645315037,19.2,MOD-00613,25.4,2026-03-31T10:53:22,2026-03-31T03:53:22,https://api.quant-aq.com/v1/devices/MOD-00613/data/645314886
814.15,462.96,"{'lat': None, 'lon': None}","{'rh': 19.2, 'temp': 25.4, 'wd': 0.0, 'ws': 0.0, 'ws_scalar': 0.0}","{'gas': {'co': 13498, 'co2': 13260, 'no': 13586, 'no2': 13765, 'o3': 13745}, 'pm': {'pm1': 13200, 'pm10': 13202, 'pm25': 13201}}",2.34,8.85,30.86,0.6,0.63,0.63,645315036,19.2,MOD-00613,25.4,2026-03-31T10:52:22,2026-03-31T03:52:22,https://api.quant-aq.com/v1/devices/MOD-00613/data/645314885
815.38,461.63,"{'lat': None, 'lon': None}","{'rh': 19.2, 'temp': 25.4, 'wd': 0.0, 'ws': 0.0, 'ws_scalar': 0.0}","{'gas': {'co': 13498, 'co2': 13260, 'no': 13586, 'no2': 13765, 'o3': 13745}, 'pm': {'pm1': 13200, 'pm10': 13202, 'pm25': 13201}}",2.34,8.86,30.14,0.57,0.58,0.58,645312251,19.2,MOD-00613,25.4,2026-03-31T10:51:22,2026-03-31T03:51:22,https://api.quant-aq.com/v1/devices/MOD-00613/data/645312100
818.67,461.87,"{'lat': None, 'lon': None}","{'rh': 19.2, 'temp': 25.4, 'wd': 0.0, 'ws': 0.0, 'ws_scalar': 0.0}","{'gas': {'co': 13498, 'co2': 13260, 'no': 13586, 'no2': 13765, 'o3': 13745}, 'pm': {'pm1': 13200, 'pm10': 13202, 'pm25': 13201}}",2.34,8.85,30.86,0.81,0.81,0.81,645312255,19.2,MOD-00613,25.4,2026-03-31T10:50:22,2026-03-31T03:50:22,https://api.quant-aq.com/v1/devices/MOD-00613/data/645312104
815.38,465.61,"{'lat': None, 'lon': None}","{'rh': 19.2, 'temp': 25.4, 'wd': 0.0, 'ws': 0.0, 'ws_scalar': 0.0}","{'gas': {'co': 13498, 'co2': 13260, 'no': 13586, 'no2': 13765, 'o3': 13745}, 'pm': {'pm1': 13200, 'pm10': 13202, 'pm25': 13201}}",2.34,8.85,30.62,0.93,0.94,0.94,645312254,19.2,MOD-00613,25.4,2026-03-31T10:49:22,2026-03-31T03:49:22,https://api.quant-aq.com/v1/devices/MOD-00613/data/645312102
812.51,464.04,"{'lat': None, 'lon': None}","{'rh': 19.2, 'temp': 25.4, 'wd': 0.0, 'ws': 0.0, 'ws_scalar': 0.0}","{'gas': {'co': 13498, 'co2': 13260, 'no': 13586, 'no2': 13765, 'o3': 13745}, 'pm': {'pm1': 13200, 'pm10': 13202, 'pm25': 13201}}",2.34,8.85,30.62,0.79,0.85,0.85,645312252,19.2,MOD-00613,25.4,2026-03-31T10:48:22,2026-03-31T03:48:22,https://api.quant-aq.com/v1/devices/MOD-00613/data/645312103
816.61,467.05,"{'lat': None, 'lon': None}","{'rh': 19.2, 'temp': 25.4, 'wd': 0.0, 'ws': 0.0, 'ws_scalar': 0.0}","{'gas': {'co': 13498, 'co2': 13260, 'no': 13586, 'no2': 13765, 'o3': 13745}, 'pm': {'pm1': 13200, 'pm10': 13202, 'pm25': 13201}}",2.34,8.86,30.62,0.95,0.96,0.96,645312253,19.2,MOD-00613,25.4,2026-03-31T10:47:22,2026-03-31T03:47:22,https://api.quant-aq.com/v1/devices/MOD-00613/data/645312101
820.31,461.27,"{'lat': None, 'lon': None}","{'rh': 19.2, 'temp': 25.4, 'wd': 0.0, 'ws': 0.0, 'ws_scalar': 0.0}","{'gas': {'co': 13498, 'co2': 13260, 'no': 13586, 'no2': 13765, 'o3': 13745}, 'pm': {'pm1': 13200, 'pm10': 13202, 'pm25': 13201}}",2.34,8.85,30.38,0.83,0.84,0.84,645309493,19.2,MOD-00613,25.4,2026-03-31T10:46:22,2026-03-31T03:46:22,https://api.quant-aq.com/v1/devices/MOD-00613/data/645309342
815.79,464.77,"{'lat': None, 'lon': None}","{'rh': 19.2, 'temp': 25.4, 'wd': 0.0, 'ws': 0.0, 'ws_scalar': 0.0}","{'gas': {'co': 13498, 'co2': 13260, 'no': 13586, 'no2': 13765, 'o3': 13745}, 'pm': {'pm1': 13200, 'pm10': 13202, 'pm25': 13201}}",2.34,8.85,30.86,0.56,0.63,0.58,645309494,19.2,MOD-00613,25.4,2026-03-31T10:45:22,2026-03-31T03:45:22,https://api.quant-aq.com/v1/devices/MOD-00613/data/645309343
818.67,461.15,"{'lat': None, 'lon': None}","{'rh': 19.2, 'temp': 25.4, 'wd': 0.0, 'ws': 0.0, 'ws_scalar': 0.0}","{'gas': {'co': 13498, 'co2': 13260, 'no': 13586, 'no2': 13765, 'o3': 13745}, 'pm': {'pm1': 13200, 'pm10': 13202, 'pm25': 13201}}",2.34,8.85,30.38,0.62,0.68,0.64,645309491,19.2,MOD-00613,25.4,2026-03-31T10:44:22,2026-03-31T03:44:22,https://api.quant-aq.com/v1/devices/MOD-00613/data/645309340
820.31,459.59,"{'lat': None, 'lon': None}","{'rh': 19.2, 'temp': 25.4, 'wd': 0.0, 'ws': 0.0, 'ws_scalar': 0.0}","{'gas': {'co': 13498, 'co2': 13260, 'no': 13586, 'no2': 13765, 'o3': 13745}, 'pm': {'pm1': 13200, 'pm10': 13202, 'pm25': 13201}}",2.34,8.86,30.14,0.76,0.76,0.76,645309492,19.2,MOD-00613,25.4,2026-03-31T10:43:22,2026-03-31T03:43:22,https://api.quant-aq.com/v1/devices/MOD-00613/data/645309341
814.56,463.56,"{'lat': None, 'lon': None}","{'rh': 19.2, 'temp': 25.4, 'wd': 0.0, 'ws': 0.0, 'ws_scalar': 0.0}","{'gas': {'co': 13498, 'co2': 13260, 'no': 13586, 'no2': 13765, 'o3': 13745}, 'pm': {'pm1': 13200, 'pm10': 13202, 'pm25': 13201}}",2.34,8.85,30.86,0.95,0.96,0.96,645309490,19.2,MOD-00613,25.4,2026-03-31T10:42:22,2026-03-31T03:42:22,https://api.quant-aq.com/v1/devices/MOD-00613/data/645309339
812.92,462.36,"{'lat': None, 'lon': None}","{'rh': 19.2, 'temp': 25.4, 'wd': 0.0, 'ws': 0.0, 'ws_scalar': 0.0}","{'gas': {'co': 13498, 'co2': 13260, 'no': 13586, 'no2': 13765, 'o3': 13745}, 'pm': {'pm1': 13200, 'pm10': 13202, 'pm25': 13201}}",2.34,8.85,30.62,0.9,0.96,0.96,645306756,19.2,MOD-00613,25.4,2026-03-31T10:41:22,2026-03-31T03:41:22,https://api.quant-aq.com/v1/devices/MOD-00613/data/645306603
815.79,462.12,"{'lat': None, 'lon': None}","{'rh': 19.2, 'temp': 25.4, 'wd': 0.0, 'ws': 0.0, 'ws_scalar': 0.0}","{'gas': {'co': 13498, 'co2': 13260, 'no': 13586, 'no2': 13765, 'o3': 13745}, 'pm': {'pm1': 13200, 'pm10': 13202, 'pm25': 13201}}",2.34,8.85,31.1,0.46,0.48,0.48,645306761,19.2,MOD-00613,25.4,2026-03-31T10:40:22,2026-03-31T03:40:22,https://api.quant-aq.com/v1/devices/MOD-00613/data/645306609
817.02,461.51,"{'lat': None, 'lon': None}","{'rh': 19.2, 'temp': 25.4, 'wd': 0.0, 'ws': 0.0, 'ws_scalar': 0.0}","{'gas': {'co': 13498, 'co2': 13260, 'no': 13586, 'no2': 13765, 'o3': 13745}, 'pm': {'pm1': 13200, 'pm10': 13202, 'pm25': 13201}}",2.34,8.85,31.1,0.6,0.61,0.61,645306760,19.2,MOD-00613,25.4,2026-03-31T10:39:22,2026-03-31T03:39:22,https://api.quant-aq.com/v1/devices/MOD-00613/data/645306610
818.67,463.44,"{'lat': None, 'lon': None}","{'rh': 19.2, 'temp': 25.4, 'wd': 0.0, 'ws': 0.0, 'ws_scalar': 0.0}","{'gas': {'co': 13498, 'co2': 13260, 'no': 13586, 'no2': 13765, 'o3': 13745}, 'pm': {'pm1': 13200, 'pm10': 13202, 'pm25': 13201}}",2.34,8.86,30.62,0.68,0.73,0.73,645306758,19.2,MOD-00613,25.4,2026-03-31T10:38:22,2026-03-31T03:38:22,https://api.quant-aq.com/v1/devices/MOD-00613/data/645306607
815.38,462.72,"{'lat': None, 'lon': None}","{'rh': 19.2, 'temp': 25.4, 'wd': 0.0, 'ws': 0.0, 'ws_scalar': 0.0}","{'gas': {'co': 13498, 'co2': 13260, 'no': 13586, 'no2': 13765, 'o3': 13745}, 'pm': {'pm1': 13200, 'pm10': 13202, 'pm25': 13201}}",2.34,8.85,30.62,0.63,0.66,0.66,645306759,19.2,MOD-00613,25.4,2026-03-31T10:37:22,2026-03-31T03:37:22,https://api.quant-aq.com/v1/devices/MOD-00613/data/645306608
809.3,462.36,"{'lat': None, 'lon': None}","{'rh': 19.1, 'temp': 25.4, 'wd': 0.0, 'ws': 0.0, 'ws_scalar': 0.0}","{'gas': {'co': 13498, 'co2': 13260, 'no': 13586, 'no2': 13765, 'o3': 13745}, 'pm': {'pm1': 13200, 'pm10': 13202, 'pm25': 13201}}",2.34,8.87,30.41,0.84,0.84,0.84,645303964,19.1,MOD-00613,25.4,2026-03-31T10:36:22,2026-03-31T03:36:22,https://api.quant-aq.com/v1/devices/MOD-00613/data/645303815
817.51,461.87,"{'lat': None, 'lon': None}","{'rh': 19.1, 'temp': 25.4, 'wd': 0.0, 'ws': 0.0, 'ws_scalar': 0.0}","{'gas': {'co': 13498, 'co2': 13260, 'no': 13586, 'no2': 13765, 'o3': 13745}, 'pm': {'pm1': 13200, 'pm10': 13202, 'pm25': 13201}}",2.34,8.86,30.65,0.87,0.88,0.88,645303962,19.1,MOD-00613,25.4,2026-03-31T10:35:22,2026-03-31T03:35:22,https://api.quant-aq.com/v1/devices/MOD-00613/data/645303811
816.61,464.28,"{'lat': None, 'lon': None}","{'rh': 19.2, 'temp': 25.4, 'wd': 0.0, 'ws': 0.0, 'ws_scalar': 0.0}","{'gas': {'co': 13498, 'co2': 13260, 'no': 13586, 'no2': 13765, 'o3': 13745}, 'pm': {'pm1': 13200, 'pm10': 13202, 'pm25': 13201}}",2.34,8.85,30.86,0.75,0.75,0.75,645303961,19.2,MOD-00613,25.4,2026-03-31T10:34:22,2026-03-31T03:34:22,https://api.quant-aq.com/v1/devices/MOD-00613/data/645303809
819.9,463.08,"{'lat': None, 'lon': None}","{'rh': 19.2, 'temp': 25.4, 'wd': 0.0, 'ws': 0.0, 'ws_scalar': 0.0}","{'gas': {'co': 13498, 'co2': 13260, 'no': 13586, 'no2': 13765, 'o3': 13745}, 'pm': {'pm1': 13200, 'pm10': 13202, 'pm25': 13201}}",2.34,8.86,30.62,0.97,0.97,0.97,645303963,19.2,MOD-00613,25.4,2026-03-31T10:33:22,2026-03-31T03:33:22,https://api.quant-aq.com/v1/devices/MOD-00613/data/645303816
817.85,462.12,"{'lat': None, 'lon': None}","{'rh': 19.2, 'temp': 25.4, 'wd': 0.0, 'ws': 0.0, 'ws_scalar': 0.0}","{'gas': {'co': 13498, 'co2': 13260, 'no': 13586, 'no2': 13765, 'o3': 13745}, 'pm': {'pm1': 13200, 'pm10': 13202, 'pm25': 13201}}",2.34,8.85,30.62,0.91,0.94,0.94,645303960,19.2,MOD-00613,25.4,2026-03-31T10:32:22,2026-03-31T03:32:22,https://api.quant-aq.com/v1/devices/MOD-00613/data/645303810
816.61,463.56,"{'lat': None, 'lon': None}","{'rh': 19.2, 'temp': 25.4, 'wd': 0.0, 'ws': 0.0, 'ws_scalar': 0.0}","{'gas': {'co': 13498, 'co2': 13260, 'no': 13586, 'no2': 13765, 'o3': 13745}, 'pm': {'pm1': 13200, 'pm10': 13202, 'pm25': 13201}}",2.34,8.85,30.38,0.87,0.96,0.91,645301189,19.2,MOD-00613,25.4,2026-03-31T10:31:22,2026-03-31T03:31:22,https://api.quant-aq.com/v1/devices/MOD-00613/data/645301037
817.44,463.44,"{'lat': None, 'lon': None}","{'rh': 19.2, 'temp': 25.4, 'wd': 0.0, 'ws': 0.0, 'ws_scalar': 0.0}","{'gas': {'co': 13498, 'co2': 13260, 'no': 13586, 'no2': 13765, 'o3': 13745}, 'pm': {'pm1': 13200, 'pm10': 13202, 'pm25': 13201}}",2.34,8.85,30.86,0.82,0.94,0.86,645301190,19.2,MOD-00613,25.4,2026-03-31T10:30:22,2026-03-31T03:30:22,https://api.quant-aq.com/v1/devices/MOD-00613/data/645301039
819.08,465.61,"{'lat': None, 'lon': None}","{'rh': 19.2, 'temp': 25.4, 'wd': 0.0, 'ws': 0.0, 'ws_scalar': 0.0}","{'gas': {'co': 13498, 'co2': 13260, 'no': 13586, 'no2': 13765, 'o3': 13745}, 'pm': {'pm1': 13200, 'pm10': 13202, 'pm25': 13201}}",2.34,8.85,30.86,0.74,0.8,0.76,645301188,19.2,MOD-00613,25.4,2026-03-31T10:29:22,2026-03-31T03:29:22,https://api.quant-aq.com/v1/devices/MOD-00613/data/645301038
817.02,462.84,"{'lat': None, 'lon': None}","{'rh': 19.2, 'temp': 25.4, 'wd': 0.0, 'ws': 0.0, 'ws_scalar': 0.0}","{'gas': {'co': 13498, 'co2': 13260, 'no': 13586, 'no2': 13765, 'o3': 13745}, 'pm': {'pm1': 13200, 'pm10': 13202, 'pm25': 13201}}",2.34,8.86,30.38,0.61,0.62,0.62,645301186,19.2,MOD-00613,25.4,2026-03-31T10:28:22,2026-03-31T03:28:22,https://api.quant-aq.com/v1/devices/MOD-00613/data/645301035
813.33,463.68,"{'lat': None, 'lon': None}","{'rh': 19.2, 'temp': 25.4, 'wd': 0.0, 'ws': 0.0, 'ws_scalar': 0.0}","{'gas': {'co': 13498, 'co2': 13260, 'no': 13586, 'no2': 13765, 'o3': 13745}, 'pm': {'pm1': 13200, 'pm10': 13202, 'pm25': 13201}}",2.34,8.85,30.62,0.82,0.85,0.85,645301187,19.2,MOD-00613,25.4,2026-03-31T10:27:22,2026-03-31T03:27:22,https://api.quant-aq.com/v1/devices/MOD-00613/data/645301036
819.08,465.49,"{'lat': None, 'lon': None}","{'rh': 19.2, 'temp': 25.4, 'wd': 0.0, 'ws': 0.0, 'ws_scalar': 0.0}","{'gas': {'co': 13498, 'co2': 13260, 'no': 13586, 'no2': 13765, 'o3': 13745}, 'pm': {'pm1': 13200, 'pm10': 13202, 'pm25': 13201}}",2.34,8.85,31.34,0.9,0.91,0.91,645298474,19.2,MOD-00613,25.4,2026-03-31T10:26:22,2026-03-31T03:26:22,https://api.quant-aq.com/v1/devices/MOD-00613/data/645298324
818.67,464.64,"{'lat': None, 'lon': None}","{'rh': 19.2, 'temp': 25.4, 'wd': 0.0, 'ws': 0.0, 'ws_scalar': 0.0}","{'gas': {'co': 13498, 'co2': 13260, 'no': 13586, 'no2': 13765, 'o3': 13745}, 'pm': {'pm1': 13200, 'pm10': 13202, 'pm25': 13201}}",2.34,8.85,30.38,0.66,0.72,0.68,645298473,19.2,MOD-00613,25.4,2026-03-31T10:25:22,2026-03-31T03:25:22,https://api.quant-aq.com/v1/devices/MOD-00613/data/645298322
821.54,463.68,"{'lat': None, 'lon': None}","{'rh': 19.2, 'temp': 25.4, 'wd': 0.0, 'ws': 0.0, 'ws_scalar': 0.0}","{'gas': {'co': 13498, 'co2': 13260, 'no': 13586, 'no2': 13765, 'o3': 13745}, 'pm': {'pm1': 13200, 'pm10': 13202, 'pm25': 13201}}",2.34,8.86,30.38,0.62,0.62,0.62,645298472,19.2,MOD-00613,25.4,2026-03-31T10:24:22,2026-03-31T03:24:22,https://api.quant-aq.com/v1/devices/MOD-00613/data/645298321
818.26,464.04,"{'lat': None, 'lon': None}","{'rh': 19.2, 'temp': 25.4, 'wd': 0.0, 'ws': 0.0, 'ws_scalar': 0.0}","{'gas': {'co': 13498, 'co2': 13260, 'no': 13586, 'no2': 13765, 'o3': 13745}, 'pm': {'pm1': 13200, 'pm10': 13202, 'pm25': 13201}}",2.34,8.85,30.86,0.7,0.72,0.72,645298471,19.2,MOD-00613,25.4,2026-03-31T10:23:22,2026-03-31T03:23:22,https://api.quant-aq.com/v1/devices/MOD-00613/data/645298320
819.08,463.2,"{'lat': None, 'lon': None}","{'rh': 19.2, 'temp': 25.4, 'wd': 0.0, 'ws': 0.0, 'ws_scalar': 0.0}","{'gas': {'co': 13498, 'co2': 13260, 'no': 13586, 'no2': 13765, 'o3': 13745}, 'pm': {'pm1': 13200, 'pm10': 13202, 'pm25': 13201}}",2.34,8.86,30.62,0.74,0.75,0.75,645298470,19.2,MOD-00613,25.4,2026-03-31T10:22:22,2026-03-31T03:22:22,https://api.quant-aq.com/v1/devices/MOD-00613/data/645298319
819.9,463.44,"{'lat': None, 'lon': None}","{'rh': 19.2, 'temp': 25.4, 'wd': 0.0, 'ws': 0.0, 'ws_scalar': 0.0}","{'gas': {'co': 13498, 'co2': 13260, 'no': 13586, 'no2': 13765, 'o3': 13745}, 'pm': {'pm1': 13200, 'pm10': 13202, 'pm25': 13201}}",2.34,8.85,30.38,0.64,0.82,0.66,645295732,19.2,MOD-00613,25.4,2026-03-31T10:21:22,2026-03-31T03:21:22,https://api.quant-aq.com/v1/devices/MOD-00613/data/645295581
815.79,463.32,"{'lat': None, 'lon': None}","{'rh': 19.2, 'temp': 25.4, 'wd': 0.0, 'ws': 0.0, 'ws_scalar': 0.0}","{'gas': {'co': 13498, 'co2': 13260, 'no': 13586, 'no2': 13765, 'o3': 13745}, 'pm': {'pm1': 13200, 'pm10': 13202, 'pm25': 13201}}",2.34,8.85,30.86,0.85,0.86,0.86,645295731,19.2,MOD-00613,25.4,2026-03-31T10:20:22,2026-03-31T03:20:22,https://api.quant-aq.com/v1/devices/MOD-00613/data/645295580
813.33,463.8,"{'lat': None, 'lon': None}","{'rh': 19.2, 'temp': 25.4, 'wd': 0.0, 'ws': 0.0, 'ws_scalar': 0.0}","{'gas': {'co': 13498, 'co2': 13260, 'no': 13586, 'no2': 13765, 'o3': 13745}, 'pm': {'pm1': 13200, 'pm10': 13202, 'pm25': 13201}}",2.34,8.85,30.86,0.71,0.77,0.77,645295733,19.2,MOD-00613,25.4,2026-03-31T10:19:22,2026-03-31T03:19:22,https://api.quant-aq.com/v1/devices/MOD-00613/data/645295582
817.85,463.32,"{'lat': None, 'lon': None}","{'rh': 19.2, 'temp': 25.4, 'wd': 0.0, 'ws': 0.0, 'ws_scalar': 0.0}","{'gas': {'co': 13498, 'co2': 13260, 'no': 13586, 'no2': 13765, 'o3': 13745}, 'pm': {'pm1': 13200, 'pm10': 13202, 'pm25': 13201}}",2.34,8.85,30.86,0.76,0.8,0.8,645295729,19.2,MOD-00613,25.4,2026-03-31T10:18:22,2026-03-31T03:18:22,https://api.quant-aq.com/v1/devices/MOD-00613/data/645295578
819.08,462.72,"{'lat': None, 'lon': None}","{'rh': 19.2, 'temp': 25.4, 'wd': 0.0, 'ws': 0.0, 'ws_scalar': 0.0}","{'gas': {'co': 13498, 'co2': 13260, 'no': 13586, 'no2': 13765, 'o3': 13745}, 'pm': {'pm1': 13200, 'pm10': 13202, 'pm25': 13201}}",2.34,8.85,30.62,1.02,1.03,1.03,645295730,19.2,MOD-00613,25.4,2026-03-31T10:17:22,2026-03-31T03:17:22,https://api.quant-aq.com/v1/devices/MOD-00613/data/645295579
820.38,463.56,"{'lat': None, 'lon': None}","{'rh': 19.1, 'temp': 25.4, 'wd': 0.0, 'ws': 0.0, 'ws_scalar': 0.0}","{'gas': {'co': 13498, 'co2': 13260, 'no': 13586, 'no2': 13765, 'o3': 13745}, 'pm': {'pm1': 13200, 'pm10': 13202, 'pm25': 13201}}",2.34,8.87,30.41,0.71,0.88,0.79,645293006,19.1,MOD-00613,25.4,2026-03-31T10:16:22,2026-03-31T03:16:22,https://api.quant-aq.com/v1/devices/MOD-00613/data/645292856
813.33,463.56,"{'lat': None, 'lon': None}","{'rh': 19.2, 'temp': 25.4, 'wd': 0.0, 'ws': 0.0, 'ws_scalar': 0.0}","{'gas': {'co': 13498, 'co2': 13260, 'no': 13586, 'no2': 13765, 'o3': 13745}, 'pm': {'pm1': 13200, 'pm10': 13202, 'pm25': 13201}}",2.34,8.86,30.62,0.76,0.84,0.8,645293005,19.2,MOD-00613,25.4,2026-03-31T10:15:22,2026-03-31T03:15:22,https://api.quant-aq.com/v1/devices/MOD-00613/data/645292854
812.58,462.6,"{'lat': None, 'lon': None}","{'rh': 19.1, 'temp': 25.4, 'wd': 0.0, 'ws': 0.0, 'ws_scalar': 0.0}","{'gas': {'co': 13498, 'co2': 13260, 'no': 13586, 'no2': 13765, 'o3': 13745}, 'pm': {'pm1': 13200, 'pm10': 13202, 'pm25': 13201}}",2.34,8.87,30.65,0.67,0.81,0.72,645293004,19.1,MOD-00613,25.4,2026-03-31T10:14:22,2026-03-31T03:14:22,https://api.quant-aq.com/v1/devices/MOD-00613/data/645292853
820.72,462.36,"{'lat': None, 'lon': None}","{'rh': 19.2, 'temp': 25.4, 'wd': 0.0, 'ws': 0.0, 'ws_scalar': 0.0}","{'gas': {'co': 13498, 'co2': 13260, 'no': 13586, 'no2': 13765, 'o3': 13745}, 'pm': {'pm1': 13200, 'pm10': 13202, 'pm25': 13201}}",2.34,8.86,30.62,0.52,0.7,0.54,645293003,19.2,MOD-00613,25.4,2026-03-31T10:13:22,2026-03-31T03:13:22,https://api.quant-aq.com/v1/devices/MOD-00613/data/645292852
819.49,461.63,"{'lat': None, 'lon': None}","{'rh': 19.2, 'temp': 25.4, 'wd': 0.0, 'ws': 0.0, 'ws_scalar': 0.0}","{'gas': {'co': 13498, 'co2': 13260, 'no': 13586, 'no2': 13765, 'o3': 13745}, 'pm': {'pm1': 13200, 'pm10': 13202, 'pm25': 13201}}",2.34,8.86,30.38,0.72,0.72,0.72,645293007,19.2,MOD-00613,25.4,2026-03-31T10:12:22,2026-03-31T03:12:22,https://api.quant-aq.com/v1/devices/MOD-00613/data/645292855
817.85,465.37,"{'lat': None, 'lon': None}","{'rh': 19.2, 'temp': 25.4, 'wd': 0.0, 'ws': 0.0, 'ws_scalar': 0.0}","{'gas': {'co': 13498, 'co2': 13260, 'no': 13586, 'no2': 13765, 'o3': 13745}, 'pm': {'pm1': 13200, 'pm10': 13202, 'pm25': 13201}}",2.34,8.85,30.38,0.82,0.86,0.86,645290222,19.2,MOD-00613,25.4,2026-03-31T10:11:22,2026-03-31T03:11:22,https://api.quant-aq.com/v1/devices/MOD-00613/data/645290071
818.67,463.44,"{'lat': None, 'lon': None}","{'rh': 19.2, 'temp': 25.4, 'wd': 0.0, 'ws': 0.0, 'ws_scalar': 0.0}","{'gas': {'co': 13498, 'co2': 13260, 'no': 13586, 'no2': 13765, 'o3': 13745}, 'pm': {'pm1': 13200, 'pm10': 13202, 'pm25': 13201}}",2.34,8.85,30.38,1.07,1.09,1.09,645290220,19.2,MOD-00613,25.4,2026-03-31T10:10:22,2026-03-31T03:10:22,https://api.quant-aq.com/v1/devices/MOD-00613/data/645290068
818.67,465.85,"{'lat': None, 'lon': None}","{'rh': 19.2, 'temp': 25.4, 'wd': 0.0, 'ws': 0.0, 'ws_scalar': 0.0}","{'gas': {'co': 13498, 'co2': 13260, 'no': 13586, 'no2': 13765, 'o3': 13745}, 'pm': {'pm1': 13200, 'pm10': 13202, 'pm25': 13201}}",2.34,8.85,30.62,0.89,0.92,0.92,645290221,19.2,MOD-00613,25.4,2026-03-31T10:09:22,2026-03-31T03:09:22,https://api.quant-aq.com/v1/devices/MOD-00613/data/645290070
819.9,465.37,"{'lat': None, 'lon': None}","{'rh': 19.2, 'temp': 25.4, 'wd': 0.0, 'ws': 0.0, 'ws_scalar': 0.0}","{'gas': {'co': 13498, 'co2': 13260, 'no': 13586, 'no2': 13765, 'o3': 13745}, 'pm': {'pm1': 13200, 'pm10': 13202, 'pm25': 13201}}",2.34,8.85,30.86,1.16,1.19,1.19,645290223,19.2,MOD-00613,25.4,2026-03-31T10:08:22,2026-03-31T03:08:22,https://api.quant-aq.com/v1/devices/MOD-00613/data/645290072
818.26,462.96,"{'lat': None, 'lon': None}","{'rh': 19.2, 'temp': 25.4, 'wd': 0.0, 'ws': 0.0, 'ws_scalar': 0.0}","{'gas': {'co': 13498, 'co2': 13260, 'no': 13586, 'no2': 13765, 'o3': 13745}, 'pm': {'pm1': 13200, 'pm10': 13202, 'pm25': 13201}}",2.34,8.86,30.62,0.85,0.85,0.85,645290219,19.2,MOD-00613,25.4,2026-03-31T10:07:22,2026-03-31T03:07:22,https://api.quant-aq.com/v1/devices/MOD-00613/data/645290069
814.97,460.67,"{'lat': None, 'lon': None}","{'rh': 19.2, 'temp': 25.4, 'wd': 0.0, 'ws': 0.0, 'ws_scalar': 0.0}","{'gas': {'co': 13498, 'co2': 13260, 'no': 13586, 'no2': 13765, 'o3': 13745}, 'pm': {'pm1': 13200, 'pm10': 13202, 'pm25': 13201}}",2.34,8.86,30.62,1.12,1.12,1.12,645287456,19.2,MOD-00613,25.4,2026-03-31T10:06:22,2026-03-31T03:06:22,https://api.quant-aq.com/v1/devices/MOD-00613/data/645287306
822.77,464.28,"{'lat': None, 'lon': None}","{'rh': 19.2, 'temp': 25.4, 'wd': 0.0, 'ws': 0.0, 'ws_scalar': 0.0}","{'gas': {'co': 13498, 'co2': 13260, 'no': 13586, 'no2': 13765, 'o3': 13745}, 'pm': {'pm1': 13200, 'pm10': 13202, 'pm25': 13201}}",2.34,8.85,30.14,0.96,1.02,0.98,645287458,19.2,MOD-00613,25.4,2026-03-31T10:05:22,2026-03-31T03:05:22,https://api.quant-aq.com/v1/devices/MOD-00613/data/645287307
821.13,462.96,"{'lat': None, 'lon': None}","{'rh': 19.2, 'temp': 25.4, 'wd': 0.0, 'ws': 0.0, 'ws_scalar': 0.0}","{'gas': {'co': 13498, 'co2': 13260, 'no': 13586, 'no2': 13765, 'o3': 13745}, 'pm': {'pm1': 13200, 'pm10': 13202, 'pm25': 13201}}",2.34,8.86,30.38,0.75,0.79,0.79,645287454,19.2,MOD-00613,25.4,2026-03-31T10:04:22,2026-03-31T03:04:22,https://api.quant-aq.com/v1/devices/MOD-00613/data/645287303
821.95,462.96,"{'lat': None, 'lon': None}","{'rh': 19.2, 'temp': 25.4, 'wd': 0.0, 'ws': 0.0, 'ws_scalar': 0.0}","{'gas': {'co': 13498, 'co2': 13260, 'no': 13586, 'no2': 13765, 'o3': 13745}, 'pm': {'pm1': 13200, 'pm10': 13202, 'pm25': 13201}}",2.34,8.85,31.1,1.06,1.09,1.09,645287453,19.2,MOD-00613,25.4,2026-03-31T10:03:22,2026-03-31T03:03:22,https://api.quant-aq.com/v1/devices/MOD-00613/data/645287302
817.02,464.77,"{'lat': None, 'lon': None}","{'rh': 19.2, 'temp': 25.4, 'wd': 0.0, 'ws': 0.0, 'ws_scalar': 0.0}","{'gas': {'co': 13498, 'co2': 13260, 'no': 13586, 'no2': 13765, 'o3': 13745}, 'pm': {'pm1': 13200, 'pm10': 13202, 'pm25': 13201}}",2.34,8.86,30.38,0.75,0.81,0.81,645287455,19.2,MOD-00613,25.4,2026-03-31T10:02:22,2026-03-31T03:02:22,https://api.quant-aq.com/v1/devices/MOD-00613/data/645287304
820.72,465.61,"{'lat': None, 'lon': None}","{'rh': 19.2, 'temp': 25.4, 'wd': 0.0, 'ws': 0.0, 'ws_scalar': 0.0}","{'gas': {'co': 13498, 'co2': 13260, 'no': 13586, 'no2': 13765, 'o3': 13745}, 'pm': {'pm1': 13200, 'pm10': 13202, 'pm25': 13201}}",2.34,8.86,30.86,0.79,0.79,0.79,645284708,19.2,MOD-00613,25.4,2026-03-31T10:01:22,2026-03-31T03:01:22,https://api.quant-aq.com/v1/devices/MOD-00613/data/645284557
816.2,463.44,"{'lat': None, 'lon': None}","{'rh': 19.2, 'temp': 25.4, 'wd': 0.0, 'ws': 0.0, 'ws_scalar': 0.0}","{'gas': {'co': 13498, 'co2': 13260, 'no': 13586, 'no2': 13765, 'o3': 13745}, 'pm': {'pm1': 13200, 'pm10': 13202, 'pm25': 13201}}",2.34,8.85,30.86,0.65,0.76,0.72,645284704,19.2,MOD-00613,25.4,2026-03-31T10:00:22,2026-03-31T03:00:22,https://api.quant-aq.com/v1/devices/MOD-00613/data/645284553
820.79,463.44,"{'lat': None, 'lon': None}","{'rh': 19.1, 'temp': 25.4, 'wd': 0.0, 'ws': 0.0, 'ws_scalar': 0.0}","{'gas': {'co': 13498, 'co2': 13260, 'no': 13586, 'no2': 13765, 'o3': 13745}, 'pm': {'pm1': 13200, 'pm10': 13202, 'pm25': 13201}}",2.34,8.87,31.13,0.79,0.81,0.81,645284706,19.1,MOD-00613,25.4,2026-03-31T09:59:22,2026-03-31T02:59:22,https://api.quant-aq.com/v1/devices/MOD-00613/data/645284555
819.15,464.52,"{'lat': None, 'lon': None}","{'rh': 19.1, 'temp': 25.4, 'wd': 0.0, 'ws': 0.0, 'ws_scalar': 0.0}","{'gas': {'co': 13498, 'co2': 13260, 'no': 13586, 'no2': 13765, 'o3': 13745}, 'pm': {'pm1': 13200, 'pm10': 13202, 'pm25': 13201}}",2.34,8.86,30.41,0.76,0.78,0.78,645284707,19.1,MOD-00613,25.4,2026-03-31T09:58:22,2026-03-31T02:58:22,https://api.quant-aq.com/v1/devices/MOD-00613/data/645284556
814.56,463.92,"{'lat': None, 'lon': None}","{'rh': 19.2, 'temp': 25.4, 'wd': 0.0, 'ws': 0.0, 'ws_scalar': 0.0}","{'gas': {'co': 13498, 'co2': 13260, 'no': 13586, 'no2': 13765, 'o3': 13745}, 'pm': {'pm1': 13200, 'pm10': 13202, 'pm25': 13201}}",2.34,8.85,30.86,0.74,0.77,0.77,645284705,19.2,MOD-00613,25.4,2026-03-31T09:57:22,2026-03-31T02:57:22,https://api.quant-aq.com/v1/devices/MOD-00613/data/645284554
820.38,463.56,"{'lat': None, 'lon': None}","{'rh': 19.1, 'temp': 25.4, 'wd': 0.0, 'ws': 0.0, 'ws_scalar': 0.0}","{'gas': {'co': 13498, 'co2': 13260, 'no': 13586, 'no2': 13765, 'o3': 13745}, 'pm': {'pm1': 13200, 'pm10': 13202, 'pm25': 13201}}",2.34,8.87,30.89,0.83,0.89,0.85,645281976,19.1,MOD-00613,25.4,2026-03-31T09:56:22,2026-03-31T02:56:22,https://api.quant-aq.com/v1/devices/MOD-00613/data/645281826
817.92,462.72,"{'lat': None, 'lon': None}","{'rh': 19.1, 'temp': 25.4, 'wd': 0.0, 'ws': 0.0, 'ws_scalar': 0.0}","{'gas': {'co': 13498, 'co2': 13260, 'no': 13586, 'no2': 13765, 'o3': 13745}, 'pm': {'pm1': 13200, 'pm10': 13202, 'pm25': 13201}}",2.34,8.87,30.41,0.87,0.92,0.92,645281975,19.1,MOD-00613,25.4,2026-03-31T09:55:22,2026-03-31T02:55:22,https://api.quant-aq.com/v1/devices/MOD-00613/data/645281823
821.61,463.32,"{'lat': None, 'lon': None}","{'rh': 19.1, 'temp': 25.4, 'wd': 0.0, 'ws': 0.0, 'ws_scalar': 0.0}","{'gas': {'co': 13498, 'co2': 13260, 'no': 13586, 'no2': 13765, 'o3': 13745}, 'pm': {'pm1': 13200, 'pm10': 13202, 'pm25': 13201}}",2.34,8.86,30.89,0.77,0.86,0.82,645281974,19.1,MOD-00613,25.4,2026-03-31T09:54:22,2026-03-31T02:54:22,https://api.quant-aq.com/v1/devices/MOD-00613/data/645281824
817.44,463.2,"{'lat': None, 'lon': None}","{'rh': 19.2, 'temp': 25.4, 'wd': 0.0, 'ws': 0.0, 'ws_scalar': 0.0}","{'gas': {'co': 13498, 'co2': 13260, 'no': 13586, 'no2': 13765, 'o3': 13745}, 'pm': {'pm1': 13200, 'pm10': 13202, 'pm25': 13201}}",2.34,8.85,30.62,0.77,0.81,0.81,645281973,19.2,MOD-00613,25.4,2026-03-31T09:53:22,2026-03-31T02:53:22,https://api.quant-aq.com/v1/devices/MOD-00613/data/645281822
817.92,464.89,"{'lat': None, 'lon': None}","{'rh': 19.1, 'temp': 25.4, 'wd': 0.0, 'ws': 0.0, 'ws_scalar': 0.0}","{'gas': {'co': 13498, 'co2': 13260, 'no': 13586, 'no2': 13765, 'o3': 13745}, 'pm': {'pm1': 13200, 'pm10': 13202, 'pm25': 13201}}",2.34,8.87,30.41,1.01,1.03,1.03,645281977,19.1,MOD-00613,25.4,2026-03-31T09:52:22,2026-03-31T02:52:22,https://api.quant-aq.com/v1/devices/MOD-00613/data/645281825
817.92,463.08,"{'lat': None, 'lon': None}","{'rh': 19.1, 'temp': 25.4, 'wd': 0.0, 'ws': 0.0, 'ws_scalar': 0.0}","{'gas': {'co': 13498, 'co2': 13260, 'no': 13586, 'no2': 13765, 'o3': 13745}, 'pm': {'pm1': 13200, 'pm10': 13202, 'pm25': 13201}}",2.34,8.87,30.41,0.91,0.91,0.91,645279232,19.1,MOD-00613,25.4,2026-03-31T09:51:22,2026-03-31T02:51:22,https://api.quant-aq.com/v1/devices/MOD-00613/data/645279081
817.1,463.56,"{'lat': None, 'lon': None}","{'rh': 19.1, 'temp': 25.4, 'wd': 0.0, 'ws': 0.0, 'ws_scalar': 0.0}","{'gas': {'co': 13498, 'co2': 13260, 'no': 13586, 'no2': 13765, 'o3': 13745}, 'pm': {'pm1': 13200, 'pm10': 13202, 'pm25': 13201}}",2.34,8.86,30.65,0.89,0.9,0.9,645279230,19.1,MOD-00613,25.4,2026-03-31T09:50:22,2026-03-31T02:50:22,https://api.quant-aq.com/v1/devices/MOD-00613/data/645279079
818.33,464.77,"{'lat': None, 'lon': None}","{'rh': 19.1, 'temp': 25.4, 'wd': 0.0, 'ws': 0.0, 'ws_scalar': 0.0}","{'gas': {'co': 13498, 'co2': 13260, 'no': 13586, 'no2': 13765, 'o3': 13745}, 'pm': {'pm1': 13200, 'pm10': 13202, 'pm25': 13201}}",2.34,8.87,30.65,0.63,0.63,0.63,645279231,19.1,MOD-00613,25.4,2026-03-31T09:49:22,2026-03-31T02:49:22,https://api.quant-aq.com/v1/devices/MOD-00613/data/645279080
815.86,463.68,"{'lat': None, 'lon': None}","{'rh': 19.1, 'temp': 25.4, 'wd': 0.0, 'ws': 0.0, 'ws_scalar': 0.0}","{'gas': {'co': 13498, 'co2': 13260, 'no': 13586, 'no2': 13765, 'o3': 13745}, 'pm': {'pm1': 13200, 'pm10': 13202, 'pm25': 13201}}",2.34,8.87,31.13,0.71,0.73,0.73,645279233,19.1,MOD-00613,25.4,2026-03-31T09:48:22,2026-03-31T02:48:22,https://api.quant-aq.com/v1/devices/MOD-00613/data/645279082
815.45,463.32,"{'lat': None, 'lon': None}","{'rh': 19.1, 'temp': 25.4, 'wd': 0.0, 'ws': 0.0, 'ws_scalar': 0.0}","{'gas': {'co': 13498, 'co2': 13260, 'no': 13586, 'no2': 13765, 'o3': 13745}, 'pm': {'pm1': 13200, 'pm10': 13202, 'pm25': 13201}}",2.34,8.87,30.65,1.0,1.0,1.0,645279229,19.1,MOD-00613,25.4,2026-03-31T09:47:22,2026-03-31T02:47:22,https://api.quant-aq.com/v1/devices/MOD-00613/data/645279078
817.92,461.87,"{'lat': None, 'lon': None}","{'rh': 19.1, 'temp': 25.4, 'wd': 0.0, 'ws': 0.0, 'ws_scalar': 0.0}","{'gas': {'co': 13498, 'co2': 13260, 'no': 13586, 'no2': 13765, 'o3': 13745}, 'pm': {'pm1': 13200, 'pm10': 13202, 'pm25': 13201}}",2.34,8.86,30.41,0.56,0.63,0.59,645276469,19.1,MOD-00613,25.4,2026-03-31T09:46:22,2026-03-31T02:46:22,https://api.quant-aq.com/v1/devices/MOD-00613/data/645276318
814.63,463.08,"{'lat': None, 'lon': None}","{'rh': 19.1, 'temp': 25.4, 'wd': 0.0, 'ws': 0.0, 'ws_scalar': 0.0}","{'gas': {'co': 13498, 'co2': 13260, 'no': 13586, 'no2': 13765, 'o3': 13745}, 'pm': {'pm1': 13200, 'pm10': 13202, 'pm25': 13201}}",2.34,8.86,30.65,0.66,0.67,0.67,645276468,19.1,MOD-00613,25.4,2026-03-31T09:45:22,2026-03-31T02:45:22,https://api.quant-aq.com/v1/devices/MOD-00613/data/645276317
814.63,462.48,"{'lat': None, 'lon': None}","{'rh': 19.1, 'temp': 25.4, 'wd': 0.0, 'ws': 0.0, 'ws_scalar': 0.0}","{'gas': {'co': 13498, 'co2': 13260, 'no': 13586, 'no2': 13765, 'o3': 13745}, 'pm': {'pm1': 13200, 'pm10': 13202, 'pm25': 13201}}",2.34,8.87,30.65,1.13,1.14,1.14,645276467,19.1,MOD-00613,25.4,2026-03-31T09:44:22,2026-03-31T02:44:22,https://api.quant-aq.com/v1/devices/MOD-00613/data/645276316
819.45,462.12,"{'lat': None, 'lon': None}","{'rh': 19.1, 'temp': 25.3, 'wd': 0.0, 'ws': 0.0, 'ws_scalar': 0.0}","{'gas': {'co': 13498, 'co2': 13260, 'no': 13586, 'no2': 13765, 'o3': 13745}, 'pm': {'pm1': 13200, 'pm10': 13202, 'pm25': 13201}}",2.34,8.87,30.62,0.96,1.02,0.98,645276466,19.1,MOD-00613,25.3,2026-03-31T09:43:22,2026-03-31T02:43:22,https://api.quant-aq.com/v1/devices/MOD-00613/data/645276315
818.63,462.0,"{'lat': None, 'lon': None}","{'rh': 19.1, 'temp': 25.3, 'wd': 0.0, 'ws': 0.0, 'ws_scalar': 0.0}","{'gas': {'co': 13498, 'co2': 13260, 'no': 13586, 'no2': 13765, 'o3': 13745}, 'pm': {'pm1': 13200, 'pm10': 13202, 'pm25': 13201}}",2.34,8.87,30.86,0.81,0.94,0.9,645276465,19.1,MOD-00613,25.3,2026-03-31T09:42:22,2026-03-31T02:42:22,https://api.quant-aq.com/v1/devices/MOD-00613/data/645276314
821.61,457.06,"{'lat': None, 'lon': None}","{'rh': 19.1, 'temp': 25.4, 'wd': 0.0, 'ws': 0.0, 'ws_scalar': 0.0}","{'gas': {'co': 13498, 'co2': 13260, 'no': 13586, 'no2': 13765, 'o3': 13745}, 'pm': {'pm1': 13200, 'pm10': 13202, 'pm25': 13201}}",2.34,8.87,30.89,0.74,0.76,0.76,645273706,19.1,MOD-00613,25.4,2026-03-31T09:41:22,2026-03-31T02:41:22,https://api.quant-aq.com/v1/devices/MOD-00613/data/645273555
819.56,462.84,"{'lat': None, 'lon': None}","{'rh': 19.1, 'temp': 25.4, 'wd': 0.0, 'ws': 0.0, 'ws_scalar': 0.0}","{'gas': {'co': 13498, 'co2': 13260, 'no': 13586, 'no2': 13765, 'o3': 13745}, 'pm': {'pm1': 13200, 'pm10': 13202, 'pm25': 13201}}",2.34,8.86,30.89,1.04,1.11,1.11,645273705,19.1,MOD-00613,25.4,2026-03-31T09:40:22,2026-03-31T02:40:22,https://api.quant-aq.com/v1/devices/MOD-00613/data/645273553
817.51,462.48,"{'lat': None, 'lon': None}","{'rh': 19.1, 'temp': 25.4, 'wd': 0.0, 'ws': 0.0, 'ws_scalar': 0.0}","{'gas': {'co': 13498, 'co2': 13260, 'no': 13586, 'no2': 13765, 'o3': 13745}, 'pm': {'pm1': 13200, 'pm10': 13202, 'pm25': 13201}}",2.34,8.86,31.13,0.77,0.77,0.77,645273704,19.1,MOD-00613,25.4,2026-03-31T09:39:22,2026-03-31T02:39:22,https://api.quant-aq.com/v1/devices/MOD-00613/data/645273554
815.04,464.64,"{'lat': None, 'lon': None}","{'rh': 19.1, 'temp': 25.4, 'wd': 0.0, 'ws': 0.0, 'ws_scalar': 0.0}","{'gas': {'co': 13498, 'co2': 13260, 'no': 13586, 'no2': 13765, 'o3': 13745}, 'pm': {'pm1': 13200, 'pm10': 13202, 'pm25': 13201}}",2.34,8.87,30.65,0.78,0.79,0.79,645273699,19.1,MOD-00613,25.4,2026-03-31T09:38:22,2026-03-31T02:38:22,https://api.quant-aq.com/v1/devices/MOD-00613/data/645273549
817.51,462.6,"{'lat': None, 'lon': None}","{'rh': 19.1, 'temp': 25.4, 'wd': 0.0, 'ws': 0.0, 'ws_scalar': 0.0}","{'gas': {'co': 13498, 'co2': 13260, 'no': 13586, 'no2': 13765, 'o3': 13745}, 'pm': {'pm1': 13200, 'pm10': 13202, 'pm25': 13201}}",2.34,8.86,30.89,0.81,0.85,0.85,645273701,19.1,MOD-00613,25.4,2026-03-31T09:37:22,2026-03-31T02:37:22,https://api.quant-aq.com/v1/devices/MOD-00613/data/645273550
821.2,461.63,"{'lat': None, 'lon': None}","{'rh': 19.1, 'temp': 25.4, 'wd': 0.0, 'ws': 0.0, 'ws_scalar': 0.0}","{'gas': {'co': 13498, 'co2': 13260, 'no': 13586, 'no2': 13765, 'o3': 13745}, 'pm': {'pm1': 13200, 'pm10': 13202, 'pm25': 13201}}",2.34,8.87,30.89,0.79,0.81,0.81,645270966,19.1,MOD-00613,25.4,2026-03-31T09:36:22,2026-03-31T02:36:22,https://api.quant-aq.com/v1/devices/MOD-00613/data/645270815
816.58,463.2,"{'lat': None, 'lon': None}","{'rh': 19.1, 'temp': 25.3, 'wd': 0.0, 'ws': 0.0, 'ws_scalar': 0.0}","{'gas': {'co': 13498, 'co2': 13260, 'no': 13586, 'no2': 13765, 'o3': 13745}, 'pm': {'pm1': 13200, 'pm10': 13202, 'pm25': 13201}}",2.34,8.87,31.1,1.12,1.2,1.15,645270965,19.1,MOD-00613,25.3,2026-03-31T09:35:22,2026-03-31T02:35:22,https://api.quant-aq.com/v1/devices/MOD-00613/data/645270814
810.83,462.84,"{'lat': None, 'lon': None}","{'rh': 19.1, 'temp': 25.3, 'wd': 0.0, 'ws': 0.0, 'ws_scalar': 0.0}","{'gas': {'co': 13498, 'co2': 13260, 'no': 13586, 'no2': 13765, 'o3': 13745}, 'pm': {'pm1': 13200, 'pm10': 13202, 'pm25': 13201}}",2.34,8.88,30.62,1.02,1.06,1.06,645270963,19.1,MOD-00613,25.3,2026-03-31T09:34:22,2026-03-31T02:34:22,https://api.quant-aq.com/v1/devices/MOD-00613/data/645270812
813.7,460.67,"{'lat': None, 'lon': None}","{'rh': 19.1, 'temp': 25.3, 'wd': 0.0, 'ws': 0.0, 'ws_scalar': 0.0}","{'gas': {'co': 13498, 'co2': 13260, 'no': 13586, 'no2': 13765, 'o3': 13745}, 'pm': {'pm1': 13200, 'pm10': 13202, 'pm25': 13201}}",2.34,8.87,30.86,0.82,0.84,0.84,645270962,19.1,MOD-00613,25.3,2026-03-31T09:33:22,2026-03-31T02:33:22,https://api.quant-aq.com/v1/devices/MOD-00613/data/645270811
822.74,462.24,"{'lat': None, 'lon': None}","{'rh': 19.1, 'temp': 25.3, 'wd': 0.0, 'ws': 0.0, 'ws_scalar': 0.0}","{'gas': {'co': 13498, 'co2': 13260, 'no': 13586, 'no2': 13765, 'o3': 13745}, 'pm': {'pm1': 13200, 'pm10': 13202, 'pm25': 13201}}",2.34,8.87,31.1,0.66,0.69,0.69,645270964,19.1,MOD-00613,25.3,2026-03-31T09:32:22,2026-03-31T02:32:22,https://api.quant-aq.com/v1/devices/MOD-00613/data/645270813
815.76,462.72,"{'lat': None, 'lon': None}","{'rh': 19.1, 'temp': 25.3, 'wd': 0.0, 'ws': 0.0, 'ws_scalar': 0.0}","{'gas': {'co': 13498, 'co2': 13260, 'no': 13586, 'no2': 13765, 'o3': 13745}, 'pm': {'pm1': 13200, 'pm10': 13202, 'pm25': 13201}}",2.34,8.87,30.39,0.57,0.63,0.63,645268198,19.1,MOD-00613,25.3,2026-03-31T09:31:22,2026-03-31T02:31:22,https://api.quant-aq.com/v1/devices/MOD-00613/data/645268047
811.24,462.36,"{'lat': None, 'lon': None}","{'rh': 19.1, 'temp': 25.3, 'wd': 0.0, 'ws': 0.0, 'ws_scalar': 0.0}","{'gas': {'co': 13498, 'co2': 13260, 'no': 13586, 'no2': 13765, 'o3': 13745}, 'pm': {'pm1': 13200, 'pm10': 13202, 'pm25': 13201}}",2.34,8.87,31.1,1.08,1.11,1.11,645268197,19.1,MOD-00613,25.3,2026-03-31T09:30:22,2026-03-31T02:30:22,https://api.quant-aq.com/v1/devices/MOD-00613/data/645268045
816.17,462.0,"{'lat': None, 'lon': None}","{'rh': 19.1, 'temp': 25.3, 'wd': 0.0, 'ws': 0.0, 'ws_scalar': 0.0}","{'gas': {'co': 13498, 'co2': 13260, 'no': 13586, 'no2': 13765, 'o3': 13745}, 'pm': {'pm1': 13200, 'pm10': 13202, 'pm25': 13201}}",2.34,8.87,31.34,1.07,1.07,1.07,645268195,19.1,MOD-00613,25.3,2026-03-31T09:29:22,2026-03-31T02:29:22,https://api.quant-aq.com/v1/devices/MOD-00613/data/645268044
817.81,463.2,"{'lat': None, 'lon': None}","{'rh': 19.1, 'temp': 25.3, 'wd': 0.0, 'ws': 0.0, 'ws_scalar': 0.0}","{'gas': {'co': 13498, 'co2': 13260, 'no': 13586, 'no2': 13765, 'o3': 13745}, 'pm': {'pm1': 13200, 'pm10': 13202, 'pm25': 13201}}",2.34,8.88,30.62,0.65,0.66,0.66,645268196,19.1,MOD-00613,25.3,2026-03-31T09:28:22,2026-03-31T02:28:22,https://api.quant-aq.com/v1/devices/MOD-00613/data/645268046
814.11,462.6,"{'lat': None, 'lon': None}","{'rh': 19.1, 'temp': 25.3, 'wd': 0.0, 'ws': 0.0, 'ws_scalar': 0.0}","{'gas': {'co': 13498, 'co2': 13260, 'no': 13586, 'no2': 13765, 'o3': 13745}, 'pm': {'pm1': 13200, 'pm10': 13202, 'pm25': 13201}}",2.34,8.87,30.86,0.94,0.96,0.96,645268194,19.1,MOD-00613,25.3,2026-03-31T09:27:22,2026-03-31T02:27:22,https://api.quant-aq.com/v1/devices/MOD-00613/data/645268043
812.88,462.72,"{'lat': None, 'lon': None}","{'rh': 19.1, 'temp': 25.3, 'wd': 0.0, 'ws': 0.0, 'ws_scalar': 0.0}","{'gas': {'co': 13498, 'co2': 13260, 'no': 13586, 'no2': 13765, 'o3': 13745}, 'pm': {'pm1': 13200, 'pm10': 13202, 'pm25': 13201}}",2.34,8.87,30.86,1.01,1.08,1.04,645265385,19.1,MOD-00613,25.3,2026-03-31T09:26:22,2026-03-31T02:26:22,https://api.quant-aq.com/v1/devices/MOD-00613/data/645265234
820.27,461.27,"{'lat': None, 'lon': None}","{'rh': 19.1, 'temp': 25.3, 'wd': 0.0, 'ws': 0.0, 'ws_scalar': 0.0}","{'gas': {'co': 13498, 'co2': 13260, 'no': 13586, 'no2': 13765, 'o3': 13745}, 'pm': {'pm1': 13200, 'pm10': 13202, 'pm25': 13201}}",2.34,8.87,31.1,0.74,0.78,0.78,645265383,19.1,MOD-00613,25.3,2026-03-31T09:25:22,2026-03-31T02:25:22,https://api.quant-aq.com/v1/devices/MOD-00613/data/645265232
817.4,461.63,"{'lat': None, 'lon': None}","{'rh': 19.1, 'temp': 25.3, 'wd': 0.0, 'ws': 0.0, 'ws_scalar': 0.0}","{'gas': {'co': 13498, 'co2': 13260, 'no': 13586, 'no2': 13765, 'o3': 13745}, 'pm': {'pm1': 13200, 'pm10': 13202, 'pm25': 13201}}",2.34,8.87,30.86,0.83,1.09,0.89,645265384,19.1,MOD-00613,25.3,2026-03-31T09:24:22,2026-03-31T02:24:22,https://api.quant-aq.com/v1/devices/MOD-00613/data/645265233
814.52,462.0,"{'lat': None, 'lon': None}","{'rh': 19.1, 'temp': 25.3, 'wd': 0.0, 'ws': 0.0, 'ws_scalar': 0.0}","{'gas': {'co': 13498, 'co2': 13260, 'no': 13586, 'no2': 13765, 'o3': 13745}, 'pm': {'pm1': 13200, 'pm10': 13202, 'pm25': 13201}}",2.34,8.87,30.86,0.55,0.55,0.55,645265382,19.1,MOD-00613,25.3,2026-03-31T09:23:22,2026-03-31T02:23:22,https://api.quant-aq.com/v1/devices/MOD-00613/data/645265230
817.81,462.48,"{'lat': None, 'lon': None}","{'rh': 19.1, 'temp': 25.3, 'wd': 0.0, 'ws': 0.0, 'ws_scalar': 0.0}","{'gas': {'co': 13498, 'co2': 13260, 'no': 13586, 'no2': 13765, 'o3': 13745}, 'pm': {'pm1': 13200, 'pm10': 13202, 'pm25': 13201}}",2.34,8.87,31.1,0.97,0.97,0.97,645265381,19.1,MOD-00613,25.3,2026-03-31T09:22:22,2026-03-31T02:22:22,https://api.quant-aq.com/v1/devices/MOD-00613/data/645265231
815.35,459.47,"{'lat': None, 'lon': None}","{'rh': 19.1, 'temp': 25.3, 'wd': 0.0, 'ws': 0.0, 'ws_scalar': 0.0}","{'gas': {'co': 13498, 'co2': 13260, 'no': 13586, 'no2': 13765, 'o3': 13745}, 'pm': {'pm1': 13200, 'pm10': 13202, 'pm25': 13201}}",2.34,8.88,30.62,0.84,0.86,0.86,645262679,19.1,MOD-00613,25.3,2026-03-31T09:21:22,2026-03-31T02:21:22,https://api.quant-aq.com/v1/devices/MOD-00613/data/645262528
815.35,462.48,"{'lat': None, 'lon': None}","{'rh': 19.1, 'temp': 25.3, 'wd': 0.0, 'ws': 0.0, 'ws_scalar': 0.0}","{'gas': {'co': 13498, 'co2': 13260, 'no': 13586, 'no2': 13765, 'o3': 13745}, 'pm': {'pm1': 13200, 'pm10': 13202, 'pm25': 13201}}",2.34,8.87,30.86,0.75,0.76,0.76,645262680,19.1,MOD-00613,25.3,2026-03-31T09:20:22,2026-03-31T02:20:22,https://api.quant-aq.com/v1/devices/MOD-00613/data/645262529
821.09,465.37,"{'lat': None, 'lon': None}","{'rh': 19.1, 'temp': 25.3, 'wd': 0.0, 'ws': 0.0, 'ws_scalar': 0.0}","{'gas': {'co': 13498, 'co2': 13260, 'no': 13586, 'no2': 13765, 'o3': 13745}, 'pm': {'pm1': 13200, 'pm10': 13202, 'pm25': 13201}}",2.34,8.88,30.86,0.76,0.79,0.79,645262677,19.1,MOD-00613,25.3,2026-03-31T09:19:22,2026-03-31T02:19:22,https://api.quant-aq.com/v1/devices/MOD-00613/data/645262526
816.17,458.62,"{'lat': None, 'lon': None}","{'rh': 19.1, 'temp': 25.3, 'wd': 0.0, 'ws': 0.0, 'ws_scalar': 0.0}","{'gas': {'co': 13498, 'co2': 13260, 'no': 13586, 'no2': 13765, 'o3': 13745}, 'pm': {'pm1': 13200, 'pm10': 13202, 'pm25': 13201}}",2.34,8.87,30.86,0.95,0.96,0.96,645262678,19.1,MOD-00613,25.3,2026-03-31T09:18:22,2026-03-31T02:18:22,https://api.quant-aq.com/v1/devices/MOD-00613/data/645262527
813.7,462.12,"{'lat': None, 'lon': None}","{'rh': 19.1, 'temp': 25.3, 'wd': 0.0, 'ws': 0.0, 'ws_scalar': 0.0}","{'gas': {'co': 13498, 'co2': 13260, 'no': 13586, 'no2': 13765, 'o3': 13745}, 'pm': {'pm1': 13200, 'pm10': 13202, 'pm25': 13201}}",2.34,8.87,31.1,0.8,0.86,0.86,645262676,19.1,MOD-00613,25.3,2026-03-31T09:17:22,2026-03-31T02:17:22,https://api.quant-aq.com/v1/devices/MOD-00613/data/645262525
815.76,461.63,"{'lat': None, 'lon': None}","{'rh': 19.1, 'temp': 25.3, 'wd': 0.0, 'ws': 0.0, 'ws_scalar': 0.0}","{'gas': {'co': 13498, 'co2': 13260, 'no': 13586, 'no2': 13765, 'o3': 13745}, 'pm': {'pm1': 13200, 'pm10': 13202, 'pm25': 13201}}",2.34,8.87,30.86,0.7,0.71,0.71,645259938,19.1,MOD-00613,25.3,2026-03-31T09:16:22,2026-03-31T02:16:22,https://api.quant-aq.com/v1/devices/MOD-00613/data/645259787
827.25,461.63,"{'lat': None, 'lon': None}","{'rh': 19.1, 'temp': 25.3, 'wd': 0.0, 'ws': 0.0, 'ws_scalar': 0.0}","{'gas': {'co': 13498, 'co2': 13260, 'no': 13586, 'no2': 13765, 'o3': 13745}, 'pm': {'pm1': 13200, 'pm10': 13202, 'pm25': 13201}}",2.34,8.88,30.39,0.74,0.77,0.77,645259935,19.1,MOD-00613,25.3,2026-03-31T09:15:22,2026-03-31T02:15:22,https://api.quant-aq.com/v1/devices/MOD-00613/data/645259784
813.29,463.92,"{'lat': None, 'lon': None}","{'rh': 19.1, 'temp': 25.3, 'wd': 0.0, 'ws': 0.0, 'ws_scalar': 0.0}","{'gas': {'co': 13498, 'co2': 13260, 'no': 13586, 'no2': 13765, 'o3': 13745}, 'pm': {'pm1': 13200, 'pm10': 13202, 'pm25': 13201}}",2.34,8.87,30.86,0.75,0.77,0.77,645259936,19.1,MOD-00613,25.3,2026-03-31T09:14:22,2026-03-31T02:14:22,https://api.quant-aq.com/v1/devices/MOD-00613/data/645259785
819.45,462.84,"{'lat': None, 'lon': None}","{'rh': 19.1, 'temp': 25.3, 'wd': 0.0, 'ws': 0.0, 'ws_scalar': 0.0}","{'gas': {'co': 13498, 'co2': 13260, 'no': 13586, 'no2': 13765, 'o3': 13745}, 'pm': {'pm1': 13200, 'pm10': 13202, 'pm25': 13201}}",2.34,8.87,30.62,0.75,0.77,0.77,645259934,19.1,MOD-00613,25.3,2026-03-31T09:13:22,2026-03-31T02:13:22,https://api.quant-aq.com/v1/devices/MOD-00613/data/645259783
817.81,462.84,"{'lat': None, 'lon': None}","{'rh': 19.1, 'temp': 25.3, 'wd': 0.0, 'ws': 0.0, 'ws_scalar': 0.0}","{'gas': {'co': 13498, 'co2': 13260, 'no': 13586, 'no2': 13765, 'o3': 13745}, 'pm': {'pm1': 13200, 'pm10': 13202, 'pm25': 13201}}",2.34,8.87,30.62,0.71,0.72,0.72,645259937,19.1,MOD-00613,25.3,2026-03-31T09:12:22,2026-03-31T02:12:22,https://api.quant-aq.com/v1/devices/MOD-00613/data/645259786
822.74,463.68,"{'lat': None, 'lon': None}","{'rh': 19.1, 'temp': 25.3, 'wd': 0.0, 'ws': 0.0, 'ws_scalar': 0.0}","{'gas': {'co': 13498, 'co2': 13260, 'no': 13586, 'no2': 13765, 'o3': 13745}, 'pm': {'pm1': 13200, 'pm10': 13202, 'pm25': 13201}}",2.34,8.87,30.62,0.74,0.79,0.79,645257159,19.1,MOD-00613,25.3,2026-03-31T09:11:22,2026-03-31T02:11:22,https://api.quant-aq.com/v1/devices/MOD-00613/data/645257009
814.52,459.71,"{'lat': None, 'lon': None}","{'rh': 19.1, 'temp': 25.3, 'wd': 0.0, 'ws': 0.0, 'ws_scalar': 0.0}","{'gas': {'co': 13498, 'co2': 13260, 'no': 13586, 'no2': 13765, 'o3': 13745}, 'pm': {'pm1': 13200, 'pm10': 13202, 'pm25': 13201}}",2.34,8.88,30.86,0.95,0.96,0.96,645257158,19.1,MOD-00613,25.3,2026-03-31T09:10:22,2026-03-31T02:10:22,https://api.quant-aq.com/v1/devices/MOD-00613/data/645257007
814.04,462.12,"{'lat': None, 'lon': None}","{'rh': 19.2, 'temp': 25.3, 'wd': 0.0, 'ws': 0.0, 'ws_scalar': 0.0}","{'gas': {'co': 13498, 'co2': 13260, 'no': 13586, 'no2': 13765, 'o3': 13745}, 'pm': {'pm1': 13200, 'pm10': 13202, 'pm25': 13201}}",2.34,8.86,30.83,0.84,0.9,0.86,645257156,19.2,MOD-00613,25.3,2026-03-31T09:09:22,2026-03-31T02:09:22,https://api.quant-aq.com/v1/devices/MOD-00613/data/645257005
817.4,462.0,"{'lat': None, 'lon': None}","{'rh': 19.1, 'temp': 25.3, 'wd': 0.0, 'ws': 0.0, 'ws_scalar': 0.0}","{'gas': {'co': 13498, 'co2': 13260, 'no': 13586, 'no2': 13765, 'o3': 13745}, 'pm': {'pm1': 13200, 'pm10': 13202, 'pm25': 13201}}",2.34,8.88,30.39,0.88,0.89,0.89,645257157,19.1,MOD-00613,25.3,2026-03-31T09:08:22,2026-03-31T02:08:22,https://api.quant-aq.com/v1/devices/MOD-00613/data/645257006
820.2,463.8,"{'lat': None, 'lon': None}","{'rh': 19.2, 'temp': 25.3, 'wd': 0.0, 'ws': 0.0, 'ws_scalar': 0.0}","{'gas': {'co': 13498, 'co2': 13260, 'no': 13586, 'no2': 13765, 'o3': 13745}, 'pm': {'pm1': 13200, 'pm10': 13202, 'pm25': 13201}}",2.34,8.86,30.83,0.71,0.74,0.74,645257160,19.2,MOD-00613,25.3,2026-03-31T09:07:22,2026-03-31T02:07:22,https://api.quant-aq.com/v1/devices/MOD-00613/data/645257008
818.97,462.84,"{'lat': None, 'lon': None}","{'rh': 19.2, 'temp': 25.3, 'wd': 0.0, 'ws': 0.0, 'ws_scalar': 0.0}","{'gas': {'co': 13498, 'co2': 13260, 'no': 13586, 'no2': 13765, 'o3': 13745}, 'pm': {'pm1': 13200, 'pm10': 13202, 'pm25': 13201}}",2.34,8.86,30.59,0.64,0.72,0.68,645254348,19.2,MOD-00613,25.3,2026-03-31T09:06:22,2026-03-31T02:06:22,https://api.quant-aq.com/v1/devices/MOD-00613/data/645254199
818.56,462.84,"{'lat': None, 'lon': None}","{'rh': 19.2, 'temp': 25.3, 'wd': 0.0, 'ws': 0.0, 'ws_scalar': 0.0}","{'gas': {'co': 13498, 'co2': 13260, 'no': 13586, 'no2': 13765, 'o3': 13745}, 'pm': {'pm1': 13200, 'pm10': 13202, 'pm25': 13201}}",2.34,8.86,30.83,0.76,0.78,0.78,645254347,19.2,MOD-00613,25.3,2026-03-31T09:05:22,2026-03-31T02:05:22,https://api.quant-aq.com/v1/devices/MOD-00613/data/645254196
817.33,463.08,"{'lat': None, 'lon': None}","{'rh': 19.2, 'temp': 25.3, 'wd': 0.0, 'ws': 0.0, 'ws_scalar': 0.0}","{'gas': {'co': 13498, 'co2': 13260, 'no': 13586, 'no2': 13765, 'o3': 13745}, 'pm': {'pm1': 13200, 'pm10': 13202, 'pm25': 13201}}",2.34,8.86,31.31,1.1,1.12,1.12,645254346,19.2,MOD-00613,25.3,2026-03-31T09:04:22,2026-03-31T02:04:22,https://api.quant-aq.com/v1/devices/MOD-00613/data/645254195
818.56,464.04,"{'lat': None, 'lon': None}","{'rh': 19.2, 'temp': 25.3, 'wd': 0.0, 'ws': 0.0, 'ws_scalar': 0.0}","{'gas': {'co': 13498, 'co2': 13260, 'no': 13586, 'no2': 13765, 'o3': 13745}, 'pm': {'pm1': 13200, 'pm10': 13202, 'pm25': 13201}}",2.34,8.86,30.59,0.92,0.93,0.93,645254345,19.2,MOD-00613,25.3,2026-03-31T09:03:22,2026-03-31T02:03:22,https://api.quant-aq.com/v1/devices/MOD-00613/data/645254194
821.02,462.24,"{'lat': None, 'lon': None}","{'rh': 19.2, 'temp': 25.3, 'wd': 0.0, 'ws': 0.0, 'ws_scalar': 0.0}","{'gas': {'co': 13498, 'co2': 13260, 'no': 13586, 'no2': 13765, 'o3': 13745}, 'pm': {'pm1': 13200, 'pm10': 13202, 'pm25': 13201}}",2.34,8.86,30.59,0.86,0.9,0.9,645254344,19.2,MOD-00613,25.3,2026-03-31T09:02:22,2026-03-31T02:02:22,https://api.quant-aq.com/v1/devices/MOD-00613/data/645254193
819.38,463.08,"{'lat': None, 'lon': None}","{'rh': 19.2, 'temp': 25.3, 'wd': 0.0, 'ws': 0.0, 'ws_scalar': 0.0}","{'gas': {'co': 13498, 'co2': 13260, 'no': 13586, 'no2': 13765, 'o3': 13745}, 'pm': {'pm1': 13200, 'pm10': 13202, 'pm25': 13201}}",2.34,8.86,30.83,0.62,0.65,0.65,645251634,19.2,MOD-00613,25.3,2026-03-31T09:01:22,2026-03-31T02:01:22,https://api.quant-aq.com/v1/devices/MOD-00613/data/645251483
821.02,460.43,"{'lat': None, 'lon': None}","{'rh': 19.2, 'temp': 25.3, 'wd': 0.0, 'ws': 0.0, 'ws_scalar': 0.0}","{'gas': {'co': 13498, 'co2': 13260, 'no': 13586, 'no2': 13765, 'o3': 13745}, 'pm': {'pm1': 13200, 'pm10': 13202, 'pm25': 13201}}",2.34,8.86,30.83,0.87,0.87,0.87,645251632,19.2,MOD-00613,25.3,2026-03-31T09:00:22,2026-03-31T02:00:22,https://api.quant-aq.com/v1/devices/MOD-00613/data/645251480
818.56,464.28,"{'lat': None, 'lon': None}","{'rh': 19.2, 'temp': 25.3, 'wd': 0.0, 'ws': 0.0, 'ws_scalar': 0.0}","{'gas': {'co': 13498, 'co2': 13260, 'no': 13586, 'no2': 13765, 'o3': 13745}, 'pm': {'pm1': 13200, 'pm10': 13202, 'pm25': 13201}}",2.34,8.86,30.83,0.78,0.79,0.79,645251631,19.2,MOD-00613,25.3,2026-03-31T08:59:22,2026-03-31T01:59:22,https://api.quant-aq.com/v1/devices/MOD-00613/data/645251481
817.33,465.49,"{'lat': None, 'lon': None}","{'rh': 19.2, 'temp': 25.3, 'wd': 0.0, 'ws': 0.0, 'ws_scalar': 0.0}","{'gas': {'co': 13498, 'co2': 13260, 'no': 13586, 'no2': 13765, 'o3': 13745}, 'pm': {'pm1': 13200, 'pm10': 13202, 'pm25': 13201}}",2.34,8.86,30.83,0.97,1.01,1.01,645251630,19.2,MOD-00613,25.3,2026-03-31T08:58:22,2026-03-31T01:58:22,https://api.quant-aq.com/v1/devices/MOD-00613/data/645251479
821.43,461.87,"{'lat': None, 'lon': None}","{'rh': 19.2, 'temp': 25.3, 'wd': 0.0, 'ws': 0.0, 'ws_scalar': 0.0}","{'gas': {'co': 13498, 'co2': 13260, 'no': 13586, 'no2': 13765, 'o3': 13745}, 'pm': {'pm1': 13200, 'pm10': 13202, 'pm25': 13201}}",2.34,8.86,30.83,1.11,1.12,1.12,645251633,19.2,MOD-00613,25.3,2026-03-31T08:57:22,2026-03-31T01:57:22,https://api.quant-aq.com/v1/devices/MOD-00613/data/645251482
822.66,463.44,"{'lat': None, 'lon': None}","{'rh': 19.2, 'temp': 25.3, 'wd': 0.0, 'ws': 0.0, 'ws_scalar': 0.0}","{'gas': {'co': 13498, 'co2': 13260, 'no': 13586, 'no2': 13765, 'o3': 13745}, 'pm': {'pm1': 13200, 'pm10': 13202, 'pm25': 13201}}",2.34,8.86,30.11,0.81,0.84,0.84,645248904,19.2,MOD-00613,25.3,2026-03-31T08:56:22,2026-03-31T01:56:22,https://api.quant-aq.com/v1/devices/MOD-00613/data/645248752
820.2,458.98,"{'lat': None, 'lon': None}","{'rh': 19.2, 'temp': 25.3, 'wd': 0.0, 'ws': 0.0, 'ws_scalar': 0.0}","{'gas': {'co': 13498, 'co2': 13260, 'no': 13586, 'no2': 13765, 'o3': 13745}, 'pm': {'pm1': 13200, 'pm10': 13202, 'pm25': 13201}}",2.34,8.86,30.83,0.75,0.75,0.75,645248903,19.2,MOD-00613,25.3,2026-03-31T08:55:22,2026-03-31T01:55:22,https://api.quant-aq.com/v1/devices/MOD-00613/data/645248751
819.38,465.61,"{'lat': None, 'lon': None}","{'rh': 19.2, 'temp': 25.3, 'wd': 0.0, 'ws': 0.0, 'ws_scalar': 0.0}","{'gas': {'co': 13498, 'co2': 13260, 'no': 13586, 'no2': 13765, 'o3': 13745}, 'pm': {'pm1': 13200, 'pm10': 13202, 'pm25': 13201}}",2.34,8.86,30.83,0.91,0.97,0.93,645248901,19.2,MOD-00613,25.3,2026-03-31T08:54:22,2026-03-31T01:54:22,https://api.quant-aq.com/v1/devices/MOD-00613/data/645248750
816.92,463.44,"{'lat': None, 'lon': None}","{'rh': 19.2, 'temp': 25.3, 'wd': 0.0, 'ws': 0.0, 'ws_scalar': 0.0}","{'gas': {'co': 13498, 'co2': 13260, 'no': 13586, 'no2': 13765, 'o3': 13745}, 'pm': {'pm1': 13200, 'pm10': 13202, 'pm25': 13201}}",2.34,8.86,31.07,0.81,0.81,0.81,645248902,19.2,MOD-00613,25.3,2026-03-31T08:53:22,2026-03-31T01:53:22,https://api.quant-aq.com/v1/devices/MOD-00613/data/645248753
813.22,465.85,"{'lat': None, 'lon': None}","{'rh': 19.2, 'temp': 25.3, 'wd': 0.0, 'ws': 0.0, 'ws_scalar': 0.0}","{'gas': {'co': 13498, 'co2': 13260, 'no': 13586, 'no2': 13765, 'o3': 13745}, 'pm': {'pm1': 13200, 'pm10': 13202, 'pm25': 13201}}",2.34,8.86,30.83,0.97,1.01,1.01,645248900,19.2,MOD-00613,25.3,2026-03-31T08:52:22,2026-03-31T01:52:22,https://api.quant-aq.com/v1/devices/MOD-00613/data/645248749
816.1,465.25,"{'lat': None, 'lon': None}","{'rh': 19.2, 'temp': 25.3, 'wd': 0.0, 'ws': 0.0, 'ws_scalar': 0.0}","{'gas': {'co': 13498, 'co2': 13260, 'no': 13586, 'no2': 13765, 'o3': 13745}, 'pm': {'pm1': 13200, 'pm10': 13202, 'pm25': 13201}}",2.34,8.86,30.83,0.9,0.92,0.92,645246104,19.2,MOD-00613,25.3,2026-03-31T08:51:22,2026-03-31T01:51:22,https://api.quant-aq.com/v1/devices/MOD-00613/data/645245952
816.51,465.97,"{'lat': None, 'lon': None}","{'rh': 19.2, 'temp': 25.3, 'wd': 0.0, 'ws': 0.0, 'ws_scalar': 0.0}","{'gas': {'co': 13498, 'co2': 13260, 'no': 13586, 'no2': 13765, 'o3': 13745}, 'pm': {'pm1': 13200, 'pm10': 13202, 'pm25': 13201}}",2.34,8.87,30.35,1.03,1.03,1.03,645246105,19.2,MOD-00613,25.3,2026-03-31T08:50:22,2026-03-31T01:50:22,https://api.quant-aq.com/v1/devices/MOD-00613/data/645245954
819.38,467.78,"{'lat': None, 'lon': None}","{'rh': 19.2, 'temp': 25.3, 'wd': 0.0, 'ws': 0.0, 'ws_scalar': 0.0}","{'gas': {'co': 13498, 'co2': 13260, 'no': 13586, 'no2': 13765, 'o3': 13745}, 'pm': {'pm1': 13200, 'pm10': 13202, 'pm25': 13201}}",2.34,8.86,30.59,0.99,1.01,1.01,645246102,19.2,MOD-00613,25.3,2026-03-31T08:49:22,2026-03-31T01:49:22,https://api.quant-aq.com/v1/devices/MOD-00613/data/645245953
823.07,467.9,"{'lat': None, 'lon': None}","{'rh': 19.2, 'temp': 25.3, 'wd': 0.0, 'ws': 0.0, 'ws_scalar': 0.0}","{'gas': {'co': 13498, 'co2': 13260, 'no': 13586, 'no2': 13765, 'o3': 13745}, 'pm': {'pm1': 13200, 'pm10': 13202, 'pm25': 13201}}",2.34,8.86,31.07,0.97,1.01,1.01,645246103,19.2,MOD-00613,25.3,2026-03-31T08:48:22,2026-03-31T01:48:22,https://api.quant-aq.com/v1/devices/MOD-00613/data/645245951
819.79,466.33,"{'lat': None, 'lon': None}","{'rh': 19.2, 'temp': 25.3, 'wd': 0.0, 'ws': 0.0, 'ws_scalar': 0.0}","{'gas': {'co': 13498, 'co2': 13260, 'no': 13586, 'no2': 13765, 'o3': 13745}, 'pm': {'pm1': 13200, 'pm10': 13202, 'pm25': 13201}}",2.34,8.87,30.83,0.97,1.41,0.98,645246101,19.2,MOD-00613,25.3,2026-03-31T08:47:22,2026-03-31T01:47:22,https://api.quant-aq.com/v1/devices/MOD-00613/data/645245950
822.66,468.02,"{'lat': None, 'lon': None}","{'rh': 19.2, 'temp': 25.3, 'wd': 0.0, 'ws': 0.0, 'ws_scalar': 0.0}","{'gas': {'co': 13498, 'co2': 13260, 'no': 13586, 'no2': 13765, 'o3': 13745}, 'pm': {'pm1': 13200, 'pm10': 13202, 'pm25': 13201}}",2.34,8.86,30.83,0.91,0.92,0.92,645243300,19.2,MOD-00613,25.3,2026-03-31T08:46:22,2026-03-31T01:46:22,https://api.quant-aq.com/v1/devices/MOD-00613/data/645243149
816.51,466.33,"{'lat': None, 'lon': None}","{'rh': 19.2, 'temp': 25.3, 'wd': 0.0, 'ws': 0.0, 'ws_scalar': 0.0}","{'gas': {'co': 13498, 'co2': 13260, 'no': 13586, 'no2': 13765, 'o3': 13745}, 'pm': {'pm1': 13200, 'pm10': 13202, 'pm25': 13201}}",2.34,8.86,30.83,0.84,0.85,0.85,645243299,19.2,MOD-00613,25.3,2026-03-31T08:45:22,2026-03-31T01:45:22,https://api.quant-aq.com/v1/devices/MOD-00613/data/645243148
818.56,466.57,"{'lat': None, 'lon': None}","{'rh': 19.2, 'temp': 25.3, 'wd': 0.0, 'ws': 0.0, 'ws_scalar': 0.0}","{'gas': {'co': 13498, 'co2': 13260, 'no': 13586, 'no2': 13765, 'o3': 13745}, 'pm': {'pm1': 13200, 'pm10': 13202, 'pm25': 13201}}",2.34,8.86,30.83,1.04,1.21,1.06,645243296,19.2,MOD-00613,25.3,2026-03-31T08:44:22,2026-03-31T01:44:22,https://api.quant-aq.com/v1/devices/MOD-00613/data/645243145
818.97,466.33,"{'lat': None, 'lon': None}","{'rh': 19.2, 'temp': 25.3, 'wd': 0.0, 'ws': 0.0, 'ws_scalar': 0.0}","{'gas': {'co': 13498, 'co2': 13260, 'no': 13586, 'no2': 13765, 'o3': 13745}, 'pm': {'pm1': 13200, 'pm10': 13202, 'pm25': 13201}}",2.34,8.86,30.83,0.73,0.75,0.75,645243294,19.2,MOD-00613,25.3,2026-03-31T08:43:22,2026-03-31T01:43:22,https://api.quant-aq.com/v1/devices/MOD-00613/data/645243143
824.31,466.81,"{'lat': None, 'lon': None}","{'rh': 19.2, 'temp': 25.3, 'wd': 0.0, 'ws': 0.0, 'ws_scalar': 0.0}","{'gas': {'co': 13498, 'co2': 13260, 'no': 13586, 'no2': 13765, 'o3': 13745}, 'pm': {'pm1': 13200, 'pm10': 13202, 'pm25': 13201}}",2.34,8.86,30.59,0.86,0.96,0.92,645243295,19.2,MOD-00613,25.3,2026-03-31T08:42:22,2026-03-31T01:42:22,https://api.quant-aq.com/v1/devices/MOD-00613/data/645243144
815.27,467.78,"{'lat': None, 'lon': None}","{'rh': 19.2, 'temp': 25.3, 'wd': 0.0, 'ws': 0.0, 'ws_scalar': 0.0}","{'gas': {'co': 13498, 'co2': 13260, 'no': 13586, 'no2': 13765, 'o3': 13745}, 'pm': {'pm1': 13200, 'pm10': 13202, 'pm25': 13201}}",2.34,8.87,30.59,0.7,0.72,0.72,645240571,19.2,MOD-00613,25.3,2026-03-31T08:41:22,2026-03-31T01:41:22,https://api.quant-aq.com/v1/devices/MOD-00613/data/645240421
818.15,468.02,"{'lat': None, 'lon': None}","{'rh': 19.2, 'temp': 25.3, 'wd': 0.0, 'ws': 0.0, 'ws_scalar': 0.0}","{'gas': {'co': 13498, 'co2': 13260, 'no': 13586, 'no2': 13765, 'o3': 13745}, 'pm': {'pm1': 13200, 'pm10': 13202, 'pm25': 13201}}",2.34,8.86,30.59,0.87,0.97,0.93,645240569,19.2,MOD-00613,25.3,2026-03-31T08:40:22,2026-03-31T01:40:22,https://api.quant-aq.com/v1/devices/MOD-00613/data/645240418
821.84,465.73,"{'lat': None, 'lon': None}","{'rh': 19.2, 'temp': 25.3, 'wd': 0.0, 'ws': 0.0, 'ws_scalar': 0.0}","{'gas': {'co': 13498, 'co2': 13260, 'no': 13586, 'no2': 13765, 'o3': 13745}, 'pm': {'pm1': 13200, 'pm10': 13202, 'pm25': 13201}}",2.34,8.86,31.07,0.79,0.81,0.81,645240572,19.2,MOD-00613,25.3,2026-03-31T08:39:22,2026-03-31T01:39:22,https://api.quant-aq.com/v1/devices/MOD-00613/data/645240420
818.15,468.14,"{'lat': None, 'lon': None}","{'rh': 19.2, 'temp': 25.3, 'wd': 0.0, 'ws': 0.0, 'ws_scalar': 0.0}","{'gas': {'co': 13498, 'co2': 13260, 'no': 13586, 'no2': 13765, 'o3': 13745}, 'pm': {'pm1': 13200, 'pm10': 13202, 'pm25': 13201}}",2.34,8.86,31.55,0.86,0.86,0.86,645240570,19.2,MOD-00613,25.3,2026-03-31T08:38:22,2026-03-31T01:38:22,https://api.quant-aq.com/v1/devices/MOD-00613/data/645240419
824.72,465.25,"{'lat': None, 'lon': None}","{'rh': 19.2, 'temp': 25.3, 'wd': 0.0, 'ws': 0.0, 'ws_scalar': 0.0}","{'gas': {'co': 13498, 'co2': 13260, 'no': 13586, 'no2': 13765, 'o3': 13745}, 'pm': {'pm1': 13200, 'pm10': 13202, 'pm25': 13201}}",2.34,8.87,30.59,1.04,1.07,1.07,645240574,19.2,MOD-00613,25.3,2026-03-31T08:37:22,2026-03-31T01:37:22,https://api.quant-aq.com/v1/devices/MOD-00613/data/645240423
818.15,467.9,"{'lat': None, 'lon': None}","{'rh': 19.2, 'temp': 25.3, 'wd': 0.0, 'ws': 0.0, 'ws_scalar': 0.0}","{'gas': {'co': 13498, 'co2': 13260, 'no': 13586, 'no2': 13765, 'o3': 13745}, 'pm': {'pm1': 13200, 'pm10': 13202, 'pm25': 13201}}",2.34,8.86,30.35,0.8,0.82,0.82,645237429,19.2,MOD-00613,25.3,2026-03-31T08:36:22,2026-03-31T01:36:22,https://api.quant-aq.com/v1/devices/MOD-00613/data/645237278
821.02,465.97,"{'lat': None, 'lon': None}","{'rh': 19.2, 'temp': 25.3, 'wd': 0.0, 'ws': 0.0, 'ws_scalar': 0.0}","{'gas': {'co': 13498, 'co2': 13260, 'no': 13586, 'no2': 13765, 'o3': 13745}, 'pm': {'pm1': 13200, 'pm10': 13202, 'pm25': 13201}}",2.34,8.86,31.07,0.77,0.78,0.78,645237430,19.2,MOD-00613,25.3,2026-03-31T08:35:22,2026-03-31T01:35:22,https://api.quant-aq.com/v1/devices/MOD-00613/data/645237279
818.56,466.09,"{'lat': None, 'lon': None}","{'rh': 19.2, 'temp': 25.3, 'wd': 0.0, 'ws': 0.0, 'ws_scalar': 0.0}","{'gas': {'co': 13498, 'co2': 13260, 'no': 13586, 'no2': 13765, 'o3': 13745}, 'pm': {'pm1': 13200, 'pm10': 13202, 'pm25': 13201}}",2.34,8.86,30.35,0.78,0.79,0.79,645237427,19.2,MOD-00613,25.3,2026-03-31T08:34:22,2026-03-31T01:34:22,https://api.quant-aq.com/v1/devices/MOD-00613/data/645237276
818.56,466.69,"{'lat': None, 'lon': None}","{'rh': 19.2, 'temp': 25.3, 'wd': 0.0, 'ws': 0.0, 'ws_scalar': 0.0}","{'gas': {'co': 13498, 'co2': 13260, 'no': 13586, 'no2': 13765, 'o3': 13745}, 'pm': {'pm1': 13200, 'pm10': 13202, 'pm25': 13201}}",2.34,8.86,30.83,0.77,0.8,0.8,645237428,19.2,MOD-00613,25.3,2026-03-31T08:33:22,2026-03-31T01:33:22,https://api.quant-aq.com/v1/devices/MOD-00613/data/645237277
815.69,465.85,"{'lat': None, 'lon': None}","{'rh': 19.2, 'temp': 25.3, 'wd': 0.0, 'ws': 0.0, 'ws_scalar': 0.0}","{'gas': {'co': 13498, 'co2': 13260, 'no': 13586, 'no2': 13765, 'o3': 13745}, 'pm': {'pm1': 13200, 'pm10': 13202, 'pm25': 13201}}",2.34,8.87,30.35,0.91,0.93,0.93,645237426,19.2,MOD-00613,25.3,2026-03-31T08:32:22,2026-03-31T01:32:22,https://api.quant-aq.com/v1/devices/MOD-00613/data/645237275
819.79,465.37,"{'lat': None, 'lon': None}","{'rh': 19.2, 'temp': 25.3, 'wd': 0.0, 'ws': 0.0, 'ws_scalar': 0.0}","{'gas': {'co': 13498, 'co2': 13260, 'no': 13586, 'no2': 13765, 'o3': 13745}, 'pm': {'pm1': 13200, 'pm10': 13202, 'pm25': 13201}}",2.34,8.86,31.31,0.71,0.84,0.8,645234627,19.2,MOD-00613,25.3,2026-03-31T08:31:22,2026-03-31T01:31:22,https://api.quant-aq.com/v1/devices/MOD-00613/data/645234474
820.2,467.17,"{'lat': None, 'lon': None}","{'rh': 19.2, 'temp': 25.3, 'wd': 0.0, 'ws': 0.0, 'ws_scalar': 0.0}","{'gas': {'co': 13498, 'co2': 13260, 'no': 13586, 'no2': 13765, 'o3': 13745}, 'pm': {'pm1': 13200, 'pm10': 13202, 'pm25': 13201}}",2.34,8.86,30.83,0.64,0.65,0.65,645234626,19.2,MOD-00613,25.3,2026-03-31T08:30:22,2026-03-31T01:30:22,https://api.quant-aq.com/v1/devices/MOD-00613/data/645234475
817.74,464.77,"{'lat': None, 'lon': None}","{'rh': 19.2, 'temp': 25.3, 'wd': 0.0, 'ws': 0.0, 'ws_scalar': 0.0}","{'gas': {'co': 13498, 'co2': 13260, 'no': 13586, 'no2': 13765, 'o3': 13745}, 'pm': {'pm1': 13200, 'pm10': 13202, 'pm25': 13201}}",2.34,8.86,30.83,0.92,0.96,0.96,645234625,19.2,MOD-00613,25.3,2026-03-31T08:29:22,2026-03-31T01:29:22,https://api.quant-aq.com/v1/devices/MOD-00613/data/645234476
820.2,465.73,"{'lat': None, 'lon': None}","{'rh': 19.2, 'temp': 25.3, 'wd': 0.0, 'ws': 0.0, 'ws_scalar': 0.0}","{'gas': {'co': 13498, 'co2': 13260, 'no': 13586, 'no2': 13765, 'o3': 13745}, 'pm': {'pm1': 13200, 'pm10': 13202, 'pm25': 13201}}",2.34,8.87,30.59,0.66,0.67,0.67,645234624,19.2,MOD-00613,25.3,2026-03-31T08:28:22,2026-03-31T01:28:22,https://api.quant-aq.com/v1/devices/MOD-00613/data/645234473
823.49,465.25,"{'lat': None, 'lon': None}","{'rh': 19.2, 'temp': 25.3, 'wd': 0.0, 'ws': 0.0, 'ws_scalar': 0.0}","{'gas': {'co': 13498, 'co2': 13260, 'no': 13586, 'no2': 13765, 'o3': 13745}, 'pm': {'pm1': 13200, 'pm10': 13202, 'pm25': 13201}}",2.34,8.86,30.83,0.97,1.0,1.0,645234623,19.2,MOD-00613,25.3,2026-03-31T08:27:22,2026-03-31T01:27:22,https://api.quant-aq.com/v1/devices/MOD-00613/data/645234472
814.86,465.25,"{'lat': None, 'lon': None}","{'rh': 19.2, 'temp': 25.3, 'wd': 0.0, 'ws': 0.0, 'ws_scalar': 0.0}","{'gas': {'co': 13498, 'co2': 13260, 'no': 13586, 'no2': 13765, 'o3': 13745}, 'pm': {'pm1': 13200, 'pm10': 13202, 'pm25': 13201}}",2.34,8.86,30.83,0.76,0.83,0.83,645231821,19.2,MOD-00613,25.3,2026-03-31T08:26:22,2026-03-31T01:26:22,https://api.quant-aq.com/v1/devices/MOD-00613/data/645231671
816.1,469.22,"{'lat': None, 'lon': None}","{'rh': 19.2, 'temp': 25.3, 'wd': 0.0, 'ws': 0.0, 'ws_scalar': 0.0}","{'gas': {'co': 13498, 'co2': 13260, 'no': 13586, 'no2': 13765, 'o3': 13745}, 'pm': {'pm1': 13200, 'pm10': 13202, 'pm25': 13201}}",2.34,8.86,30.59,1.04,1.04,1.04,645231819,19.2,MOD-00613,25.3,2026-03-31T08:25:22,2026-03-31T01:25:22,https://api.quant-aq.com/v1/devices/MOD-00613/data/645231668
819.38,466.33,"{'lat': None, 'lon': None}","{'rh': 19.2, 'temp': 25.3, 'wd': 0.0, 'ws': 0.0, 'ws_scalar': 0.0}","{'gas': {'co': 13498, 'co2': 13260, 'no': 13586, 'no2': 13765, 'o3': 13745}, 'pm': {'pm1': 13200, 'pm10': 13202, 'pm25': 13201}}",2.34,8.86,31.07,0.88,0.9,0.9,645231823,19.2,MOD-00613,25.3,2026-03-31T08:24:22,2026-03-31T01:24:22,https://api.quant-aq.com/v1/devices/MOD-00613/data/645231672
818.15,467.05,"{'lat': None, 'lon': None}","{'rh': 19.2, 'temp': 25.3, 'wd': 0.0, 'ws': 0.0, 'ws_scalar': 0.0}","{'gas': {'co': 13498, 'co2': 13260, 'no': 13586, 'no2': 13765, 'o3': 13745}, 'pm': {'pm1': 13200, 'pm10': 13202, 'pm25': 13201}}",2.34,8.86,31.07,1.1,1.13,1.13,645231820,19.2,MOD-00613,25.3,2026-03-31T08:23:22,2026-03-31T01:23:22,https://api.quant-aq.com/v1/devices/MOD-00613/data/645231669
818.15,467.05,"{'lat': None, 'lon': None}","{'rh': 19.2, 'temp': 25.3, 'wd': 0.0, 'ws': 0.0, 'ws_scalar': 0.0}","{'gas': {'co': 13498, 'co2': 13260, 'no': 13586, 'no2': 13765, 'o3': 13745}, 'pm': {'pm1': 13200, 'pm10': 13202, 'pm25': 13201}}",2.34,8.86,30.59,0.99,1.0,1.0,645231822,19.2,MOD-00613,25.3,2026-03-31T08:22:22,2026-03-31T01:22:22,https://api.quant-aq.com/v1/devices/MOD-00613/data/645231670
821.43,465.49,"{'lat': None, 'lon': None}","{'rh': 19.2, 'temp': 25.3, 'wd': 0.0, 'ws': 0.0, 'ws_scalar': 0.0}","{'gas': {'co': 13498, 'co2': 13260, 'no': 13586, 'no2': 13765, 'o3': 13745}, 'pm': {'pm1': 13200, 'pm10': 13202, 'pm25': 13201}}",2.34,8.87,31.07,0.87,0.91,0.91,645229127,19.2,MOD-00613,25.3,2026-03-31T08:21:22,2026-03-31T01:21:22,https://api.quant-aq.com/v1/devices/MOD-00613/data/645228976
818.97,465.73,"{'lat': None, 'lon': None}","{'rh': 19.2, 'temp': 25.3, 'wd': 0.0, 'ws': 0.0, 'ws_scalar': 0.0}","{'gas': {'co': 13498, 'co2': 13260, 'no': 13586, 'no2': 13765, 'o3': 13745}, 'pm': {'pm1': 13200, 'pm10': 13202, 'pm25': 13201}}",2.34,8.86,30.83,0.99,0.99,0.99,645229126,19.2,MOD-00613,25.3,2026-03-31T08:20:22,2026-03-31T01:20:22,https://api.quant-aq.com/v1/devices/MOD-00613/data/645228974
814.45,466.57,"{'lat': None, 'lon': None}","{'rh': 19.2, 'temp': 25.3, 'wd': 0.0, 'ws': 0.0, 'ws_scalar': 0.0}","{'gas': {'co': 13498, 'co2': 13260, 'no': 13586, 'no2': 13765, 'o3': 13745}, 'pm': {'pm1': 13200, 'pm10': 13202, 'pm25': 13201}}",2.34,8.86,30.83,0.76,0.76,0.76,645229125,19.2,MOD-00613,25.3,2026-03-31T08:19:22,2026-03-31T01:19:22,https://api.quant-aq.com/v1/devices/MOD-00613/data/645228975
814.45,467.66,"{'lat': None, 'lon': None}","{'rh': 19.2, 'temp': 25.3, 'wd': 0.0, 'ws': 0.0, 'ws_scalar': 0.0}","{'gas': {'co': 13498, 'co2': 13260, 'no': 13586, 'no2': 13765, 'o3': 13745}, 'pm': {'pm1': 13200, 'pm10': 13202, 'pm25': 13201}}",2.34,8.86,30.83,0.96,0.98,0.98,645229128,19.2,MOD-00613,25.3,2026-03-31T08:18:22,2026-03-31T01:18:22,https://api.quant-aq.com/v1/devices/MOD-00613/data/645228977
812.81,465.49,"{'lat': None, 'lon': None}","{'rh': 19.2, 'temp': 25.3, 'wd': 0.0, 'ws': 0.0, 'ws_scalar': 0.0}","{'gas': {'co': 13498, 'co2': 13260, 'no': 13586, 'no2': 13765, 'o3': 13745}, 'pm': {'pm1': 13200, 'pm10': 13202, 'pm25': 13201}}",2.34,8.86,30.83,0.86,0.87,0.87,645229129,19.2,MOD-00613,25.3,2026-03-31T08:17:22,2026-03-31T01:17:22,https://api.quant-aq.com/v1/devices/MOD-00613/data/645228978
813.63,465.13,"{'lat': None, 'lon': None}","{'rh': 19.2, 'temp': 25.3, 'wd': 0.0, 'ws': 0.0, 'ws_scalar': 0.0}","{'gas': {'co': 13498, 'co2': 13260, 'no': 13586, 'no2': 13765, 'o3': 13745}, 'pm': {'pm1': 13200, 'pm10': 13202, 'pm25': 13201}}",2.34,8.86,31.07,0.76,0.78,0.78,645226391,19.2,MOD-00613,25.3,2026-03-31T08:16:22,2026-03-31T01:16:22,https://api.quant-aq.com/v1/devices/MOD-00613/data/645226238
821.02,465.61,"{'lat': None, 'lon': None}","{'rh': 19.2, 'temp': 25.3, 'wd': 0.0, 'ws': 0.0, 'ws_scalar': 0.0}","{'gas': {'co': 13498, 'co2': 13260, 'no': 13586, 'no2': 13765, 'o3': 13745}, 'pm': {'pm1': 13200, 'pm10': 13202, 'pm25': 13201}}",2.34,8.86,30.83,0.98,0.98,0.98,645226392,19.2,MOD-00613,25.3,2026-03-31T08:15:22,2026-03-31T01:15:22,https://api.quant-aq.com/v1/devices/MOD-00613/data/645226239
815.27,464.89,"{'lat': None, 'lon': None}","{'rh': 19.2, 'temp': 25.3, 'wd': 0.0, 'ws': 0.0, 'ws_scalar': 0.0}","{'gas': {'co': 13498, 'co2': 13260, 'no': 13586, 'no2': 13765, 'o3': 13745}, 'pm': {'pm1': 13200, 'pm10': 13202, 'pm25': 13201}}",2.34,8.86,30.83,0.76,0.82,0.78,645226387,19.2,MOD-00613,25.3,2026-03-31T08:14:22,2026-03-31T01:14:22,https://api.quant-aq.com/v1/devices/MOD-00613/data/645226237
818.15,463.68,"{'lat': None, 'lon': None}","{'rh': 19.2, 'temp': 25.3, 'wd': 0.0, 'ws': 0.0, 'ws_scalar': 0.0}","{'gas': {'co': 13498, 'co2': 13260, 'no': 13586, 'no2': 13765, 'o3': 13745}, 'pm': {'pm1': 13200, 'pm10': 13202, 'pm25': 13201}}",2.34,8.86,31.07,0.81,0.85,0.85,645226390,19.2,MOD-00613,25.3,2026-03-31T08:13:22,2026-03-31T01:13:22,https://api.quant-aq.com/v1/devices/MOD-00613/data/645226241
819.79,464.4,"{'lat': None, 'lon': None}","{'rh': 19.2, 'temp': 25.3, 'wd': 0.0, 'ws': 0.0, 'ws_scalar': 0.0}","{'gas': {'co': 13498, 'co2': 13260, 'no': 13586, 'no2': 13765, 'o3': 13745}, 'pm': {'pm1': 13200, 'pm10': 13202, 'pm25': 13201}}",2.34,8.86,31.07,1.04,1.07,1.07,645226389,19.2,MOD-00613,25.3,2026-03-31T08:12:22,2026-03-31T01:12:22,https://api.quant-aq.com/v1/devices/MOD-00613/data/645226240
813.63,463.2,"{'lat': None, 'lon': None}","{'rh': 19.2, 'temp': 25.3, 'wd': 0.0, 'ws': 0.0, 'ws_scalar': 0.0}","{'gas': {'co': 13498, 'co2': 13260, 'no': 13586, 'no2': 13765, 'o3': 13745}, 'pm': {'pm1': 13200, 'pm10': 13202, 'pm25': 13201}}",2.34,8.86,30.83,0.85,0.89,0.89,645223560,19.2,MOD-00613,25.3,2026-03-31T08:11:22,2026-03-31T01:11:22,https://api.quant-aq.com/v1/devices/MOD-00613/data/645223408
817.63,464.77,"{'lat': None, 'lon': None}","{'rh': 19.2, 'temp': 25.2, 'wd': 0.0, 'ws': 0.0, 'ws_scalar': 0.0}","{'gas': {'co': 13498, 'co2': 13260, 'no': 13586, 'no2': 13765, 'o3': 13745}, 'pm': {'pm1': 13200, 'pm10': 13202, 'pm25': 13201}}",2.34,8.87,30.8,0.86,0.87,0.87,645223562,19.2,MOD-00613,25.2,2026-03-31T08:10:22,2026-03-31T01:10:22,https://api.quant-aq.com/v1/devices/MOD-00613/data/645223411
821.84,461.39,"{'lat': None, 'lon': None}","{'rh': 19.2, 'temp': 25.3, 'wd': 0.0, 'ws': 0.0, 'ws_scalar': 0.0}","{'gas': {'co': 13498, 'co2': 13260, 'no': 13586, 'no2': 13765, 'o3': 13745}, 'pm': {'pm1': 13200, 'pm10': 13202, 'pm25': 13201}}",2.34,8.86,31.07,0.87,0.89,0.89,645223559,19.2,MOD-00613,25.3,2026-03-31T08:09:22,2026-03-31T01:09:22,https://api.quant-aq.com/v1/devices/MOD-00613/data/645223409
820.5,464.4,"{'lat': None, 'lon': None}","{'rh': 19.2, 'temp': 25.2, 'wd': 0.0, 'ws': 0.0, 'ws_scalar': 0.0}","{'gas': {'co': 13498, 'co2': 13260, 'no': 13586, 'no2': 13765, 'o3': 13745}, 'pm': {'pm1': 13200, 'pm10': 13202, 'pm25': 13201}}",2.34,8.87,31.28,0.58,0.75,0.59,645223561,19.2,MOD-00613,25.2,2026-03-31T08:08:22,2026-03-31T01:08:22,https://api.quant-aq.com/v1/devices/MOD-00613/data/645223410
820.09,466.09,"{'lat': None, 'lon': None}","{'rh': 19.2, 'temp': 25.2, 'wd': 0.0, 'ws': 0.0, 'ws_scalar': 0.0}","{'gas': {'co': 13498, 'co2': 13260, 'no': 13586, 'no2': 13765, 'o3': 13745}, 'pm': {'pm1': 13200, 'pm10': 13202, 'pm25': 13201}}",2.34,8.87,30.32,0.84,0.85,0.85,645223558,19.2,MOD-00613,25.2,2026-03-31T08:07:22,2026-03-31T01:07:22,https://api.quant-aq.com/v1/devices/MOD-00613/data/645223407
815.58,462.48,"{'lat': None, 'lon': None}","{'rh': 19.2, 'temp': 25.2, 'wd': 0.0, 'ws': 0.0, 'ws_scalar': 0.0}","{'gas': {'co': 13498, 'co2': 13260, 'no': 13586, 'no2': 13765, 'o3': 13745}, 'pm': {'pm1': 13200, 'pm10': 13202, 'pm25': 13201}}",2.34,8.87,31.04,0.91,0.96,0.96,645220765,19.2,MOD-00613,25.2,2026-03-31T08:06:22,2026-03-31T01:06:22,https://api.quant-aq.com/v1/devices/MOD-00613/data/645220614
815.99,463.56,"{'lat': None, 'lon': None}","{'rh': 19.2, 'temp': 25.2, 'wd': 0.0, 'ws': 0.0, 'ws_scalar': 0.0}","{'gas': {'co': 13498, 'co2': 13260, 'no': 13586, 'no2': 13765, 'o3': 13745}, 'pm': {'pm1': 13200, 'pm10': 13202, 'pm25': 13201}}",2.34,8.87,30.32,0.92,0.93,0.93,645220764,19.2,MOD-00613,25.2,2026-03-31T08:05:22,2026-03-31T01:05:22,https://api.quant-aq.com/v1/devices/MOD-00613/data/645220613
815.58,465.25,"{'lat': None, 'lon': None}","{'rh': 19.2, 'temp': 25.2, 'wd': 0.0, 'ws': 0.0, 'ws_scalar': 0.0}","{'gas': {'co': 13498, 'co2': 13260, 'no': 13586, 'no2': 13765, 'o3': 13745}, 'pm': {'pm1': 13200, 'pm10': 13202, 'pm25': 13201}}",2.34,8.87,30.8,0.75,0.75,0.75,645220762,19.2,MOD-00613,25.2,2026-03-31T08:04:22,2026-03-31T01:04:22,https://api.quant-aq.com/v1/devices/MOD-00613/data/645220612
819.27,468.62,"{'lat': None, 'lon': None}","{'rh': 19.2, 'temp': 25.2, 'wd': 0.0, 'ws': 0.0, 'ws_scalar': 0.0}","{'gas': {'co': 13498, 'co2': 13260, 'no': 13586, 'no2': 13765, 'o3': 13745}, 'pm': {'pm1': 13200, 'pm10': 13202, 'pm25': 13201}}",2.34,8.87,31.52,0.91,0.93,0.93,645220761,19.2,MOD-00613,25.2,2026-03-31T08:03:22,2026-03-31T01:03:22,https://api.quant-aq.com/v1/devices/MOD-00613/data/645220610
814.76,459.83,"{'lat': None, 'lon': None}","{'rh': 19.2, 'temp': 25.2, 'wd': 0.0, 'ws': 0.0, 'ws_scalar': 0.0}","{'gas': {'co': 13498, 'co2': 13260, 'no': 13586, 'no2': 13765, 'o3': 13745}, 'pm': {'pm1': 13200, 'pm10': 13202, 'pm25': 13201}}",2.34,8.87,30.8,1.0,1.01,1.01,645220763,19.2,MOD-00613,25.2,2026-03-31T08:02:22,2026-03-31T01:02:22,https://api.quant-aq.com/v1/devices/MOD-00613/data/645220611
819.27,464.64,"{'lat': None, 'lon': None}","{'rh': 19.2, 'temp': 25.2, 'wd': 0.0, 'ws': 0.0, 'ws_scalar': 0.0}","{'gas': {'co': 13498, 'co2': 13260, 'no': 13586, 'no2': 13765, 'o3': 13745}, 'pm': {'pm1': 13200, 'pm10': 13202, 'pm25': 13201}}",2.34,8.87,30.8,0.88,0.88,0.88,645218050,19.2,MOD-00613,25.2,2026-03-31T08:01:22,2026-03-31T01:01:22,https://api.quant-aq.com/v1/devices/MOD-00613/data/645217898
821.32,461.51,"{'lat': None, 'lon': None}","{'rh': 19.2, 'temp': 25.2, 'wd': 0.0, 'ws': 0.0, 'ws_scalar': 0.0}","{'gas': {'co': 13498, 'co2': 13260, 'no': 13586, 'no2': 13765, 'o3': 13745}, 'pm': {'pm1': 13200, 'pm10': 13202, 'pm25': 13201}}",2.34,8.87,31.04,0.97,0.97,0.97,645218048,19.2,MOD-00613,25.2,2026-03-31T08:00:22,2026-03-31T01:00:22,https://api.quant-aq.com/v1/devices/MOD-00613/data/645217899
817.63,464.4,"{'lat': None, 'lon': None}","{'rh': 19.2, 'temp': 25.2, 'wd': 0.0, 'ws': 0.0, 'ws_scalar': 0.0}","{'gas': {'co': 13498, 'co2': 13260, 'no': 13586, 'no2': 13765, 'o3': 13745}, 'pm': {'pm1': 13200, 'pm10': 13202, 'pm25': 13201}}",2.34,8.87,31.04,0.77,0.79,0.79,645218047,19.2,MOD-00613,25.2,2026-03-31T07:59:22,2026-03-31T00:59:22,https://api.quant-aq.com/v1/devices/MOD-00613/data/645217896
819.27,465.73,"{'lat': None, 'lon': None}","{'rh': 19.2, 'temp': 25.2, 'wd': 0.0, 'ws': 0.0, 'ws_scalar': 0.0}","{'gas': {'co': 13498, 'co2': 13260, 'no': 13586, 'no2': 13765, 'o3': 13745}, 'pm': {'pm1': 13200, 'pm10': 13202, 'pm25': 13201}}",2.34,8.87,30.8,1.11,1.12,1.12,645218049,19.2,MOD-00613,25.2,2026-03-31T07:58:22,2026-03-31T00:58:22,https://api.quant-aq.com/v1/devices/MOD-00613/data/645217897
823.79,465.49,"{'lat': None, 'lon': None}","{'rh': 19.2, 'temp': 25.2, 'wd': 0.0, 'ws': 0.0, 'ws_scalar': 0.0}","{'gas': {'co': 13498, 'co2': 13260, 'no': 13586, 'no2': 13765, 'o3': 13745}, 'pm': {'pm1': 13200, 'pm10': 13202, 'pm25': 13201}}",2.34,8.87,31.04,0.92,0.93,0.93,645218046,19.2,MOD-00613,25.2,2026-03-31T07:57:22,2026-03-31T00:57:22,https://api.quant-aq.com/v1/devices/MOD-00613/data/645217895
817.63,466.45,"{'lat': None, 'lon': None}","{'rh': 19.2, 'temp': 25.2, 'wd': 0.0, 'ws': 0.0, 'ws_scalar': 0.0}","{'gas': {'co': 13498, 'co2': 13260, 'no': 13586, 'no2': 13765, 'o3': 13745}, 'pm': {'pm1': 13200, 'pm10': 13202, 'pm25': 13201}}",2.34,8.87,30.8,1.22,1.32,1.28,645215303,19.2,MOD-00613,25.2,2026-03-31T07:56:22,2026-03-31T00:56:22,https://api.quant-aq.com/v1/devices/MOD-00613/data/645215152
816.81,467.66,"{'lat': None, 'lon': None}","{'rh': 19.2, 'temp': 25.2, 'wd': 0.0, 'ws': 0.0, 'ws_scalar': 0.0}","{'gas': {'co': 13498, 'co2': 13260, 'no': 13586, 'no2': 13765, 'o3': 13745}, 'pm': {'pm1': 13200, 'pm10': 13202, 'pm25': 13201}}",2.34,8.87,30.56,0.84,1.01,0.92,645215299,19.2,MOD-00613,25.2,2026-03-31T07:55:22,2026-03-31T00:55:22,https://api.quant-aq.com/v1/devices/MOD-00613/data/645215148
816.81,465.73,"{'lat': None, 'lon': None}","{'rh': 19.2, 'temp': 25.2, 'wd': 0.0, 'ws': 0.0, 'ws_scalar': 0.0}","{'gas': {'co': 13498, 'co2': 13260, 'no': 13586, 'no2': 13765, 'o3': 13745}, 'pm': {'pm1': 13200, 'pm10': 13202, 'pm25': 13201}}",2.34,8.87,31.04,0.7,0.74,0.74,645215301,19.2,MOD-00613,25.2,2026-03-31T07:54:22,2026-03-31T00:54:22,https://api.quant-aq.com/v1/devices/MOD-00613/data/645215149
823.38,464.28,"{'lat': None, 'lon': None}","{'rh': 19.2, 'temp': 25.2, 'wd': 0.0, 'ws': 0.0, 'ws_scalar': 0.0}","{'gas': {'co': 13498, 'co2': 13260, 'no': 13586, 'no2': 13765, 'o3': 13745}, 'pm': {'pm1': 13200, 'pm10': 13202, 'pm25': 13201}}",2.34,8.87,31.04,0.99,1.01,1.01,645215300,19.2,MOD-00613,25.2,2026-03-31T07:53:22,2026-03-31T00:53:22,https://api.quant-aq.com/v1/devices/MOD-00613/data/645215150
817.22,463.44,"{'lat': None, 'lon': None}","{'rh': 19.2, 'temp': 25.2, 'wd': 0.0, 'ws': 0.0, 'ws_scalar': 0.0}","{'gas': {'co': 13498, 'co2': 13260, 'no': 13586, 'no2': 13765, 'o3': 13745}, 'pm': {'pm1': 13200, 'pm10': 13202, 'pm25': 13201}}",2.34,8.86,31.04,0.72,0.88,0.72,645215302,19.2,MOD-00613,25.2,2026-03-31T07:52:22,2026-03-31T00:52:22,https://api.quant-aq.com/v1/devices/MOD-00613/data/645215151
820.5,466.93,"{'lat': None, 'lon': None}","{'rh': 19.2, 'temp': 25.2, 'wd': 0.0, 'ws': 0.0, 'ws_scalar': 0.0}","{'gas': {'co': 13498, 'co2': 13260, 'no': 13586, 'no2': 13765, 'o3': 13745}, 'pm': {'pm1': 13200, 'pm10': 13202, 'pm25': 13201}}",2.34,8.87,31.04,1.15,1.18,1.18,645212512,19.2,MOD-00613,25.2,2026-03-31T07:51:22,2026-03-31T00:51:22,https://api.quant-aq.com/v1/devices/MOD-00613/data/645212361
817.63,464.52,"{'lat': None, 'lon': None}","{'rh': 19.2, 'temp': 25.2, 'wd': 0.0, 'ws': 0.0, 'ws_scalar': 0.0}","{'gas': {'co': 13498, 'co2': 13260, 'no': 13586, 'no2': 13765, 'o3': 13745}, 'pm': {'pm1': 13200, 'pm10': 13202, 'pm25': 13201}}",2.34,8.87,31.52,0.77,0.78,0.78,645212513,19.2,MOD-00613,25.2,2026-03-31T07:50:22,2026-03-31T00:50:22,https://api.quant-aq.com/v1/devices/MOD-00613/data/645212362
813.11,464.04,"{'lat': None, 'lon': None}","{'rh': 19.2, 'temp': 25.2, 'wd': 0.0, 'ws': 0.0, 'ws_scalar': 0.0}","{'gas': {'co': 13498, 'co2': 13260, 'no': 13586, 'no2': 13765, 'o3': 13745}, 'pm': {'pm1': 13200, 'pm10': 13202, 'pm25': 13201}}",2.34,8.87,30.8,0.91,0.91,0.91,645212514,19.2,MOD-00613,25.2,2026-03-31T07:49:22,2026-03-31T00:49:22,https://api.quant-aq.com/v1/devices/MOD-00613/data/645212363
818.45,464.89,"{'lat': None, 'lon': None}","{'rh': 19.2, 'temp': 25.2, 'wd': 0.0, 'ws': 0.0, 'ws_scalar': 0.0}","{'gas': {'co': 13498, 'co2': 13260, 'no': 13586, 'no2': 13765, 'o3': 13745}, 'pm': {'pm1': 13200, 'pm10': 13202, 'pm25': 13201}}",2.34,8.87,30.56,0.87,0.88,0.88,645212511,19.2,MOD-00613,25.2,2026-03-31T07:48:22,2026-03-31T00:48:22,https://api.quant-aq.com/v1/devices/MOD-00613/data/645212359
821.74,464.64,"{'lat': None, 'lon': None}","{'rh': 19.2, 'temp': 25.2, 'wd': 0.0, 'ws': 0.0, 'ws_scalar': 0.0}","{'gas': {'co': 13498, 'co2': 13260, 'no': 13586, 'no2': 13765, 'o3': 13745}, 'pm': {'pm1': 13200, 'pm10': 13202, 'pm25': 13201}}",2.34,8.87,31.28,0.76,0.76,0.76,645212510,19.2,MOD-00613,25.2,2026-03-31T07:47:22,2026-03-31T00:47:22,https://api.quant-aq.com/v1/devices/MOD-00613/data/645212360
822.56,466.93,"{'lat': None, 'lon': None}","{'rh': 19.2, 'temp': 25.2, 'wd': 0.0, 'ws': 0.0, 'ws_scalar': 0.0}","{'gas': {'co': 13498, 'co2': 13260, 'no': 13586, 'no2': 13765, 'o3': 13745}, 'pm': {'pm1': 13200, 'pm10': 13202, 'pm25': 13201}}",2.34,8.87,31.04,0.88,0.94,0.94,645209732,19.2,MOD-00613,25.2,2026-03-31T07:46:22,2026-03-31T00:46:22,https://api.quant-aq.com/v1/devices/MOD-00613/data/645209580
818.45,464.52,"{'lat': None, 'lon': None}","{'rh': 19.2, 'temp': 25.2, 'wd': 0.0, 'ws': 0.0, 'ws_scalar': 0.0}","{'gas': {'co': 13498, 'co2': 13260, 'no': 13586, 'no2': 13765, 'o3': 13745}, 'pm': {'pm1': 13200, 'pm10': 13202, 'pm25': 13201}}",2.34,8.87,31.28,1.07,1.08,1.08,645209730,19.2,MOD-00613,25.2,2026-03-31T07:45:22,2026-03-31T00:45:22,https://api.quant-aq.com/v1/devices/MOD-00613/data/645209579
816.4,464.4,"{'lat': None, 'lon': None}","{'rh': 19.2, 'temp': 25.2, 'wd': 0.0, 'ws': 0.0, 'ws_scalar': 0.0}","{'gas': {'co': 13498, 'co2': 13260, 'no': 13586, 'no2': 13765, 'o3': 13745}, 'pm': {'pm1': 13200, 'pm10': 13202, 'pm25': 13201}}",2.34,8.87,30.8,1.03,1.06,1.06,645209728,19.2,MOD-00613,25.2,2026-03-31T07:44:22,2026-03-31T00:44:22,https://api.quant-aq.com/v1/devices/MOD-00613/data/645209577
820.5,463.92,"{'lat': None, 'lon': None}","{'rh': 19.2, 'temp': 25.2, 'wd': 0.0, 'ws': 0.0, 'ws_scalar': 0.0}","{'gas': {'co': 13498, 'co2': 13260, 'no': 13586, 'no2': 13765, 'o3': 13745}, 'pm': {'pm1': 13200, 'pm10': 13202, 'pm25': 13201}}",2.34,8.87,30.8,0.82,0.86,0.86,645209731,19.2,MOD-00613,25.2,2026-03-31T07:43:22,2026-03-31T00:43:22,https://api.quant-aq.com/v1/devices/MOD-00613/data/645209581
814.76,463.2,"{'lat': None, 'lon': None}","{'rh': 19.2, 'temp': 25.2, 'wd': 0.0, 'ws': 0.0, 'ws_scalar': 0.0}","{'gas': {'co': 13498, 'co2': 13260, 'no': 13586, 'no2': 13765, 'o3': 13745}, 'pm': {'pm1': 13200, 'pm10': 13202, 'pm25': 13201}}",2.34,8.87,31.04,0.91,0.94,0.94,645209729,19.2,MOD-00613,25.2,2026-03-31T07:42:22,2026-03-31T00:42:22,https://api.quant-aq.com/v1/devices/MOD-00613/data/645209578
818.45,463.08,"{'lat': None, 'lon': None}","{'rh': 19.2, 'temp': 25.2, 'wd': 0.0, 'ws': 0.0, 'ws_scalar': 0.0}","{'gas': {'co': 13498, 'co2': 13260, 'no': 13586, 'no2': 13765, 'o3': 13745}, 'pm': {'pm1': 13200, 'pm10': 13202, 'pm25': 13201}}",2.34,8.87,31.04,1.03,1.05,1.05,645207012,19.2,MOD-00613,25.2,2026-03-31T07:41:22,2026-03-31T00:41:22,https://api.quant-aq.com/v1/devices/MOD-00613/data/645206861
822.15,465.49,"{'lat': None, 'lon': None}","{'rh': 19.2, 'temp': 25.2, 'wd': 0.0, 'ws': 0.0, 'ws_scalar': 0.0}","{'gas': {'co': 13498, 'co2': 13260, 'no': 13586, 'no2': 13765, 'o3': 13745}, 'pm': {'pm1': 13200, 'pm10': 13202, 'pm25': 13201}}",2.34,8.87,30.8,1.21,1.21,1.21,645207013,19.2,MOD-00613,25.2,2026-03-31T07:40:22,2026-03-31T00:40:22,https://api.quant-aq.com/v1/devices/MOD-00613/data/645206862
818.86,464.16,"{'lat': None, 'lon': None}","{'rh': 19.2, 'temp': 25.2, 'wd': 0.0, 'ws': 0.0, 'ws_scalar': 0.0}","{'gas': {'co': 13498, 'co2': 13260, 'no': 13586, 'no2': 13765, 'o3': 13745}, 'pm': {'pm1': 13200, 'pm10': 13202, 'pm25': 13201}}",2.34,8.87,31.04,1.39,1.4,1.4,645207010,19.2,MOD-00613,25.2,2026-03-31T07:39:20,2026-03-31T00:39:20,https://api.quant-aq.com/v1/devices/MOD-00613/data/645206859
818.86,466.57,"{'lat': None, 'lon': None}","{'rh': 19.2, 'temp': 25.2, 'wd': 0.0, 'ws': 0.0, 'ws_scalar': 0.0}","{'gas': {'co': 13498, 'co2': 13260, 'no': 13586, 'no2': 13765, 'o3': 13745}, 'pm': {'pm1': 13200, 'pm10': 13202, 'pm25': 13201}}",2.34,8.87,31.52,0.89,0.91,0.91,645207005,19.2,MOD-00613,25.2,2026-03-31T07:38:20,2026-03-31T00:38:20,https://api.quant-aq.com/v1/devices/MOD-00613/data/645206854
820.09,463.44,"{'lat': None, 'lon': None}","{'rh': 19.2, 'temp': 25.2, 'wd': 0.0, 'ws': 0.0, 'ws_scalar': 0.0}","{'gas': {'co': 13498, 'co2': 13260, 'no': 13586, 'no2': 13765, 'o3': 13745}, 'pm': {'pm1': 13200, 'pm10': 13202, 'pm25': 13201}}",2.34,8.87,30.8,0.71,0.73,0.73,645207007,19.2,MOD-00613,25.2,2026-03-31T07:37:20,2026-03-31T00:37:20,https://api.quant-aq.com/v1/devices/MOD-00613/data/645206855
818.86,464.04,"{'lat': None, 'lon': None}","{'rh': 19.2, 'temp': 25.2, 'wd': 0.0, 'ws': 0.0, 'ws_scalar': 0.0}","{'gas': {'co': 13498, 'co2': 13260, 'no': 13586, 'no2': 13765, 'o3': 13745}, 'pm': {'pm1': 13200, 'pm10': 13202, 'pm25': 13201}}",2.34,8.87,31.28,0.68,0.75,0.71,645204281,19.2,MOD-00613,25.2,2026-03-31T07:36:20,2026-03-31T00:36:20,https://api.quant-aq.com/v1/devices/MOD-00613/data/645204131
819.68,463.92,"{'lat': None, 'lon': None}","{'rh': 19.2, 'temp': 25.2, 'wd': 0.0, 'ws': 0.0, 'ws_scalar': 0.0}","{'gas': {'co': 13498, 'co2': 13260, 'no': 13586, 'no2': 13765, 'o3': 13745}, 'pm': {'pm1': 13200, 'pm10': 13202, 'pm25': 13201}}",2.34,8.88,30.8,0.86,0.9,0.9,645204282,19.2,MOD-00613,25.2,2026-03-31T07:35:20,2026-03-31T00:35:20,https://api.quant-aq.com/v1/devices/MOD-00613/data/645204130
819.68,465.49,"{'lat': None, 'lon': None}","{'rh': 19.2, 'temp': 25.2, 'wd': 0.0, 'ws': 0.0, 'ws_scalar': 0.0}","{'gas': {'co': 13498, 'co2': 13260, 'no': 13586, 'no2': 13765, 'o3': 13745}, 'pm': {'pm1': 13200, 'pm10': 13202, 'pm25': 13201}}",2.34,8.87,31.04,0.8,0.81,0.81,645204280,19.2,MOD-00613,25.2,2026-03-31T07:34:20,2026-03-31T00:34:20,https://api.quant-aq.com/v1/devices/MOD-00613/data/645204129
817.22,464.89,"{'lat': None, 'lon': None}","{'rh': 19.2, 'temp': 25.2, 'wd': 0.0, 'ws': 0.0, 'ws_scalar': 0.0}","{'gas': {'co': 13498, 'co2': 13260, 'no': 13586, 'no2': 13765, 'o3': 13745}, 'pm': {'pm1': 13200, 'pm10': 13202, 'pm25': 13201}}",2.34,8.87,31.04,0.87,0.92,0.92,645204278,19.2,MOD-00613,25.2,2026-03-31T07:33:20,2026-03-31T00:33:20,https://api.quant-aq.com/v1/devices/MOD-00613/data/645204127
818.04,465.37,"{'lat': None, 'lon': None}","{'rh': 19.2, 'temp': 25.2, 'wd': 0.0, 'ws': 0.0, 'ws_scalar': 0.0}","{'gas': {'co': 13498, 'co2': 13260, 'no': 13586, 'no2': 13765, 'o3': 13745}, 'pm': {'pm1': 13200, 'pm10': 13202, 'pm25': 13201}}",2.34,8.87,30.56,0.9,0.94,0.94,645204279,19.2,MOD-00613,25.2,2026-03-31T07:32:20,2026-03-31T00:32:20,https://api.quant-aq.com/v1/devices/MOD-00613/data/645204128
821.32,463.2,"{'lat': None, 'lon': None}","{'rh': 19.2, 'temp': 25.2, 'wd': 0.0, 'ws': 0.0, 'ws_scalar': 0.0}","{'gas': {'co': 13498, 'co2': 13260, 'no': 13586, 'no2': 13765, 'o3': 13745}, 'pm': {'pm1': 13200, 'pm10': 13202, 'pm25': 13201}}",2.34,8.87,31.04,1.06,1.07,1.07,645201480,19.2,MOD-00613,25.2,2026-03-31T07:31:20,2026-03-31T00:31:20,https://api.quant-aq.com/v1/devices/MOD-00613/data/645201329
827.89,467.17,"{'lat': None, 'lon': None}","{'rh': 19.2, 'temp': 25.2, 'wd': 0.0, 'ws': 0.0, 'ws_scalar': 0.0}","{'gas': {'co': 13498, 'co2': 13260, 'no': 13586, 'no2': 13765, 'o3': 13745}, 'pm': {'pm1': 13200, 'pm10': 13202, 'pm25': 13201}}",2.34,8.87,30.8,1.14,1.18,1.18,645201479,19.2,MOD-00613,25.2,2026-03-31T07:30:20,2026-03-31T00:30:20,https://api.quant-aq.com/v1/devices/MOD-00613/data/645201328
822.15,465.37,"{'lat': None, 'lon': None}","{'rh': 19.2, 'temp': 25.2, 'wd': 0.0, 'ws': 0.0, 'ws_scalar': 0.0}","{'gas': {'co': 13498, 'co2': 13260, 'no': 13586, 'no2': 13765, 'o3': 13745}, 'pm': {'pm1': 13200, 'pm10': 13202, 'pm25': 13201}}",2.34,8.87,31.52,1.08,1.11,1.11,645201482,19.2,MOD-00613,25.2,2026-03-31T07:29:20,2026-03-31T00:29:20,https://api.quant-aq.com/v1/devices/MOD-00613/data/645201331
819.68,464.64,"{'lat': None, 'lon': None}","{'rh': 19.2, 'temp': 25.2, 'wd': 0.0, 'ws': 0.0, 'ws_scalar': 0.0}","{'gas': {'co': 13498, 'co2': 13260, 'no': 13586, 'no2': 13765, 'o3': 13745}, 'pm': {'pm1': 13200, 'pm10': 13202, 'pm25': 13201}}",2.34,8.88,31.04,0.86,0.87,0.87,645201481,19.2,MOD-00613,25.2,2026-03-31T07:28:20,2026-03-31T00:28:20,https://api.quant-aq.com/v1/devices/MOD-00613/data/645201330
816.4,465.61,"{'lat': None, 'lon': None}","{'rh': 19.2, 'temp': 25.2, 'wd': 0.0, 'ws': 0.0, 'ws_scalar': 0.0}","{'gas': {'co': 13498, 'co2': 13260, 'no': 13586, 'no2': 13765, 'o3': 13745}, 'pm': {'pm1': 13200, 'pm10': 13202, 'pm25': 13201}}",2.34,8.88,30.8,0.75,0.76,0.76,645201478,19.2,MOD-00613,25.2,2026-03-31T07:27:20,2026-03-31T00:27:20,https://api.quant-aq.com/v1/devices/MOD-00613/data/645201327
823.79,466.21,"{'lat': None, 'lon': None}","{'rh': 19.2, 'temp': 25.2, 'wd': 0.0, 'ws': 0.0, 'ws_scalar': 0.0}","{'gas': {'co': 13498, 'co2': 13260, 'no': 13586, 'no2': 13765, 'o3': 13745}, 'pm': {'pm1': 13200, 'pm10': 13202, 'pm25': 13201}}",2.34,8.87,31.04,1.02,1.12,1.08,645198683,19.2,MOD-00613,25.2,2026-03-31T07:26:20,2026-03-31T00:26:20,https://api.quant-aq.com/v1/devices/MOD-00613/data/645198533
821.32,465.85,"{'lat': None, 'lon': None}","{'rh': 19.2, 'temp': 25.2, 'wd': 0.0, 'ws': 0.0, 'ws_scalar': 0.0}","{'gas': {'co': 13498, 'co2': 13260, 'no': 13586, 'no2': 13765, 'o3': 13745}, 'pm': {'pm1': 13200, 'pm10': 13202, 'pm25': 13201}}",2.34,8.87,31.04,1.09,1.1,1.1,645198684,19.2,MOD-00613,25.2,2026-03-31T07:25:20,2026-03-31T00:25:20,https://api.quant-aq.com/v1/devices/MOD-00613/data/645198532
820.09,465.49,"{'lat': None, 'lon': None}","{'rh': 19.2, 'temp': 25.2, 'wd': 0.0, 'ws': 0.0, 'ws_scalar': 0.0}","{'gas': {'co': 13498, 'co2': 13260, 'no': 13586, 'no2': 13765, 'o3': 13745}, 'pm': {'pm1': 13200, 'pm10': 13202, 'pm25': 13201}}",2.34,8.87,31.28,1.0,1.07,1.07,645198681,19.2,MOD-00613,25.2,2026-03-31T07:24:20,2026-03-31T00:24:20,https://api.quant-aq.com/v1/devices/MOD-00613/data/645198530
818.04,465.13,"{'lat': None, 'lon': None}","{'rh': 19.2, 'temp': 25.2, 'wd': 0.0, 'ws': 0.0, 'ws_scalar': 0.0}","{'gas': {'co': 13498, 'co2': 13260, 'no': 13586, 'no2': 13765, 'o3': 13745}, 'pm': {'pm1': 13200, 'pm10': 13202, 'pm25': 13201}}",2.34,8.87,30.56,0.93,0.93,0.93,645198685,19.2,MOD-00613,25.2,2026-03-31T07:23:20,2026-03-31T00:23:20,https://api.quant-aq.com/v1/devices/MOD-00613/data/645198534
821.74,464.89,"{'lat': None, 'lon': None}","{'rh': 19.2, 'temp': 25.2, 'wd': 0.0, 'ws': 0.0, 'ws_scalar': 0.0}","{'gas': {'co': 13498, 'co2': 13260, 'no': 13586, 'no2': 13765, 'o3': 13745}, 'pm': {'pm1': 13200, 'pm10': 13202, 'pm25': 13201}}",2.34,8.88,31.04,0.83,0.84,0.84,645198682,19.2,MOD-00613,25.2,2026-03-31T07:22:20,2026-03-31T00:22:20,https://api.quant-aq.com/v1/devices/MOD-00613/data/645198531
822.15,465.13,"{'lat': None, 'lon': None}","{'rh': 19.2, 'temp': 25.2, 'wd': 0.0, 'ws': 0.0, 'ws_scalar': 0.0}","{'gas': {'co': 13498, 'co2': 13260, 'no': 13586, 'no2': 13765, 'o3': 13745}, 'pm': {'pm1': 13200, 'pm10': 13202, 'pm25': 13201}}",2.34,8.87,30.8,0.97,1.12,0.97,645195971,19.2,MOD-00613,25.2,2026-03-31T07:21:20,2026-03-31T00:21:20,https://api.quant-aq.com/v1/devices/MOD-00613/data/645195820
817.63,465.37,"{'lat': None, 'lon': None}","{'rh': 19.2, 'temp': 25.2, 'wd': 0.0, 'ws': 0.0, 'ws_scalar': 0.0}","{'gas': {'co': 13498, 'co2': 13260, 'no': 13586, 'no2': 13765, 'o3': 13745}, 'pm': {'pm1': 13200, 'pm10': 13202, 'pm25': 13201}}",2.34,8.87,30.8,0.92,0.93,0.93,645195968,19.2,MOD-00613,25.2,2026-03-31T07:20:20,2026-03-31T00:20:20,https://api.quant-aq.com/v1/devices/MOD-00613/data/645195818
821.22,465.01,"{'lat': None, 'lon': None}","{'rh': 19.2, 'temp': 25.1, 'wd': 0.0, 'ws': 0.0, 'ws_scalar': 0.0}","{'gas': {'co': 13498, 'co2': 13260, 'no': 13586, 'no2': 13765, 'o3': 13745}, 'pm': {'pm1': 13200, 'pm10': 13202, 'pm25': 13201}}",2.34,8.88,31.26,0.67,0.68,0.68,645195970,19.2,MOD-00613,25.1,2026-03-31T07:19:20,2026-03-31T00:19:20,https://api.quant-aq.com/v1/devices/MOD-00613/data/645195819
824.09,465.49,"{'lat': None, 'lon': None}","{'rh': 19.2, 'temp': 25.1, 'wd': 0.0, 'ws': 0.0, 'ws_scalar': 0.0}","{'gas': {'co': 13498, 'co2': 13260, 'no': 13586, 'no2': 13765, 'o3': 13745}, 'pm': {'pm1': 13200, 'pm10': 13202, 'pm25': 13201}}",2.34,8.88,31.26,1.27,1.32,1.32,645195972,19.2,MOD-00613,25.1,2026-03-31T07:18:20,2026-03-31T00:18:20,https://api.quant-aq.com/v1/devices/MOD-00613/data/645195821
821.32,466.93,"{'lat': None, 'lon': None}","{'rh': 19.2, 'temp': 25.2, 'wd': 0.0, 'ws': 0.0, 'ws_scalar': 0.0}","{'gas': {'co': 13498, 'co2': 13260, 'no': 13586, 'no2': 13765, 'o3': 13745}, 'pm': {'pm1': 13200, 'pm10': 13202, 'pm25': 13201}}",2.34,8.88,31.04,0.95,0.98,0.98,645195969,19.2,MOD-00613,25.2,2026-03-31T07:17:20,2026-03-31T00:17:20,https://api.quant-aq.com/v1/devices/MOD-00613/data/645195817
820.4,464.64,"{'lat': None, 'lon': None}","{'rh': 19.2, 'temp': 25.1, 'wd': 0.0, 'ws': 0.0, 'ws_scalar': 0.0}","{'gas': {'co': 13498, 'co2': 13260, 'no': 13586, 'no2': 13765, 'o3': 13745}, 'pm': {'pm1': 13200, 'pm10': 13202, 'pm25': 13201}}",2.34,8.88,31.02,0.75,0.76,0.76,645193224,19.2,MOD-00613,25.1,2026-03-31T07:16:20,2026-03-31T00:16:20,https://api.quant-aq.com/v1/devices/MOD-00613/data/645193073
826.14,465.37,"{'lat': None, 'lon': None}","{'rh': 19.2, 'temp': 25.1, 'wd': 0.0, 'ws': 0.0, 'ws_scalar': 0.0}","{'gas': {'co': 13498, 'co2': 13260, 'no': 13586, 'no2': 13765, 'o3': 13745}, 'pm': {'pm1': 13200, 'pm10': 13202, 'pm25': 13201}}",2.34,8.88,31.26,0.92,0.94,0.94,645193225,19.2,MOD-00613,25.1,2026-03-31T07:15:20,2026-03-31T00:15:20,https://api.quant-aq.com/v1/devices/MOD-00613/data/645193074
820.4,468.62,"{'lat': None, 'lon': None}","{'rh': 19.2, 'temp': 25.1, 'wd': 0.0, 'ws': 0.0, 'ws_scalar': 0.0}","{'gas': {'co': 13498, 'co2': 13260, 'no': 13586, 'no2': 13765, 'o3': 13745}, 'pm': {'pm1': 13200, 'pm10': 13202, 'pm25': 13201}}",2.34,8.88,31.02,0.88,0.89,0.89,645193223,19.2,MOD-00613,25.1,2026-03-31T07:14:20,2026-03-31T00:14:20,https://api.quant-aq.com/v1/devices/MOD-00613/data/645193072
824.5,465.85,"{'lat': None, 'lon': None}","{'rh': 19.2, 'temp': 25.1, 'wd': 0.0, 'ws': 0.0, 'ws_scalar': 0.0}","{'gas': {'co': 13498, 'co2': 13260, 'no': 13586, 'no2': 13765, 'o3': 13745}, 'pm': {'pm1': 13200, 'pm10': 13202, 'pm25': 13201}}",2.34,8.88,30.78,1.21,1.23,1.23,645193226,19.2,MOD-00613,25.1,2026-03-31T07:13:20,2026-03-31T00:13:20,https://api.quant-aq.com/v1/devices/MOD-00613/data/645193075
821.22,465.85,"{'lat': None, 'lon': None}","{'rh': 19.2, 'temp': 25.1, 'wd': 0.0, 'ws': 0.0, 'ws_scalar': 0.0}","{'gas': {'co': 13498, 'co2': 13260, 'no': 13586, 'no2': 13765, 'o3': 13745}, 'pm': {'pm1': 13200, 'pm10': 13202, 'pm25': 13201}}",2.34,8.88,30.78,1.01,1.05,1.05,645193220,19.2,MOD-00613,25.1,2026-03-31T07:12:20,2026-03-31T00:12:20,https://api.quant-aq.com/v1/devices/MOD-00613/data/645193070
821.22,466.81,"{'lat': None, 'lon': None}","{'rh': 19.2, 'temp': 25.1, 'wd': 0.0, 'ws': 0.0, 'ws_scalar': 0.0}","{'gas': {'co': 13498, 'co2': 13260, 'no': 13586, 'no2': 13765, 'o3': 13745}, 'pm': {'pm1': 13200, 'pm10': 13202, 'pm25': 13201}}",2.34,8.88,30.78,1.01,1.08,1.08,645190415,19.2,MOD-00613,25.1,2026-03-31T07:11:20,2026-03-31T00:11:20,https://api.quant-aq.com/v1/devices/MOD-00613/data/645190264
822.04,466.69,"{'lat': None, 'lon': None}","{'rh': 19.2, 'temp': 25.1, 'wd': 0.0, 'ws': 0.0, 'ws_scalar': 0.0}","{'gas': {'co': 13498, 'co2': 13260, 'no': 13586, 'no2': 13765, 'o3': 13745}, 'pm': {'pm1': 13200, 'pm10': 13202, 'pm25': 13201}}",2.34,8.88,31.26,0.86,0.89,0.89,645190412,19.2,MOD-00613,25.1,2026-03-31T07:10:20,2026-03-31T00:10:20,https://api.quant-aq.com/v1/devices/MOD-00613/data/645190261
823.68,468.62,"{'lat': None, 'lon': None}","{'rh': 19.2, 'temp': 25.1, 'wd': 0.0, 'ws': 0.0, 'ws_scalar': 0.0}","{'gas': {'co': 13498, 'co2': 13260, 'no': 13586, 'no2': 13765, 'o3': 13745}, 'pm': {'pm1': 13200, 'pm10': 13202, 'pm25': 13201}}",2.34,8.88,31.26,0.93,1.17,0.96,645190414,19.2,MOD-00613,25.1,2026-03-31T07:09:20,2026-03-31T00:09:20,https://api.quant-aq.com/v1/devices/MOD-00613/data/645190263
822.45,465.01,"{'lat': None, 'lon': None}","{'rh': 19.2, 'temp': 25.1, 'wd': 0.0, 'ws': 0.0, 'ws_scalar': 0.0}","{'gas': {'co': 13498, 'co2': 13260, 'no': 13586, 'no2': 13765, 'o3': 13745}, 'pm': {'pm1': 13200, 'pm10': 13202, 'pm25': 13201}}",2.34,8.88,31.26,1.07,1.09,1.09,645190416,19.2,MOD-00613,25.1,2026-03-31T07:08:20,2026-03-31T00:08:20,https://api.quant-aq.com/v1/devices/MOD-00613/data/645190265
822.79,468.5,"{'lat': None, 'lon': None}","{'rh': 19.3, 'temp': 25.1, 'wd': 0.0, 'ws': 0.0, 'ws_scalar': 0.0}","{'gas': {'co': 13498, 'co2': 13260, 'no': 13586, 'no2': 13765, 'o3': 13745}, 'pm': {'pm1': 13200, 'pm10': 13202, 'pm25': 13201}}",2.34,8.87,31.47,1.03,1.07,1.07,645190413,19.3,MOD-00613,25.1,2026-03-31T07:07:20,2026-03-31T00:07:20,https://api.quant-aq.com/v1/devices/MOD-00613/data/645190262
820.81,470.43,"{'lat': None, 'lon': None}","{'rh': 19.2, 'temp': 25.1, 'wd': 0.0, 'ws': 0.0, 'ws_scalar': 0.0}","{'gas': {'co': 13498, 'co2': 13260, 'no': 13586, 'no2': 13765, 'o3': 13745}, 'pm': {'pm1': 13200, 'pm10': 13202, 'pm25': 13201}}",2.34,8.88,31.26,0.84,0.9,0.86,645187601,19.2,MOD-00613,25.1,2026-03-31T07:06:20,2026-03-31T00:06:20,https://api.quant-aq.com/v1/devices/MOD-00613/data/645187450
821.56,469.1,"{'lat': None, 'lon': None}","{'rh': 19.3, 'temp': 25.1, 'wd': 0.0, 'ws': 0.0, 'ws_scalar': 0.0}","{'gas': {'co': 13498, 'co2': 13260, 'no': 13586, 'no2': 13765, 'o3': 13745}, 'pm': {'pm1': 13200, 'pm10': 13202, 'pm25': 13201}}",2.34,8.87,30.99,0.97,1.0,1.0,645187600,19.3,MOD-00613,25.1,2026-03-31T07:05:20,2026-03-31T00:05:20,https://api.quant-aq.com/v1/devices/MOD-00613/data/645187449
819.09,465.13,"{'lat': None, 'lon': None}","{'rh': 19.3, 'temp': 25.1, 'wd': 0.0, 'ws': 0.0, 'ws_scalar': 0.0}","{'gas': {'co': 13498, 'co2': 13260, 'no': 13586, 'no2': 13765, 'o3': 13745}, 'pm': {'pm1': 13200, 'pm10': 13202, 'pm25': 13201}}",2.34,8.87,30.99,0.75,0.8,0.8,645187602,19.3,MOD-00613,25.1,2026-03-31T07:04:20,2026-03-31T00:04:20,https://api.quant-aq.com/v1/devices/MOD-00613/data/645187451
828.2,467.78,"{'lat': None, 'lon': None}","{'rh': 19.2, 'temp': 25.1, 'wd': 0.0, 'ws': 0.0, 'ws_scalar': 0.0}","{'gas': {'co': 13498, 'co2': 13260, 'no': 13586, 'no2': 13765, 'o3': 13745}, 'pm': {'pm1': 13200, 'pm10': 13202, 'pm25': 13201}}",2.34,8.88,30.78,1.04,1.14,1.1,645187598,19.2,MOD-00613,25.1,2026-03-31T07:03:20,2026-03-31T00:03:20,https://api.quant-aq.com/v1/devices/MOD-00613/data/645187447
828.12,465.85,"{'lat': None, 'lon': None}","{'rh': 19.3, 'temp': 25.1, 'wd': 0.0, 'ws': 0.0, 'ws_scalar': 0.0}","{'gas': {'co': 13498, 'co2': 13260, 'no': 13586, 'no2': 13765, 'o3': 13745}, 'pm': {'pm1': 13200, 'pm10': 13202, 'pm25': 13201}}",2.34,8.87,31.23,0.82,0.84,0.84,645187599,19.3,MOD-00613,25.1,2026-03-31T07:02:20,2026-03-31T00:02:20,https://api.quant-aq.com/v1/devices/MOD-00613/data/645187448
825.25,468.14,"{'lat': None, 'lon': None}","{'rh': 19.3, 'temp': 25.1, 'wd': 0.0, 'ws': 0.0, 'ws_scalar': 0.0}","{'gas': {'co': 13498, 'co2': 13260, 'no': 13586, 'no2': 13765, 'o3': 13745}, 'pm': {'pm1': 13200, 'pm10': 13202, 'pm25': 13201}}",2.34,8.87,31.23,0.72,0.73,0.73,645184864,19.3,MOD-00613,25.1,2026-03-31T07:01:20,2026-03-31T00:01:20,https://api.quant-aq.com/v1/devices/MOD-00613/data/645184712
822.38,468.74,"{'lat': None, 'lon': None}","{'rh': 19.3, 'temp': 25.1, 'wd': 0.0, 'ws': 0.0, 'ws_scalar': 0.0}","{'gas': {'co': 13498, 'co2': 13260, 'no': 13586, 'no2': 13765, 'o3': 13745}, 'pm': {'pm1': 13200, 'pm10': 13202, 'pm25': 13201}}",2.34,8.88,30.99,1.09,1.13,1.13,645184862,19.3,MOD-00613,25.1,2026-03-31T07:00:20,2026-03-31T00:00:20,https://api.quant-aq.com/v1/devices/MOD-00613/data/645184711
820.74,468.26,"{'lat': None, 'lon': None}","{'rh': 19.3, 'temp': 25.1, 'wd': 0.0, 'ws': 0.0, 'ws_scalar': 0.0}","{'gas': {'co': 13498, 'co2': 13260, 'no': 13586, 'no2': 13765, 'o3': 13745}, 'pm': {'pm1': 13200, 'pm10': 13202, 'pm25': 13201}}",2.34,8.88,30.99,0.92,0.99,0.95,645184861,19.3,MOD-00613,25.1,2026-03-31T06:59:20,2026-03-30T23:59:20,https://api.quant-aq.com/v1/devices/MOD-00613/data/645184710
821.97,468.62,"{'lat': None, 'lon': None}","{'rh': 19.3, 'temp': 25.1, 'wd': 0.0, 'ws': 0.0, 'ws_scalar': 0.0}","{'gas': {'co': 13498, 'co2': 13260, 'no': 13586, 'no2': 13765, 'o3': 13745}, 'pm': {'pm1': 13200, 'pm10': 13202, 'pm25': 13201}}",2.34,8.87,31.23,1.0,1.07,1.03,645184860,19.3,MOD-00613,25.1,2026-03-31T06:58:20,2026-03-30T23:58:20,https://api.quant-aq.com/v1/devices/MOD-00613/data/645184709
822.38,468.74,"{'lat': None, 'lon': None}","{'rh': 19.3, 'temp': 25.1, 'wd': 0.0, 'ws': 0.0, 'ws_scalar': 0.0}","{'gas': {'co': 13498, 'co2': 13260, 'no': 13586, 'no2': 13765, 'o3': 13745}, 'pm': {'pm1': 13200, 'pm10': 13202, 'pm25': 13201}}",2.34,8.87,30.74,1.04,1.05,1.05,645184859,19.3,MOD-00613,25.1,2026-03-31T06:57:20,2026-03-30T23:57:20,https://api.quant-aq.com/v1/devices/MOD-00613/data/645184708
820.74,468.74,"{'lat': None, 'lon': None}","{'rh': 19.3, 'temp': 25.1, 'wd': 0.0, 'ws': 0.0, 'ws_scalar': 0.0}","{'gas': {'co': 13498, 'co2': 13260, 'no': 13586, 'no2': 13765, 'o3': 13745}, 'pm': {'pm1': 13200, 'pm10': 13202, 'pm25': 13201}}",2.34,8.87,30.99,1.11,1.11,1.11,645182151,19.3,MOD-00613,25.1,2026-03-31T06:56:20,2026-03-30T23:56:20,https://api.quant-aq.com/v1/devices/MOD-00613/data/645182000
825.25,467.78,"{'lat': None, 'lon': None}","{'rh': 19.3, 'temp': 25.1, 'wd': 0.0, 'ws': 0.0, 'ws_scalar': 0.0}","{'gas': {'co': 13498, 'co2': 13260, 'no': 13586, 'no2': 13765, 'o3': 13745}, 'pm': {'pm1': 13200, 'pm10': 13202, 'pm25': 13201}}",2.34,8.87,31.71,1.28,1.3,1.3,645182152,19.3,MOD-00613,25.1,2026-03-31T06:55:20,2026-03-30T23:55:20,https://api.quant-aq.com/v1/devices/MOD-00613/data/645182001
826.48,470.19,"{'lat': None, 'lon': None}","{'rh': 19.3, 'temp': 25.1, 'wd': 0.0, 'ws': 0.0, 'ws_scalar': 0.0}","{'gas': {'co': 13498, 'co2': 13260, 'no': 13586, 'no2': 13765, 'o3': 13745}, 'pm': {'pm1': 13200, 'pm10': 13202, 'pm25': 13201}}",2.34,8.87,30.99,1.1,1.21,1.17,645182149,19.3,MOD-00613,25.1,2026-03-31T06:54:20,2026-03-30T23:54:20,https://api.quant-aq.com/v1/devices/MOD-00613/data/645181998
824.02,468.02,"{'lat': None, 'lon': None}","{'rh': 19.3, 'temp': 25.1, 'wd': 0.0, 'ws': 0.0, 'ws_scalar': 0.0}","{'gas': {'co': 13498, 'co2': 13260, 'no': 13586, 'no2': 13765, 'o3': 13745}, 'pm': {'pm1': 13200, 'pm10': 13202, 'pm25': 13201}}",2.34,8.87,31.23,0.86,0.89,0.89,645182150,19.3,MOD-00613,25.1,2026-03-31T06:53:20,2026-03-30T23:53:20,https://api.quant-aq.com/v1/devices/MOD-00613/data/645181999
826.89,467.29,"{'lat': None, 'lon': None}","{'rh': 19.3, 'temp': 25.1, 'wd': 0.0, 'ws': 0.0, 'ws_scalar': 0.0}","{'gas': {'co': 13498, 'co2': 13260, 'no': 13586, 'no2': 13765, 'o3': 13745}, 'pm': {'pm1': 13200, 'pm10': 13202, 'pm25': 13201}}",2.34,8.87,31.23,0.98,1.06,1.01,645182153,19.3,MOD-00613,25.1,2026-03-31T06:52:20,2026-03-30T23:52:20,https://api.quant-aq.com/v1/devices/MOD-00613/data/645182002
823.2,467.17,"{'lat': None, 'lon': None}","{'rh': 19.3, 'temp': 25.1, 'wd': 0.0, 'ws': 0.0, 'ws_scalar': 0.0}","{'gas': {'co': 13498, 'co2': 13260, 'no': 13586, 'no2': 13765, 'o3': 13745}, 'pm': {'pm1': 13200, 'pm10': 13202, 'pm25': 13201}}",2.34,8.87,30.99,1.17,1.22,1.22,645179385,19.3,MOD-00613,25.1,2026-03-31T06:51:20,2026-03-30T23:51:20,https://api.quant-aq.com/v1/devices/MOD-00613/data/645179233
820.74,468.62,"{'lat': None, 'lon': None}","{'rh': 19.3, 'temp': 25.1, 'wd': 0.0, 'ws': 0.0, 'ws_scalar': 0.0}","{'gas': {'co': 13498, 'co2': 13260, 'no': 13586, 'no2': 13765, 'o3': 13745}, 'pm': {'pm1': 13200, 'pm10': 13202, 'pm25': 13201}}",2.34,8.87,30.99,0.86,0.88,0.88,645179381,19.3,MOD-00613,25.1,2026-03-31T06:50:20,2026-03-30T23:50:20,https://api.quant-aq.com/v1/devices/MOD-00613/data/645179230
826.48,468.02,"{'lat': None, 'lon': None}","{'rh': 19.3, 'temp': 25.1, 'wd': 0.0, 'ws': 0.0, 'ws_scalar': 0.0}","{'gas': {'co': 13498, 'co2': 13260, 'no': 13586, 'no2': 13765, 'o3': 13745}, 'pm': {'pm1': 13200, 'pm10': 13202, 'pm25': 13201}}",2.34,8.88,30.74,0.88,0.91,0.91,645179384,19.3,MOD-00613,25.1,2026-03-31T06:49:20,2026-03-30T23:49:20,https://api.quant-aq.com/v1/devices/MOD-00613/data/645179232
820.22,469.58,"{'lat': None, 'lon': None}","{'rh': 19.3, 'temp': 25.0, 'wd': 0.0, 'ws': 0.0, 'ws_scalar': 0.0}","{'gas': {'co': 13498, 'co2': 13260, 'no': 13586, 'no2': 13765, 'o3': 13745}, 'pm': {'pm1': 13200, 'pm10': 13202, 'pm25': 13201}}",2.34,8.88,31.2,0.98,1.0,1.0,645179382,19.3,MOD-00613,25.0,2026-03-31T06:48:20,2026-03-30T23:48:20,https://api.quant-aq.com/v1/devices/MOD-00613/data/645179231
828.53,464.89,"{'lat': None, 'lon': None}","{'rh': 19.3, 'temp': 25.1, 'wd': 0.0, 'ws': 0.0, 'ws_scalar': 0.0}","{'gas': {'co': 13498, 'co2': 13260, 'no': 13586, 'no2': 13765, 'o3': 13745}, 'pm': {'pm1': 13200, 'pm10': 13202, 'pm25': 13201}}",2.34,8.87,30.99,1.17,1.24,1.24,645179383,19.3,MOD-00613,25.1,2026-03-31T06:47:20,2026-03-30T23:47:20,https://api.quant-aq.com/v1/devices/MOD-00613/data/645179234
825.66,469.46,"{'lat': None, 'lon': None}","{'rh': 19.3, 'temp': 25.1, 'wd': 0.0, 'ws': 0.0, 'ws_scalar': 0.0}","{'gas': {'co': 13498, 'co2': 13260, 'no': 13586, 'no2': 13765, 'o3': 13745}, 'pm': {'pm1': 13200, 'pm10': 13202, 'pm25': 13201}}",2.34,8.87,31.23,0.94,0.95,0.95,645176554,19.3,MOD-00613,25.1,2026-03-31T06:46:20,2026-03-30T23:46:20,https://api.quant-aq.com/v1/devices/MOD-00613/data/645176404
825.55,468.14,"{'lat': None, 'lon': None}","{'rh': 19.3, 'temp': 25.0, 'wd': 0.0, 'ws': 0.0, 'ws_scalar': 0.0}","{'gas': {'co': 13498, 'co2': 13260, 'no': 13586, 'no2': 13765, 'o3': 13745}, 'pm': {'pm1': 13200, 'pm10': 13202, 'pm25': 13201}}",2.34,8.88,31.2,0.87,0.91,0.91,645176557,19.3,MOD-00613,25.0,2026-03-31T06:45:20,2026-03-30T23:45:20,https://api.quant-aq.com/v1/devices/MOD-00613/data/645176406
824.73,468.86,"{'lat': None, 'lon': None}","{'rh': 19.3, 'temp': 25.0, 'wd': 0.0, 'ws': 0.0, 'ws_scalar': 0.0}","{'gas': {'co': 13498, 'co2': 13260, 'no': 13586, 'no2': 13765, 'o3': 13745}, 'pm': {'pm1': 13200, 'pm10': 13202, 'pm25': 13201}}",2.34,8.88,31.68,0.63,0.7,0.66,645176556,19.3,MOD-00613,25.0,2026-03-31T06:44:20,2026-03-30T23:44:20,https://api.quant-aq.com/v1/devices/MOD-00613/data/645176405
829.25,465.25,"{'lat': None, 'lon': None}","{'rh': 19.3, 'temp': 25.0, 'wd': 0.0, 'ws': 0.0, 'ws_scalar': 0.0}","{'gas': {'co': 13498, 'co2': 13260, 'no': 13586, 'no2': 13765, 'o3': 13745}, 'pm': {'pm1': 13200, 'pm10': 13202, 'pm25': 13201}}",2.34,8.88,31.2,1.05,1.14,1.1,645176553,19.3,MOD-00613,25.0,2026-03-31T06:43:20,2026-03-30T23:43:20,https://api.quant-aq.com/v1/devices/MOD-00613/data/645176403
825.14,466.69,"{'lat': None, 'lon': None}","{'rh': 19.3, 'temp': 25.0, 'wd': 0.0, 'ws': 0.0, 'ws_scalar': 0.0}","{'gas': {'co': 13498, 'co2': 13260, 'no': 13586, 'no2': 13765, 'o3': 13745}, 'pm': {'pm1': 13200, 'pm10': 13202, 'pm25': 13201}}",2.34,8.89,31.2,1.0,1.01,1.01,645176555,19.3,MOD-00613,25.0,2026-03-31T06:42:20,2026-03-30T23:42:20,https://api.quant-aq.com/v1/devices/MOD-00613/data/645176402
830.89,470.67,"{'lat': None, 'lon': None}","{'rh': 19.3, 'temp': 25.0, 'wd': 0.0, 'ws': 0.0, 'ws_scalar': 0.0}","{'gas': {'co': 13498, 'co2': 13260, 'no': 13586, 'no2': 13765, 'o3': 13745}, 'pm': {'pm1': 13200, 'pm10': 13202, 'pm25': 13201}}",2.34,8.88,31.44,1.02,1.02,1.02,645173807,19.3,MOD-00613,25.0,2026-03-31T06:41:20,2026-03-30T23:41:20,https://api.quant-aq.com/v1/devices/MOD-00613/data/645173656
825.55,468.98,"{'lat': None, 'lon': None}","{'rh': 19.3, 'temp': 25.0, 'wd': 0.0, 'ws': 0.0, 'ws_scalar': 0.0}","{'gas': {'co': 13498, 'co2': 13260, 'no': 13586, 'no2': 13765, 'o3': 13745}, 'pm': {'pm1': 13200, 'pm10': 13202, 'pm25': 13201}}",2.34,8.88,31.2,1.35,1.36,1.36,645173810,19.3,MOD-00613,25.0,2026-03-31T06:40:20,2026-03-30T23:40:20,https://api.quant-aq.com/v1/devices/MOD-00613/data/645173660
819.4,467.66,"{'lat': None, 'lon': None}","{'rh': 19.3, 'temp': 25.0, 'wd': 0.0, 'ws': 0.0, 'ws_scalar': 0.0}","{'gas': {'co': 13498, 'co2': 13260, 'no': 13586, 'no2': 13765, 'o3': 13745}, 'pm': {'pm1': 13200, 'pm10': 13202, 'pm25': 13201}}",2.34,8.89,31.2,0.98,1.32,1.0,645173809,19.3,MOD-00613,25.0,2026-03-31T06:39:20,2026-03-30T23:39:20,https://api.quant-aq.com/v1/devices/MOD-00613/data/645173658
829.25,468.14,"{'lat': None, 'lon': None}","{'rh': 19.3, 'temp': 25.0, 'wd': 0.0, 'ws': 0.0, 'ws_scalar': 0.0}","{'gas': {'co': 13498, 'co2': 13260, 'no': 13586, 'no2': 13765, 'o3': 13745}, 'pm': {'pm1': 13200, 'pm10': 13202, 'pm25': 13201}}",2.34,8.88,31.44,0.87,0.95,0.9,645173808,19.3,MOD-00613,25.0,2026-03-31T06:38:20,2026-03-30T23:38:20,https://api.quant-aq.com/v1/devices/MOD-00613/data/645173657
825.96,468.26,"{'lat': None, 'lon': None}","{'rh': 19.3, 'temp': 25.0, 'wd': 0.0, 'ws': 0.0, 'ws_scalar': 0.0}","{'gas': {'co': 13498, 'co2': 13260, 'no': 13586, 'no2': 13765, 'o3': 13745}, 'pm': {'pm1': 13200, 'pm10': 13202, 'pm25': 13201}}",2.34,8.88,31.44,0.96,0.97,0.97,645173812,19.3,MOD-00613,25.0,2026-03-31T06:37:20,2026-03-30T23:37:20,https://api.quant-aq.com/v1/devices/MOD-00613/data/645173659
824.32,466.69,"{'lat': None, 'lon': None}","{'rh': 19.3, 'temp': 25.0, 'wd': 0.0, 'ws': 0.0, 'ws_scalar': 0.0}","{'gas': {'co': 13498, 'co2': 13260, 'no': 13586, 'no2': 13765, 'o3': 13745}, 'pm': {'pm1': 13200, 'pm10': 13202, 'pm25': 13201}}",2.34,8.88,30.96,0.83,0.84,0.84,645171085,19.3,MOD-00613,25.0,2026-03-31T06:36:20,2026-03-30T23:36:20,https://api.quant-aq.com/v1/devices/MOD-00613/data/645170934
823.09,466.21,"{'lat': None, 'lon': None}","{'rh': 19.3, 'temp': 25.0, 'wd': 0.0, 'ws': 0.0, 'ws_scalar': 0.0}","{'gas': {'co': 13498, 'co2': 13260, 'no': 13586, 'no2': 13765, 'o3': 13745}, 'pm': {'pm1': 13200, 'pm10': 13202, 'pm25': 13201}}",2.34,8.89,31.44,1.05,1.06,1.06,645171084,19.3,MOD-00613,25.0,2026-03-31T06:35:20,2026-03-30T23:35:20,https://api.quant-aq.com/v1/devices/MOD-00613/data/645170933
821.04,468.86,"{'lat': None, 'lon': None}","{'rh': 19.3, 'temp': 25.0, 'wd': 0.0, 'ws': 0.0, 'ws_scalar': 0.0}","{'gas': {'co': 13498, 'co2': 13260, 'no': 13586, 'no2': 13765, 'o3': 13745}, 'pm': {'pm1': 13200, 'pm10': 13202, 'pm25': 13201}}",2.34,8.88,30.96,1.1,1.13,1.13,645171086,19.3,MOD-00613,25.0,2026-03-31T06:34:20,2026-03-30T23:34:20,https://api.quant-aq.com/v1/devices/MOD-00613/data/645170935
828.43,466.45,"{'lat': None, 'lon': None}","{'rh': 19.3, 'temp': 25.0, 'wd': 0.0, 'ws': 0.0, 'ws_scalar': 0.0}","{'gas': {'co': 13498, 'co2': 13260, 'no': 13586, 'no2': 13765, 'o3': 13745}, 'pm': {'pm1': 13200, 'pm10': 13202, 'pm25': 13201}}",2.34,8.89,31.44,0.61,0.64,0.64,645171088,19.3,MOD-00613,25.0,2026-03-31T06:33:20,2026-03-30T23:33:20,https://api.quant-aq.com/v1/devices/MOD-00613/data/645170937
831.3,467.54,"{'lat': None, 'lon': None}","{'rh': 19.3, 'temp': 25.0, 'wd': 0.0, 'ws': 0.0, 'ws_scalar': 0.0}","{'gas': {'co': 13498, 'co2': 13260, 'no': 13586, 'no2': 13765, 'o3': 13745}, 'pm': {'pm1': 13200, 'pm10': 13202, 'pm25': 13201}}",2.34,8.88,31.2,0.84,1.02,0.87,645171087,19.3,MOD-00613,25.0,2026-03-31T06:32:20,2026-03-30T23:32:20,https://api.quant-aq.com/v1/devices/MOD-00613/data/645170936
823.91,469.58,"{'lat': None, 'lon': None}","{'rh': 19.3, 'temp': 25.0, 'wd': 0.0, 'ws': 0.0, 'ws_scalar': 0.0}","{'gas': {'co': 13498, 'co2': 13260, 'no': 13586, 'no2': 13765, 'o3': 13745}, 'pm': {'pm1': 13200, 'pm10': 13202, 'pm25': 13201}}",2.34,8.89,31.2,0.96,0.96,0.96,645168284,19.3,MOD-00613,25.0,2026-03-31T06:31:20,2026-03-30T23:31:20,https://api.quant-aq.com/v1/devices/MOD-00613/data/645168133
825.96,467.78,"{'lat': None, 'lon': None}","{'rh': 19.3, 'temp': 25.0, 'wd': 0.0, 'ws': 0.0, 'ws_scalar': 0.0}","{'gas': {'co': 13498, 'co2': 13260, 'no': 13586, 'no2': 13765, 'o3': 13745}, 'pm': {'pm1': 13200, 'pm10': 13202, 'pm25': 13201}}",2.34,8.88,31.2,0.86,0.89,0.89,645168280,19.3,MOD-00613,25.0,2026-03-31T06:30:20,2026-03-30T23:30:20,https://api.quant-aq.com/v1/devices/MOD-00613/data/645168129
826.78,467.9,"{'lat': None, 'lon': None}","{'rh': 19.3, 'temp': 25.0, 'wd': 0.0, 'ws': 0.0, 'ws_scalar': 0.0}","{'gas': {'co': 13498, 'co2': 13260, 'no': 13586, 'no2': 13765, 'o3': 13745}, 'pm': {'pm1': 13200, 'pm10': 13202, 'pm25': 13201}}",2.34,8.88,31.68,0.82,0.83,0.83,645168282,19.3,MOD-00613,25.0,2026-03-31T06:29:20,2026-03-30T23:29:20,https://api.quant-aq.com/v1/devices/MOD-00613/data/645168131
825.55,468.5,"{'lat': None, 'lon': None}","{'rh': 19.3, 'temp': 25.0, 'wd': 0.0, 'ws': 0.0, 'ws_scalar': 0.0}","{'gas': {'co': 13498, 'co2': 13260, 'no': 13586, 'no2': 13765, 'o3': 13745}, 'pm': {'pm1': 13200, 'pm10': 13202, 'pm25': 13201}}",2.34,8.89,31.2,1.01,1.05,1.05,645168283,19.3,MOD-00613,25.0,2026-03-31T06:28:20,2026-03-30T23:28:20,https://api.quant-aq.com/v1/devices/MOD-00613/data/645168132
823.09,467.9,"{'lat': None, 'lon': None}","{'rh': 19.3, 'temp': 25.0, 'wd': 0.0, 'ws': 0.0, 'ws_scalar': 0.0}","{'gas': {'co': 13498, 'co2': 13260, 'no': 13586, 'no2': 13765, 'o3': 13745}, 'pm': {'pm1': 13200, 'pm10': 13202, 'pm25': 13201}}",2.34,8.88,31.44,1.05,1.51,1.07,645168281,19.3,MOD-00613,25.0,2026-03-31T06:27:20,2026-03-30T23:27:20,https://api.quant-aq.com/v1/devices/MOD-00613/data/645168130
828.02,468.14,"{'lat': None, 'lon': None}","{'rh': 19.3, 'temp': 25.0, 'wd': 0.0, 'ws': 0.0, 'ws_scalar': 0.0}","{'gas': {'co': 13498, 'co2': 13260, 'no': 13586, 'no2': 13765, 'o3': 13745}, 'pm': {'pm1': 13200, 'pm10': 13202, 'pm25': 13201}}",2.34,8.89,31.68,0.88,0.92,0.92,645165483,19.3,MOD-00613,25.0,2026-03-31T06:26:20,2026-03-30T23:26:20,https://api.quant-aq.com/v1/devices/MOD-00613/data/645165333
828.84,465.61,"{'lat': None, 'lon': None}","{'rh': 19.3, 'temp': 25.0, 'wd': 0.0, 'ws': 0.0, 'ws_scalar': 0.0}","{'gas': {'co': 13498, 'co2': 13260, 'no': 13586, 'no2': 13765, 'o3': 13745}, 'pm': {'pm1': 13200, 'pm10': 13202, 'pm25': 13201}}",2.34,8.88,31.2,0.86,0.86,0.86,645165484,19.3,MOD-00613,25.0,2026-03-31T06:25:20,2026-03-30T23:25:20,https://api.quant-aq.com/v1/devices/MOD-00613/data/645165332
828.84,466.21,"{'lat': None, 'lon': None}","{'rh': 19.3, 'temp': 25.0, 'wd': 0.0, 'ws': 0.0, 'ws_scalar': 0.0}","{'gas': {'co': 13498, 'co2': 13260, 'no': 13586, 'no2': 13765, 'o3': 13745}, 'pm': {'pm1': 13200, 'pm10': 13202, 'pm25': 13201}}",2.34,8.88,31.68,0.88,0.98,0.98,645165482,19.3,MOD-00613,25.0,2026-03-31T06:24:20,2026-03-30T23:24:20,https://api.quant-aq.com/v1/devices/MOD-00613/data/645165331
820.63,467.29,"{'lat': None, 'lon': None}","{'rh': 19.3, 'temp': 25.0, 'wd': 0.0, 'ws': 0.0, 'ws_scalar': 0.0}","{'gas': {'co': 13498, 'co2': 13260, 'no': 13586, 'no2': 13765, 'o3': 13745}, 'pm': {'pm1': 13200, 'pm10': 13202, 'pm25': 13201}}",2.34,8.88,31.44,0.92,0.98,0.98,645165481,19.3,MOD-00613,25.0,2026-03-31T06:23:20,2026-03-30T23:23:20,https://api.quant-aq.com/v1/devices/MOD-00613/data/645165330
825.14,467.05,"{'lat': None, 'lon': None}","{'rh': 19.3, 'temp': 25.0, 'wd': 0.0, 'ws': 0.0, 'ws_scalar': 0.0}","{'gas': {'co': 13498, 'co2': 13260, 'no': 13586, 'no2': 13765, 'o3': 13745}, 'pm': {'pm1': 13200, 'pm10': 13202, 'pm25': 13201}}",2.34,8.89,31.44,0.91,0.93,0.93,645165480,19.3,MOD-00613,25.0,2026-03-31T06:22:20,2026-03-30T23:22:20,https://api.quant-aq.com/v1/devices/MOD-00613/data/645165329
826.78,468.98,"{'lat': None, 'lon': None}","{'rh': 19.3, 'temp': 25.0, 'wd': 0.0, 'ws': 0.0, 'ws_scalar': 0.0}","{'gas': {'co': 13498, 'co2': 13260, 'no': 13586, 'no2': 13765, 'o3': 13745}, 'pm': {'pm1': 13200, 'pm10': 13202, 'pm25': 13201}}",2.34,8.89,31.44,1.01,1.03,1.03,645162752,19.3,MOD-00613,25.0,2026-03-31T06:21:20,2026-03-30T23:21:20,https://api.quant-aq.com/v1/devices/MOD-00613/data/645162602
822.75,465.97,"{'lat': None, 'lon': None}","{'rh': 19.2, 'temp': 25.0, 'wd': 0.0, 'ws': 0.0, 'ws_scalar': 0.0}","{'gas': {'co': 13498, 'co2': 13260, 'no': 13586, 'no2': 13765, 'o3': 13745}, 'pm': {'pm1': 13200, 'pm10': 13202, 'pm25': 13201}}",2.34,8.9,31.71,0.95,0.96,0.96,645162753,19.2,MOD-00613,25.0,2026-03-31T06:20:20,2026-03-30T23:20:20,https://api.quant-aq.com/v1/devices/MOD-00613/data/645162601
820.29,467.66,"{'lat': None, 'lon': None}","{'rh': 19.2, 'temp': 25.0, 'wd': 0.0, 'ws': 0.0, 'ws_scalar': 0.0}","{'gas': {'co': 13498, 'co2': 13260, 'no': 13586, 'no2': 13765, 'o3': 13745}, 'pm': {'pm1': 13200, 'pm10': 13202, 'pm25': 13201}}",2.34,8.89,31.95,1.15,1.18,1.18,645162750,19.2,MOD-00613,25.0,2026-03-31T06:19:20,2026-03-30T23:19:20,https://api.quant-aq.com/v1/devices/MOD-00613/data/645162599
822.34,466.21,"{'lat': None, 'lon': None}","{'rh': 19.2, 'temp': 25.0, 'wd': 0.0, 'ws': 0.0, 'ws_scalar': 0.0}","{'gas': {'co': 13498, 'co2': 13260, 'no': 13586, 'no2': 13765, 'o3': 13745}, 'pm': {'pm1': 13200, 'pm10': 13202, 'pm25': 13201}}",2.34,8.89,31.47,0.82,0.84,0.84,645162754,19.2,MOD-00613,25.0,2026-03-31T06:18:20,2026-03-30T23:18:20,https://api.quant-aq.com/v1/devices/MOD-00613/data/645162603
826.03,468.02,"{'lat': None, 'lon': None}","{'rh': 19.2, 'temp': 25.0, 'wd': 0.0, 'ws': 0.0, 'ws_scalar': 0.0}","{'gas': {'co': 13498, 'co2': 13260, 'no': 13586, 'no2': 13765, 'o3': 13745}, 'pm': {'pm1': 13200, 'pm10': 13202, 'pm25': 13201}}",2.34,8.89,31.71,0.64,0.72,0.72,645162751,19.2,MOD-00613,25.0,2026-03-31T06:17:20,2026-03-30T23:17:20,https://api.quant-aq.com/v1/devices/MOD-00613/data/645162600
823.57,466.93,"{'lat': None, 'lon': None}","{'rh': 19.2, 'temp': 25.0, 'wd': 0.0, 'ws': 0.0, 'ws_scalar': 0.0}","{'gas': {'co': 13498, 'co2': 13260, 'no': 13586, 'no2': 13765, 'o3': 13745}, 'pm': {'pm1': 13200, 'pm10': 13202, 'pm25': 13201}}",2.34,8.89,32.19,1.1,1.11,1.11,645159993,19.2,MOD-00613,25.0,2026-03-31T06:16:20,2026-03-30T23:16:20,https://api.quant-aq.com/v1/devices/MOD-00613/data/645159842
821.93,466.57,"{'lat': None, 'lon': None}","{'rh': 19.2, 'temp': 25.0, 'wd': 0.0, 'ws': 0.0, 'ws_scalar': 0.0}","{'gas': {'co': 13498, 'co2': 13260, 'no': 13586, 'no2': 13765, 'o3': 13745}, 'pm': {'pm1': 13200, 'pm10': 13202, 'pm25': 13201}}",2.34,8.89,31.95,0.77,0.78,0.78,645159996,19.2,MOD-00613,25.0,2026-03-31T06:15:20,2026-03-30T23:15:20,https://api.quant-aq.com/v1/devices/MOD-00613/data/645159845
819.88,467.54,"{'lat': None, 'lon': None}","{'rh': 19.2, 'temp': 25.0, 'wd': 0.0, 'ws': 0.0, 'ws_scalar': 0.0}","{'gas': {'co': 13498, 'co2': 13260, 'no': 13586, 'no2': 13765, 'o3': 13745}, 'pm': {'pm1': 13200, 'pm10': 13202, 'pm25': 13201}}",2.34,8.89,31.95,0.64,0.7,0.7,645159994,19.2,MOD-00613,25.0,2026-03-31T06:14:20,2026-03-30T23:14:20,https://api.quant-aq.com/v1/devices/MOD-00613/data/645159843
823.23,465.37,"{'lat': None, 'lon': None}","{'rh': 19.1, 'temp': 25.0, 'wd': 0.0, 'ws': 0.0, 'ws_scalar': 0.0}","{'gas': {'co': 13498, 'co2': 13260, 'no': 13586, 'no2': 13765, 'o3': 13745}, 'pm': {'pm1': 13200, 'pm10': 13202, 'pm25': 13201}}",2.34,8.91,31.74,1.18,1.21,1.21,645159995,19.1,MOD-00613,25.0,2026-03-31T06:13:20,2026-03-30T23:13:20,https://api.quant-aq.com/v1/devices/MOD-00613/data/645159844
819.13,466.93,"{'lat': None, 'lon': None}","{'rh': 19.1, 'temp': 25.0, 'wd': 0.0, 'ws': 0.0, 'ws_scalar': 0.0}","{'gas': {'co': 13498, 'co2': 13260, 'no': 13586, 'no2': 13765, 'o3': 13745}, 'pm': {'pm1': 13200, 'pm10': 13202, 'pm25': 13201}}",2.34,8.9,32.46,0.97,0.97,0.97,645159992,19.1,MOD-00613,25.0,2026-03-31T06:12:20,2026-03-30T23:12:20,https://api.quant-aq.com/v1/devices/MOD-00613/data/645159841
819.95,467.54,"{'lat': None, 'lon': None}","{'rh': 19.1, 'temp': 25.0, 'wd': 0.0, 'ws': 0.0, 'ws_scalar': 0.0}","{'gas': {'co': 13498, 'co2': 13260, 'no': 13586, 'no2': 13765, 'o3': 13745}, 'pm': {'pm1': 13200, 'pm10': 13202, 'pm25': 13201}}",2.34,8.9,32.22,0.94,1.03,0.98,645157202,19.1,MOD-00613,25.0,2026-03-31T06:11:20,2026-03-30T23:11:20,https://api.quant-aq.com/v1/devices/MOD-00613/data/645157051
821.59,465.97,"{'lat': None, 'lon': None}","{'rh': 19.1, 'temp': 25.0, 'wd': 0.0, 'ws': 0.0, 'ws_scalar': 0.0}","{'gas': {'co': 13498, 'co2': 13260, 'no': 13586, 'no2': 13765, 'o3': 13745}, 'pm': {'pm1': 13200, 'pm10': 13202, 'pm25': 13201}}",2.34,8.9,32.7,1.05,1.08,1.08,645157203,19.1,MOD-00613,25.0,2026-03-31T06:10:20,2026-03-30T23:10:20,https://api.quant-aq.com/v1/devices/MOD-00613/data/645157052
819.54,465.85,"{'lat': None, 'lon': None}","{'rh': 19.1, 'temp': 25.0, 'wd': 0.0, 'ws': 0.0, 'ws_scalar': 0.0}","{'gas': {'co': 13498, 'co2': 13260, 'no': 13586, 'no2': 13765, 'o3': 13745}, 'pm': {'pm1': 13200, 'pm10': 13202, 'pm25': 13201}}",2.34,8.9,32.22,1.15,5.85,1.18,645157204,19.1,MOD-00613,25.0,2026-03-31T06:09:20,2026-03-30T23:09:20,https://api.quant-aq.com/v1/devices/MOD-00613/data/645157053
824.46,465.01,"{'lat': None, 'lon': None}","{'rh': 19.1, 'temp': 25.0, 'wd': 0.0, 'ws': 0.0, 'ws_scalar': 0.0}","{'gas': {'co': 13498, 'co2': 13260, 'no': 13586, 'no2': 13765, 'o3': 13745}, 'pm': {'pm1': 13200, 'pm10': 13202, 'pm25': 13201}}",2.34,8.9,31.74,0.91,0.94,0.94,645157200,19.1,MOD-00613,25.0,2026-03-31T06:08:20,2026-03-30T23:08:20,https://api.quant-aq.com/v1/devices/MOD-00613/data/645157049
822.11,469.7,"{'lat': None, 'lon': None}","{'rh': 19.1, 'temp': 25.1, 'wd': 0.0, 'ws': 0.0, 'ws_scalar': 0.0}","{'gas': {'co': 13498, 'co2': 13260, 'no': 13586, 'no2': 13765, 'o3': 13745}, 'pm': {'pm1': 13200, 'pm10': 13202, 'pm25': 13201}}",2.34,8.9,32.49,0.94,0.96,0.96,645157201,19.1,MOD-00613,25.1,2026-03-31T06:07:20,2026-03-30T23:07:20,https://api.quant-aq.com/v1/devices/MOD-00613/data/645157050
823.23,467.17,"{'lat': None, 'lon': None}","{'rh': 19.1, 'temp': 25.0, 'wd': 0.0, 'ws': 0.0, 'ws_scalar': 0.0}","{'gas': {'co': 13498, 'co2': 13260, 'no': 13586, 'no2': 13765, 'o3': 13745}, 'pm': {'pm1': 13200, 'pm10': 13202, 'pm25': 13201}}",2.34,8.9,32.22,0.97,0.99,0.99,645154433,19.1,MOD-00613,25.0,2026-03-31T06:06:20,2026-03-30T23:06:20,https://api.quant-aq.com/v1/devices/MOD-00613/data/645154281
818.9,466.93,"{'lat': None, 'lon': None}","{'rh': 19.0, 'temp': 25.1, 'wd': 0.0, 'ws': 0.0, 'ws_scalar': 0.0}","{'gas': {'co': 13498, 'co2': 13260, 'no': 13586, 'no2': 13765, 'o3': 13745}, 'pm': {'pm1': 13200, 'pm10': 13202, 'pm25': 13201}}",2.33,8.9,32.28,0.93,0.94,0.94,645154430,19.0,MOD-00613,25.1,2026-03-31T06:05:20,2026-03-30T23:05:20,https://api.quant-aq.com/v1/devices/MOD-00613/data/645154280
817.59,467.9,"{'lat': None, 'lon': None}","{'rh': 19.1, 'temp': 25.1, 'wd': 0.0, 'ws': 0.0, 'ws_scalar': 0.0}","{'gas': {'co': 13498, 'co2': 13260, 'no': 13586, 'no2': 13765, 'o3': 13745}, 'pm': {'pm1': 13200, 'pm10': 13202, 'pm25': 13201}}",2.34,8.89,32.25,1.12,1.19,1.14,645154431,19.1,MOD-00613,25.1,2026-03-31T06:04:20,2026-03-30T23:04:20,https://api.quant-aq.com/v1/devices/MOD-00613/data/645154279
824.16,468.14,"{'lat': None, 'lon': None}","{'rh': 19.1, 'temp': 25.1, 'wd': 0.0, 'ws': 0.0, 'ws_scalar': 0.0}","{'gas': {'co': 13498, 'co2': 13260, 'no': 13586, 'no2': 13765, 'o3': 13745}, 'pm': {'pm1': 13200, 'pm10': 13202, 'pm25': 13201}}",2.34,8.9,32.01,0.88,0.92,0.92,645154432,19.1,MOD-00613,25.1,2026-03-31T06:03:20,2026-03-30T23:03:20,https://api.quant-aq.com/v1/devices/MOD-00613/data/645154282
823.75,468.5,"{'lat': None, 'lon': None}","{'rh': 19.1, 'temp': 25.1, 'wd': 0.0, 'ws': 0.0, 'ws_scalar': 0.0}","{'gas': {'co': 13498, 'co2': 13260, 'no': 13586, 'no2': 13765, 'o3': 13745}, 'pm': {'pm1': 13200, 'pm10': 13202, 'pm25': 13201}}",2.34,8.9,32.25,0.89,0.9,0.9,645154434,19.1,MOD-00613,25.1,2026-03-31T06:02:20,2026-03-30T23:02:20,https://api.quant-aq.com/v1/devices/MOD-00613/data/645154283
826.62,466.69,"{'lat': None, 'lon': None}","{'rh': 19.1, 'temp': 25.1, 'wd': 0.0, 'ws': 0.0, 'ws_scalar': 0.0}","{'gas': {'co': 13498, 'co2': 13260, 'no': 13586, 'no2': 13765, 'o3': 13745}, 'pm': {'pm1': 13200, 'pm10': 13202, 'pm25': 13201}}",2.34,8.9,32.25,1.0,1.03,1.03,645151683,19.1,MOD-00613,25.1,2026-03-31T06:01:20,2026-03-30T23:01:20,https://api.quant-aq.com/v1/devices/MOD-00613/data/645151534
822.93,468.38,"{'lat': None, 'lon': None}","{'rh': 19.1, 'temp': 25.1, 'wd': 0.0, 'ws': 0.0, 'ws_scalar': 0.0}","{'gas': {'co': 13498, 'co2': 13260, 'no': 13586, 'no2': 13765, 'o3': 13745}, 'pm': {'pm1': 13200, 'pm10': 13202, 'pm25': 13201}}",2.34,8.89,32.25,0.91,0.92,0.92,645151685,19.1,MOD-00613,25.1,2026-03-31T06:00:20,2026-03-30T23:00:20,https://api.quant-aq.com/v1/devices/MOD-00613/data/645151535
824.57,469.34,"{'lat': None, 'lon': None}","{'rh': 19.1, 'temp': 25.1, 'wd': 0.0, 'ws': 0.0, 'ws_scalar': 0.0}","{'gas': {'co': 13498, 'co2': 13260, 'no': 13586, 'no2': 13765, 'o3': 13745}, 'pm': {'pm1': 13200, 'pm10': 13202, 'pm25': 13201}}",2.34,8.9,32.49,0.95,0.98,0.98,645151684,19.1,MOD-00613,25.1,2026-03-31T05:59:20,2026-03-30T22:59:20,https://api.quant-aq.com/v1/devices/MOD-00613/data/645151533
827.03,469.22,"{'lat': None, 'lon': None}","{'rh': 19.1, 'temp': 25.1, 'wd': 0.0, 'ws': 0.0, 'ws_scalar': 0.0}","{'gas': {'co': 13498, 'co2': 13260, 'no': 13586, 'no2': 13765, 'o3': 13745}, 'pm': {'pm1': 13200, 'pm10': 13202, 'pm25': 13201}}",2.34,8.89,32.73,1.01,1.09,1.05,645151682,19.1,MOD-00613,25.1,2026-03-31T05:58:20,2026-03-30T22:58:20,https://api.quant-aq.com/v1/devices/MOD-00613/data/645151531
823.27,465.37,"{'lat': None, 'lon': None}","{'rh': 19.2, 'temp': 25.1, 'wd': 0.0, 'ws': 0.0, 'ws_scalar': 0.0}","{'gas': {'co': 13498, 'co2': 13260, 'no': 13586, 'no2': 13765, 'o3': 13745}, 'pm': {'pm1': 13200, 'pm10': 13202, 'pm25': 13201}}",2.34,8.89,32.22,1.2,1.22,1.22,645151681,19.2,MOD-00613,25.1,2026-03-31T05:57:20,2026-03-30T22:57:20,https://api.quant-aq.com/v1/devices/MOD-00613/data/645151530
823.34,469.58,"{'lat': None, 'lon': None}","{'rh': 19.1, 'temp': 25.1, 'wd': 0.0, 'ws': 0.0, 'ws_scalar': 0.0}","{'gas': {'co': 13498, 'co2': 13260, 'no': 13586, 'no2': 13765, 'o3': 13745}, 'pm': {'pm1': 13200, 'pm10': 13202, 'pm25': 13201}}",2.34,8.9,32.25,1.34,1.34,1.34,645148933,19.1,MOD-00613,25.1,2026-03-31T05:56:20,2026-03-30T22:56:20,https://api.quant-aq.com/v1/devices/MOD-00613/data/645148782
819.65,466.33,"{'lat': None, 'lon': None}","{'rh': 19.1, 'temp': 25.1, 'wd': 0.0, 'ws': 0.0, 'ws_scalar': 0.0}","{'gas': {'co': 13498, 'co2': 13260, 'no': 13586, 'no2': 13765, 'o3': 13745}, 'pm': {'pm1': 13200, 'pm10': 13202, 'pm25': 13201}}",2.34,8.9,32.97,1.02,1.04,1.04,645148932,19.1,MOD-00613,25.1,2026-03-31T05:55:20,2026-03-30T22:55:20,https://api.quant-aq.com/v1/devices/MOD-00613/data/645148780
829.91,467.78,"{'lat': None, 'lon': None}","{'rh': 19.1, 'temp': 25.1, 'wd': 0.0, 'ws': 0.0, 'ws_scalar': 0.0}","{'gas': {'co': 13498, 'co2': 13260, 'no': 13586, 'no2': 13765, 'o3': 13745}, 'pm': {'pm1': 13200, 'pm10': 13202, 'pm25': 13201}}",2.34,8.89,32.73,0.8,0.84,0.84,645148935,19.1,MOD-00613,25.1,2026-03-31T05:54:20,2026-03-30T22:54:20,https://api.quant-aq.com/v1/devices/MOD-00613/data/645148784
825.39,467.42,"{'lat': None, 'lon': None}","{'rh': 19.1, 'temp': 25.1, 'wd': 0.0, 'ws': 0.0, 'ws_scalar': 0.0}","{'gas': {'co': 13498, 'co2': 13260, 'no': 13586, 'no2': 13765, 'o3': 13745}, 'pm': {'pm1': 13200, 'pm10': 13202, 'pm25': 13201}}",2.34,8.89,31.53,0.79,0.87,0.83,645148934,19.1,MOD-00613,25.1,2026-03-31T05:53:20,2026-03-30T22:53:20,https://api.quant-aq.com/v1/devices/MOD-00613/data/645148783
825.39,469.1,"{'lat': None, 'lon': None}","{'rh': 19.1, 'temp': 25.1, 'wd': 0.0, 'ws': 0.0, 'ws_scalar': 0.0}","{'gas': {'co': 13498, 'co2': 13260, 'no': 13586, 'no2': 13765, 'o3': 13745}, 'pm': {'pm1': 13200, 'pm10': 13202, 'pm25': 13201}}",2.34,8.89,32.49,1.02,1.47,1.02,645148931,19.1,MOD-00613,25.1,2026-03-31T05:52:20,2026-03-30T22:52:20,https://api.quant-aq.com/v1/devices/MOD-00613/data/645148779
827.45,468.26,"{'lat': None, 'lon': None}","{'rh': 19.1, 'temp': 25.1, 'wd': 0.0, 'ws': 0.0, 'ws_scalar': 0.0}","{'gas': {'co': 13498, 'co2': 13260, 'no': 13586, 'no2': 13765, 'o3': 13745}, 'pm': {'pm1': 13200, 'pm10': 13202, 'pm25': 13201}}",2.34,8.9,32.25,1.12,1.22,1.18,645146130,19.1,MOD-00613,25.1,2026-03-31T05:51:20,2026-03-30T22:51:20,https://api.quant-aq.com/v1/devices/MOD-00613/data/645145979
823.34,467.29,"{'lat': None, 'lon': None}","{'rh': 19.1, 'temp': 25.1, 'wd': 0.0, 'ws': 0.0, 'ws_scalar': 0.0}","{'gas': {'co': 13498, 'co2': 13260, 'no': 13586, 'no2': 13765, 'o3': 13745}, 'pm': {'pm1': 13200, 'pm10': 13202, 'pm25': 13201}}",2.34,8.89,32.25,0.96,0.97,0.97,645146131,19.1,MOD-00613,25.1,2026-03-31T05:50:20,2026-03-30T22:50:20,https://api.quant-aq.com/v1/devices/MOD-00613/data/645145980
827.03,466.45,"{'lat': None, 'lon': None}","{'rh': 19.1, 'temp': 25.1, 'wd': 0.0, 'ws': 0.0, 'ws_scalar': 0.0}","{'gas': {'co': 13498, 'co2': 13260, 'no': 13586, 'no2': 13765, 'o3': 13745}, 'pm': {'pm1': 13200, 'pm10': 13202, 'pm25': 13201}}",2.34,8.9,32.73,1.01,1.03,1.03,645146127,19.1,MOD-00613,25.1,2026-03-31T05:49:20,2026-03-30T22:49:20,https://api.quant-aq.com/v1/devices/MOD-00613/data/645145976
826.14,469.1,"{'lat': None, 'lon': None}","{'rh': 19.2, 'temp': 25.1, 'wd': 0.0, 'ws': 0.0, 'ws_scalar': 0.0}","{'gas': {'co': 13498, 'co2': 13260, 'no': 13586, 'no2': 13765, 'o3': 13745}, 'pm': {'pm1': 13200, 'pm10': 13202, 'pm25': 13201}}",2.34,8.89,32.7,0.73,0.75,0.75,645146129,19.2,MOD-00613,25.1,2026-03-31T05:48:20,2026-03-30T22:48:20,https://api.quant-aq.com/v1/devices/MOD-00613/data/645145978
826.96,465.25,"{'lat': None, 'lon': None}","{'rh': 19.2, 'temp': 25.1, 'wd': 0.0, 'ws': 0.0, 'ws_scalar': 0.0}","{'gas': {'co': 13498, 'co2': 13260, 'no': 13586, 'no2': 13765, 'o3': 13745}, 'pm': {'pm1': 13200, 'pm10': 13202, 'pm25': 13201}}",2.34,8.89,32.7,1.01,1.05,1.05,645146128,19.2,MOD-00613,25.1,2026-03-31T05:47:20,2026-03-30T22:47:20,https://api.quant-aq.com/v1/devices/MOD-00613/data/645145977
829.43,469.46,"{'lat': None, 'lon': None}","{'rh': 19.2, 'temp': 25.1, 'wd': 0.0, 'ws': 0.0, 'ws_scalar': 0.0}","{'gas': {'co': 13498, 'co2': 13260, 'no': 13586, 'no2': 13765, 'o3': 13745}, 'pm': {'pm1': 13200, 'pm10': 13202, 'pm25': 13201}}",2.34,8.88,32.7,1.04,1.11,1.06,645143353,19.2,MOD-00613,25.1,2026-03-31T05:46:20,2026-03-30T22:46:20,https://api.quant-aq.com/v1/devices/MOD-00613/data/645143201
829.43,465.13,"{'lat': None, 'lon': None}","{'rh': 19.2, 'temp': 25.1, 'wd': 0.0, 'ws': 0.0, 'ws_scalar': 0.0}","{'gas': {'co': 13498, 'co2': 13260, 'no': 13586, 'no2': 13765, 'o3': 13745}, 'pm': {'pm1': 13200, 'pm10': 13202, 'pm25': 13201}}",2.34,8.89,32.22,1.03,1.56,1.07,645143352,19.2,MOD-00613,25.1,2026-03-31T05:45:20,2026-03-30T22:45:20,https://api.quant-aq.com/v1/devices/MOD-00613/data/645143202
821.63,470.67,"{'lat': None, 'lon': None}","{'rh': 19.2, 'temp': 25.1, 'wd': 0.0, 'ws': 0.0, 'ws_scalar': 0.0}","{'gas': {'co': 13498, 'co2': 13260, 'no': 13586, 'no2': 13765, 'o3': 13745}, 'pm': {'pm1': 13200, 'pm10': 13202, 'pm25': 13201}}",2.34,8.89,32.94,1.16,1.28,1.24,645143350,19.2,MOD-00613,25.1,2026-03-31T05:44:20,2026-03-30T22:44:20,https://api.quant-aq.com/v1/devices/MOD-00613/data/645143199
828.2,463.68,"{'lat': None, 'lon': None}","{'rh': 19.2, 'temp': 25.1, 'wd': 0.0, 'ws': 0.0, 'ws_scalar': 0.0}","{'gas': {'co': 13498, 'co2': 13260, 'no': 13586, 'no2': 13765, 'o3': 13745}, 'pm': {'pm1': 13200, 'pm10': 13202, 'pm25': 13201}}",2.34,8.89,32.7,1.17,1.2,1.2,645143349,19.2,MOD-00613,25.1,2026-03-31T05:43:20,2026-03-30T22:43:20,https://api.quant-aq.com/v1/devices/MOD-00613/data/645143198
827.37,468.02,"{'lat': None, 'lon': None}","{'rh': 19.2, 'temp': 25.1, 'wd': 0.0, 'ws': 0.0, 'ws_scalar': 0.0}","{'gas': {'co': 13498, 'co2': 13260, 'no': 13586, 'no2': 13765, 'o3': 13745}, 'pm': {'pm1': 13200, 'pm10': 13202, 'pm25': 13201}}",2.34,8.89,32.22,1.08,1.11,1.11,645143351,19.2,MOD-00613,25.1,2026-03-31T05:42:20,2026-03-30T22:42:20,https://api.quant-aq.com/v1/devices/MOD-00613/data/645143200
831.07,467.29,"{'lat': None, 'lon': None}","{'rh': 19.2, 'temp': 25.1, 'wd': 0.0, 'ws': 0.0, 'ws_scalar': 0.0}","{'gas': {'co': 13498, 'co2': 13260, 'no': 13586, 'no2': 13765, 'o3': 13745}, 'pm': {'pm1': 13200, 'pm10': 13202, 'pm25': 13201}}",2.34,8.89,32.22,1.49,1.55,1.55,645140605,19.2,MOD-00613,25.1,2026-03-31T05:41:20,2026-03-30T22:41:20,https://api.quant-aq.com/v1/devices/MOD-00613/data/645140454
827.07,467.78,"{'lat': None, 'lon': None}","{'rh': 19.2, 'temp': 25.2, 'wd': 0.0, 'ws': 0.0, 'ws_scalar': 0.0}","{'gas': {'co': 13498, 'co2': 13260, 'no': 13586, 'no2': 13765, 'o3': 13745}, 'pm': {'pm1': 13200, 'pm10': 13202, 'pm25': 13201}}",2.34,8.88,32.72,1.29,2.97,1.3,645140606,19.2,MOD-00613,25.2,2026-03-31T05:40:20,2026-03-30T22:40:20,https://api.quant-aq.com/v1/devices/MOD-00613/data/645140455
827.89,466.93,"{'lat': None, 'lon': None}","{'rh': 19.2, 'temp': 25.2, 'wd': 0.0, 'ws': 0.0, 'ws_scalar': 0.0}","{'gas': {'co': 13498, 'co2': 13260, 'no': 13586, 'no2': 13765, 'o3': 13745}, 'pm': {'pm1': 13200, 'pm10': 13202, 'pm25': 13201}}",2.34,8.88,32.72,0.92,1.0,1.0,645140604,19.2,MOD-00613,25.2,2026-03-31T05:39:20,2026-03-30T22:39:20,https://api.quant-aq.com/v1/devices/MOD-00613/data/645140453
832.82,468.14,"{'lat': None, 'lon': None}","{'rh': 19.2, 'temp': 25.2, 'wd': 0.0, 'ws': 0.0, 'ws_scalar': 0.0}","{'gas': {'co': 13498, 'co2': 13260, 'no': 13586, 'no2': 13765, 'o3': 13745}, 'pm': {'pm1': 13200, 'pm10': 13202, 'pm25': 13201}}",2.34,8.88,32.48,1.07,1.64,1.13,645140603,19.2,MOD-00613,25.2,2026-03-31T05:38:20,2026-03-30T22:38:20,https://api.quant-aq.com/v1/devices/MOD-00613/data/645140452
829.12,462.72,"{'lat': None, 'lon': None}","{'rh': 19.2, 'temp': 25.2, 'wd': 0.0, 'ws': 0.0, 'ws_scalar': 0.0}","{'gas': {'co': 13498, 'co2': 13260, 'no': 13586, 'no2': 13765, 'o3': 13745}, 'pm': {'pm1': 13200, 'pm10': 13202, 'pm25': 13201}}",2.34,8.87,32.72,1.3,1.38,1.38,645140602,19.2,MOD-00613,25.2,2026-03-31T05:37:20,2026-03-30T22:37:20,https://api.quant-aq.com/v1/devices/MOD-00613/data/645140451
834.39,466.93,"{'lat': None, 'lon': None}","{'rh': 19.3, 'temp': 25.2, 'wd': 0.0, 'ws': 0.0, 'ws_scalar': 0.0}","{'gas': {'co': 13498, 'co2': 13260, 'no': 13586, 'no2': 13765, 'o3': 13745}, 'pm': {'pm1': 13200, 'pm10': 13202, 'pm25': 13201}}",2.34,8.87,32.7,1.21,1.24,1.24,645137877,19.3,MOD-00613,25.2,2026-03-31T05:36:20,2026-03-30T22:36:20,https://api.quant-aq.com/v1/devices/MOD-00613/data/645137726
833.16,466.57,"{'lat': None, 'lon': None}","{'rh': 19.3, 'temp': 25.2, 'wd': 0.0, 'ws': 0.0, 'ws_scalar': 0.0}","{'gas': {'co': 13498, 'co2': 13260, 'no': 13586, 'no2': 13765, 'o3': 13745}, 'pm': {'pm1': 13200, 'pm10': 13202, 'pm25': 13201}}",2.34,8.87,32.7,1.24,1.31,1.26,645137876,19.3,MOD-00613,25.2,2026-03-31T05:35:20,2026-03-30T22:35:20,https://api.quant-aq.com/v1/devices/MOD-00613/data/645137725
834.39,466.57,"{'lat': None, 'lon': None}","{'rh': 19.3, 'temp': 25.2, 'wd': 0.0, 'ws': 0.0, 'ws_scalar': 0.0}","{'gas': {'co': 13498, 'co2': 13260, 'no': 13586, 'no2': 13765, 'o3': 13745}, 'pm': {'pm1': 13200, 'pm10': 13202, 'pm25': 13201}}",2.34,8.87,32.7,0.97,1.47,1.01,645137875,19.3,MOD-00613,25.2,2026-03-31T05:34:20,2026-03-30T22:34:20,https://api.quant-aq.com/v1/devices/MOD-00613/data/645137724
832.34,467.42,"{'lat': None, 'lon': None}","{'rh': 19.3, 'temp': 25.2, 'wd': 0.0, 'ws': 0.0, 'ws_scalar': 0.0}","{'gas': {'co': 13498, 'co2': 13260, 'no': 13586, 'no2': 13765, 'o3': 13745}, 'pm': {'pm1': 13200, 'pm10': 13202, 'pm25': 13201}}",2.34,8.87,32.94,1.14,1.15,1.15,645137873,19.3,MOD-00613,25.2,2026-03-31T05:33:20,2026-03-30T22:33:20,https://api.quant-aq.com/v1/devices/MOD-00613/data/645137722
838.91,465.97,"{'lat': None, 'lon': None}","{'rh': 19.3, 'temp': 25.2, 'wd': 0.0, 'ws': 0.0, 'ws_scalar': 0.0}","{'gas': {'co': 13498, 'co2': 13260, 'no': 13586, 'no2': 13765, 'o3': 13745}, 'pm': {'pm1': 13200, 'pm10': 13202, 'pm25': 13201}}",2.34,8.88,33.18,1.02,1.11,1.07,645137874,19.3,MOD-00613,25.2,2026-03-31T05:32:20,2026-03-30T22:32:20,https://api.quant-aq.com/v1/devices/MOD-00613/data/645137723
831.11,465.25,"{'lat': None, 'lon': None}","{'rh': 19.3, 'temp': 25.2, 'wd': 0.0, 'ws': 0.0, 'ws_scalar': 0.0}","{'gas': {'co': 13498, 'co2': 13260, 'no': 13586, 'no2': 13765, 'o3': 13745}, 'pm': {'pm1': 13200, 'pm10': 13202, 'pm25': 13201}}",2.34,8.87,32.45,1.04,1.1,1.1,645135098,19.3,MOD-00613,25.2,2026-03-31T05:31:20,2026-03-30T22:31:20,https://api.quant-aq.com/v1/devices/MOD-00613/data/645134947
836.85,466.45,"{'lat': None, 'lon': None}","{'rh': 19.3, 'temp': 25.2, 'wd': 0.0, 'ws': 0.0, 'ws_scalar': 0.0}","{'gas': {'co': 13498, 'co2': 13260, 'no': 13586, 'no2': 13765, 'o3': 13745}, 'pm': {'pm1': 13200, 'pm10': 13202, 'pm25': 13201}}",2.34,8.87,32.94,1.13,1.24,1.2,645135099,19.3,MOD-00613,25.2,2026-03-31T05:30:20,2026-03-30T22:30:20,https://api.quant-aq.com/v1/devices/MOD-00613/data/645134948
833.57,466.45,"{'lat': None, 'lon': None}","{'rh': 19.3, 'temp': 25.2, 'wd': 0.0, 'ws': 0.0, 'ws_scalar': 0.0}","{'gas': {'co': 13498, 'co2': 13260, 'no': 13586, 'no2': 13765, 'o3': 13745}, 'pm': {'pm1': 13200, 'pm10': 13202, 'pm25': 13201}}",2.34,8.88,32.45,0.99,1.04,1.04,645135097,19.3,MOD-00613,25.2,2026-03-31T05:29:20,2026-03-30T22:29:20,https://api.quant-aq.com/v1/devices/MOD-00613/data/645134946
838.91,467.54,"{'lat': None, 'lon': None}","{'rh': 19.3, 'temp': 25.2, 'wd': 0.0, 'ws': 0.0, 'ws_scalar': 0.0}","{'gas': {'co': 13498, 'co2': 13260, 'no': 13586, 'no2': 13765, 'o3': 13745}, 'pm': {'pm1': 13200, 'pm10': 13202, 'pm25': 13201}}",2.34,8.87,32.7,1.12,1.29,1.14,645135100,19.3,MOD-00613,25.2,2026-03-31T05:28:20,2026-03-30T22:28:20,https://api.quant-aq.com/v1/devices/MOD-00613/data/645134949
839.32,467.17,"{'lat': None, 'lon': None}","{'rh': 19.3, 'temp': 25.2, 'wd': 0.0, 'ws': 0.0, 'ws_scalar': 0.0}","{'gas': {'co': 13498, 'co2': 13260, 'no': 13586, 'no2': 13765, 'o3': 13745}, 'pm': {'pm1': 13200, 'pm10': 13202, 'pm25': 13201}}",2.34,8.87,32.7,0.96,0.97,0.97,645135101,19.3,MOD-00613,25.2,2026-03-31T05:27:20,2026-03-30T22:27:20,https://api.quant-aq.com/v1/devices/MOD-00613/data/645134950
841.78,466.57,"{'lat': None, 'lon': None}","{'rh': 19.3, 'temp': 25.2, 'wd': 0.0, 'ws': 0.0, 'ws_scalar': 0.0}","{'gas': {'co': 13498, 'co2': 13260, 'no': 13586, 'no2': 13765, 'o3': 13745}, 'pm': {'pm1': 13200, 'pm10': 13202, 'pm25': 13201}}",2.34,8.87,32.94,1.11,1.21,1.21,645132320,19.3,MOD-00613,25.2,2026-03-31T05:26:20,2026-03-30T22:26:20,https://api.quant-aq.com/v1/devices/MOD-00613/data/645132169
841.37,466.45,"{'lat': None, 'lon': None}","{'rh': 19.3, 'temp': 25.2, 'wd': 0.0, 'ws': 0.0, 'ws_scalar': 0.0}","{'gas': {'co': 13498, 'co2': 13260, 'no': 13586, 'no2': 13765, 'o3': 13745}, 'pm': {'pm1': 13200, 'pm10': 13202, 'pm25': 13201}}",2.34,8.87,32.7,1.22,1.28,1.24,645132316,19.3,MOD-00613,25.2,2026-03-31T05:25:20,2026-03-30T22:25:20,https://api.quant-aq.com/v1/devices/MOD-00613/data/645132166
834.32,467.42,"{'lat': None, 'lon': None}","{'rh': 19.4, 'temp': 25.2, 'wd': 0.0, 'ws': 0.0, 'ws_scalar': 0.0}","{'gas': {'co': 13498, 'co2': 13260, 'no': 13586, 'no2': 13765, 'o3': 13745}, 'pm': {'pm1': 13200, 'pm10': 13202, 'pm25': 13201}}",2.34,8.86,32.91,1.24,1.25,1.25,645132318,19.4,MOD-00613,25.2,2026-03-31T05:24:20,2026-03-30T22:24:20,https://api.quant-aq.com/v1/devices/MOD-00613/data/645132168
838.5,471.51,"{'lat': None, 'lon': None}","{'rh': 19.3, 'temp': 25.2, 'wd': 0.0, 'ws': 0.0, 'ws_scalar': 0.0}","{'gas': {'co': 13498, 'co2': 13260, 'no': 13586, 'no2': 13765, 'o3': 13745}, 'pm': {'pm1': 13200, 'pm10': 13202, 'pm25': 13201}}",2.34,8.88,32.94,1.57,1.58,1.58,645132317,19.3,MOD-00613,25.2,2026-03-31T05:23:20,2026-03-30T22:23:20,https://api.quant-aq.com/v1/devices/MOD-00613/data/645132165
844.17,469.58,"{'lat': None, 'lon': None}","{'rh': 19.4, 'temp': 25.2, 'wd': 0.0, 'ws': 0.0, 'ws_scalar': 0.0}","{'gas': {'co': 13498, 'co2': 13260, 'no': 13586, 'no2': 13765, 'o3': 13745}, 'pm': {'pm1': 13200, 'pm10': 13202, 'pm25': 13201}}",2.34,8.87,32.91,0.9,0.91,0.91,645132319,19.4,MOD-00613,25.2,2026-03-31T05:22:20,2026-03-30T22:22:20,https://api.quant-aq.com/v1/devices/MOD-00613/data/645132167
848.69,468.62,"{'lat': None, 'lon': None}","{'rh': 19.4, 'temp': 25.2, 'wd': 0.0, 'ws': 0.0, 'ws_scalar': 0.0}","{'gas': {'co': 13498, 'co2': 13260, 'no': 13586, 'no2': 13765, 'o3': 13745}, 'pm': {'pm1': 13200, 'pm10': 13202, 'pm25': 13201}}",2.34,8.87,32.43,1.53,1.55,1.55,645129557,19.4,MOD-00613,25.2,2026-03-31T05:21:20,2026-03-30T22:21:20,https://api.quant-aq.com/v1/devices/MOD-00613/data/645129407
847.46,467.29,"{'lat': None, 'lon': None}","{'rh': 19.4, 'temp': 25.2, 'wd': 0.0, 'ws': 0.0, 'ws_scalar': 0.0}","{'gas': {'co': 13498, 'co2': 13260, 'no': 13586, 'no2': 13765, 'o3': 13745}, 'pm': {'pm1': 13200, 'pm10': 13202, 'pm25': 13201}}",2.34,8.87,32.67,1.31,1.33,1.33,645129560,19.4,MOD-00613,25.2,2026-03-31T05:20:20,2026-03-30T22:20:20,https://api.quant-aq.com/v1/devices/MOD-00613/data/645129408
846.63,467.78,"{'lat': None, 'lon': None}","{'rh': 19.4, 'temp': 25.2, 'wd': 0.0, 'ws': 0.0, 'ws_scalar': 0.0}","{'gas': {'co': 13498, 'co2': 13260, 'no': 13586, 'no2': 13765, 'o3': 13745}, 'pm': {'pm1': 13200, 'pm10': 13202, 'pm25': 13201}}",2.34,8.87,33.39,1.01,1.14,1.1,645129559,19.4,MOD-00613,25.2,2026-03-31T05:19:20,2026-03-30T22:19:20,https://api.quant-aq.com/v1/devices/MOD-00613/data/645129409
838.83,467.17,"{'lat': None, 'lon': None}","{'rh': 19.4, 'temp': 25.2, 'wd': 0.0, 'ws': 0.0, 'ws_scalar': 0.0}","{'gas': {'co': 13498, 'co2': 13260, 'no': 13586, 'no2': 13765, 'o3': 13745}, 'pm': {'pm1': 13200, 'pm10': 13202, 'pm25': 13201}}",2.34,8.87,32.43,1.35,1.39,1.39,645129558,19.4,MOD-00613,25.2,2026-03-31T05:18:20,2026-03-30T22:18:20,https://api.quant-aq.com/v1/devices/MOD-00613/data/645129406
844.99,466.21,"{'lat': None, 'lon': None}","{'rh': 19.4, 'temp': 25.2, 'wd': 0.0, 'ws': 0.0, 'ws_scalar': 0.0}","{'gas': {'co': 13498, 'co2': 13260, 'no': 13586, 'no2': 13765, 'o3': 13745}, 'pm': {'pm1': 13200, 'pm10': 13202, 'pm25': 13201}}",2.34,8.87,32.91,1.33,1.36,1.36,645129556,19.4,MOD-00613,25.2,2026-03-31T05:17:20,2026-03-30T22:17:20,https://api.quant-aq.com/v1/devices/MOD-00613/data/645129405
843.35,468.74,"{'lat': None, 'lon': None}","{'rh': 19.4, 'temp': 25.2, 'wd': 0.0, 'ws': 0.0, 'ws_scalar': 0.0}","{'gas': {'co': 13498, 'co2': 13260, 'no': 13586, 'no2': 13765, 'o3': 13745}, 'pm': {'pm1': 13200, 'pm10': 13202, 'pm25': 13201}}",2.34,8.88,32.18,1.16,1.2,1.2,645126815,19.4,MOD-00613,25.2,2026-03-31T05:16:20,2026-03-30T22:16:20,https://api.quant-aq.com/v1/devices/MOD-00613/data/645126663
844.58,467.78,"{'lat': None, 'lon': None}","{'rh': 19.4, 'temp': 25.2, 'wd': 0.0, 'ws': 0.0, 'ws_scalar': 0.0}","{'gas': {'co': 13498, 'co2': 13260, 'no': 13586, 'no2': 13765, 'o3': 13745}, 'pm': {'pm1': 13200, 'pm10': 13202, 'pm25': 13201}}",2.34,8.87,33.15,0.85,0.88,0.88,645126813,19.4,MOD-00613,25.2,2026-03-31T05:15:20,2026-03-30T22:15:20,https://api.quant-aq.com/v1/devices/MOD-00613/data/645126661
851.97,467.66,"{'lat': None, 'lon': None}","{'rh': 19.4, 'temp': 25.2, 'wd': 0.0, 'ws': 0.0, 'ws_scalar': 0.0}","{'gas': {'co': 13498, 'co2': 13260, 'no': 13586, 'no2': 13765, 'o3': 13745}, 'pm': {'pm1': 13200, 'pm10': 13202, 'pm25': 13201}}",2.34,8.87,32.43,1.69,1.72,1.72,645126812,19.4,MOD-00613,25.2,2026-03-31T05:14:20,2026-03-30T22:14:20,https://api.quant-aq.com/v1/devices/MOD-00613/data/645126658
847.87,469.22,"{'lat': None, 'lon': None}","{'rh': 19.4, 'temp': 25.2, 'wd': 0.0, 'ws': 0.0, 'ws_scalar': 0.0}","{'gas': {'co': 13498, 'co2': 13260, 'no': 13586, 'no2': 13765, 'o3': 13745}, 'pm': {'pm1': 13200, 'pm10': 13202, 'pm25': 13201}}",2.34,8.87,32.18,0.97,1.0,1.0,645126814,19.4,MOD-00613,25.2,2026-03-31T05:13:20,2026-03-30T22:13:20,https://api.quant-aq.com/v1/devices/MOD-00613/data/645126664
843.76,470.43,"{'lat': None, 'lon': None}","{'rh': 19.4, 'temp': 25.2, 'wd': 0.0, 'ws': 0.0, 'ws_scalar': 0.0}","{'gas': {'co': 13498, 'co2': 13260, 'no': 13586, 'no2': 13765, 'o3': 13745}, 'pm': {'pm1': 13200, 'pm10': 13202, 'pm25': 13201}}",2.34,8.87,32.43,1.38,1.46,1.42,645126809,19.4,MOD-00613,25.2,2026-03-31T05:12:20,2026-03-30T22:12:20,https://api.quant-aq.com/v1/devices/MOD-00613/data/645126654
853.61,469.22,"{'lat': None, 'lon': None}","{'rh': 19.4, 'temp': 25.2, 'wd': 0.0, 'ws': 0.0, 'ws_scalar': 0.0}","{'gas': {'co': 13498, 'co2': 13260, 'no': 13586, 'no2': 13765, 'o3': 13745}, 'pm': {'pm1': 13200, 'pm10': 13202, 'pm25': 13201}}",2.34,8.87,32.43,1.33,1.44,1.39,645124029,19.4,MOD-00613,25.2,2026-03-31T05:11:20,2026-03-30T22:11:20,https://api.quant-aq.com/v1/devices/MOD-00613/data/645123877
854.43,470.67,"{'lat': None, 'lon': None}","{'rh': 19.4, 'temp': 25.2, 'wd': 0.0, 'ws': 0.0, 'ws_scalar': 0.0}","{'gas': {'co': 13498, 'co2': 13260, 'no': 13586, 'no2': 13765, 'o3': 13745}, 'pm': {'pm1': 13200, 'pm10': 13202, 'pm25': 13201}}",2.34,8.88,32.43,1.21,1.28,1.28,645124027,19.4,MOD-00613,25.2,2026-03-31T05:10:20,2026-03-30T22:10:20,https://api.quant-aq.com/v1/devices/MOD-00613/data/645123875
854.84,468.98,"{'lat': None, 'lon': None}","{'rh': 19.4, 'temp': 25.2, 'wd': 0.0, 'ws': 0.0, 'ws_scalar': 0.0}","{'gas': {'co': 13498, 'co2': 13260, 'no': 13586, 'no2': 13765, 'o3': 13745}, 'pm': {'pm1': 13200, 'pm10': 13202, 'pm25': 13201}}",2.34,8.87,32.67,1.09,1.1,1.1,645124025,19.4,MOD-00613,25.2,2026-03-31T05:09:20,2026-03-30T22:09:20,https://api.quant-aq.com/v1/devices/MOD-00613/data/645123876
846.63,466.81,"{'lat': None, 'lon': None}","{'rh': 19.4, 'temp': 25.2, 'wd': 0.0, 'ws': 0.0, 'ws_scalar': 0.0}","{'gas': {'co': 13498, 'co2': 13260, 'no': 13586, 'no2': 13765, 'o3': 13745}, 'pm': {'pm1': 13200, 'pm10': 13202, 'pm25': 13201}}",2.34,8.87,32.67,1.22,1.28,1.28,645124026,19.4,MOD-00613,25.2,2026-03-31T05:08:20,2026-03-30T22:08:20,https://api.quant-aq.com/v1/devices/MOD-00613/data/645123874
854.43,468.98,"{'lat': None, 'lon': None}","{'rh': 19.4, 'temp': 25.2, 'wd': 0.0, 'ws': 0.0, 'ws_scalar': 0.0}","{'gas': {'co': 13498, 'co2': 13260, 'no': 13586, 'no2': 13765, 'o3': 13745}, 'pm': {'pm1': 13200, 'pm10': 13202, 'pm25': 13201}}",2.34,8.88,32.67,1.38,1.86,1.41,645124028,19.4,MOD-00613,25.2,2026-03-31T05:07:20,2026-03-30T22:07:20,https://api.quant-aq.com/v1/devices/MOD-00613/data/645123878
856.9,466.57,"{'lat': None, 'lon': None}","{'rh': 19.4, 'temp': 25.2, 'wd': 0.0, 'ws': 0.0, 'ws_scalar': 0.0}","{'gas': {'co': 13498, 'co2': 13260, 'no': 13586, 'no2': 13765, 'o3': 13745}, 'pm': {'pm1': 13200, 'pm10': 13202, 'pm25': 13201}}",2.34,8.87,32.18,1.29,1.34,1.34,645121238,19.4,MOD-00613,25.2,2026-03-31T05:06:20,2026-03-30T22:06:20,https://api.quant-aq.com/v1/devices/MOD-00613/data/645121087
853.2,468.98,"{'lat': None, 'lon': None}","{'rh': 19.4, 'temp': 25.2, 'wd': 0.0, 'ws': 0.0, 'ws_scalar': 0.0}","{'gas': {'co': 13498, 'co2': 13260, 'no': 13586, 'no2': 13765, 'o3': 13745}, 'pm': {'pm1': 13200, 'pm10': 13202, 'pm25': 13201}}",2.34,8.87,32.43,1.13,1.16,1.16,645121234,19.4,MOD-00613,25.2,2026-03-31T05:05:20,2026-03-30T22:05:20,https://api.quant-aq.com/v1/devices/MOD-00613/data/645121083
860.18,470.43,"{'lat': None, 'lon': None}","{'rh': 19.4, 'temp': 25.2, 'wd': 0.0, 'ws': 0.0, 'ws_scalar': 0.0}","{'gas': {'co': 13498, 'co2': 13260, 'no': 13586, 'no2': 13765, 'o3': 13745}, 'pm': {'pm1': 13200, 'pm10': 13202, 'pm25': 13201}}",2.34,8.88,32.43,0.92,1.47,0.98,645121236,19.4,MOD-00613,25.2,2026-03-31T05:04:20,2026-03-30T22:04:20,https://api.quant-aq.com/v1/devices/MOD-00613/data/645121085
857.72,470.67,"{'lat': None, 'lon': None}","{'rh': 19.4, 'temp': 25.2, 'wd': 0.0, 'ws': 0.0, 'ws_scalar': 0.0}","{'gas': {'co': 13498, 'co2': 13260, 'no': 13586, 'no2': 13765, 'o3': 13745}, 'pm': {'pm1': 13200, 'pm10': 13202, 'pm25': 13201}}",2.34,8.87,32.67,1.23,1.25,1.25,645121235,19.4,MOD-00613,25.2,2026-03-31T05:03:20,2026-03-30T22:03:20,https://api.quant-aq.com/v1/devices/MOD-00613/data/645121084
856.49,467.42,"{'lat': None, 'lon': None}","{'rh': 19.4, 'temp': 25.2, 'wd': 0.0, 'ws': 0.0, 'ws_scalar': 0.0}","{'gas': {'co': 13498, 'co2': 13260, 'no': 13586, 'no2': 13765, 'o3': 13745}, 'pm': {'pm1': 13200, 'pm10': 13202, 'pm25': 13201}}",2.34,8.88,32.18,1.32,1.38,1.38,645121237,19.4,MOD-00613,25.2,2026-03-31T05:02:20,2026-03-30T22:02:20,https://api.quant-aq.com/v1/devices/MOD-00613/data/645121086
859.77,469.7,"{'lat': None, 'lon': None}","{'rh': 19.4, 'temp': 25.2, 'wd': 0.0, 'ws': 0.0, 'ws_scalar': 0.0}","{'gas': {'co': 13498, 'co2': 13260, 'no': 13586, 'no2': 13765, 'o3': 13745}, 'pm': {'pm1': 13200, 'pm10': 13202, 'pm25': 13201}}",2.34,8.88,32.43,1.25,2.9,1.29,645118473,19.4,MOD-00613,25.2,2026-03-31T05:01:20,2026-03-30T22:01:20,https://api.quant-aq.com/v1/devices/MOD-00613/data/645118322
858.95,469.94,"{'lat': None, 'lon': None}","{'rh': 19.4, 'temp': 25.2, 'wd': 0.0, 'ws': 0.0, 'ws_scalar': 0.0}","{'gas': {'co': 13498, 'co2': 13260, 'no': 13586, 'no2': 13765, 'o3': 13745}, 'pm': {'pm1': 13200, 'pm10': 13202, 'pm25': 13201}}",2.34,8.87,32.67,1.6,1.63,1.63,645118472,19.4,MOD-00613,25.2,2026-03-31T05:00:20,2026-03-30T22:00:20,https://api.quant-aq.com/v1/devices/MOD-00613/data/645118321
856.49,470.31,"{'lat': None, 'lon': None}","{'rh': 19.4, 'temp': 25.2, 'wd': 0.0, 'ws': 0.0, 'ws_scalar': 0.0}","{'gas': {'co': 13498, 'co2': 13260, 'no': 13586, 'no2': 13765, 'o3': 13745}, 'pm': {'pm1': 13200, 'pm10': 13202, 'pm25': 13201}}",2.34,8.87,31.94,1.33,1.41,1.41,645118470,19.4,MOD-00613,25.2,2026-03-31T04:59:20,2026-03-30T21:59:20,https://api.quant-aq.com/v1/devices/MOD-00613/data/645118320
859.36,473.08,"{'lat': None, 'lon': None}","{'rh': 19.4, 'temp': 25.2, 'wd': 0.0, 'ws': 0.0, 'ws_scalar': 0.0}","{'gas': {'co': 13498, 'co2': 13260, 'no': 13586, 'no2': 13765, 'o3': 13745}, 'pm': {'pm1': 13200, 'pm10': 13202, 'pm25': 13201}}",2.34,8.87,32.18,1.27,1.46,1.3,645118471,19.4,MOD-00613,25.2,2026-03-31T04:58:20,2026-03-30T21:58:20,https://api.quant-aq.com/v1/devices/MOD-00613/data/645118319
857.31,469.46,"{'lat': None, 'lon': None}","{'rh': 19.4, 'temp': 25.2, 'wd': 0.0, 'ws': 0.0, 'ws_scalar': 0.0}","{'gas': {'co': 13498, 'co2': 13260, 'no': 13586, 'no2': 13765, 'o3': 13745}, 'pm': {'pm1': 13200, 'pm10': 13202, 'pm25': 13201}}",2.34,8.88,32.43,1.09,1.16,1.16,645118469,19.4,MOD-00613,25.2,2026-03-31T04:57:20,2026-03-30T21:57:20,https://api.quant-aq.com/v1/devices/MOD-00613/data/645118318
858.47,470.91,"{'lat': None, 'lon': None}","{'rh': 19.5, 'temp': 25.2, 'wd': 0.0, 'ws': 0.0, 'ws_scalar': 0.0}","{'gas': {'co': 13498, 'co2': 13260, 'no': 13586, 'no2': 13765, 'o3': 13745}, 'pm': {'pm1': 13200, 'pm10': 13202, 'pm25': 13201}}",2.34,8.87,32.15,1.19,1.22,1.22,645115732,19.5,MOD-00613,25.2,2026-03-31T04:56:20,2026-03-30T21:56:20,https://api.quant-aq.com/v1/devices/MOD-00613/data/645115581
854.36,470.55,"{'lat': None, 'lon': None}","{'rh': 19.5, 'temp': 25.2, 'wd': 0.0, 'ws': 0.0, 'ws_scalar': 0.0}","{'gas': {'co': 13498, 'co2': 13260, 'no': 13586, 'no2': 13765, 'o3': 13745}, 'pm': {'pm1': 13200, 'pm10': 13202, 'pm25': 13201}}",2.34,8.86,32.4,1.16,1.21,1.21,645115728,19.5,MOD-00613,25.2,2026-03-31T04:55:20,2026-03-30T21:55:20,https://api.quant-aq.com/v1/devices/MOD-00613/data/645115577
862.98,471.03,"{'lat': None, 'lon': None}","{'rh': 19.5, 'temp': 25.2, 'wd': 0.0, 'ws': 0.0, 'ws_scalar': 0.0}","{'gas': {'co': 13498, 'co2': 13260, 'no': 13586, 'no2': 13765, 'o3': 13745}, 'pm': {'pm1': 13200, 'pm10': 13202, 'pm25': 13201}}",2.34,8.87,31.91,1.26,1.75,1.31,645115729,19.5,MOD-00613,25.2,2026-03-31T04:54:20,2026-03-30T21:54:20,https://api.quant-aq.com/v1/devices/MOD-00613/data/645115579
861.0,469.82,"{'lat': None, 'lon': None}","{'rh': 19.4, 'temp': 25.2, 'wd': 0.0, 'ws': 0.0, 'ws_scalar': 0.0}","{'gas': {'co': 13498, 'co2': 13260, 'no': 13586, 'no2': 13765, 'o3': 13745}, 'pm': {'pm1': 13200, 'pm10': 13202, 'pm25': 13201}}",2.34,8.88,31.94,1.09,1.14,1.14,645115730,19.4,MOD-00613,25.2,2026-03-31T04:53:20,2026-03-30T21:53:20,https://api.quant-aq.com/v1/devices/MOD-00613/data/645115578
860.11,471.27,"{'lat': None, 'lon': None}","{'rh': 19.5, 'temp': 25.2, 'wd': 0.0, 'ws': 0.0, 'ws_scalar': 0.0}","{'gas': {'co': 13498, 'co2': 13260, 'no': 13586, 'no2': 13765, 'o3': 13745}, 'pm': {'pm1': 13200, 'pm10': 13202, 'pm25': 13201}}",2.34,8.86,31.67,1.95,2.41,1.96,645115731,19.5,MOD-00613,25.2,2026-03-31T04:52:20,2026-03-30T21:52:20,https://api.quant-aq.com/v1/devices/MOD-00613/data/645115580
862.23,469.82,"{'lat': None, 'lon': None}","{'rh': 19.4, 'temp': 25.2, 'wd': 0.0, 'ws': 0.0, 'ws_scalar': 0.0}","{'gas': {'co': 13498, 'co2': 13260, 'no': 13586, 'no2': 13765, 'o3': 13745}, 'pm': {'pm1': 13200, 'pm10': 13202, 'pm25': 13201}}",2.34,8.88,32.43,1.24,1.24,1.24,645112946,19.4,MOD-00613,25.2,2026-03-31T04:51:20,2026-03-30T21:51:20,https://api.quant-aq.com/v1/devices/MOD-00613/data/645112795
867.57,469.46,"{'lat': None, 'lon': None}","{'rh': 19.4, 'temp': 25.2, 'wd': 0.0, 'ws': 0.0, 'ws_scalar': 0.0}","{'gas': {'co': 13498, 'co2': 13260, 'no': 13586, 'no2': 13765, 'o3': 13745}, 'pm': {'pm1': 13200, 'pm10': 13202, 'pm25': 13201}}",2.34,8.88,32.43,1.42,1.58,1.5,645112943,19.4,MOD-00613,25.2,2026-03-31T04:50:20,2026-03-30T21:50:20,https://api.quant-aq.com/v1/devices/MOD-00613/data/645112792
861.41,469.1,"{'lat': None, 'lon': None}","{'rh': 19.4, 'temp': 25.2, 'wd': 0.0, 'ws': 0.0, 'ws_scalar': 0.0}","{'gas': {'co': 13498, 'co2': 13260, 'no': 13586, 'no2': 13765, 'o3': 13745}, 'pm': {'pm1': 13200, 'pm10': 13202, 'pm25': 13201}}",2.34,8.87,32.18,1.21,1.41,1.29,645112947,19.4,MOD-00613,25.2,2026-03-31T04:49:20,2026-03-30T21:49:20,https://api.quant-aq.com/v1/devices/MOD-00613/data/645112796
861.41,470.67,"{'lat': None, 'lon': None}","{'rh': 19.4, 'temp': 25.2, 'wd': 0.0, 'ws': 0.0, 'ws_scalar': 0.0}","{'gas': {'co': 13498, 'co2': 13260, 'no': 13586, 'no2': 13765, 'o3': 13745}, 'pm': {'pm1': 13200, 'pm10': 13202, 'pm25': 13201}}",2.34,8.87,32.43,1.14,1.23,1.23,645112945,19.4,MOD-00613,25.2,2026-03-31T04:48:20,2026-03-30T21:48:20,https://api.quant-aq.com/v1/devices/MOD-00613/data/645112794
864.39,470.67,"{'lat': None, 'lon': None}","{'rh': 19.4, 'temp': 25.3, 'wd': 0.0, 'ws': 0.0, 'ws_scalar': 0.0}","{'gas': {'co': 13498, 'co2': 13260, 'no': 13586, 'no2': 13765, 'o3': 13745}, 'pm': {'pm1': 13200, 'pm10': 13202, 'pm25': 13201}}",2.34,8.87,31.97,1.21,2.89,1.22,645112944,19.4,MOD-00613,25.3,2026-03-31T04:47:20,2026-03-30T21:47:20,https://api.quant-aq.com/v1/devices/MOD-00613/data/645112793
865.63,470.43,"{'lat': None, 'lon': None}","{'rh': 19.4, 'temp': 25.3, 'wd': 0.0, 'ws': 0.0, 'ws_scalar': 0.0}","{'gas': {'co': 13498, 'co2': 13260, 'no': 13586, 'no2': 13765, 'o3': 13745}, 'pm': {'pm1': 13200, 'pm10': 13202, 'pm25': 13201}}",2.34,8.87,32.45,1.44,1.48,1.48,645110151,19.4,MOD-00613,25.3,2026-03-31T04:46:20,2026-03-30T21:46:20,https://api.quant-aq.com/v1/devices/MOD-00613/data/645110000
864.8,471.03,"{'lat': None, 'lon': None}","{'rh': 19.4, 'temp': 25.3, 'wd': 0.0, 'ws': 0.0, 'ws_scalar': 0.0}","{'gas': {'co': 13498, 'co2': 13260, 'no': 13586, 'no2': 13765, 'o3': 13745}, 'pm': {'pm1': 13200, 'pm10': 13202, 'pm25': 13201}}",2.34,8.87,32.69,1.72,1.79,1.75,645110150,19.4,MOD-00613,25.3,2026-03-31T04:45:20,2026-03-30T21:45:20,https://api.quant-aq.com/v1/devices/MOD-00613/data/645109999
862.75,471.27,"{'lat': None, 'lon': None}","{'rh': 19.4, 'temp': 25.3, 'wd': 0.0, 'ws': 0.0, 'ws_scalar': 0.0}","{'gas': {'co': 13498, 'co2': 13260, 'no': 13586, 'no2': 13765, 'o3': 13745}, 'pm': {'pm1': 13200, 'pm10': 13202, 'pm25': 13201}}",2.34,8.87,32.45,1.38,1.4,1.4,645110147,19.4,MOD-00613,25.3,2026-03-31T04:44:20,2026-03-30T21:44:20,https://api.quant-aq.com/v1/devices/MOD-00613/data/645109996
860.22,470.19,"{'lat': None, 'lon': None}","{'rh': 19.5, 'temp': 25.3, 'wd': 0.0, 'ws': 0.0, 'ws_scalar': 0.0}","{'gas': {'co': 13498, 'co2': 13260, 'no': 13586, 'no2': 13765, 'o3': 13745}, 'pm': {'pm1': 13200, 'pm10': 13202, 'pm25': 13201}}",2.34,8.87,31.94,1.18,1.73,1.26,645110148,19.5,MOD-00613,25.3,2026-03-31T04:43:20,2026-03-30T21:43:20,https://api.quant-aq.com/v1/devices/MOD-00613/data/645109997
867.2,471.03,"{'lat': None, 'lon': None}","{'rh': 19.5, 'temp': 25.3, 'wd': 0.0, 'ws': 0.0, 'ws_scalar': 0.0}","{'gas': {'co': 13498, 'co2': 13260, 'no': 13586, 'no2': 13765, 'o3': 13745}, 'pm': {'pm1': 13200, 'pm10': 13202, 'pm25': 13201}}",2.34,8.86,32.18,1.39,1.48,1.44,645110149,19.5,MOD-00613,25.3,2026-03-31T04:42:20,2026-03-30T21:42:20,https://api.quant-aq.com/v1/devices/MOD-00613/data/645109998
870.55,468.86,"{'lat': None, 'lon': None}","{'rh': 19.4, 'temp': 25.3, 'wd': 0.0, 'ws': 0.0, 'ws_scalar': 0.0}","{'gas': {'co': 13498, 'co2': 13260, 'no': 13586, 'no2': 13765, 'o3': 13745}, 'pm': {'pm1': 13200, 'pm10': 13202, 'pm25': 13201}}",2.34,8.87,32.45,1.44,1.46,1.46,645107405,19.4,MOD-00613,25.3,2026-03-31T04:41:20,2026-03-30T21:41:20,https://api.quant-aq.com/v1/devices/MOD-00613/data/645107253
864.32,471.15,"{'lat': None, 'lon': None}","{'rh': 19.5, 'temp': 25.3, 'wd': 0.0, 'ws': 0.0, 'ws_scalar': 0.0}","{'gas': {'co': 13498, 'co2': 13260, 'no': 13586, 'no2': 13765, 'o3': 13745}, 'pm': {'pm1': 13200, 'pm10': 13202, 'pm25': 13201}}",2.34,8.86,31.94,1.35,1.36,1.36,645107403,19.5,MOD-00613,25.3,2026-03-31T04:40:20,2026-03-30T21:40:20,https://api.quant-aq.com/v1/devices/MOD-00613/data/645107252
861.45,469.22,"{'lat': None, 'lon': None}","{'rh': 19.5, 'temp': 25.3, 'wd': 0.0, 'ws': 0.0, 'ws_scalar': 0.0}","{'gas': {'co': 13498, 'co2': 13260, 'no': 13586, 'no2': 13765, 'o3': 13745}, 'pm': {'pm1': 13200, 'pm10': 13202, 'pm25': 13201}}",2.34,8.86,32.18,1.14,1.15,1.15,645107404,19.5,MOD-00613,25.3,2026-03-31T04:39:20,2026-03-30T21:39:20,https://api.quant-aq.com/v1/devices/MOD-00613/data/645107254
861.86,469.46,"{'lat': None, 'lon': None}","{'rh': 19.5, 'temp': 25.3, 'wd': 0.0, 'ws': 0.0, 'ws_scalar': 0.0}","{'gas': {'co': 13498, 'co2': 13260, 'no': 13586, 'no2': 13765, 'o3': 13745}, 'pm': {'pm1': 13200, 'pm10': 13202, 'pm25': 13201}}",2.34,8.86,32.66,1.13,1.19,1.15,645107402,19.5,MOD-00613,25.3,2026-03-31T04:38:20,2026-03-30T21:38:20,https://api.quant-aq.com/v1/devices/MOD-00613/data/645107251
862.27,466.33,"{'lat': None, 'lon': None}","{'rh': 19.5, 'temp': 25.3, 'wd': 0.0, 'ws': 0.0, 'ws_scalar': 0.0}","{'gas': {'co': 13498, 'co2': 13260, 'no': 13586, 'no2': 13765, 'o3': 13745}, 'pm': {'pm1': 13200, 'pm10': 13202, 'pm25': 13201}}",2.34,8.86,32.42,1.18,1.23,1.23,645107406,19.5,MOD-00613,25.3,2026-03-31T04:37:20,2026-03-30T21:37:20,https://api.quant-aq.com/v1/devices/MOD-00613/data/645107255
863.5,471.03,"{'lat': None, 'lon': None}","{'rh': 19.5, 'temp': 25.3, 'wd': 0.0, 'ws': 0.0, 'ws_scalar': 0.0}","{'gas': {'co': 13498, 'co2': 13260, 'no': 13586, 'no2': 13765, 'o3': 13745}, 'pm': {'pm1': 13200, 'pm10': 13202, 'pm25': 13201}}",2.34,8.86,32.42,1.17,1.18,1.18,645104661,19.5,MOD-00613,25.3,2026-03-31T04:36:20,2026-03-30T21:36:20,https://api.quant-aq.com/v1/devices/MOD-00613/data/645104511
862.68,470.06,"{'lat': None, 'lon': None}","{'rh': 19.5, 'temp': 25.3, 'wd': 0.0, 'ws': 0.0, 'ws_scalar': 0.0}","{'gas': {'co': 13498, 'co2': 13260, 'no': 13586, 'no2': 13765, 'o3': 13745}, 'pm': {'pm1': 13200, 'pm10': 13202, 'pm25': 13201}}",2.34,8.85,32.42,1.35,1.36,1.36,645104660,19.5,MOD-00613,25.3,2026-03-31T04:35:20,2026-03-30T21:35:20,https://api.quant-aq.com/v1/devices/MOD-00613/data/645104510
856.93,469.22,"{'lat': None, 'lon': None}","{'rh': 19.5, 'temp': 25.3, 'wd': 0.0, 'ws': 0.0, 'ws_scalar': 0.0}","{'gas': {'co': 13498, 'co2': 13260, 'no': 13586, 'no2': 13765, 'o3': 13745}, 'pm': {'pm1': 13200, 'pm10': 13202, 'pm25': 13201}}",2.34,8.86,32.42,1.07,1.1,1.1,645104662,19.5,MOD-00613,25.3,2026-03-31T04:34:20,2026-03-30T21:34:20,https://api.quant-aq.com/v1/devices/MOD-00613/data/645104509
860.29,469.58,"{'lat': None, 'lon': None}","{'rh': 19.4, 'temp': 25.3, 'wd': 0.0, 'ws': 0.0, 'ws_scalar': 0.0}","{'gas': {'co': 13498, 'co2': 13260, 'no': 13586, 'no2': 13765, 'o3': 13745}, 'pm': {'pm1': 13200, 'pm10': 13202, 'pm25': 13201}}",2.34,8.87,32.45,1.41,1.47,1.47,645104663,19.4,MOD-00613,25.3,2026-03-31T04:33:20,2026-03-30T21:33:20,https://api.quant-aq.com/v1/devices/MOD-00613/data/645104512
859.88,469.7,"{'lat': None, 'lon': None}","{'rh': 19.4, 'temp': 25.3, 'wd': 0.0, 'ws': 0.0, 'ws_scalar': 0.0}","{'gas': {'co': 13498, 'co2': 13260, 'no': 13586, 'no2': 13765, 'o3': 13745}, 'pm': {'pm1': 13200, 'pm10': 13202, 'pm25': 13201}}",2.34,8.87,32.69,1.61,1.63,1.63,645104659,19.4,MOD-00613,25.3,2026-03-31T04:32:20,2026-03-30T21:32:20,https://api.quant-aq.com/v1/devices/MOD-00613/data/645104508
861.29,466.69,"{'lat': None, 'lon': None}","{'rh': 19.3, 'temp': 25.4, 'wd': 0.0, 'ws': 0.0, 'ws_scalar': 0.0}","{'gas': {'co': 13498, 'co2': 13260, 'no': 13586, 'no2': 13765, 'o3': 13745}, 'pm': {'pm1': 13200, 'pm10': 13202, 'pm25': 13201}}",2.34,8.88,32.27,1.32,1.38,1.38,645101849,19.3,MOD-00613,25.4,2026-03-31T04:31:20,2026-03-30T21:31:20,https://api.quant-aq.com/v1/devices/MOD-00613/data/645101698
860.47,468.98,"{'lat': None, 'lon': None}","{'rh': 19.3, 'temp': 25.4, 'wd': 0.0, 'ws': 0.0, 'ws_scalar': 0.0}","{'gas': {'co': 13498, 'co2': 13260, 'no': 13586, 'no2': 13765, 'o3': 13745}, 'pm': {'pm1': 13200, 'pm10': 13202, 'pm25': 13201}}",2.34,8.87,32.03,1.23,1.24,1.24,645101848,19.3,MOD-00613,25.4,2026-03-31T04:30:20,2026-03-30T21:30:20,https://api.quant-aq.com/v1/devices/MOD-00613/data/645101697
862.11,468.98,"{'lat': None, 'lon': None}","{'rh': 19.3, 'temp': 25.4, 'wd': 0.0, 'ws': 0.0, 'ws_scalar': 0.0}","{'gas': {'co': 13498, 'co2': 13260, 'no': 13586, 'no2': 13765, 'o3': 13745}, 'pm': {'pm1': 13200, 'pm10': 13202, 'pm25': 13201}}",2.34,8.87,32.27,1.31,1.35,1.35,645101850,19.3,MOD-00613,25.4,2026-03-31T04:29:20,2026-03-30T21:29:20,https://api.quant-aq.com/v1/devices/MOD-00613/data/645101699
863.34,467.78,"{'lat': None, 'lon': None}","{'rh': 19.3, 'temp': 25.4, 'wd': 0.0, 'ws': 0.0, 'ws_scalar': 0.0}","{'gas': {'co': 13498, 'co2': 13260, 'no': 13586, 'no2': 13765, 'o3': 13745}, 'pm': {'pm1': 13200, 'pm10': 13202, 'pm25': 13201}}",2.34,8.87,32.51,1.39,1.57,1.41,645101847,19.3,MOD-00613,25.4,2026-03-31T04:28:20,2026-03-30T21:28:20,https://api.quant-aq.com/v1/devices/MOD-00613/data/645101696
862.11,467.42,"{'lat': None, 'lon': None}","{'rh': 19.3, 'temp': 25.4, 'wd': 0.0, 'ws': 0.0, 'ws_scalar': 0.0}","{'gas': {'co': 13498, 'co2': 13260, 'no': 13586, 'no2': 13765, 'o3': 13745}, 'pm': {'pm1': 13200, 'pm10': 13202, 'pm25': 13201}}",2.34,8.87,32.27,1.15,1.23,1.19,645101851,19.3,MOD-00613,25.4,2026-03-31T04:27:20,2026-03-30T21:27:20,https://api.quant-aq.com/v1/devices/MOD-00613/data/645101700
860.06,468.86,"{'lat': None, 'lon': None}","{'rh': 19.3, 'temp': 25.4, 'wd': 0.0, 'ws': 0.0, 'ws_scalar': 0.0}","{'gas': {'co': 13498, 'co2': 13260, 'no': 13586, 'no2': 13765, 'o3': 13745}, 'pm': {'pm1': 13200, 'pm10': 13202, 'pm25': 13201}}",2.34,8.87,32.75,1.68,2.16,1.7,645099066,19.3,MOD-00613,25.4,2026-03-31T04:26:20,2026-03-30T21:26:20,https://api.quant-aq.com/v1/devices/MOD-00613/data/645098915
863.41,469.82,"{'lat': None, 'lon': None}","{'rh': 19.2, 'temp': 25.4, 'wd': 0.0, 'ws': 0.0, 'ws_scalar': 0.0}","{'gas': {'co': 13498, 'co2': 13260, 'no': 13586, 'no2': 13765, 'o3': 13745}, 'pm': {'pm1': 13200, 'pm10': 13202, 'pm25': 13201}}",2.34,8.88,32.54,1.31,1.34,1.34,645099067,19.2,MOD-00613,25.4,2026-03-31T04:25:20,2026-03-30T21:25:20,https://api.quant-aq.com/v1/devices/MOD-00613/data/645098916
867.52,470.79,"{'lat': None, 'lon': None}","{'rh': 19.2, 'temp': 25.4, 'wd': 0.0, 'ws': 0.0, 'ws_scalar': 0.0}","{'gas': {'co': 13498, 'co2': 13260, 'no': 13586, 'no2': 13765, 'o3': 13745}, 'pm': {'pm1': 13200, 'pm10': 13202, 'pm25': 13201}}",2.34,8.88,32.54,1.66,1.68,1.68,645099063,19.2,MOD-00613,25.4,2026-03-31T04:24:20,2026-03-30T21:24:20,https://api.quant-aq.com/v1/devices/MOD-00613/data/645098909
867.86,468.14,"{'lat': None, 'lon': None}","{'rh': 19.3, 'temp': 25.4, 'wd': 0.0, 'ws': 0.0, 'ws_scalar': 0.0}","{'gas': {'co': 13498, 'co2': 13260, 'no': 13586, 'no2': 13765, 'o3': 13745}, 'pm': {'pm1': 13200, 'pm10': 13202, 'pm25': 13201}}",2.34,8.86,32.27,1.53,1.61,1.57,645099065,19.3,MOD-00613,25.4,2026-03-31T04:23:20,2026-03-30T21:23:20,https://api.quant-aq.com/v1/devices/MOD-00613/data/645098912
861.81,469.1,"{'lat': None, 'lon': None}","{'rh': 19.3, 'temp': 25.5, 'wd': 0.0, 'ws': 0.0, 'ws_scalar': 0.0}","{'gas': {'co': 13498, 'co2': 13260, 'no': 13586, 'no2': 13765, 'o3': 13745}, 'pm': {'pm1': 13200, 'pm10': 13202, 'pm25': 13201}}",2.34,8.87,32.54,1.26,1.29,1.29,645099064,19.3,MOD-00613,25.5,2026-03-31T04:22:20,2026-03-30T21:22:20,https://api.quant-aq.com/v1/devices/MOD-00613/data/645098913
868.38,469.34,"{'lat': None, 'lon': None}","{'rh': 19.3, 'temp': 25.5, 'wd': 0.0, 'ws': 0.0, 'ws_scalar': 0.0}","{'gas': {'co': 13498, 'co2': 13260, 'no': 13586, 'no2': 13765, 'o3': 13745}, 'pm': {'pm1': 13200, 'pm10': 13202, 'pm25': 13201}}",2.34,8.87,32.54,1.41,1.43,1.43,645096299,19.3,MOD-00613,25.5,2026-03-31T04:21:20,2026-03-30T21:21:20,https://api.quant-aq.com/v1/devices/MOD-00613/data/645096148
869.2,468.74,"{'lat': None, 'lon': None}","{'rh': 19.3, 'temp': 25.5, 'wd': 0.0, 'ws': 0.0, 'ws_scalar': 0.0}","{'gas': {'co': 13498, 'co2': 13260, 'no': 13586, 'no2': 13765, 'o3': 13745}, 'pm': {'pm1': 13200, 'pm10': 13202, 'pm25': 13201}}",2.34,8.86,32.78,1.23,1.31,1.26,645096298,19.3,MOD-00613,25.5,2026-03-31T04:20:20,2026-03-30T21:20:20,https://api.quant-aq.com/v1/devices/MOD-00613/data/645096147
871.66,467.78,"{'lat': None, 'lon': None}","{'rh': 19.3, 'temp': 25.5, 'wd': 0.0, 'ws': 0.0, 'ws_scalar': 0.0}","{'gas': {'co': 13498, 'co2': 13260, 'no': 13586, 'no2': 13765, 'o3': 13745}, 'pm': {'pm1': 13200, 'pm10': 13202, 'pm25': 13201}}",2.34,8.86,32.54,1.56,1.62,1.58,645096296,19.3,MOD-00613,25.5,2026-03-31T04:19:20,2026-03-30T21:19:20,https://api.quant-aq.com/v1/devices/MOD-00613/data/645096145
869.13,470.43,"{'lat': None, 'lon': None}","{'rh': 19.4, 'temp': 25.5, 'wd': 0.0, 'ws': 0.0, 'ws_scalar': 0.0}","{'gas': {'co': 13498, 'co2': 13260, 'no': 13586, 'no2': 13765, 'o3': 13745}, 'pm': {'pm1': 13200, 'pm10': 13202, 'pm25': 13201}}",2.34,8.86,32.27,1.62,1.63,1.63,645096295,19.4,MOD-00613,25.5,2026-03-31T04:18:20,2026-03-30T21:18:20,https://api.quant-aq.com/v1/devices/MOD-00613/data/645096144
869.13,468.74,"{'lat': None, 'lon': None}","{'rh': 19.4, 'temp': 25.5, 'wd': 0.0, 'ws': 0.0, 'ws_scalar': 0.0}","{'gas': {'co': 13498, 'co2': 13260, 'no': 13586, 'no2': 13765, 'o3': 13745}, 'pm': {'pm1': 13200, 'pm10': 13202, 'pm25': 13201}}",2.34,8.85,32.51,1.42,1.45,1.45,645096297,19.4,MOD-00613,25.5,2026-03-31T04:17:20,2026-03-30T21:17:20,https://api.quant-aq.com/v1/devices/MOD-00613/data/645096146
869.13,467.42,"{'lat': None, 'lon': None}","{'rh': 19.4, 'temp': 25.5, 'wd': 0.0, 'ws': 0.0, 'ws_scalar': 0.0}","{'gas': {'co': 13498, 'co2': 13260, 'no': 13586, 'no2': 13765, 'o3': 13745}, 'pm': {'pm1': 13200, 'pm10': 13202, 'pm25': 13201}}",2.34,8.85,32.51,1.64,1.66,1.66,645093564,19.4,MOD-00613,25.5,2026-03-31T04:16:20,2026-03-30T21:16:20,https://api.quant-aq.com/v1/devices/MOD-00613/data/645093415
868.3,468.38,"{'lat': None, 'lon': None}","{'rh': 19.4, 'temp': 25.5, 'wd': 0.0, 'ws': 0.0, 'ws_scalar': 0.0}","{'gas': {'co': 13498, 'co2': 13260, 'no': 13586, 'no2': 13765, 'o3': 13745}, 'pm': {'pm1': 13200, 'pm10': 13202, 'pm25': 13201}}",2.34,8.86,32.27,2.04,2.08,2.08,645093565,19.4,MOD-00613,25.5,2026-03-31T04:15:20,2026-03-30T21:15:20,https://api.quant-aq.com/v1/devices/MOD-00613/data/645093413
872.0,468.98,"{'lat': None, 'lon': None}","{'rh': 19.4, 'temp': 25.5, 'wd': 0.0, 'ws': 0.0, 'ws_scalar': 0.0}","{'gas': {'co': 13498, 'co2': 13260, 'no': 13586, 'no2': 13765, 'o3': 13745}, 'pm': {'pm1': 13200, 'pm10': 13202, 'pm25': 13201}}",2.34,8.86,32.75,1.85,2.03,1.87,645093566,19.4,MOD-00613,25.5,2026-03-31T04:14:20,2026-03-30T21:14:20,https://api.quant-aq.com/v1/devices/MOD-00613/data/645093414
876.93,470.06,"{'lat': None, 'lon': None}","{'rh': 19.4, 'temp': 25.5, 'wd': 0.0, 'ws': 0.0, 'ws_scalar': 0.0}","{'gas': {'co': 13498, 'co2': 13260, 'no': 13586, 'no2': 13765, 'o3': 13745}, 'pm': {'pm1': 13200, 'pm10': 13202, 'pm25': 13201}}",2.34,8.86,32.75,1.56,1.74,1.66,645093563,19.4,MOD-00613,25.5,2026-03-31T04:13:20,2026-03-30T21:13:20,https://api.quant-aq.com/v1/devices/MOD-00613/data/645093412
871.18,468.62,"{'lat': None, 'lon': None}","{'rh': 19.4, 'temp': 25.5, 'wd': 0.0, 'ws': 0.0, 'ws_scalar': 0.0}","{'gas': {'co': 13498, 'co2': 13260, 'no': 13586, 'no2': 13765, 'o3': 13745}, 'pm': {'pm1': 13200, 'pm10': 13202, 'pm25': 13201}}",2.34,8.86,32.27,1.5,1.52,1.52,645093562,19.4,MOD-00613,25.5,2026-03-31T04:12:20,2026-03-30T21:12:20,https://api.quant-aq.com/v1/devices/MOD-00613/data/645093411
870.36,468.26,"{'lat': None, 'lon': None}","{'rh': 19.4, 'temp': 25.5, 'wd': 0.0, 'ws': 0.0, 'ws_scalar': 0.0}","{'gas': {'co': 13498, 'co2': 13260, 'no': 13586, 'no2': 13765, 'o3': 13745}, 'pm': {'pm1': 13200, 'pm10': 13202, 'pm25': 13201}}",2.34,8.85,32.99,1.78,1.81,1.81,645090771,19.4,MOD-00613,25.5,2026-03-31T04:11:20,2026-03-30T21:11:20,https://api.quant-aq.com/v1/devices/MOD-00613/data/645090620
877.34,470.55,"{'lat': None, 'lon': None}","{'rh': 19.4, 'temp': 25.5, 'wd': 0.0, 'ws': 0.0, 'ws_scalar': 0.0}","{'gas': {'co': 13498, 'co2': 13260, 'no': 13586, 'no2': 13765, 'o3': 13745}, 'pm': {'pm1': 13200, 'pm10': 13202, 'pm25': 13201}}",2.34,8.85,32.75,1.47,1.95,1.5,645090768,19.4,MOD-00613,25.5,2026-03-31T04:10:20,2026-03-30T21:10:20,https://api.quant-aq.com/v1/devices/MOD-00613/data/645090617
871.59,469.34,"{'lat': None, 'lon': None}","{'rh': 19.4, 'temp': 25.5, 'wd': 0.0, 'ws': 0.0, 'ws_scalar': 0.0}","{'gas': {'co': 13498, 'co2': 13260, 'no': 13586, 'no2': 13765, 'o3': 13745}, 'pm': {'pm1': 13200, 'pm10': 13202, 'pm25': 13201}}",2.34,8.85,32.51,1.68,1.85,1.69,645090767,19.4,MOD-00613,25.5,2026-03-31T04:09:20,2026-03-30T21:09:20,https://api.quant-aq.com/v1/devices/MOD-00613/data/645090616
872.41,469.58,"{'lat': None, 'lon': None}","{'rh': 19.4, 'temp': 25.5, 'wd': 0.0, 'ws': 0.0, 'ws_scalar': 0.0}","{'gas': {'co': 13498, 'co2': 13260, 'no': 13586, 'no2': 13765, 'o3': 13745}, 'pm': {'pm1': 13200, 'pm10': 13202, 'pm25': 13201}}",2.34,8.85,32.27,1.52,1.99,1.54,645090770,19.4,MOD-00613,25.5,2026-03-31T04:08:20,2026-03-30T21:08:20,https://api.quant-aq.com/v1/devices/MOD-00613/data/645090619
874.46,468.74,"{'lat': None, 'lon': None}","{'rh': 19.4, 'temp': 25.5, 'wd': 0.0, 'ws': 0.0, 'ws_scalar': 0.0}","{'gas': {'co': 13498, 'co2': 13260, 'no': 13586, 'no2': 13765, 'o3': 13745}, 'pm': {'pm1': 13200, 'pm10': 13202, 'pm25': 13201}}",2.34,8.86,32.75,1.89,1.91,1.91,645090769,19.4,MOD-00613,25.5,2026-03-31T04:07:20,2026-03-30T21:07:20,https://api.quant-aq.com/v1/devices/MOD-00613/data/645090618
876.93,469.34,"{'lat': None, 'lon': None}","{'rh': 19.4, 'temp': 25.5, 'wd': 0.0, 'ws': 0.0, 'ws_scalar': 0.0}","{'gas': {'co': 13498, 'co2': 13260, 'no': 13586, 'no2': 13765, 'o3': 13745}, 'pm': {'pm1': 13200, 'pm10': 13202, 'pm25': 13201}}",2.34,8.85,32.51,1.38,1.43,1.43,645087975,19.4,MOD-00613,25.5,2026-03-31T04:06:20,2026-03-30T21:06:20,https://api.quant-aq.com/v1/devices/MOD-00613/data/645087824
881.85,469.7,"{'lat': None, 'lon': None}","{'rh': 19.4, 'temp': 25.5, 'wd': 0.0, 'ws': 0.0, 'ws_scalar': 0.0}","{'gas': {'co': 13498, 'co2': 13260, 'no': 13586, 'no2': 13765, 'o3': 13745}, 'pm': {'pm1': 13200, 'pm10': 13202, 'pm25': 13201}}",2.34,8.86,32.51,1.41,1.56,1.47,645087974,19.4,MOD-00613,25.5,2026-03-31T04:05:20,2026-03-30T21:05:20,https://api.quant-aq.com/v1/devices/MOD-00613/data/645087823
877.75,468.86,"{'lat': None, 'lon': None}","{'rh': 19.4, 'temp': 25.5, 'wd': 0.0, 'ws': 0.0, 'ws_scalar': 0.0}","{'gas': {'co': 13498, 'co2': 13260, 'no': 13586, 'no2': 13765, 'o3': 13745}, 'pm': {'pm1': 13200, 'pm10': 13202, 'pm25': 13201}}",2.34,8.86,32.27,1.84,1.89,1.89,645087973,19.4,MOD-00613,25.5,2026-03-31T04:04:20,2026-03-30T21:04:20,https://api.quant-aq.com/v1/devices/MOD-00613/data/645087822
879.39,465.37,"{'lat': None, 'lon': None}","{'rh': 19.4, 'temp': 25.5, 'wd': 0.0, 'ws': 0.0, 'ws_scalar': 0.0}","{'gas': {'co': 13498, 'co2': 13260, 'no': 13586, 'no2': 13765, 'o3': 13745}, 'pm': {'pm1': 13200, 'pm10': 13202, 'pm25': 13201}}",2.34,8.85,32.75,1.86,1.91,1.91,645087972,19.4,MOD-00613,25.5,2026-03-31T04:03:20,2026-03-30T21:03:20,https://api.quant-aq.com/v1/devices/MOD-00613/data/645087821
875.28,467.05,"{'lat': None, 'lon': None}","{'rh': 19.4, 'temp': 25.5, 'wd': 0.0, 'ws': 0.0, 'ws_scalar': 0.0}","{'gas': {'co': 13498, 'co2': 13260, 'no': 13586, 'no2': 13765, 'o3': 13745}, 'pm': {'pm1': 13200, 'pm10': 13202, 'pm25': 13201}}",2.34,8.86,32.75,1.33,1.35,1.35,645087971,19.4,MOD-00613,25.5,2026-03-31T04:02:20,2026-03-30T21:02:20,https://api.quant-aq.com/v1/devices/MOD-00613/data/645087820
875.28,469.7,"{'lat': None, 'lon': None}","{'rh': 19.4, 'temp': 25.5, 'wd': 0.0, 'ws': 0.0, 'ws_scalar': 0.0}","{'gas': {'co': 13498, 'co2': 13260, 'no': 13586, 'no2': 13765, 'o3': 13745}, 'pm': {'pm1': 13200, 'pm10': 13202, 'pm25': 13201}}",2.34,8.85,32.51,1.47,1.48,1.48,645085236,19.4,MOD-00613,25.5,2026-03-31T04:01:20,2026-03-30T21:01:20,https://api.quant-aq.com/v1/devices/MOD-00613/data/645085085
875.69,466.69,"{'lat': None, 'lon': None}","{'rh': 19.4, 'temp': 25.5, 'wd': 0.0, 'ws': 0.0, 'ws_scalar': 0.0}","{'gas': {'co': 13498, 'co2': 13260, 'no': 13586, 'no2': 13765, 'o3': 13745}, 'pm': {'pm1': 13200, 'pm10': 13202, 'pm25': 13201}}",2.34,8.86,32.51,1.33,1.53,1.37,645085233,19.4,MOD-00613,25.5,2026-03-31T04:00:20,2026-03-30T21:00:20,https://api.quant-aq.com/v1/devices/MOD-00613/data/645085082
881.44,469.46,"{'lat': None, 'lon': None}","{'rh': 19.4, 'temp': 25.5, 'wd': 0.0, 'ws': 0.0, 'ws_scalar': 0.0}","{'gas': {'co': 13498, 'co2': 13260, 'no': 13586, 'no2': 13765, 'o3': 13745}, 'pm': {'pm1': 13200, 'pm10': 13202, 'pm25': 13201}}",2.34,8.85,32.27,1.33,1.4,1.36,645085235,19.4,MOD-00613,25.5,2026-03-31T03:59:20,2026-03-30T20:59:20,https://api.quant-aq.com/v1/devices/MOD-00613/data/645085084
877.34,468.14,"{'lat': None, 'lon': None}","{'rh': 19.4, 'temp': 25.5, 'wd': 0.0, 'ws': 0.0, 'ws_scalar': 0.0}","{'gas': {'co': 13498, 'co2': 13260, 'no': 13586, 'no2': 13765, 'o3': 13745}, 'pm': {'pm1': 13200, 'pm10': 13202, 'pm25': 13201}}",2.34,8.85,32.51,1.41,1.48,1.48,645085237,19.4,MOD-00613,25.5,2026-03-31T03:58:20,2026-03-30T20:58:20,https://api.quant-aq.com/v1/devices/MOD-00613/data/645085086
879.8,466.81,"{'lat': None, 'lon': None}","{'rh': 19.4, 'temp': 25.5, 'wd': 0.0, 'ws': 0.0, 'ws_scalar': 0.0}","{'gas': {'co': 13498, 'co2': 13260, 'no': 13586, 'no2': 13765, 'o3': 13745}, 'pm': {'pm1': 13200, 'pm10': 13202, 'pm25': 13201}}",2.34,8.85,32.75,0.97,1.04,1.0,645085234,19.4,MOD-00613,25.5,2026-03-31T03:57:20,2026-03-30T20:57:20,https://api.quant-aq.com/v1/devices/MOD-00613/data/645085083
876.03,466.45,"{'lat': None, 'lon': None}","{'rh': 19.5, 'temp': 25.5, 'wd': 0.0, 'ws': 0.0, 'ws_scalar': 0.0}","{'gas': {'co': 13498, 'co2': 13260, 'no': 13586, 'no2': 13765, 'o3': 13745}, 'pm': {'pm1': 13200, 'pm10': 13202, 'pm25': 13201}}",2.34,8.84,32.96,1.46,1.47,1.47,645082463,19.5,MOD-00613,25.5,2026-03-31T03:56:20,2026-03-30T20:56:20,https://api.quant-aq.com/v1/devices/MOD-00613/data/645082312
876.44,468.62,"{'lat': None, 'lon': None}","{'rh': 19.5, 'temp': 25.5, 'wd': 0.0, 'ws': 0.0, 'ws_scalar': 0.0}","{'gas': {'co': 13498, 'co2': 13260, 'no': 13586, 'no2': 13765, 'o3': 13745}, 'pm': {'pm1': 13200, 'pm10': 13202, 'pm25': 13201}}",2.34,8.84,32.72,1.72,1.79,1.79,645082461,19.5,MOD-00613,25.5,2026-03-31T03:55:20,2026-03-30T20:55:20,https://api.quant-aq.com/v1/devices/MOD-00613/data/645082311
878.09,468.02,"{'lat': None, 'lon': None}","{'rh': 19.5, 'temp': 25.5, 'wd': 0.0, 'ws': 0.0, 'ws_scalar': 0.0}","{'gas': {'co': 13498, 'co2': 13260, 'no': 13586, 'no2': 13765, 'o3': 13745}, 'pm': {'pm1': 13200, 'pm10': 13202, 'pm25': 13201}}",2.34,8.85,32.96,1.25,1.27,1.27,645082462,19.5,MOD-00613,25.5,2026-03-31T03:54:20,2026-03-30T20:54:20,https://api.quant-aq.com/v1/devices/MOD-00613/data/645082310
880.96,467.05,"{'lat': None, 'lon': None}","{'rh': 19.5, 'temp': 25.5, 'wd': 0.0, 'ws': 0.0, 'ws_scalar': 0.0}","{'gas': {'co': 13498, 'co2': 13260, 'no': 13586, 'no2': 13765, 'o3': 13745}, 'pm': {'pm1': 13200, 'pm10': 13202, 'pm25': 13201}}",2.34,8.84,32.48,1.28,1.35,1.31,645082460,19.5,MOD-00613,25.5,2026-03-31T03:53:20,2026-03-30T20:53:20,https://api.quant-aq.com/v1/devices/MOD-00613/data/645082309
877.26,470.06,"{'lat': None, 'lon': None}","{'rh': 19.5, 'temp': 25.5, 'wd': 0.0, 'ws': 0.0, 'ws_scalar': 0.0}","{'gas': {'co': 13498, 'co2': 13260, 'no': 13586, 'no2': 13765, 'o3': 13745}, 'pm': {'pm1': 13200, 'pm10': 13202, 'pm25': 13201}}",2.34,8.84,32.48,1.43,1.46,1.46,645082464,19.5,MOD-00613,25.5,2026-03-31T03:52:20,2026-03-30T20:52:20,https://api.quant-aq.com/v1/devices/MOD-00613/data/645082313
879.73,467.29,"{'lat': None, 'lon': None}","{'rh': 19.5, 'temp': 25.5, 'wd': 0.0, 'ws': 0.0, 'ws_scalar': 0.0}","{'gas': {'co': 13498, 'co2': 13260, 'no': 13586, 'no2': 13765, 'o3': 13745}, 'pm': {'pm1': 13200, 'pm10': 13202, 'pm25': 13201}}",2.34,8.85,32.24,1.19,1.36,1.2,645079670,19.5,MOD-00613,25.5,2026-03-31T03:51:20,2026-03-30T20:51:20,https://api.quant-aq.com/v1/devices/MOD-00613/data/645079519
878.5,468.5,"{'lat': None, 'lon': None}","{'rh': 19.5, 'temp': 25.5, 'wd': 0.0, 'ws': 0.0, 'ws_scalar': 0.0}","{'gas': {'co': 13498, 'co2': 13260, 'no': 13586, 'no2': 13765, 'o3': 13745}, 'pm': {'pm1': 13200, 'pm10': 13202, 'pm25': 13201}}",2.34,8.84,32.48,1.16,1.19,1.19,645079674,19.5,MOD-00613,25.5,2026-03-31T03:50:20,2026-03-30T20:50:20,https://api.quant-aq.com/v1/devices/MOD-00613/data/645079523
876.85,466.69,"{'lat': None, 'lon': None}","{'rh': 19.5, 'temp': 25.5, 'wd': 0.0, 'ws': 0.0, 'ws_scalar': 0.0}","{'gas': {'co': 13498, 'co2': 13260, 'no': 13586, 'no2': 13765, 'o3': 13745}, 'pm': {'pm1': 13200, 'pm10': 13202, 'pm25': 13201}}",2.34,8.85,32.24,1.51,1.61,1.57,645079672,19.5,MOD-00613,25.5,2026-03-31T03:49:20,2026-03-30T20:49:20,https://api.quant-aq.com/v1/devices/MOD-00613/data/645079520
878.5,468.26,"{'lat': None, 'lon': None}","{'rh': 19.5, 'temp': 25.5, 'wd': 0.0, 'ws': 0.0, 'ws_scalar': 0.0}","{'gas': {'co': 13498, 'co2': 13260, 'no': 13586, 'no2': 13765, 'o3': 13745}, 'pm': {'pm1': 13200, 'pm10': 13202, 'pm25': 13201}}",2.34,8.85,32.72,1.43,1.47,1.47,645079673,19.5,MOD-00613,25.5,2026-03-31T03:48:20,2026-03-30T20:48:20,https://api.quant-aq.com/v1/devices/MOD-00613/data/645079522
878.5,467.9,"{'lat': None, 'lon': None}","{'rh': 19.5, 'temp': 25.5, 'wd': 0.0, 'ws': 0.0, 'ws_scalar': 0.0}","{'gas': {'co': 13498, 'co2': 13260, 'no': 13586, 'no2': 13765, 'o3': 13745}, 'pm': {'pm1': 13200, 'pm10': 13202, 'pm25': 13201}}",2.34,8.84,32.72,1.57,1.61,1.61,645079671,19.5,MOD-00613,25.5,2026-03-31T03:47:20,2026-03-30T20:47:20,https://api.quant-aq.com/v1/devices/MOD-00613/data/645079521
883.83,470.31,"{'lat': None, 'lon': None}","{'rh': 19.5, 'temp': 25.5, 'wd': 0.0, 'ws': 0.0, 'ws_scalar': 0.0}","{'gas': {'co': 13498, 'co2': 13260, 'no': 13586, 'no2': 13765, 'o3': 13745}, 'pm': {'pm1': 13200, 'pm10': 13202, 'pm25': 13201}}",2.34,8.84,32.24,1.45,1.47,1.47,645076880,19.5,MOD-00613,25.5,2026-03-31T03:46:20,2026-03-30T20:46:20,https://api.quant-aq.com/v1/devices/MOD-00613/data/645076729
881.78,468.02,"{'lat': None, 'lon': None}","{'rh': 19.5, 'temp': 25.5, 'wd': 0.0, 'ws': 0.0, 'ws_scalar': 0.0}","{'gas': {'co': 13498, 'co2': 13260, 'no': 13586, 'no2': 13765, 'o3': 13745}, 'pm': {'pm1': 13200, 'pm10': 13202, 'pm25': 13201}}",2.34,8.84,32.72,1.41,10.43,1.42,645076882,19.5,MOD-00613,25.5,2026-03-31T03:45:20,2026-03-30T20:45:20,https://api.quant-aq.com/v1/devices/MOD-00613/data/645076731
884.24,467.9,"{'lat': None, 'lon': None}","{'rh': 19.5, 'temp': 25.5, 'wd': 0.0, 'ws': 0.0, 'ws_scalar': 0.0}","{'gas': {'co': 13498, 'co2': 13260, 'no': 13586, 'no2': 13765, 'o3': 13745}, 'pm': {'pm1': 13200, 'pm10': 13202, 'pm25': 13201}}",2.34,8.84,32.24,1.65,1.73,1.73,645076881,19.5,MOD-00613,25.5,2026-03-31T03:44:20,2026-03-30T20:44:20,https://api.quant-aq.com/v1/devices/MOD-00613/data/645076730
880.14,467.78,"{'lat': None, 'lon': None}","{'rh': 19.5, 'temp': 25.5, 'wd': 0.0, 'ws': 0.0, 'ws_scalar': 0.0}","{'gas': {'co': 13498, 'co2': 13260, 'no': 13586, 'no2': 13765, 'o3': 13745}, 'pm': {'pm1': 13200, 'pm10': 13202, 'pm25': 13201}}",2.34,8.85,32.24,1.55,1.65,1.6,645076883,19.5,MOD-00613,25.5,2026-03-31T03:43:20,2026-03-30T20:43:20,https://api.quant-aq.com/v1/devices/MOD-00613/data/645076732
878.09,468.98,"{'lat': None, 'lon': None}","{'rh': 19.5, 'temp': 25.5, 'wd': 0.0, 'ws': 0.0, 'ws_scalar': 0.0}","{'gas': {'co': 13498, 'co2': 13260, 'no': 13586, 'no2': 13765, 'o3': 13745}, 'pm': {'pm1': 13200, 'pm10': 13202, 'pm25': 13201}}",2.34,8.84,32.24,1.53,1.61,1.56,645076879,19.5,MOD-00613,25.5,2026-03-31T03:42:20,2026-03-30T20:42:20,https://api.quant-aq.com/v1/devices/MOD-00613/data/645076728
877.26,468.26,"{'lat': None, 'lon': None}","{'rh': 19.5, 'temp': 25.5, 'wd': 0.0, 'ws': 0.0, 'ws_scalar': 0.0}","{'gas': {'co': 13498, 'co2': 13260, 'no': 13586, 'no2': 13765, 'o3': 13745}, 'pm': {'pm1': 13200, 'pm10': 13202, 'pm25': 13201}}",2.34,8.84,32.96,1.39,1.72,1.47,645074139,19.5,MOD-00613,25.5,2026-03-31T03:41:20,2026-03-30T20:41:20,https://api.quant-aq.com/v1/devices/MOD-00613/data/645073987
873.57,467.66,"{'lat': None, 'lon': None}","{'rh': 19.5, 'temp': 25.5, 'wd': 0.0, 'ws': 0.0, 'ws_scalar': 0.0}","{'gas': {'co': 13498, 'co2': 13260, 'no': 13586, 'no2': 13765, 'o3': 13745}, 'pm': {'pm1': 13200, 'pm10': 13202, 'pm25': 13201}}",2.34,8.84,32.48,1.27,1.38,1.34,645074138,19.5,MOD-00613,25.5,2026-03-31T03:40:20,2026-03-30T20:40:20,https://api.quant-aq.com/v1/devices/MOD-00613/data/645073988
878.5,467.54,"{'lat': None, 'lon': None}","{'rh': 19.5, 'temp': 25.5, 'wd': 0.0, 'ws': 0.0, 'ws_scalar': 0.0}","{'gas': {'co': 13498, 'co2': 13260, 'no': 13586, 'no2': 13765, 'o3': 13745}, 'pm': {'pm1': 13200, 'pm10': 13202, 'pm25': 13201}}",2.34,8.86,32.24,1.35,1.36,1.36,645074136,19.5,MOD-00613,25.5,2026-03-31T03:39:20,2026-03-30T20:39:20,https://api.quant-aq.com/v1/devices/MOD-00613/data/645073985
882.19,468.02,"{'lat': None, 'lon': None}","{'rh': 19.5, 'temp': 25.5, 'wd': 0.0, 'ws': 0.0, 'ws_scalar': 0.0}","{'gas': {'co': 13498, 'co2': 13260, 'no': 13586, 'no2': 13765, 'o3': 13745}, 'pm': {'pm1': 13200, 'pm10': 13202, 'pm25': 13201}}",2.34,8.84,32.72,1.35,1.41,1.41,645074137,19.5,MOD-00613,25.5,2026-03-31T03:38:20,2026-03-30T20:38:20,https://api.quant-aq.com/v1/devices/MOD-00613/data/645073986
878.09,468.38,"{'lat': None, 'lon': None}","{'rh': 19.5, 'temp': 25.5, 'wd': 0.0, 'ws': 0.0, 'ws_scalar': 0.0}","{'gas': {'co': 13498, 'co2': 13260, 'no': 13586, 'no2': 13765, 'o3': 13745}, 'pm': {'pm1': 13200, 'pm10': 13202, 'pm25': 13201}}",2.34,8.84,32.72,1.59,1.74,1.65,645074140,19.5,MOD-00613,25.5,2026-03-31T03:37:20,2026-03-30T20:37:20,https://api.quant-aq.com/v1/devices/MOD-00613/data/645073989
877.68,470.19,"{'lat': None, 'lon': None}","{'rh': 19.5, 'temp': 25.5, 'wd': 0.0, 'ws': 0.0, 'ws_scalar': 0.0}","{'gas': {'co': 13498, 'co2': 13260, 'no': 13586, 'no2': 13765, 'o3': 13745}, 'pm': {'pm1': 13200, 'pm10': 13202, 'pm25': 13201}}",2.34,8.84,32.24,1.16,1.25,1.2,645071366,19.5,MOD-00613,25.5,2026-03-31T03:36:20,2026-03-30T20:36:20,https://api.quant-aq.com/v1/devices/MOD-00613/data/645071215
876.96,467.9,"{'lat': None, 'lon': None}","{'rh': 19.5, 'temp': 25.6, 'wd': 0.0, 'ws': 0.0, 'ws_scalar': 0.0}","{'gas': {'co': 13498, 'co2': 13260, 'no': 13586, 'no2': 13765, 'o3': 13745}, 'pm': {'pm1': 13200, 'pm10': 13202, 'pm25': 13201}}",2.34,8.84,32.74,1.27,1.31,1.31,645071368,19.5,MOD-00613,25.6,2026-03-31T03:35:20,2026-03-30T20:35:20,https://api.quant-aq.com/v1/devices/MOD-00613/data/645071217
880.14,470.06,"{'lat': None, 'lon': None}","{'rh': 19.5, 'temp': 25.5, 'wd': 0.0, 'ws': 0.0, 'ws_scalar': 0.0}","{'gas': {'co': 13498, 'co2': 13260, 'no': 13586, 'no2': 13765, 'o3': 13745}, 'pm': {'pm1': 13200, 'pm10': 13202, 'pm25': 13201}}",2.34,8.84,32.96,1.35,1.86,1.39,645071370,19.5,MOD-00613,25.5,2026-03-31T03:34:20,2026-03-30T20:34:20,https://api.quant-aq.com/v1/devices/MOD-00613/data/645071219
873.68,470.55,"{'lat': None, 'lon': None}","{'rh': 19.5, 'temp': 25.6, 'wd': 0.0, 'ws': 0.0, 'ws_scalar': 0.0}","{'gas': {'co': 13498, 'co2': 13260, 'no': 13586, 'no2': 13765, 'o3': 13745}, 'pm': {'pm1': 13200, 'pm10': 13202, 'pm25': 13201}}",2.34,8.84,32.26,1.59,1.97,1.68,645071367,19.5,MOD-00613,25.6,2026-03-31T03:33:20,2026-03-30T20:33:20,https://api.quant-aq.com/v1/devices/MOD-00613/data/645071216
879.84,469.58,"{'lat': None, 'lon': None}","{'rh': 19.5, 'temp': 25.6, 'wd': 0.0, 'ws': 0.0, 'ws_scalar': 0.0}","{'gas': {'co': 13498, 'co2': 13260, 'no': 13586, 'no2': 13765, 'o3': 13745}, 'pm': {'pm1': 13200, 'pm10': 13202, 'pm25': 13201}}",2.34,8.84,32.98,1.38,1.96,1.43,645071369,19.5,MOD-00613,25.6,2026-03-31T03:32:20,2026-03-30T20:32:20,https://api.quant-aq.com/v1/devices/MOD-00613/data/645071218
876.55,469.34,"{'lat': None, 'lon': None}","{'rh': 19.5, 'temp': 25.6, 'wd': 0.0, 'ws': 0.0, 'ws_scalar': 0.0}","{'gas': {'co': 13498, 'co2': 13260, 'no': 13586, 'no2': 13765, 'o3': 13745}, 'pm': {'pm1': 13200, 'pm10': 13202, 'pm25': 13201}}",2.34,8.83,32.5,1.48,1.68,1.52,645068566,19.5,MOD-00613,25.6,2026-03-31T03:31:20,2026-03-30T20:31:20,https://api.quant-aq.com/v1/devices/MOD-00613/data/645068415
876.55,469.82,"{'lat': None, 'lon': None}","{'rh': 19.5, 'temp': 25.6, 'wd': 0.0, 'ws': 0.0, 'ws_scalar': 0.0}","{'gas': {'co': 13498, 'co2': 13260, 'no': 13586, 'no2': 13765, 'o3': 13745}, 'pm': {'pm1': 13200, 'pm10': 13202, 'pm25': 13201}}",2.34,8.84,32.5,1.35,1.41,1.41,645068565,19.5,MOD-00613,25.6,2026-03-31T03:30:20,2026-03-30T20:30:20,https://api.quant-aq.com/v1/devices/MOD-00613/data/645068414
875.73,468.14,"{'lat': None, 'lon': None}","{'rh': 19.5, 'temp': 25.6, 'wd': 0.0, 'ws': 0.0, 'ws_scalar': 0.0}","{'gas': {'co': 13498, 'co2': 13260, 'no': 13586, 'no2': 13765, 'o3': 13745}, 'pm': {'pm1': 13200, 'pm10': 13202, 'pm25': 13201}}",2.34,8.83,32.5,1.25,1.28,1.28,645068563,19.5,MOD-00613,25.6,2026-03-31T03:29:20,2026-03-30T20:29:20,https://api.quant-aq.com/v1/devices/MOD-00613/data/645068412
879.43,464.89,"{'lat': None, 'lon': None}","{'rh': 19.5, 'temp': 25.6, 'wd': 0.0, 'ws': 0.0, 'ws_scalar': 0.0}","{'gas': {'co': 13498, 'co2': 13260, 'no': 13586, 'no2': 13765, 'o3': 13745}, 'pm': {'pm1': 13200, 'pm10': 13202, 'pm25': 13201}}",2.34,8.85,32.98,1.42,1.48,1.48,645068562,19.5,MOD-00613,25.6,2026-03-31T03:28:20,2026-03-30T20:28:20,https://api.quant-aq.com/v1/devices/MOD-00613/data/645068411
876.55,467.42,"{'lat': None, 'lon': None}","{'rh': 19.5, 'temp': 25.6, 'wd': 0.0, 'ws': 0.0, 'ws_scalar': 0.0}","{'gas': {'co': 13498, 'co2': 13260, 'no': 13586, 'no2': 13765, 'o3': 13745}, 'pm': {'pm1': 13200, 'pm10': 13202, 'pm25': 13201}}",2.34,8.84,32.5,1.29,6.65,1.44,645068564,19.5,MOD-00613,25.6,2026-03-31T03:27:20,2026-03-30T20:27:20,https://api.quant-aq.com/v1/devices/MOD-00613/data/645068413
879.43,465.73,"{'lat': None, 'lon': None}","{'rh': 19.5, 'temp': 25.6, 'wd': 0.0, 'ws': 0.0, 'ws_scalar': 0.0}","{'gas': {'co': 13498, 'co2': 13260, 'no': 13586, 'no2': 13765, 'o3': 13745}, 'pm': {'pm1': 13200, 'pm10': 13202, 'pm25': 13201}}",2.34,8.83,32.5,1.32,1.8,1.35,645065785,19.5,MOD-00613,25.6,2026-03-31T03:26:20,2026-03-30T20:26:20,https://api.quant-aq.com/v1/devices/MOD-00613/data/645065635
879.01,468.5,"{'lat': None, 'lon': None}","{'rh': 19.5, 'temp': 25.6, 'wd': 0.0, 'ws': 0.0, 'ws_scalar': 0.0}","{'gas': {'co': 13498, 'co2': 13260, 'no': 13586, 'no2': 13765, 'o3': 13745}, 'pm': {'pm1': 13200, 'pm10': 13202, 'pm25': 13201}}",2.34,8.84,32.74,1.63,1.91,1.78,645065789,19.5,MOD-00613,25.6,2026-03-31T03:25:20,2026-03-30T20:25:20,https://api.quant-aq.com/v1/devices/MOD-00613/data/645065639
873.68,469.22,"{'lat': None, 'lon': None}","{'rh': 19.5, 'temp': 25.6, 'wd': 0.0, 'ws': 0.0, 'ws_scalar': 0.0}","{'gas': {'co': 13498, 'co2': 13260, 'no': 13586, 'no2': 13765, 'o3': 13745}, 'pm': {'pm1': 13200, 'pm10': 13202, 'pm25': 13201}}",2.3,8.83,32.98,2.09,2.79,2.17,645065784,19.5,MOD-00613,25.6,2026-03-31T03:24:20,2026-03-30T20:24:20,https://api.quant-aq.com/v1/devices/MOD-00613/data/645065631
880.25,471.27,"{'lat': None, 'lon': None}","{'rh': 19.5, 'temp': 25.6, 'wd': 0.0, 'ws': 0.0, 'ws_scalar': 0.0}","{'gas': {'co': 13498, 'co2': 13260, 'no': 13586, 'no2': 13765, 'o3': 13745}, 'pm': {'pm1': 13200, 'pm10': 13202, 'pm25': 13201}}",2.34,8.84,32.74,1.45,5.39,1.6,645065787,19.5,MOD-00613,25.6,2026-03-31T03:23:20,2026-03-30T20:23:20,https://api.quant-aq.com/v1/devices/MOD-00613/data/645065637
872.93,468.5,"{'lat': None, 'lon': None}","{'rh': 19.4, 'temp': 25.6, 'wd': 0.0, 'ws': 0.0, 'ws_scalar': 0.0}","{'gas': {'co': 13498, 'co2': 13260, 'no': 13586, 'no2': 13765, 'o3': 13745}, 'pm': {'pm1': 13200, 'pm10': 13202, 'pm25': 13201}}",2.34,8.85,33.01,1.33,1.98,1.47,645065781,19.4,MOD-00613,25.6,2026-03-31T03:22:20,2026-03-30T20:22:20,https://api.quant-aq.com/v1/devices/MOD-00613/data/645065630
876.44,468.74,"{'lat': None, 'lon': None}","{'rh': 19.5, 'temp': 25.5, 'wd': 0.0, 'ws': 0.0, 'ws_scalar': 0.0}","{'gas': {'co': 13498, 'co2': 13260, 'no': 13586, 'no2': 13765, 'o3': 13745}, 'pm': {'pm1': 13200, 'pm10': 13202, 'pm25': 13201}}",2.34,8.83,32.96,1.23,1.94,1.3,645063026,19.5,MOD-00613,25.5,2026-03-31T03:21:20,2026-03-30T20:21:20,https://api.quant-aq.com/v1/devices/MOD-00613/data/645062875
876.14,468.38,"{'lat': None, 'lon': None}","{'rh': 19.5, 'temp': 25.6, 'wd': 0.0, 'ws': 0.0, 'ws_scalar': 0.0}","{'gas': {'co': 13498, 'co2': 13260, 'no': 13586, 'no2': 13765, 'o3': 13745}, 'pm': {'pm1': 13200, 'pm10': 13202, 'pm25': 13201}}",2.34,8.83,32.98,1.75,2.49,1.83,645063023,19.5,MOD-00613,25.6,2026-03-31T03:20:20,2026-03-30T20:20:20,https://api.quant-aq.com/v1/devices/MOD-00613/data/645062870
874.16,469.1,"{'lat': None, 'lon': None}","{'rh': 19.4, 'temp': 25.6, 'wd': 0.0, 'ws': 0.0, 'ws_scalar': 0.0}","{'gas': {'co': 13498, 'co2': 13260, 'no': 13586, 'no2': 13765, 'o3': 13745}, 'pm': {'pm1': 13200, 'pm10': 13202, 'pm25': 13201}}",2.34,8.84,32.77,1.92,5.42,2.0,645063025,19.4,MOD-00613,25.6,2026-03-31T03:19:20,2026-03-30T20:19:20,https://api.quant-aq.com/v1/devices/MOD-00613/data/645062874
876.51,468.26,"{'lat': None, 'lon': None}","{'rh': 19.4, 'temp': 25.5, 'wd': 0.0, 'ws': 0.0, 'ws_scalar': 0.0}","{'gas': {'co': 13498, 'co2': 13260, 'no': 13586, 'no2': 13765, 'o3': 13745}, 'pm': {'pm1': 13200, 'pm10': 13202, 'pm25': 13201}}",2.34,8.86,32.75,1.86,3.57,1.92,645063024,19.4,MOD-00613,25.5,2026-03-31T03:18:20,2026-03-30T20:18:20,https://api.quant-aq.com/v1/devices/MOD-00613/data/645062871
879.5,468.14,"{'lat': None, 'lon': None}","{'rh': 19.4, 'temp': 25.6, 'wd': 0.0, 'ws': 0.0, 'ws_scalar': 0.0}","{'gas': {'co': 13498, 'co2': 13260, 'no': 13586, 'no2': 13765, 'o3': 13745}, 'pm': {'pm1': 13200, 'pm10': 13202, 'pm25': 13201}}",2.34,8.84,33.01,1.45,6.27,1.55,645060829,19.4,MOD-00613,25.6,2026-03-31T03:17:20,2026-03-30T20:17:20,https://api.quant-aq.com/v1/devices/MOD-00613/data/645060678
878.26,468.38,"{'lat': None, 'lon': None}","{'rh': 19.4, 'temp': 25.6, 'wd': 0.0, 'ws': 0.0, 'ws_scalar': 0.0}","{'gas': {'co': 13498, 'co2': 13260, 'no': 13586, 'no2': 13765, 'o3': 13745}, 'pm': {'pm1': 13200, 'pm10': 13202, 'pm25': 13201}}",2.34,8.84,33.01,1.89,3.91,1.94,645060830,19.4,MOD-00613,25.6,2026-03-31T03:16:20,2026-03-30T20:16:20,https://api.quant-aq.com/v1/devices/MOD-00613/data/645060679
877.03,467.9,"{'lat': None, 'lon': None}","{'rh': 19.4, 'temp': 25.6, 'wd': 0.0, 'ws': 0.0, 'ws_scalar': 0.0}","{'gas': {'co': 13498, 'co2': 13260, 'no': 13586, 'no2': 13765, 'o3': 13745}, 'pm': {'pm1': 13200, 'pm10': 13202, 'pm25': 13201}}",2.34,8.84,33.25,1.6,3.37,1.65,645060831,19.4,MOD-00613,25.6,2026-03-31T03:15:20,2026-03-30T20:15:20,https://api.quant-aq.com/v1/devices/MOD-00613/data/645060680
873.34,470.06,"{'lat': None, 'lon': None}","{'rh': 19.4, 'temp': 25.6, 'wd': 0.0, 'ws': 0.0, 'ws_scalar': 0.0}","{'gas': {'co': 13498, 'co2': 13260, 'no': 13586, 'no2': 13765, 'o3': 13745}, 'pm': {'pm1': 13200, 'pm10': 13202, 'pm25': 13201}}",2.34,8.84,33.01,1.44,2.19,1.57,645060832,19.4,MOD-00613,25.6,2026-03-31T03:14:20,2026-03-30T20:14:20,https://api.quant-aq.com/v1/devices/MOD-00613/data/645060681
875.28,468.02,"{'lat': None, 'lon': None}","{'rh': 19.4, 'temp': 25.5, 'wd': 0.0, 'ws': 0.0, 'ws_scalar': 0.0}","{'gas': {'co': 13498, 'co2': 13260, 'no': 13586, 'no2': 13765, 'o3': 13745}, 'pm': {'pm1': 13200, 'pm10': 13202, 'pm25': 13201}}",2.34,8.84,32.99,1.8,4.18,1.94,645058573,19.4,MOD-00613,25.5,2026-03-31T03:13:20,2026-03-30T20:13:20,https://api.quant-aq.com/v1/devices/MOD-00613/data/645058422
878.98,469.1,"{'lat': None, 'lon': None}","{'rh': 19.4, 'temp': 25.5, 'wd': 0.0, 'ws': 0.0, 'ws_scalar': 0.0}","{'gas': {'co': 13498, 'co2': 13260, 'no': 13586, 'no2': 13765, 'o3': 13745}, 'pm': {'pm1': 13200, 'pm10': 13202, 'pm25': 13201}}",2.34,8.85,33.23,1.85,5.28,1.97,645058575,19.4,MOD-00613,25.5,2026-03-31T03:12:20,2026-03-30T20:12:20,https://api.quant-aq.com/v1/devices/MOD-00613/data/645058423
872.11,466.69,"{'lat': None, 'lon': None}","{'rh': 19.4, 'temp': 25.6, 'wd': 0.0, 'ws': 0.0, 'ws_scalar': 0.0}","{'gas': {'co': 13498, 'co2': 13260, 'no': 13586, 'no2': 13765, 'o3': 13745}, 'pm': {'pm1': 13200, 'pm10': 13202, 'pm25': 13201}}",2.34,8.84,33.49,1.11,1.15,1.15,645058574,19.4,MOD-00613,25.6,2026-03-31T03:11:20,2026-03-30T20:11:20,https://api.quant-aq.com/v1/devices/MOD-00613/data/645058424
878.26,467.78,"{'lat': None, 'lon': None}","{'rh': 19.4, 'temp': 25.6, 'wd': 0.0, 'ws': 0.0, 'ws_scalar': 0.0}","{'gas': {'co': 13498, 'co2': 13260, 'no': 13586, 'no2': 13765, 'o3': 13745}, 'pm': {'pm1': 13200, 'pm10': 13202, 'pm25': 13201}}",2.34,8.84,32.77,1.62,1.7,1.7,645058572,19.4,MOD-00613,25.6,2026-03-31T03:10:20,2026-03-30T20:10:20,https://api.quant-aq.com/v1/devices/MOD-00613/data/645058421
872.59,467.17,"{'lat': None, 'lon': None}","{'rh': 19.3, 'temp': 25.6, 'wd': 0.0, 'ws': 0.0, 'ws_scalar': 0.0}","{'gas': {'co': 13498, 'co2': 13260, 'no': 13586, 'no2': 13765, 'o3': 13745}, 'pm': {'pm1': 13200, 'pm10': 13202, 'pm25': 13201}}",2.34,8.85,33.28,1.19,1.35,1.27,645058571,19.3,MOD-00613,25.6,2026-03-31T03:09:20,2026-03-30T20:09:20,https://api.quant-aq.com/v1/devices/MOD-00613/data/645058420
876.69,469.7,"{'lat': None, 'lon': None}","{'rh': 19.3, 'temp': 25.6, 'wd': 0.0, 'ws': 0.0, 'ws_scalar': 0.0}","{'gas': {'co': 13498, 'co2': 13260, 'no': 13586, 'no2': 13765, 'o3': 13745}, 'pm': {'pm1': 13200, 'pm10': 13202, 'pm25': 13201}}",2.34,8.84,33.04,1.68,1.75,1.71,645055839,19.3,MOD-00613,25.6,2026-03-31T03:08:20,2026-03-30T20:08:20,https://api.quant-aq.com/v1/devices/MOD-00613/data/645055694
877.1,471.87,"{'lat': None, 'lon': None}","{'rh': 19.3, 'temp': 25.6, 'wd': 0.0, 'ws': 0.0, 'ws_scalar': 0.0}","{'gas': {'co': 13498, 'co2': 13260, 'no': 13586, 'no2': 13765, 'o3': 13745}, 'pm': {'pm1': 13200, 'pm10': 13202, 'pm25': 13201}}",2.34,8.85,33.76,1.23,1.35,1.35,645055841,19.3,MOD-00613,25.6,2026-03-31T03:07:20,2026-03-30T20:07:20,https://api.quant-aq.com/v1/devices/MOD-00613/data/645055693
878.34,469.46,"{'lat': None, 'lon': None}","{'rh': 19.3, 'temp': 25.6, 'wd': 0.0, 'ws': 0.0, 'ws_scalar': 0.0}","{'gas': {'co': 13498, 'co2': 13260, 'no': 13586, 'no2': 13765, 'o3': 13745}, 'pm': {'pm1': 13200, 'pm10': 13202, 'pm25': 13201}}",2.34,8.85,33.28,1.78,1.87,1.83,645055836,19.3,MOD-00613,25.6,2026-03-31T03:06:20,2026-03-30T20:06:20,https://api.quant-aq.com/v1/devices/MOD-00613/data/645055686
871.36,468.02,"{'lat': None, 'lon': None}","{'rh': 19.3, 'temp': 25.6, 'wd': 0.0, 'ws': 0.0, 'ws_scalar': 0.0}","{'gas': {'co': 13498, 'co2': 13260, 'no': 13586, 'no2': 13765, 'o3': 13745}, 'pm': {'pm1': 13200, 'pm10': 13202, 'pm25': 13201}}",2.34,8.86,33.28,1.89,1.94,1.94,645055834,19.3,MOD-00613,25.6,2026-03-31T03:05:20,2026-03-30T20:05:20,https://api.quant-aq.com/v1/devices/MOD-00613/data/645055685
872.18,466.93,"{'lat': None, 'lon': None}","{'rh': 19.3, 'temp': 25.6, 'wd': 0.0, 'ws': 0.0, 'ws_scalar': 0.0}","{'gas': {'co': 13498, 'co2': 13260, 'no': 13586, 'no2': 13765, 'o3': 13745}, 'pm': {'pm1': 13200, 'pm10': 13202, 'pm25': 13201}}",2.34,8.85,33.52,1.73,1.91,1.83,645055838,19.3,MOD-00613,25.6,2026-03-31T03:04:20,2026-03-30T20:04:20,https://api.quant-aq.com/v1/devices/MOD-00613/data/645055690
875.87,468.02,"{'lat': None, 'lon': None}","{'rh': 19.3, 'temp': 25.6, 'wd': 0.0, 'ws': 0.0, 'ws_scalar': 0.0}","{'gas': {'co': 13498, 'co2': 13260, 'no': 13586, 'no2': 13765, 'o3': 13745}, 'pm': {'pm1': 13200, 'pm10': 13202, 'pm25': 13201}}",2.34,8.85,33.76,1.41,1.54,1.5,645053034,19.3,MOD-00613,25.6,2026-03-31T03:03:20,2026-03-30T20:03:20,https://api.quant-aq.com/v1/devices/MOD-00613/data/645052882
871.77,471.15,"{'lat': None, 'lon': None}","{'rh': 19.3, 'temp': 25.6, 'wd': 0.0, 'ws': 0.0, 'ws_scalar': 0.0}","{'gas': {'co': 13498, 'co2': 13260, 'no': 13586, 'no2': 13765, 'o3': 13745}, 'pm': {'pm1': 13200, 'pm10': 13202, 'pm25': 13201}}",2.34,8.85,33.52,1.53,2.02,1.59,645053031,19.3,MOD-00613,25.6,2026-03-31T03:02:20,2026-03-30T20:02:20,https://api.quant-aq.com/v1/devices/MOD-00613/data/645052880
875.05,466.57,"{'lat': None, 'lon': None}","{'rh': 19.3, 'temp': 25.6, 'wd': 0.0, 'ws': 0.0, 'ws_scalar': 0.0}","{'gas': {'co': 13498, 'co2': 13260, 'no': 13586, 'no2': 13765, 'o3': 13745}, 'pm': {'pm1': 13200, 'pm10': 13202, 'pm25': 13201}}",2.34,8.84,33.76,1.53,1.59,1.59,645053032,19.3,MOD-00613,25.6,2026-03-31T03:01:20,2026-03-30T20:01:20,https://api.quant-aq.com/v1/devices/MOD-00613/data/645052881
873.41,468.86,"{'lat': None, 'lon': None}","{'rh': 19.3, 'temp': 25.6, 'wd': 0.0, 'ws': 0.0, 'ws_scalar': 0.0}","{'gas': {'co': 13498, 'co2': 13260, 'no': 13586, 'no2': 13765, 'o3': 13745}, 'pm': {'pm1': 13200, 'pm10': 13202, 'pm25': 13201}}",2.34,8.84,33.52,1.64,1.83,1.68,645053033,19.3,MOD-00613,25.6,2026-03-31T03:00:20,2026-03-30T20:00:20,https://api.quant-aq.com/v1/devices/MOD-00613/data/645052883
873.0,468.86,"{'lat': None, 'lon': None}","{'rh': 19.3, 'temp': 25.6, 'wd': 0.0, 'ws': 0.0, 'ws_scalar': 0.0}","{'gas': {'co': 13498, 'co2': 13260, 'no': 13586, 'no2': 13765, 'o3': 13745}, 'pm': {'pm1': 13200, 'pm10': 13202, 'pm25': 13201}}",2.34,8.85,33.52,1.37,1.47,1.43,645053030,19.3,MOD-00613,25.6,2026-03-31T02:59:20,2026-03-30T19:59:20,https://api.quant-aq.com/v1/devices/MOD-00613/data/645052879
876.28,467.42,"{'lat': None, 'lon': None}","{'rh': 19.3, 'temp': 25.6, 'wd': 0.0, 'ws': 0.0, 'ws_scalar': 0.0}","{'gas': {'co': 13498, 'co2': 13260, 'no': 13586, 'no2': 13765, 'o3': 13745}, 'pm': {'pm1': 13200, 'pm10': 13202, 'pm25': 13201}}",2.34,8.85,34.0,1.69,1.93,1.77,645050240,19.3,MOD-00613,25.6,2026-03-31T02:58:20,2026-03-30T19:58:20,https://api.quant-aq.com/v1/devices/MOD-00613/data/645050089
868.14,467.05,"{'lat': None, 'lon': None}","{'rh': 19.2, 'temp': 25.6, 'wd': 0.0, 'ws': 0.0, 'ws_scalar': 0.0}","{'gas': {'co': 13498, 'co2': 13260, 'no': 13586, 'no2': 13765, 'o3': 13745}, 'pm': {'pm1': 13200, 'pm10': 13202, 'pm25': 13201}}",2.34,8.86,33.79,1.67,1.75,1.71,645050241,19.2,MOD-00613,25.6,2026-03-31T02:57:20,2026-03-30T19:57:20,https://api.quant-aq.com/v1/devices/MOD-00613/data/645050090
875.94,470.19,"{'lat': None, 'lon': None}","{'rh': 19.2, 'temp': 25.6, 'wd': 0.0, 'ws': 0.0, 'ws_scalar': 0.0}","{'gas': {'co': 13498, 'co2': 13260, 'no': 13586, 'no2': 13765, 'o3': 13745}, 'pm': {'pm1': 13200, 'pm10': 13202, 'pm25': 13201}}",2.34,8.86,33.79,1.51,1.59,1.59,645050243,19.2,MOD-00613,25.6,2026-03-31T02:56:20,2026-03-30T19:56:20,https://api.quant-aq.com/v1/devices/MOD-00613/data/645050092
870.2,467.78,"{'lat': None, 'lon': None}","{'rh': 19.2, 'temp': 25.6, 'wd': 0.0, 'ws': 0.0, 'ws_scalar': 0.0}","{'gas': {'co': 13498, 'co2': 13260, 'no': 13586, 'no2': 13765, 'o3': 13745}, 'pm': {'pm1': 13200, 'pm10': 13202, 'pm25': 13201}}",2.34,8.86,33.79,1.91,2.22,2.05,645050242,19.2,MOD-00613,25.6,2026-03-31T02:55:20,2026-03-30T19:55:20,https://api.quant-aq.com/v1/devices/MOD-00613/data/645050091
868.97,468.98,"{'lat': None, 'lon': None}","{'rh': 19.2, 'temp': 25.6, 'wd': 0.0, 'ws': 0.0, 'ws_scalar': 0.0}","{'gas': {'co': 13498, 'co2': 13260, 'no': 13586, 'no2': 13765, 'o3': 13745}, 'pm': {'pm1': 13200, 'pm10': 13202, 'pm25': 13201}}",2.34,8.86,33.55,1.54,3.43,1.66,645050244,19.2,MOD-00613,25.6,2026-03-31T02:54:20,2026-03-30T19:54:20,https://api.quant-aq.com/v1/devices/MOD-00613/data/645050093
874.71,467.78,"{'lat': None, 'lon': None}","{'rh': 19.2, 'temp': 25.6, 'wd': 0.0, 'ws': 0.0, 'ws_scalar': 0.0}","{'gas': {'co': 13498, 'co2': 13260, 'no': 13586, 'no2': 13765, 'o3': 13745}, 'pm': {'pm1': 13200, 'pm10': 13202, 'pm25': 13201}}",2.34,8.86,33.79,1.57,1.73,1.64,645047494,19.2,MOD-00613,25.6,2026-03-31T02:53:20,2026-03-30T19:53:20,https://api.quant-aq.com/v1/devices/MOD-00613/data/645047343
868.55,468.98,"{'lat': None, 'lon': None}","{'rh': 19.2, 'temp': 25.6, 'wd': 0.0, 'ws': 0.0, 'ws_scalar': 0.0}","{'gas': {'co': 13498, 'co2': 13260, 'no': 13586, 'no2': 13765, 'o3': 13745}, 'pm': {'pm1': 13200, 'pm10': 13202, 'pm25': 13201}}",2.34,8.85,33.79,1.2,1.25,1.25,645047493,19.2,MOD-00613,25.6,2026-03-31T02:52:20,2026-03-30T19:52:20,https://api.quant-aq.com/v1/devices/MOD-00613/data/645047342
868.97,471.15,"{'lat': None, 'lon': None}","{'rh': 19.2, 'temp': 25.6, 'wd': 0.0, 'ws': 0.0, 'ws_scalar': 0.0}","{'gas': {'co': 13498, 'co2': 13260, 'no': 13586, 'no2': 13765, 'o3': 13745}, 'pm': {'pm1': 13200, 'pm10': 13202, 'pm25': 13201}}",2.34,8.85,34.27,1.37,3.24,1.42,645047492,19.2,MOD-00613,25.6,2026-03-31T02:51:20,2026-03-30T19:51:20,https://api.quant-aq.com/v1/devices/MOD-00613/data/645047341
872.25,469.82,"{'lat': None, 'lon': None}","{'rh': 19.2, 'temp': 25.6, 'wd': 0.0, 'ws': 0.0, 'ws_scalar': 0.0}","{'gas': {'co': 13498, 'co2': 13260, 'no': 13586, 'no2': 13765, 'o3': 13745}, 'pm': {'pm1': 13200, 'pm10': 13202, 'pm25': 13201}}",2.34,8.86,34.03,1.58,1.72,1.68,645047495,19.2,MOD-00613,25.6,2026-03-31T02:50:20,2026-03-30T19:50:20,https://api.quant-aq.com/v1/devices/MOD-00613/data/645047344
868.97,468.62,"{'lat': None, 'lon': None}","{'rh': 19.2, 'temp': 25.6, 'wd': 0.0, 'ws': 0.0, 'ws_scalar': 0.0}","{'gas': {'co': 13498, 'co2': 13260, 'no': 13586, 'no2': 13765, 'o3': 13745}, 'pm': {'pm1': 13200, 'pm10': 13202, 'pm25': 13201}}",2.34,8.86,34.27,2.02,2.03,2.03,645047491,19.2,MOD-00613,25.6,2026-03-31T02:49:20,2026-03-30T19:49:20,https://api.quant-aq.com/v1/devices/MOD-00613/data/645047340
868.97,468.98,"{'lat': None, 'lon': None}","{'rh': 19.2, 'temp': 25.6, 'wd': 0.0, 'ws': 0.0, 'ws_scalar': 0.0}","{'gas': {'co': 13498, 'co2': 13260, 'no': 13586, 'no2': 13765, 'o3': 13745}, 'pm': {'pm1': 13200, 'pm10': 13202, 'pm25': 13201}}",2.34,8.86,34.03,1.56,1.66,1.66,645044725,19.2,MOD-00613,25.6,2026-03-31T02:48:20,2026-03-30T19:48:20,https://api.quant-aq.com/v1/devices/MOD-00613/data/645044574
864.52,468.98,"{'lat': None, 'lon': None}","{'rh': 19.1, 'temp': 25.6, 'wd': 0.0, 'ws': 0.0, 'ws_scalar': 0.0}","{'gas': {'co': 13498, 'co2': 13260, 'no': 13586, 'no2': 13765, 'o3': 13745}, 'pm': {'pm1': 13200, 'pm10': 13202, 'pm25': 13201}}",2.34,8.86,34.06,1.7,2.45,1.78,645044728,19.1,MOD-00613,25.6,2026-03-31T02:47:20,2026-03-30T19:47:20,https://api.quant-aq.com/v1/devices/MOD-00613/data/645044576
861.65,469.46,"{'lat': None, 'lon': None}","{'rh': 19.1, 'temp': 25.6, 'wd': 0.0, 'ws': 0.0, 'ws_scalar': 0.0}","{'gas': {'co': 13498, 'co2': 13260, 'no': 13586, 'no2': 13765, 'o3': 13745}, 'pm': {'pm1': 13200, 'pm10': 13202, 'pm25': 13201}}",2.37,8.87,34.3,1.28,1.44,1.35,645044727,19.1,MOD-00613,25.6,2026-03-31T02:46:20,2026-03-30T19:46:20,https://api.quant-aq.com/v1/devices/MOD-00613/data/645044577
863.29,471.15,"{'lat': None, 'lon': None}","{'rh': 19.1, 'temp': 25.6, 'wd': 0.0, 'ws': 0.0, 'ws_scalar': 0.0}","{'gas': {'co': 13498, 'co2': 13260, 'no': 13586, 'no2': 13765, 'o3': 13745}, 'pm': {'pm1': 13200, 'pm10': 13202, 'pm25': 13201}}",2.34,8.86,34.3,1.46,1.5,1.5,645044726,19.1,MOD-00613,25.6,2026-03-31T02:45:20,2026-03-30T19:45:20,https://api.quant-aq.com/v1/devices/MOD-00613/data/645044575
862.95,469.46,"{'lat': None, 'lon': None}","{'rh': 19.0, 'temp': 25.6, 'wd': 0.0, 'ws': 0.0, 'ws_scalar': 0.0}","{'gas': {'co': 13498, 'co2': 13260, 'no': 13586, 'no2': 13765, 'o3': 13745}, 'pm': {'pm1': 13200, 'pm10': 13202, 'pm25': 13201}}",2.33,8.87,34.32,1.59,1.72,1.67,645044724,19.0,MOD-00613,25.6,2026-03-31T02:44:20,2026-03-30T19:44:20,https://api.quant-aq.com/v1/devices/MOD-00613/data/645044573
861.83,468.26,"{'lat': None, 'lon': None}","{'rh': 19.0, 'temp': 25.7, 'wd': 0.0, 'ws': 0.0, 'ws_scalar': 0.0}","{'gas': {'co': 13498, 'co2': 13260, 'no': 13586, 'no2': 13765, 'o3': 13745}, 'pm': {'pm1': 13200, 'pm10': 13202, 'pm25': 13201}}",2.37,8.87,34.35,1.7,2.05,1.73,645041941,19.0,MOD-00613,25.7,2026-03-31T02:43:20,2026-03-30T19:43:20,https://api.quant-aq.com/v1/devices/MOD-00613/data/645041790
862.72,470.79,"{'lat': None, 'lon': None}","{'rh': 18.9, 'temp': 25.7, 'wd': 0.0, 'ws': 0.0, 'ws_scalar': 0.0}","{'gas': {'co': 13498, 'co2': 13260, 'no': 13586, 'no2': 13765, 'o3': 13745}, 'pm': {'pm1': 13200, 'pm10': 13202, 'pm25': 13201}}",2.37,8.88,34.38,1.33,1.38,1.38,645041939,18.9,MOD-00613,25.7,2026-03-31T02:42:20,2026-03-30T19:42:20,https://api.quant-aq.com/v1/devices/MOD-00613/data/645041788
863.13,469.7,"{'lat': None, 'lon': None}","{'rh': 18.9, 'temp': 25.7, 'wd': 0.0, 'ws': 0.0, 'ws_scalar': 0.0}","{'gas': {'co': 13498, 'co2': 13260, 'no': 13586, 'no2': 13765, 'o3': 13745}, 'pm': {'pm1': 13200, 'pm10': 13202, 'pm25': 13201}}",2.33,8.88,34.14,1.71,1.91,1.82,645041938,18.9,MOD-00613,25.7,2026-03-31T02:41:20,2026-03-30T19:41:20,https://api.quant-aq.com/v1/devices/MOD-00613/data/645041786
862.38,472.23,"{'lat': None, 'lon': None}","{'rh': 18.8, 'temp': 25.7, 'wd': 0.0, 'ws': 0.0, 'ws_scalar': 0.0}","{'gas': {'co': 13498, 'co2': 13260, 'no': 13586, 'no2': 13765, 'o3': 13745}, 'pm': {'pm1': 13200, 'pm10': 13202, 'pm25': 13201}}",2.33,8.88,34.65,1.29,2.93,1.34,645041940,18.8,MOD-00613,25.7,2026-03-31T02:40:20,2026-03-30T19:40:20,https://api.quant-aq.com/v1/devices/MOD-00613/data/645041789
856.63,470.67,"{'lat': None, 'lon': None}","{'rh': 18.8, 'temp': 25.7, 'wd': 0.0, 'ws': 0.0, 'ws_scalar': 0.0}","{'gas': {'co': 13498, 'co2': 13260, 'no': 13586, 'no2': 13765, 'o3': 13745}, 'pm': {'pm1': 13200, 'pm10': 13202, 'pm25': 13201}}",2.33,8.88,34.41,1.18,9.9,1.2,645041937,18.8,MOD-00613,25.7,2026-03-31T02:39:20,2026-03-30T19:39:20,https://api.quant-aq.com/v1/devices/MOD-00613/data/645041787
862.38,471.63,"{'lat': None, 'lon': None}","{'rh': 18.8, 'temp': 25.7, 'wd': 0.0, 'ws': 0.0, 'ws_scalar': 0.0}","{'gas': {'co': 13498, 'co2': 13260, 'no': 13586, 'no2': 13765, 'o3': 13745}, 'pm': {'pm1': 13200, 'pm10': 13202, 'pm25': 13201}}",2.33,8.89,34.65,1.43,1.44,1.44,645039148,18.8,MOD-00613,25.7,2026-03-31T02:38:20,2026-03-30T19:38:20,https://api.quant-aq.com/v1/devices/MOD-00613/data/645038997
864.43,471.27,"{'lat': None, 'lon': None}","{'rh': 18.8, 'temp': 25.7, 'wd': 0.0, 'ws': 0.0, 'ws_scalar': 0.0}","{'gas': {'co': 13498, 'co2': 13260, 'no': 13586, 'no2': 13765, 'o3': 13745}, 'pm': {'pm1': 13200, 'pm10': 13202, 'pm25': 13201}}",2.33,8.88,34.65,1.54,1.57,1.57,645039146,18.8,MOD-00613,25.7,2026-03-31T02:37:20,2026-03-30T19:37:20,https://api.quant-aq.com/v1/devices/MOD-00613/data/645038995
866.55,472.96,"{'lat': None, 'lon': None}","{'rh': 18.7, 'temp': 25.7, 'wd': 0.0, 'ws': 0.0, 'ws_scalar': 0.0}","{'gas': {'co': 13498, 'co2': 13260, 'no': 13586, 'no2': 13765, 'o3': 13745}, 'pm': {'pm1': 13200, 'pm10': 13202, 'pm25': 13201}}",2.33,9.25,34.68,1.27,1.35,1.35,645039147,18.7,MOD-00613,25.7,2026-03-31T02:36:20,2026-03-30T19:36:20,https://api.quant-aq.com/v1/devices/MOD-00613/data/645038996
860.74,470.19,"{'lat': None, 'lon': None}","{'rh': 18.8, 'temp': 25.7, 'wd': 0.0, 'ws': 0.0, 'ws_scalar': 0.0}","{'gas': {'co': 13498, 'co2': 13260, 'no': 13586, 'no2': 13765, 'o3': 13745}, 'pm': {'pm1': 13200, 'pm10': 13202, 'pm25': 13201}}",2.33,8.88,34.41,1.21,1.94,1.29,645039145,18.8,MOD-00613,25.7,2026-03-31T02:35:20,2026-03-30T19:35:20,https://api.quant-aq.com/v1/devices/MOD-00613/data/645038994
857.93,469.34,"{'lat': None, 'lon': None}","{'rh': 18.7, 'temp': 25.7, 'wd': 0.0, 'ws': 0.0, 'ws_scalar': 0.0}","{'gas': {'co': 13498, 'co2': 13260, 'no': 13586, 'no2': 13765, 'o3': 13745}, 'pm': {'pm1': 13200, 'pm10': 13202, 'pm25': 13201}}",2.33,9.25,34.68,1.26,1.73,1.28,645039144,18.7,MOD-00613,25.7,2026-03-31T02:34:20,2026-03-30T19:34:20,https://api.quant-aq.com/v1/devices/MOD-00613/data/645038993
859.27,470.31,"{'lat': None, 'lon': None}","{'rh': 18.7, 'temp': 25.8, 'wd': 0.0, 'ws': 0.0, 'ws_scalar': 0.0}","{'gas': {'co': 13498, 'co2': 13260, 'no': 13586, 'no2': 13765, 'o3': 13745}, 'pm': {'pm1': 13200, 'pm10': 13202, 'pm25': 13201}}",2.33,9.25,34.7,1.42,1.86,1.53,645036375,18.7,MOD-00613,25.8,2026-03-31T02:33:20,2026-03-30T19:33:20,https://api.quant-aq.com/v1/devices/MOD-00613/data/645036224
860.5,471.51,"{'lat': None, 'lon': None}","{'rh': 18.7, 'temp': 25.8, 'wd': 0.0, 'ws': 0.0, 'ws_scalar': 0.0}","{'gas': {'co': 13498, 'co2': 13260, 'no': 13586, 'no2': 13765, 'o3': 13745}, 'pm': {'pm1': 13200, 'pm10': 13202, 'pm25': 13201}}",2.33,9.25,34.94,1.29,1.49,1.32,645036374,18.7,MOD-00613,25.8,2026-03-31T02:32:20,2026-03-30T19:32:20,https://api.quant-aq.com/v1/devices/MOD-00613/data/645036223
857.22,469.34,"{'lat': None, 'lon': None}","{'rh': 18.7, 'temp': 25.8, 'wd': 0.0, 'ws': 0.0, 'ws_scalar': 0.0}","{'gas': {'co': 13498, 'co2': 13260, 'no': 13586, 'no2': 13765, 'o3': 13745}, 'pm': {'pm1': 13200, 'pm10': 13202, 'pm25': 13201}}",2.33,9.25,35.18,1.41,1.47,1.47,645036378,18.7,MOD-00613,25.8,2026-03-31T02:31:20,2026-03-30T19:31:20,https://api.quant-aq.com/v1/devices/MOD-00613/data/645036227
860.09,470.79,"{'lat': None, 'lon': None}","{'rh': 18.7, 'temp': 25.8, 'wd': 0.0, 'ws': 0.0, 'ws_scalar': 0.0}","{'gas': {'co': 13498, 'co2': 13260, 'no': 13586, 'no2': 13765, 'o3': 13745}, 'pm': {'pm1': 13200, 'pm10': 13202, 'pm25': 13201}}",2.33,9.25,34.94,1.54,10.35,1.6,645036376,18.7,MOD-00613,25.8,2026-03-31T02:30:20,2026-03-30T19:30:20,https://api.quant-aq.com/v1/devices/MOD-00613/data/645036225
856.81,471.03,"{'lat': None, 'lon': None}","{'rh': 18.7, 'temp': 25.8, 'wd': 0.0, 'ws': 0.0, 'ws_scalar': 0.0}","{'gas': {'co': 13498, 'co2': 13260, 'no': 13586, 'no2': 13765, 'o3': 13745}, 'pm': {'pm1': 13200, 'pm10': 13202, 'pm25': 13201}}",2.33,9.25,35.41,1.48,3.73,1.53,645036377,18.7,MOD-00613,25.8,2026-03-31T02:29:20,2026-03-30T19:29:20,https://api.quant-aq.com/v1/devices/MOD-00613/data/645036226
853.53,471.99,"{'lat': None, 'lon': None}","{'rh': 18.7, 'temp': 25.8, 'wd': 0.0, 'ws': 0.0, 'ws_scalar': 0.0}","{'gas': {'co': 13498, 'co2': 13260, 'no': 13586, 'no2': 13765, 'o3': 13745}, 'pm': {'pm1': 13200, 'pm10': 13202, 'pm25': 13201}}",2.33,9.24,35.41,1.41,1.5,1.5,645033633,18.7,MOD-00613,25.8,2026-03-31T02:28:20,2026-03-30T19:28:20,https://api.quant-aq.com/v1/devices/MOD-00613/data/645033481
860.5,471.75,"{'lat': None, 'lon': None}","{'rh': 18.7, 'temp': 25.8, 'wd': 0.0, 'ws': 0.0, 'ws_scalar': 0.0}","{'gas': {'co': 13498, 'co2': 13260, 'no': 13586, 'no2': 13765, 'o3': 13745}, 'pm': {'pm1': 13200, 'pm10': 13202, 'pm25': 13201}}",2.33,9.24,35.18,1.3,1.35,1.35,645033630,18.7,MOD-00613,25.8,2026-03-31T02:27:20,2026-03-30T19:27:20,https://api.quant-aq.com/v1/devices/MOD-00613/data/645033479
860.58,471.87,"{'lat': None, 'lon': None}","{'rh': 18.6, 'temp': 25.8, 'wd': 0.0, 'ws': 0.0, 'ws_scalar': 0.0}","{'gas': {'co': 13498, 'co2': 13260, 'no': 13586, 'no2': 13765, 'o3': 13745}, 'pm': {'pm1': 13200, 'pm10': 13202, 'pm25': 13201}}",2.33,9.26,35.44,1.46,1.54,1.54,645033631,18.6,MOD-00613,25.8,2026-03-31T02:26:20,2026-03-30T19:26:20,https://api.quant-aq.com/v1/devices/MOD-00613/data/645033480
860.17,472.84,"{'lat': None, 'lon': None}","{'rh': 18.6, 'temp': 25.8, 'wd': 0.0, 'ws': 0.0, 'ws_scalar': 0.0}","{'gas': {'co': 13498, 'co2': 13260, 'no': 13586, 'no2': 13765, 'o3': 13745}, 'pm': {'pm1': 13200, 'pm10': 13202, 'pm25': 13201}}",2.33,9.25,34.97,1.17,1.22,1.22,645033629,18.6,MOD-00613,25.8,2026-03-31T02:25:20,2026-03-30T19:25:20,https://api.quant-aq.com/v1/devices/MOD-00613/data/645033478
858.11,472.47,"{'lat': None, 'lon': None}","{'rh': 18.6, 'temp': 25.8, 'wd': 0.0, 'ws': 0.0, 'ws_scalar': 0.0}","{'gas': {'co': 13498, 'co2': 13260, 'no': 13586, 'no2': 13765, 'o3': 13745}, 'pm': {'pm1': 13200, 'pm10': 13202, 'pm25': 13201}}",2.33,9.26,35.44,1.23,10.17,1.3,645033632,18.6,MOD-00613,25.8,2026-03-31T02:24:20,2026-03-30T19:24:20,https://api.quant-aq.com/v1/devices/MOD-00613/data/645033482
860.99,472.71,"{'lat': None, 'lon': None}","{'rh': 18.6, 'temp': 25.8, 'wd': 0.0, 'ws': 0.0, 'ws_scalar': 0.0}","{'gas': {'co': 13498, 'co2': 13260, 'no': 13586, 'no2': 13765, 'o3': 13745}, 'pm': {'pm1': 13200, 'pm10': 13202, 'pm25': 13201}}",2.33,9.26,35.68,1.5,2.39,1.59,645030847,18.6,MOD-00613,25.8,2026-03-31T02:23:20,2026-03-30T19:23:20,https://api.quant-aq.com/v1/devices/MOD-00613/data/645030696
863.52,473.8,"{'lat': None, 'lon': None}","{'rh': 18.5, 'temp': 25.8, 'wd': 0.0, 'ws': 0.0, 'ws_scalar': 0.0}","{'gas': {'co': 13498, 'co2': 13260, 'no': 13586, 'no2': 13765, 'o3': 13745}, 'pm': {'pm1': 13200, 'pm10': 13202, 'pm25': 13201}}",2.33,9.27,35.71,1.41,1.91,1.46,645030845,18.5,MOD-00613,25.8,2026-03-31T02:22:20,2026-03-30T19:22:20,https://api.quant-aq.com/v1/devices/MOD-00613/data/645030694
865.27,473.56,"{'lat': None, 'lon': None}","{'rh': 18.5, 'temp': 25.9, 'wd': 0.0, 'ws': 0.0, 'ws_scalar': 0.0}","{'gas': {'co': 13498, 'co2': 13260, 'no': 13586, 'no2': 13765, 'o3': 13745}, 'pm': {'pm1': 13200, 'pm10': 13202, 'pm25': 13201}}",2.41,9.26,35.26,1.54,2.02,1.62,645030843,18.5,MOD-00613,25.9,2026-03-31T02:21:20,2026-03-30T19:21:20,https://api.quant-aq.com/v1/devices/MOD-00613/data/645030692
863.22,474.4,"{'lat': None, 'lon': None}","{'rh': 18.5, 'temp': 25.9, 'wd': 0.0, 'ws': 0.0, 'ws_scalar': 0.0}","{'gas': {'co': 13498, 'co2': 13260, 'no': 13586, 'no2': 13765, 'o3': 13745}, 'pm': {'pm1': 13200, 'pm10': 13202, 'pm25': 13201}}",2.41,9.26,35.73,1.23,1.72,1.27,645030844,18.5,MOD-00613,25.9,2026-03-31T02:20:20,2026-03-30T19:20:20,https://api.quant-aq.com/v1/devices/MOD-00613/data/645030693
862.4,474.88,"{'lat': None, 'lon': None}","{'rh': 18.5, 'temp': 25.9, 'wd': 0.0, 'ws': 0.0, 'ws_scalar': 0.0}","{'gas': {'co': 13498, 'co2': 13260, 'no': 13586, 'no2': 13765, 'o3': 13745}, 'pm': {'pm1': 13200, 'pm10': 13202, 'pm25': 13201}}",2.41,9.26,35.73,1.18,5.62,1.22,645030842,18.5,MOD-00613,25.9,2026-03-31T02:19:20,2026-03-30T19:19:20,https://api.quant-aq.com/v1/devices/MOD-00613/data/645030691
864.38,475.49,"{'lat': None, 'lon': None}","{'rh': 18.6, 'temp': 25.9, 'wd': 0.0, 'ws': 0.0, 'ws_scalar': 0.0}","{'gas': {'co': 13498, 'co2': 13260, 'no': 13586, 'no2': 13765, 'o3': 13745}, 'pm': {'pm1': 13200, 'pm10': 13202, 'pm25': 13201}}",2.41,9.25,35.47,1.38,2.02,1.43,645028042,18.6,MOD-00613,25.9,2026-03-31T02:18:20,2026-03-30T19:18:20,https://api.quant-aq.com/v1/devices/MOD-00613/data/645027891
865.61,472.84,"{'lat': None, 'lon': None}","{'rh': 18.6, 'temp': 25.9, 'wd': 0.0, 'ws': 0.0, 'ws_scalar': 0.0}","{'gas': {'co': 13498, 'co2': 13260, 'no': 13586, 'no2': 13765, 'o3': 13745}, 'pm': {'pm1': 13200, 'pm10': 13202, 'pm25': 13201}}",2.41,9.25,35.23,1.34,1.49,1.41,645028041,18.6,MOD-00613,25.9,2026-03-31T02:17:20,2026-03-30T19:17:20,https://api.quant-aq.com/v1/devices/MOD-00613/data/645027890
860.27,475.85,"{'lat': None, 'lon': None}","{'rh': 18.6, 'temp': 25.9, 'wd': 0.0, 'ws': 0.0, 'ws_scalar': 0.0}","{'gas': {'co': 13498, 'co2': 13260, 'no': 13586, 'no2': 13765, 'o3': 13745}, 'pm': {'pm1': 13200, 'pm10': 13202, 'pm25': 13201}}",2.41,9.25,35.47,1.55,1.61,1.61,645028043,18.6,MOD-00613,25.9,2026-03-31T02:16:20,2026-03-30T19:16:20,https://api.quant-aq.com/v1/devices/MOD-00613/data/645027893
866.84,474.16,"{'lat': None, 'lon': None}","{'rh': 18.6, 'temp': 25.9, 'wd': 0.0, 'ws': 0.0, 'ws_scalar': 0.0}","{'gas': {'co': 13498, 'co2': 13260, 'no': 13586, 'no2': 13765, 'o3': 13745}, 'pm': {'pm1': 13200, 'pm10': 13202, 'pm25': 13201}}",2.41,9.25,35.47,1.61,1.71,1.67,645028044,18.6,MOD-00613,25.9,2026-03-31T02:15:20,2026-03-30T19:15:20,https://api.quant-aq.com/v1/devices/MOD-00613/data/645027892
857.4,475.73,"{'lat': None, 'lon': None}","{'rh': 18.6, 'temp': 25.9, 'wd': 0.0, 'ws': 0.0, 'ws_scalar': 0.0}","{'gas': {'co': 13498, 'co2': 13260, 'no': 13586, 'no2': 13765, 'o3': 13745}, 'pm': {'pm1': 13200, 'pm10': 13202, 'pm25': 13201}}",2.41,9.25,35.23,1.23,1.26,1.26,645028045,18.6,MOD-00613,25.9,2026-03-31T02:14:20,2026-03-30T19:14:20,https://api.quant-aq.com/v1/devices/MOD-00613/data/645027894
861.92,476.57,"{'lat': None, 'lon': None}","{'rh': 18.6, 'temp': 25.9, 'wd': 0.0, 'ws': 0.0, 'ws_scalar': 0.0}","{'gas': {'co': 13498, 'co2': 13260, 'no': 13586, 'no2': 13765, 'o3': 13745}, 'pm': {'pm1': 13200, 'pm10': 13202, 'pm25': 13201}}",2.41,9.25,35.47,1.2,1.39,1.23,645025252,18.6,MOD-00613,25.9,2026-03-31T02:13:20,2026-03-30T19:13:20,https://api.quant-aq.com/v1/devices/MOD-00613/data/645025101
860.68,476.33,"{'lat': None, 'lon': None}","{'rh': 18.6, 'temp': 25.9, 'wd': 0.0, 'ws': 0.0, 'ws_scalar': 0.0}","{'gas': {'co': 13498, 'co2': 13260, 'no': 13586, 'no2': 13765, 'o3': 13745}, 'pm': {'pm1': 13200, 'pm10': 13202, 'pm25': 13201}}",2.41,9.25,35.47,1.31,1.33,1.33,645025255,18.6,MOD-00613,25.9,2026-03-31T02:12:20,2026-03-30T19:12:20,https://api.quant-aq.com/v1/devices/MOD-00613/data/645025106
864.38,475.49,"{'lat': None, 'lon': None}","{'rh': 18.6, 'temp': 25.9, 'wd': 0.0, 'ws': 0.0, 'ws_scalar': 0.0}","{'gas': {'co': 13498, 'co2': 13260, 'no': 13586, 'no2': 13765, 'o3': 13745}, 'pm': {'pm1': 13200, 'pm10': 13202, 'pm25': 13201}}",2.41,9.25,35.94,1.26,1.32,1.32,645025251,18.6,MOD-00613,25.9,2026-03-31T02:11:20,2026-03-30T19:11:20,https://api.quant-aq.com/v1/devices/MOD-00613/data/645025100
859.86,477.65,"{'lat': None, 'lon': None}","{'rh': 18.6, 'temp': 25.9, 'wd': 0.0, 'ws': 0.0, 'ws_scalar': 0.0}","{'gas': {'co': 13498, 'co2': 13260, 'no': 13586, 'no2': 13765, 'o3': 13745}, 'pm': {'pm1': 13200, 'pm10': 13202, 'pm25': 13201}}",2.41,9.25,35.47,1.43,1.49,1.49,645025253,18.6,MOD-00613,25.9,2026-03-31T02:10:20,2026-03-30T19:10:20,https://api.quant-aq.com/v1/devices/MOD-00613/data/645025102
861.92,479.34,"{'lat': None, 'lon': None}","{'rh': 18.6, 'temp': 25.9, 'wd': 0.0, 'ws': 0.0, 'ws_scalar': 0.0}","{'gas': {'co': 13498, 'co2': 13260, 'no': 13586, 'no2': 13765, 'o3': 13745}, 'pm': {'pm1': 13200, 'pm10': 13202, 'pm25': 13201}}",2.41,9.25,35.23,1.48,1.5,1.5,645025254,18.6,MOD-00613,25.9,2026-03-31T02:09:20,2026-03-30T19:09:20,https://api.quant-aq.com/v1/devices/MOD-00613/data/645025104
861.92,480.42,"{'lat': None, 'lon': None}","{'rh': 18.6, 'temp': 25.9, 'wd': 0.0, 'ws': 0.0, 'ws_scalar': 0.0}","{'gas': {'co': 13498, 'co2': 13260, 'no': 13586, 'no2': 13765, 'o3': 13745}, 'pm': {'pm1': 13200, 'pm10': 13202, 'pm25': 13201}}",2.41,9.25,35.7,1.09,1.19,1.14,645022509,18.6,MOD-00613,25.9,2026-03-31T02:08:20,2026-03-30T19:08:20,https://api.quant-aq.com/v1/devices/MOD-00613/data/645022357
863.97,477.29,"{'lat': None, 'lon': None}","{'rh': 18.6, 'temp': 25.9, 'wd': 0.0, 'ws': 0.0, 'ws_scalar': 0.0}","{'gas': {'co': 13498, 'co2': 13260, 'no': 13586, 'no2': 13765, 'o3': 13745}, 'pm': {'pm1': 13200, 'pm10': 13202, 'pm25': 13201}}",2.41,9.25,35.47,1.15,6.06,1.22,645022510,18.6,MOD-00613,25.9,2026-03-31T02:07:20,2026-03-30T19:07:20,https://api.quant-aq.com/v1/devices/MOD-00613/data/645022359
864.38,479.94,"{'lat': None, 'lon': None}","{'rh': 18.6, 'temp': 25.9, 'wd': 0.0, 'ws': 0.0, 'ws_scalar': 0.0}","{'gas': {'co': 13498, 'co2': 13260, 'no': 13586, 'no2': 13765, 'o3': 13745}, 'pm': {'pm1': 13200, 'pm10': 13202, 'pm25': 13201}}",2.41,9.25,35.94,1.6,1.68,1.64,645022511,18.6,MOD-00613,25.9,2026-03-31T02:06:20,2026-03-30T19:06:20,https://api.quant-aq.com/v1/devices/MOD-00613/data/645022360
854.12,478.62,"{'lat': None, 'lon': None}","{'rh': 18.6, 'temp': 25.9, 'wd': 0.0, 'ws': 0.0, 'ws_scalar': 0.0}","{'gas': {'co': 13498, 'co2': 13260, 'no': 13586, 'no2': 13765, 'o3': 13745}, 'pm': {'pm1': 13200, 'pm10': 13202, 'pm25': 13201}}",2.41,9.25,35.7,1.24,1.33,1.29,645022508,18.6,MOD-00613,25.9,2026-03-31T02:05:20,2026-03-30T19:05:20,https://api.quant-aq.com/v1/devices/MOD-00613/data/645022358
855.76,478.5,"{'lat': None, 'lon': None}","{'rh': 18.6, 'temp': 25.9, 'wd': 0.0, 'ws': 0.0, 'ws_scalar': 0.0}","{'gas': {'co': 13498, 'co2': 13260, 'no': 13586, 'no2': 13765, 'o3': 13745}, 'pm': {'pm1': 13200, 'pm10': 13202, 'pm25': 13201}}",2.41,9.25,35.47,1.49,1.52,1.52,645022507,18.6,MOD-00613,25.9,2026-03-31T02:04:20,2026-03-30T19:04:20,https://api.quant-aq.com/v1/devices/MOD-00613/data/645022356
867.25,479.94,"{'lat': None, 'lon': None}","{'rh': 18.6, 'temp': 25.9, 'wd': 0.0, 'ws': 0.0, 'ws_scalar': 0.0}","{'gas': {'co': 13498, 'co2': 13260, 'no': 13586, 'no2': 13765, 'o3': 13745}, 'pm': {'pm1': 13200, 'pm10': 13202, 'pm25': 13201}}",2.41,9.25,35.7,1.42,1.48,1.48,645019691,18.6,MOD-00613,25.9,2026-03-31T02:03:20,2026-03-30T19:03:20,https://api.quant-aq.com/v1/devices/MOD-00613/data/645019540
865.13,479.7,"{'lat': None, 'lon': None}","{'rh': 18.7, 'temp': 25.9, 'wd': 0.0, 'ws': 0.0, 'ws_scalar': 0.0}","{'gas': {'co': 13498, 'co2': 13260, 'no': 13586, 'no2': 13765, 'o3': 13745}, 'pm': {'pm1': 13200, 'pm10': 13202, 'pm25': 13201}}",2.41,9.24,35.44,1.27,1.39,1.31,645019688,18.7,MOD-00613,25.9,2026-03-31T02:02:20,2026-03-30T19:02:20,https://api.quant-aq.com/v1/devices/MOD-00613/data/645019537
862.25,479.34,"{'lat': None, 'lon': None}","{'rh': 18.7, 'temp': 25.9, 'wd': 0.0, 'ws': 0.0, 'ws_scalar': 0.0}","{'gas': {'co': 13498, 'co2': 13260, 'no': 13586, 'no2': 13765, 'o3': 13745}, 'pm': {'pm1': 13200, 'pm10': 13202, 'pm25': 13201}}",2.41,9.24,35.44,1.36,1.39,1.39,645019687,18.7,MOD-00613,25.9,2026-03-31T02:01:20,2026-03-30T19:01:20,https://api.quant-aq.com/v1/devices/MOD-00613/data/645019536
856.1,480.3,"{'lat': None, 'lon': None}","{'rh': 18.7, 'temp': 25.9, 'wd': 0.0, 'ws': 0.0, 'ws_scalar': 0.0}","{'gas': {'co': 13498, 'co2': 13260, 'no': 13586, 'no2': 13765, 'o3': 13745}, 'pm': {'pm1': 13200, 'pm10': 13202, 'pm25': 13201}}",2.41,9.24,35.44,1.49,1.73,1.58,645019690,18.7,MOD-00613,25.9,2026-03-31T02:00:20,2026-03-30T19:00:20,https://api.quant-aq.com/v1/devices/MOD-00613/data/645019539
863.15,478.62,"{'lat': None, 'lon': None}","{'rh': 18.6, 'temp': 25.9, 'wd': 0.0, 'ws': 0.0, 'ws_scalar': 0.0}","{'gas': {'co': 13498, 'co2': 13260, 'no': 13586, 'no2': 13765, 'o3': 13745}, 'pm': {'pm1': 13200, 'pm10': 13202, 'pm25': 13201}}",2.41,9.25,35.47,1.21,1.41,1.25,645019689,18.6,MOD-00613,25.9,2026-03-31T01:59:20,2026-03-30T18:59:20,https://api.quant-aq.com/v1/devices/MOD-00613/data/645019538
859.15,479.46,"{'lat': None, 'lon': None}","{'rh': 18.6, 'temp': 26.0, 'wd': 0.0, 'ws': 0.0, 'ws_scalar': 0.0}","{'gas': {'co': 13498, 'co2': 13260, 'no': 13586, 'no2': 13765, 'o3': 13745}, 'pm': {'pm1': 13200, 'pm10': 13202, 'pm25': 13201}}",2.41,9.24,35.73,1.63,1.64,1.64,645016904,18.6,MOD-00613,26.0,2026-03-31T01:58:20,2026-03-30T18:58:20,https://api.quant-aq.com/v1/devices/MOD-00613/data/645016753
858.74,479.94,"{'lat': None, 'lon': None}","{'rh': 18.6, 'temp': 26.0, 'wd': 0.0, 'ws': 0.0, 'ws_scalar': 0.0}","{'gas': {'co': 13498, 'co2': 13260, 'no': 13586, 'no2': 13765, 'o3': 13745}, 'pm': {'pm1': 13200, 'pm10': 13202, 'pm25': 13201}}",2.41,9.24,35.73,1.61,1.8,1.64,645016900,18.6,MOD-00613,26.0,2026-03-31T01:57:20,2026-03-30T18:57:20,https://api.quant-aq.com/v1/devices/MOD-00613/data/645016749
859.15,484.04,"{'lat': None, 'lon': None}","{'rh': 18.6, 'temp': 26.0, 'wd': 0.0, 'ws': 0.0, 'ws_scalar': 0.0}","{'gas': {'co': 13498, 'co2': 13260, 'no': 13586, 'no2': 13765, 'o3': 13745}, 'pm': {'pm1': 13200, 'pm10': 13202, 'pm25': 13201}}",2.41,9.24,35.97,1.76,1.8,1.8,645016901,18.6,MOD-00613,26.0,2026-03-31T01:56:20,2026-03-30T18:56:20,https://api.quant-aq.com/v1/devices/MOD-00613/data/645016750
863.25,480.06,"{'lat': None, 'lon': None}","{'rh': 18.6, 'temp': 26.0, 'wd': 0.0, 'ws': 0.0, 'ws_scalar': 0.0}","{'gas': {'co': 13498, 'co2': 13260, 'no': 13586, 'no2': 13765, 'o3': 13745}, 'pm': {'pm1': 13200, 'pm10': 13202, 'pm25': 13201}}",2.41,9.24,35.97,1.66,1.7,1.7,645016903,18.6,MOD-00613,26.0,2026-03-31T01:55:20,2026-03-30T18:55:20,https://api.quant-aq.com/v1/devices/MOD-00613/data/645016752
860.86,484.28,"{'lat': None, 'lon': None}","{'rh': 18.5, 'temp': 26.0, 'wd': 0.0, 'ws': 0.0, 'ws_scalar': 0.0}","{'gas': {'co': 13498, 'co2': 13260, 'no': 13586, 'no2': 13765, 'o3': 13745}, 'pm': {'pm1': 13200, 'pm10': 13202, 'pm25': 13201}}",2.41,9.25,35.99,1.43,1.48,1.48,645016902,18.5,MOD-00613,26.0,2026-03-31T01:54:20,2026-03-30T18:54:20,https://api.quant-aq.com/v1/devices/MOD-00613/data/645016751
859.22,481.15,"{'lat': None, 'lon': None}","{'rh': 18.5, 'temp': 26.0, 'wd': 0.0, 'ws': 0.0, 'ws_scalar': 0.0}","{'gas': {'co': 13498, 'co2': 13260, 'no': 13586, 'no2': 13765, 'o3': 13745}, 'pm': {'pm1': 13200, 'pm10': 13202, 'pm25': 13201}}",2.41,8.61,35.52,1.57,1.6,1.6,645014150,18.5,MOD-00613,26.0,2026-03-31T01:53:20,2026-03-30T18:53:20,https://api.quant-aq.com/v1/devices/MOD-00613/data/645013998
860.04,485.6,"{'lat': None, 'lon': None}","{'rh': 18.5, 'temp': 26.0, 'wd': 0.0, 'ws': 0.0, 'ws_scalar': 0.0}","{'gas': {'co': 13498, 'co2': 13260, 'no': 13586, 'no2': 13765, 'o3': 13745}, 'pm': {'pm1': 13200, 'pm10': 13202, 'pm25': 13201}}",2.41,9.25,35.99,1.56,1.59,1.59,645014146,18.5,MOD-00613,26.0,2026-03-31T01:52:20,2026-03-30T18:52:20,https://api.quant-aq.com/v1/devices/MOD-00613/data/645013995
865.38,484.28,"{'lat': None, 'lon': None}","{'rh': 18.5, 'temp': 26.0, 'wd': 0.0, 'ws': 0.0, 'ws_scalar': 0.0}","{'gas': {'co': 13498, 'co2': 13260, 'no': 13586, 'no2': 13765, 'o3': 13745}, 'pm': {'pm1': 13200, 'pm10': 13202, 'pm25': 13201}}",2.41,9.25,35.99,1.51,1.53,1.53,645014149,18.5,MOD-00613,26.0,2026-03-31T01:51:20,2026-03-30T18:51:20,https://api.quant-aq.com/v1/devices/MOD-00613/data/645013999
862.09,486.69,"{'lat': None, 'lon': None}","{'rh': 18.5, 'temp': 26.0, 'wd': 0.0, 'ws': 0.0, 'ws_scalar': 0.0}","{'gas': {'co': 13498, 'co2': 13260, 'no': 13586, 'no2': 13765, 'o3': 13745}, 'pm': {'pm1': 13200, 'pm10': 13202, 'pm25': 13201}}",2.41,9.25,36.23,1.56,1.57,1.57,645014148,18.5,MOD-00613,26.0,2026-03-31T01:50:20,2026-03-30T18:50:20,https://api.quant-aq.com/v1/devices/MOD-00613/data/645013997
860.79,486.81,"{'lat': None, 'lon': None}","{'rh': 18.6, 'temp': 26.0, 'wd': 0.0, 'ws': 0.0, 'ws_scalar': 0.0}","{'gas': {'co': 13498, 'co2': 13260, 'no': 13586, 'no2': 13765, 'o3': 13745}, 'pm': {'pm1': 13200, 'pm10': 13202, 'pm25': 13201}}",2.41,9.24,35.26,1.36,1.49,1.45,645014147,18.6,MOD-00613,26.0,2026-03-31T01:49:20,2026-03-30T18:49:20,https://api.quant-aq.com/v1/devices/MOD-00613/data/645013996
858.44,486.93,"{'lat': None, 'lon': None}","{'rh': 18.6, 'temp': 26.1, 'wd': 0.0, 'ws': 0.0, 'ws_scalar': 0.0}","{'gas': {'co': 13498, 'co2': 13260, 'no': 13586, 'no2': 13765, 'o3': 13745}, 'pm': {'pm1': 13200, 'pm10': 13202, 'pm25': 13201}}",2.41,8.78,35.28,1.67,3.38,1.71,645011425,18.6,MOD-00613,26.1,2026-03-31T01:48:20,2026-03-30T18:48:20,https://api.quant-aq.com/v1/devices/MOD-00613/data/645011273
863.02,484.76,"{'lat': None, 'lon': None}","{'rh': 18.5, 'temp': 26.1, 'wd': 0.0, 'ws': 0.0, 'ws_scalar': 0.0}","{'gas': {'co': 13498, 'co2': 13260, 'no': 13586, 'no2': 13765, 'o3': 13745}, 'pm': {'pm1': 13200, 'pm10': 13202, 'pm25': 13201}}",2.41,8.61,35.78,1.95,2.03,2.03,645011423,18.5,MOD-00613,26.1,2026-03-31T01:47:20,2026-03-30T18:47:20,https://api.quant-aq.com/v1/devices/MOD-00613/data/645011274
858.85,489.58,"{'lat': None, 'lon': None}","{'rh': 18.6, 'temp': 26.1, 'wd': 0.0, 'ws': 0.0, 'ws_scalar': 0.0}","{'gas': {'co': 13498, 'co2': 13260, 'no': 13586, 'no2': 13765, 'o3': 13745}, 'pm': {'pm1': 13200, 'pm10': 13202, 'pm25': 13201}}",2.41,8.78,35.75,1.55,1.6,1.6,645011422,18.6,MOD-00613,26.1,2026-03-31T01:46:20,2026-03-30T18:46:20,https://api.quant-aq.com/v1/devices/MOD-00613/data/645011271
862.13,489.22,"{'lat': None, 'lon': None}","{'rh': 18.6, 'temp': 26.1, 'wd': 0.0, 'ws': 0.0, 'ws_scalar': 0.0}","{'gas': {'co': 13498, 'co2': 13260, 'no': 13586, 'no2': 13765, 'o3': 13745}, 'pm': {'pm1': 13200, 'pm10': 13202, 'pm25': 13201}}",2.41,8.78,35.75,1.3,1.3,1.3,645011426,18.6,MOD-00613,26.1,2026-03-31T01:45:20,2026-03-30T18:45:20,https://api.quant-aq.com/v1/devices/MOD-00613/data/645011275
862.95,492.23,"{'lat': None, 'lon': None}","{'rh': 18.6, 'temp': 26.1, 'wd': 0.0, 'ws': 0.0, 'ws_scalar': 0.0}","{'gas': {'co': 13498, 'co2': 13260, 'no': 13586, 'no2': 13765, 'o3': 13745}, 'pm': {'pm1': 13200, 'pm10': 13202, 'pm25': 13201}}",2.41,8.79,35.75,1.55,1.66,1.66,645011424,18.6,MOD-00613,26.1,2026-03-31T01:44:20,2026-03-30T18:44:20,https://api.quant-aq.com/v1/devices/MOD-00613/data/645011272
863.77,491.14,"{'lat': None, 'lon': None}","{'rh': 18.6, 'temp': 26.1, 'wd': 0.0, 'ws': 0.0, 'ws_scalar': 0.0}","{'gas': {'co': 13498, 'co2': 13260, 'no': 13586, 'no2': 13765, 'o3': 13745}, 'pm': {'pm1': 13200, 'pm10': 13202, 'pm25': 13201}}",2.41,8.78,35.75,1.33,1.79,1.36,645008604,18.6,MOD-00613,26.1,2026-03-31T01:43:20,2026-03-30T18:43:20,https://api.quant-aq.com/v1/devices/MOD-00613/data/645008453
860.08,491.38,"{'lat': None, 'lon': None}","{'rh': 18.6, 'temp': 26.1, 'wd': 0.0, 'ws': 0.0, 'ws_scalar': 0.0}","{'gas': {'co': 13498, 'co2': 13260, 'no': 13586, 'no2': 13765, 'o3': 13745}, 'pm': {'pm1': 13200, 'pm10': 13202, 'pm25': 13201}}",2.41,8.79,35.28,1.51,1.56,1.56,645008603,18.6,MOD-00613,26.1,2026-03-31T01:42:20,2026-03-30T18:42:20,https://api.quant-aq.com/v1/devices/MOD-00613/data/645008452
866.72,492.95,"{'lat': None, 'lon': None}","{'rh': 18.5, 'temp': 26.1, 'wd': 0.0, 'ws': 0.0, 'ws_scalar': 0.0}","{'gas': {'co': 13498, 'co2': 13260, 'no': 13586, 'no2': 13765, 'o3': 13745}, 'pm': {'pm1': 13200, 'pm10': 13202, 'pm25': 13201}}",2.41,8.61,35.78,1.44,1.46,1.46,645008602,18.5,MOD-00613,26.1,2026-03-31T01:41:20,2026-03-30T18:41:20,https://api.quant-aq.com/v1/devices/MOD-00613/data/645008451
861.38,491.26,"{'lat': None, 'lon': None}","{'rh': 18.5, 'temp': 26.1, 'wd': 0.0, 'ws': 0.0, 'ws_scalar': 0.0}","{'gas': {'co': 13498, 'co2': 13260, 'no': 13586, 'no2': 13765, 'o3': 13745}, 'pm': {'pm1': 13200, 'pm10': 13202, 'pm25': 13201}}",2.41,8.61,35.78,1.34,1.66,1.46,645008605,18.5,MOD-00613,26.1,2026-03-31T01:40:20,2026-03-30T18:40:20,https://api.quant-aq.com/v1/devices/MOD-00613/data/645008454
865.08,492.11,"{'lat': None, 'lon': None}","{'rh': 18.5, 'temp': 26.1, 'wd': 0.0, 'ws': 0.0, 'ws_scalar': 0.0}","{'gas': {'co': 13498, 'co2': 13260, 'no': 13586, 'no2': 13765, 'o3': 13745}, 'pm': {'pm1': 13200, 'pm10': 13202, 'pm25': 13201}}",2.41,8.61,36.02,1.67,1.75,1.75,645008601,18.5,MOD-00613,26.1,2026-03-31T01:39:20,2026-03-30T18:39:20,https://api.quant-aq.com/v1/devices/MOD-00613/data/645008450
861.49,494.39,"{'lat': None, 'lon': None}","{'rh': 18.5, 'temp': 26.2, 'wd': 0.0, 'ws': 0.0, 'ws_scalar': 0.0}","{'gas': {'co': 13498, 'co2': 13260, 'no': 13586, 'no2': 13765, 'o3': 13745}, 'pm': {'pm1': 13200, 'pm10': 13202, 'pm25': 13201}}",2.41,8.6,35.81,1.67,1.71,1.71,645005777,18.5,MOD-00613,26.2,2026-03-31T01:38:20,2026-03-30T18:38:20,https://api.quant-aq.com/v1/devices/MOD-00613/data/645005626
858.13,497.77,"{'lat': None, 'lon': None}","{'rh': 18.6, 'temp': 26.2, 'wd': 0.0, 'ws': 0.0, 'ws_scalar': 0.0}","{'gas': {'co': 13498, 'co2': 13260, 'no': 13586, 'no2': 13765, 'o3': 13745}, 'pm': {'pm1': 13200, 'pm10': 13202, 'pm25': 13201}}",2.41,8.59,35.54,1.7,1.82,1.78,645005773,18.6,MOD-00613,26.2,2026-03-31T01:37:20,2026-03-30T18:37:20,https://api.quant-aq.com/v1/devices/MOD-00613/data/645005623
863.88,494.27,"{'lat': None, 'lon': None}","{'rh': 18.6, 'temp': 26.2, 'wd': 0.0, 'ws': 0.0, 'ws_scalar': 0.0}","{'gas': {'co': 13498, 'co2': 13260, 'no': 13586, 'no2': 13765, 'o3': 13745}, 'pm': {'pm1': 13200, 'pm10': 13202, 'pm25': 13201}}",2.41,8.58,35.78,1.4,1.5,1.5,645005776,18.6,MOD-00613,26.2,2026-03-31T01:36:20,2026-03-30T18:36:20,https://api.quant-aq.com/v1/devices/MOD-00613/data/645005625
865.11,497.04,"{'lat': None, 'lon': None}","{'rh': 18.6, 'temp': 26.2, 'wd': 0.0, 'ws': 0.0, 'ws_scalar': 0.0}","{'gas': {'co': 13498, 'co2': 13260, 'no': 13586, 'no2': 13765, 'o3': 13745}, 'pm': {'pm1': 13200, 'pm10': 13202, 'pm25': 13201}}",2.41,8.58,35.54,1.58,2.13,1.64,645005775,18.6,MOD-00613,26.2,2026-03-31T01:35:20,2026-03-30T18:35:20,https://api.quant-aq.com/v1/devices/MOD-00613/data/645005624
863.06,500.66,"{'lat': None, 'lon': None}","{'rh': 18.6, 'temp': 26.2, 'wd': 0.0, 'ws': 0.0, 'ws_scalar': 0.0}","{'gas': {'co': 13498, 'co2': 13260, 'no': 13586, 'no2': 13765, 'o3': 13745}, 'pm': {'pm1': 13200, 'pm10': 13202, 'pm25': 13201}}",2.41,8.78,35.78,1.7,2.37,1.77,645005774,18.6,MOD-00613,26.2,2026-03-31T01:34:20,2026-03-30T18:34:20,https://api.quant-aq.com/v1/devices/MOD-00613/data/645005622
869.97,500.42,"{'lat': None, 'lon': None}","{'rh': 18.7, 'temp': 26.2, 'wd': 0.0, 'ws': 0.0, 'ws_scalar': 0.0}","{'gas': {'co': 13498, 'co2': 13260, 'no': 13586, 'no2': 13765, 'o3': 13745}, 'pm': {'pm1': 13200, 'pm10': 13202, 'pm25': 13201}}",2.41,8.77,35.28,1.43,1.66,1.5,645003029,18.7,MOD-00613,26.2,2026-03-31T01:33:20,2026-03-30T18:33:20,https://api.quant-aq.com/v1/devices/MOD-00613/data/645002880
861.35,500.54,"{'lat': None, 'lon': None}","{'rh': 18.7, 'temp': 26.2, 'wd': 0.0, 'ws': 0.0, 'ws_scalar': 0.0}","{'gas': {'co': 13498, 'co2': 13260, 'no': 13586, 'no2': 13765, 'o3': 13745}, 'pm': {'pm1': 13200, 'pm10': 13202, 'pm25': 13201}}",2.41,8.76,35.75,1.91,2.01,1.97,645003033,18.7,MOD-00613,26.2,2026-03-31T01:32:20,2026-03-30T18:32:20,https://api.quant-aq.com/v1/devices/MOD-00613/data/645002884
867.5,501.26,"{'lat': None, 'lon': None}","{'rh': 18.7, 'temp': 26.2, 'wd': 0.0, 'ws': 0.0, 'ws_scalar': 0.0}","{'gas': {'co': 13498, 'co2': 13260, 'no': 13586, 'no2': 13765, 'o3': 13745}, 'pm': {'pm1': 13200, 'pm10': 13202, 'pm25': 13201}}",2.41,8.57,35.75,1.27,10.02,1.31,645003035,18.7,MOD-00613,26.2,2026-03-31T01:31:20,2026-03-30T18:31:20,https://api.quant-aq.com/v1/devices/MOD-00613/data/645002883
863.4,504.87,"{'lat': None, 'lon': None}","{'rh': 18.7, 'temp': 26.2, 'wd': 0.0, 'ws': 0.0, 'ws_scalar': 0.0}","{'gas': {'co': 13498, 'co2': 13260, 'no': 13586, 'no2': 13765, 'o3': 13745}, 'pm': {'pm1': 13200, 'pm10': 13202, 'pm25': 13201}}",2.41,8.76,35.75,1.75,2.01,1.81,645003028,18.7,MOD-00613,26.2,2026-03-31T01:30:20,2026-03-30T18:30:20,https://api.quant-aq.com/v1/devices/MOD-00613/data/645002877
862.99,504.87,"{'lat': None, 'lon': None}","{'rh': 18.7, 'temp': 26.2, 'wd': 0.0, 'ws': 0.0, 'ws_scalar': 0.0}","{'gas': {'co': 13498, 'co2': 13260, 'no': 13586, 'no2': 13765, 'o3': 13745}, 'pm': {'pm1': 13200, 'pm10': 13202, 'pm25': 13201}}",2.41,8.77,35.51,1.7,2.41,1.79,645003027,18.7,MOD-00613,26.2,2026-03-31T01:29:20,2026-03-30T18:29:20,https://api.quant-aq.com/v1/devices/MOD-00613/data/645002876
870.04,506.08,"{'lat': None, 'lon': None}","{'rh': 18.6, 'temp': 26.2, 'wd': 0.0, 'ws': 0.0, 'ws_scalar': 0.0}","{'gas': {'co': 13498, 'co2': 13260, 'no': 13586, 'no2': 13765, 'o3': 13745}, 'pm': {'pm1': 13200, 'pm10': 13202, 'pm25': 13201}}",2.41,8.59,35.78,1.73,1.81,1.81,645000284,18.6,MOD-00613,26.2,2026-03-31T01:28:20,2026-03-30T18:28:20,https://api.quant-aq.com/v1/devices/MOD-00613/data/645000134
865.22,505.96,"{'lat': None, 'lon': None}","{'rh': 18.6, 'temp': 26.3, 'wd': 0.0, 'ws': 0.0, 'ws_scalar': 0.0}","{'gas': {'co': 13498, 'co2': 13260, 'no': 13586, 'no2': 13765, 'o3': 13745}, 'pm': {'pm1': 13200, 'pm10': 13202, 'pm25': 13201}}",2.41,8.57,35.57,2.16,2.28,2.24,645000288,18.6,MOD-00613,26.3,2026-03-31T01:27:20,2026-03-30T18:27:20,https://api.quant-aq.com/v1/devices/MOD-00613/data/645000137
863.92,508.73,"{'lat': None, 'lon': None}","{'rh': 18.7, 'temp': 26.3, 'wd': 0.0, 'ws': 0.0, 'ws_scalar': 0.0}","{'gas': {'co': 13498, 'co2': 13260, 'no': 13586, 'no2': 13765, 'o3': 13745}, 'pm': {'pm1': 13200, 'pm10': 13202, 'pm25': 13201}}",2.41,8.56,35.54,1.83,1.99,1.9,645000285,18.7,MOD-00613,26.3,2026-03-31T01:26:20,2026-03-30T18:26:20,https://api.quant-aq.com/v1/devices/MOD-00613/data/645000133
871.31,510.17,"{'lat': None, 'lon': None}","{'rh': 18.7, 'temp': 26.3, 'wd': 0.0, 'ws': 0.0, 'ws_scalar': 0.0}","{'gas': {'co': 13498, 'co2': 13260, 'no': 13586, 'no2': 13765, 'o3': 13745}, 'pm': {'pm1': 13200, 'pm10': 13202, 'pm25': 13201}}",2.41,8.56,35.77,1.72,1.86,1.82,645000286,18.7,MOD-00613,26.3,2026-03-31T01:25:20,2026-03-30T18:25:20,https://api.quant-aq.com/v1/devices/MOD-00613/data/645000135
872.13,512.22,"{'lat': None, 'lon': None}","{'rh': 18.7, 'temp': 26.3, 'wd': 0.0, 'ws': 0.0, 'ws_scalar': 0.0}","{'gas': {'co': 13498, 'co2': 13260, 'no': 13586, 'no2': 13765, 'o3': 13745}, 'pm': {'pm1': 13200, 'pm10': 13202, 'pm25': 13201}}",2.41,8.57,35.77,1.73,2.02,1.9,645000287,18.7,MOD-00613,26.3,2026-03-31T01:24:20,2026-03-30T18:24:20,https://api.quant-aq.com/v1/devices/MOD-00613/data/645000136
873.77,512.7,"{'lat': None, 'lon': None}","{'rh': 18.7, 'temp': 26.3, 'wd': 0.0, 'ws': 0.0, 'ws_scalar': 0.0}","{'gas': {'co': 13498, 'co2': 13260, 'no': 13586, 'no2': 13765, 'o3': 13745}, 'pm': {'pm1': 13200, 'pm10': 13202, 'pm25': 13201}}",2.41,8.75,35.54,1.74,2.02,1.82,644997478,18.7,MOD-00613,26.3,2026-03-31T01:23:20,2026-03-30T18:23:20,https://api.quant-aq.com/v1/devices/MOD-00613/data/644997327
865.56,511.5,"{'lat': None, 'lon': None}","{'rh': 18.7, 'temp': 26.3, 'wd': 0.0, 'ws': 0.0, 'ws_scalar': 0.0}","{'gas': {'co': 13498, 'co2': 13260, 'no': 13586, 'no2': 13765, 'o3': 13745}, 'pm': {'pm1': 13200, 'pm10': 13202, 'pm25': 13201}}",2.41,8.75,35.54,1.79,4.1,1.84,644997477,18.7,MOD-00613,26.3,2026-03-31T01:22:20,2026-03-30T18:22:20,https://api.quant-aq.com/v1/devices/MOD-00613/data/644997326
871.31,513.18,"{'lat': None, 'lon': None}","{'rh': 18.7, 'temp': 26.3, 'wd': 0.0, 'ws': 0.0, 'ws_scalar': 0.0}","{'gas': {'co': 13498, 'co2': 13260, 'no': 13586, 'no2': 13765, 'o3': 13745}, 'pm': {'pm1': 13200, 'pm10': 13202, 'pm25': 13201}}",2.41,8.56,35.77,1.67,1.79,1.75,644997476,18.7,MOD-00613,26.3,2026-03-31T01:21:20,2026-03-30T18:21:20,https://api.quant-aq.com/v1/devices/MOD-00613/data/644997325
869.18,516.2,"{'lat': None, 'lon': None}","{'rh': 18.8, 'temp': 26.3, 'wd': 0.0, 'ws': 0.0, 'ws_scalar': 0.0}","{'gas': {'co': 13498, 'co2': 13260, 'no': 13586, 'no2': 13765, 'o3': 13745}, 'pm': {'pm1': 13200, 'pm10': 13202, 'pm25': 13201}}",2.41,8.73,34.8,1.56,1.7,1.66,644997475,18.8,MOD-00613,26.3,2026-03-31T01:20:20,2026-03-30T18:20:20,https://api.quant-aq.com/v1/devices/MOD-00613/data/644997324
869.93,518.72,"{'lat': None, 'lon': None}","{'rh': 18.9, 'temp': 26.3, 'wd': 0.0, 'ws': 0.0, 'ws_scalar': 0.0}","{'gas': {'co': 13498, 'co2': 13260, 'no': 13586, 'no2': 13765, 'o3': 13745}, 'pm': {'pm1': 13200, 'pm10': 13202, 'pm25': 13201}}",2.41,8.74,35.48,1.61,2.26,1.73,644997479,18.9,MOD-00613,26.3,2026-03-31T01:19:20,2026-03-30T18:19:20,https://api.quant-aq.com/v1/devices/MOD-00613/data/644997328
874.86,519.69,"{'lat': None, 'lon': None}","{'rh': 18.9, 'temp': 26.3, 'wd': 0.0, 'ws': 0.0, 'ws_scalar': 0.0}","{'gas': {'co': 13498, 'co2': 13260, 'no': 13586, 'no2': 13765, 'o3': 13745}, 'pm': {'pm1': 13200, 'pm10': 13202, 'pm25': 13201}}",2.41,8.73,35.48,1.39,6.53,1.52,644994638,18.9,MOD-00613,26.3,2026-03-31T01:18:20,2026-03-30T18:18:20,https://api.quant-aq.com/v1/devices/MOD-00613/data/644994488
874.45,518.0,"{'lat': None, 'lon': None}","{'rh': 18.9, 'temp': 26.3, 'wd': 0.0, 'ws': 0.0, 'ws_scalar': 0.0}","{'gas': {'co': 13498, 'co2': 13260, 'no': 13586, 'no2': 13765, 'o3': 13745}, 'pm': {'pm1': 13200, 'pm10': 13202, 'pm25': 13201}}",2.41,8.73,35.24,1.81,1.93,1.89,644994639,18.9,MOD-00613,26.3,2026-03-31T01:17:20,2026-03-30T18:17:20,https://api.quant-aq.com/v1/devices/MOD-00613/data/644994487
878.07,524.39,"{'lat': None, 'lon': None}","{'rh': 19.0, 'temp': 26.3, 'wd': 0.0, 'ws': 0.0, 'ws_scalar': 0.0}","{'gas': {'co': 13498, 'co2': 13260, 'no': 13586, 'no2': 13765, 'o3': 13745}, 'pm': {'pm1': 13200, 'pm10': 13202, 'pm25': 13201}}",2.41,8.72,34.74,1.61,1.76,1.72,644994637,19.0,MOD-00613,26.3,2026-03-31T01:16:20,2026-03-30T18:16:20,https://api.quant-aq.com/v1/devices/MOD-00613/data/644994486
873.97,522.46,"{'lat': None, 'lon': None}","{'rh': 19.0, 'temp': 26.3, 'wd': 0.0, 'ws': 0.0, 'ws_scalar': 0.0}","{'gas': {'co': 13498, 'co2': 13260, 'no': 13586, 'no2': 13765, 'o3': 13745}, 'pm': {'pm1': 13200, 'pm10': 13202, 'pm25': 13201}}",2.41,8.72,35.45,1.63,2.36,1.74,644994636,19.0,MOD-00613,26.3,2026-03-31T01:15:20,2026-03-30T18:15:20,https://api.quant-aq.com/v1/devices/MOD-00613/data/644994485
870.27,524.14,"{'lat': None, 'lon': None}","{'rh': 19.0, 'temp': 26.3, 'wd': 0.0, 'ws': 0.0, 'ws_scalar': 0.0}","{'gas': {'co': 13498, 'co2': 13260, 'no': 13586, 'no2': 13765, 'o3': 13745}, 'pm': {'pm1': 13200, 'pm10': 13202, 'pm25': 13201}}",2.41,8.72,35.22,1.94,2.44,2.0,644992448,19.0,MOD-00613,26.3,2026-03-31T01:14:20,2026-03-30T18:14:20,https://api.quant-aq.com/v1/devices/MOD-00613/data/644992297
873.56,525.71,"{'lat': None, 'lon': None}","{'rh': 19.0, 'temp': 26.3, 'wd': 0.0, 'ws': 0.0, 'ws_scalar': 0.0}","{'gas': {'co': 13498, 'co2': 13260, 'no': 13586, 'no2': 13765, 'o3': 13745}, 'pm': {'pm1': 13200, 'pm10': 13202, 'pm25': 13201}}",2.41,8.72,35.69,1.8,7.09,1.93,644992450,19.0,MOD-00613,26.3,2026-03-31T01:13:20,2026-03-30T18:13:20,https://api.quant-aq.com/v1/devices/MOD-00613/data/644992298
873.56,524.39,"{'lat': None, 'lon': None}","{'rh': 19.0, 'temp': 26.3, 'wd': 0.0, 'ws': 0.0, 'ws_scalar': 0.0}","{'gas': {'co': 13498, 'co2': 13260, 'no': 13586, 'no2': 13765, 'o3': 13745}, 'pm': {'pm1': 13200, 'pm10': 13202, 'pm25': 13201}}",2.41,8.72,35.45,1.63,2.3,1.71,644992452,19.0,MOD-00613,26.3,2026-03-31T01:12:20,2026-03-30T18:12:20,https://api.quant-aq.com/v1/devices/MOD-00613/data/644992300
874.38,525.95,"{'lat': None, 'lon': None}","{'rh': 19.0, 'temp': 26.3, 'wd': 0.0, 'ws': 0.0, 'ws_scalar': 0.0}","{'gas': {'co': 13498, 'co2': 13260, 'no': 13586, 'no2': 13765, 'o3': 13745}, 'pm': {'pm1': 13200, 'pm10': 13202, 'pm25': 13201}}",2.41,8.72,35.45,1.76,2.57,1.91,644992445,19.0,MOD-00613,26.3,2026-03-31T01:11:20,2026-03-30T18:11:20,https://api.quant-aq.com/v1/devices/MOD-00613/data/644992295
874.38,528.0,"{'lat': None, 'lon': None}","{'rh': 19.0, 'temp': 26.3, 'wd': 0.0, 'ws': 0.0, 'ws_scalar': 0.0}","{'gas': {'co': 13498, 'co2': 13260, 'no': 13586, 'no2': 13765, 'o3': 13745}, 'pm': {'pm1': 13200, 'pm10': 13202, 'pm25': 13201}}",2.41,8.72,35.45,1.4,1.56,1.52,644992444,19.0,MOD-00613,26.3,2026-03-31T01:10:20,2026-03-30T18:10:20,https://api.quant-aq.com/v1/devices/MOD-00613/data/644992293
871.5,529.08,"{'lat': None, 'lon': None}","{'rh': 19.0, 'temp': 26.3, 'wd': 0.0, 'ws': 0.0, 'ws_scalar': 0.0}","{'gas': {'co': 13498, 'co2': 13260, 'no': 13586, 'no2': 13765, 'o3': 13745}, 'pm': {'pm1': 13200, 'pm10': 13202, 'pm25': 13201}}",2.41,8.73,34.98,1.57,1.82,1.62,644989711,19.0,MOD-00613,26.3,2026-03-31T01:09:20,2026-03-30T18:09:20,https://api.quant-aq.com/v1/devices/MOD-00613/data/644989561
871.02,531.13,"{'lat': None, 'lon': None}","{'rh': 19.1, 'temp': 26.3, 'wd': 0.0, 'ws': 0.0, 'ws_scalar': 0.0}","{'gas': {'co': 13498, 'co2': 13260, 'no': 13586, 'no2': 13765, 'o3': 13745}, 'pm': {'pm1': 13200, 'pm10': 13202, 'pm25': 13201}}",2.41,7.89,35.66,1.58,1.68,1.68,644989709,19.1,MOD-00613,26.3,2026-03-31T01:08:20,2026-03-30T18:08:20,https://api.quant-aq.com/v1/devices/MOD-00613/data/644989556
872.25,532.94,"{'lat': None, 'lon': None}","{'rh': 19.1, 'temp': 26.3, 'wd': 0.0, 'ws': 0.0, 'ws_scalar': 0.0}","{'gas': {'co': 13498, 'co2': 13260, 'no': 13586, 'no2': 13765, 'o3': 13745}, 'pm': {'pm1': 13200, 'pm10': 13202, 'pm25': 13201}}",2.41,7.89,35.42,1.73,2.66,1.9,644989708,19.1,MOD-00613,26.3,2026-03-31T01:07:20,2026-03-30T18:07:20,https://api.quant-aq.com/v1/devices/MOD-00613/data/644989558
863.22,533.3,"{'lat': None, 'lon': None}","{'rh': 19.1, 'temp': 26.3, 'wd': 0.0, 'ws': 0.0, 'ws_scalar': 0.0}","{'gas': {'co': 13498, 'co2': 13260, 'no': 13586, 'no2': 13765, 'o3': 13745}, 'pm': {'pm1': 13200, 'pm10': 13202, 'pm25': 13201}}",2.41,7.89,35.66,1.87,2.42,1.97,644989707,19.1,MOD-00613,26.3,2026-03-31T01:06:20,2026-03-30T18:06:20,https://api.quant-aq.com/v1/devices/MOD-00613/data/644989557
868.15,535.71,"{'lat': None, 'lon': None}","{'rh': 19.1, 'temp': 26.3, 'wd': 0.0, 'ws': 0.0, 'ws_scalar': 0.0}","{'gas': {'co': 13498, 'co2': 13260, 'no': 13586, 'no2': 13765, 'o3': 13745}, 'pm': {'pm1': 13200, 'pm10': 13202, 'pm25': 13201}}",2.41,7.88,35.66,1.74,4.05,1.88,644989710,19.1,MOD-00613,26.3,2026-03-31T01:05:20,2026-03-30T18:05:20,https://api.quant-aq.com/v1/devices/MOD-00613/data/644989560
873.59,536.91,"{'lat': None, 'lon': None}","{'rh': 19.1, 'temp': 26.4, 'wd': 0.0, 'ws': 0.0, 'ws_scalar': 0.0}","{'gas': {'co': 13498, 'co2': 13260, 'no': 13586, 'no2': 13765, 'o3': 13745}, 'pm': {'pm1': 13200, 'pm10': 13202, 'pm25': 13201}}",2.41,7.87,35.21,1.59,2.39,1.74,644986955,19.1,MOD-00613,26.4,2026-03-31T01:04:20,2026-03-30T18:04:20,https://api.quant-aq.com/v1/devices/MOD-00613/data/644986803
868.67,539.68,"{'lat': None, 'lon': None}","{'rh': 19.1, 'temp': 26.4, 'wd': 0.0, 'ws': 0.0, 'ws_scalar': 0.0}","{'gas': {'co': 13498, 'co2': 13260, 'no': 13586, 'no2': 13765, 'o3': 13745}, 'pm': {'pm1': 13200, 'pm10': 13202, 'pm25': 13201}}",2.41,7.87,35.45,1.87,2.41,1.94,644986960,19.1,MOD-00613,26.4,2026-03-31T01:03:20,2026-03-30T18:03:20,https://api.quant-aq.com/v1/devices/MOD-00613/data/644986810
870.72,540.89,"{'lat': None, 'lon': None}","{'rh': 19.1, 'temp': 26.4, 'wd': 0.0, 'ws': 0.0, 'ws_scalar': 0.0}","{'gas': {'co': 13498, 'co2': 13260, 'no': 13586, 'no2': 13765, 'o3': 13745}, 'pm': {'pm1': 13200, 'pm10': 13202, 'pm25': 13201}}",2.41,7.86,35.69,1.47,3.51,1.68,644986959,19.1,MOD-00613,26.4,2026-03-31T01:02:20,2026-03-30T18:02:20,https://api.quant-aq.com/v1/devices/MOD-00613/data/644986809
865.31,545.95,"{'lat': None, 'lon': None}","{'rh': 19.2, 'temp': 26.4, 'wd': 0.0, 'ws': 0.0, 'ws_scalar': 0.0}","{'gas': {'co': 13498, 'co2': 13260, 'no': 13586, 'no2': 13765, 'o3': 13745}, 'pm': {'pm1': 13200, 'pm10': 13202, 'pm25': 13201}}",2.41,7.86,34.71,1.55,7.97,1.75,644986957,19.2,MOD-00613,26.4,2026-03-31T01:01:20,2026-03-30T18:01:20,https://api.quant-aq.com/v1/devices/MOD-00613/data/644986808
869.83,547.63,"{'lat': None, 'lon': None}","{'rh': 19.2, 'temp': 26.4, 'wd': 0.0, 'ws': 0.0, 'ws_scalar': 0.0}","{'gas': {'co': 13498, 'co2': 13260, 'no': 13586, 'no2': 13765, 'o3': 13745}, 'pm': {'pm1': 13200, 'pm10': 13202, 'pm25': 13201}}",2.41,7.85,35.66,1.78,12.23,2.01,644984704,19.2,MOD-00613,26.4,2026-03-31T01:00:20,2026-03-30T18:00:20,https://api.quant-aq.com/v1/devices/MOD-00613/data/644984553
867.78,555.22,"{'lat': None, 'lon': None}","{'rh': 19.2, 'temp': 26.4, 'wd': 0.0, 'ws': 0.0, 'ws_scalar': 0.0}","{'gas': {'co': 13498, 'co2': 13260, 'no': 13586, 'no2': 13765, 'o3': 13745}, 'pm': {'pm1': 13200, 'pm10': 13202, 'pm25': 13201}}",2.41,7.87,34.95,1.68,6.47,2.06,644984703,19.2,MOD-00613,26.4,2026-03-31T00:59:20,2026-03-30T17:59:20,https://api.quant-aq.com/v1/devices/MOD-00613/data/644984552
871.06,555.94,"{'lat': None, 'lon': None}","{'rh': 19.2, 'temp': 26.4, 'wd': 0.0, 'ws': 0.0, 'ws_scalar': 0.0}","{'gas': {'co': 13498, 'co2': 13260, 'no': 13586, 'no2': 13765, 'o3': 13745}, 'pm': {'pm1': 13200, 'pm10': 13202, 'pm25': 13201}}",2.41,7.86,35.42,1.69,10.48,2.05,644984705,19.2,MOD-00613,26.4,2026-03-31T00:58:20,2026-03-30T17:58:20,https://api.quant-aq.com/v1/devices/MOD-00613/data/644984554
870.72,555.82,"{'lat': None, 'lon': None}","{'rh': 19.1, 'temp': 26.4, 'wd': 0.0, 'ws': 0.0, 'ws_scalar': 0.0}","{'gas': {'co': 13498, 'co2': 13260, 'no': 13586, 'no2': 13765, 'o3': 13745}, 'pm': {'pm1': 13200, 'pm10': 13202, 'pm25': 13201}}",2.41,7.87,35.21,1.2,5.15,1.55,644984702,19.1,MOD-00613,26.4,2026-03-31T00:57:20,2026-03-30T17:57:20,https://api.quant-aq.com/v1/devices/MOD-00613/data/644984551
868.26,553.65,"{'lat': None, 'lon': None}","{'rh': 19.1, 'temp': 26.4, 'wd': 0.0, 'ws': 0.0, 'ws_scalar': 0.0}","{'gas': {'co': 13498, 'co2': 13260, 'no': 13586, 'no2': 13765, 'o3': 13745}, 'pm': {'pm1': 13200, 'pm10': 13202, 'pm25': 13201}}",2.41,7.87,34.74,1.64,2.96,1.9,644982531,19.1,MOD-00613,26.4,2026-03-31T00:56:20,2026-03-30T17:56:20,https://api.quant-aq.com/v1/devices/MOD-00613/data/644982380
869.83,557.15,"{'lat': None, 'lon': None}","{'rh': 19.2, 'temp': 26.4, 'wd': 0.0, 'ws': 0.0, 'ws_scalar': 0.0}","{'gas': {'co': 13498, 'co2': 13260, 'no': 13586, 'no2': 13765, 'o3': 13745}, 'pm': {'pm1': 13200, 'pm10': 13202, 'pm25': 13201}}",2.33,7.85,35.18,1.66,3.91,1.9,644982534,19.2,MOD-00613,26.4,2026-03-31T00:55:20,2026-03-30T17:55:20,https://api.quant-aq.com/v1/devices/MOD-00613/data/644982383
866.54,557.27,"{'lat': None, 'lon': None}","{'rh': 19.2, 'temp': 26.4, 'wd': 0.0, 'ws': 0.0, 'ws_scalar': 0.0}","{'gas': {'co': 13498, 'co2': 13260, 'no': 13586, 'no2': 13765, 'o3': 13745}, 'pm': {'pm1': 13200, 'pm10': 13202, 'pm25': 13201}}",2.41,7.86,35.42,1.86,7.61,1.98,644982533,19.2,MOD-00613,26.4,2026-03-31T00:54:20,2026-03-30T17:54:20,https://api.quant-aq.com/v1/devices/MOD-00613/data/644982382
869.01,558.35,"{'lat': None, 'lon': None}","{'rh': 19.2, 'temp': 26.4, 'wd': 0.0, 'ws': 0.0, 'ws_scalar': 0.0}","{'gas': {'co': 13498, 'co2': 13260, 'no': 13586, 'no2': 13765, 'o3': 13745}, 'pm': {'pm1': 13200, 'pm10': 13202, 'pm25': 13201}}",2.41,7.86,35.18,1.85,8.36,1.93,644982532,19.2,MOD-00613,26.4,2026-03-31T00:53:20,2026-03-30T17:53:20,https://api.quant-aq.com/v1/devices/MOD-00613/data/644982381
871.88,560.4,"{'lat': None, 'lon': None}","{'rh': 19.2, 'temp': 26.4, 'wd': 0.0, 'ws': 0.0, 'ws_scalar': 0.0}","{'gas': {'co': 13498, 'co2': 13260, 'no': 13586, 'no2': 13765, 'o3': 13745}, 'pm': {'pm1': 13200, 'pm10': 13202, 'pm25': 13201}}",2.41,7.85,35.42,1.48,8.01,1.58,644980351,19.2,MOD-00613,26.4,2026-03-31T00:52:20,2026-03-30T17:52:20,https://api.quant-aq.com/v1/devices/MOD-00613/data/644980199
869.42,560.64,"{'lat': None, 'lon': None}","{'rh': 19.2, 'temp': 26.4, 'wd': 0.0, 'ws': 0.0, 'ws_scalar': 0.0}","{'gas': {'co': 13498, 'co2': 13260, 'no': 13586, 'no2': 13765, 'o3': 13745}, 'pm': {'pm1': 13200, 'pm10': 13202, 'pm25': 13201}}",2.41,7.86,35.42,1.62,1.94,1.77,644980350,19.2,MOD-00613,26.4,2026-03-31T00:51:20,2026-03-30T17:51:20,https://api.quant-aq.com/v1/devices/MOD-00613/data/644980200
873.15,564.01,"{'lat': None, 'lon': None}","{'rh': 19.3, 'temp': 26.5, 'wd': 0.0, 'ws': 0.0, 'ws_scalar': 0.0}","{'gas': {'co': 13498, 'co2': 13260, 'no': 13586, 'no2': 13765, 'o3': 13745}, 'pm': {'pm1': 13200, 'pm10': 13202, 'pm25': 13201}}",2.43,7.82,34.94,1.43,3.84,1.63,644980349,19.3,MOD-00613,26.5,2026-03-31T00:50:20,2026-03-30T17:50:20,https://api.quant-aq.com/v1/devices/MOD-00613/data/644980198
873.56,560.4,"{'lat': None, 'lon': None}","{'rh': 19.3, 'temp': 26.5, 'wd': 0.0, 'ws': 0.0, 'ws_scalar': 0.0}","{'gas': {'co': 13498, 'co2': 13260, 'no': 13586, 'no2': 13765, 'o3': 13745}, 'pm': {'pm1': 13200, 'pm10': 13202, 'pm25': 13201}}",2.33,7.82,34.94,1.49,2.15,1.66,644980348,19.3,MOD-00613,26.5,2026-03-31T00:49:20,2026-03-30T17:49:20,https://api.quant-aq.com/v1/devices/MOD-00613/data/644980197
871.51,562.33,"{'lat': None, 'lon': None}","{'rh': 19.3, 'temp': 26.5, 'wd': 0.0, 'ws': 0.0, 'ws_scalar': 0.0}","{'gas': {'co': 13498, 'co2': 13260, 'no': 13586, 'no2': 13765, 'o3': 13745}, 'pm': {'pm1': 13200, 'pm10': 13202, 'pm25': 13201}}",2.33,7.83,35.18,1.69,4.2,1.77,644978071,19.3,MOD-00613,26.5,2026-03-31T00:48:20,2026-03-30T17:48:20,https://api.quant-aq.com/v1/devices/MOD-00613/data/644977920
871.92,564.98,"{'lat': None, 'lon': None}","{'rh': 19.3, 'temp': 26.5, 'wd': 0.0, 'ws': 0.0, 'ws_scalar': 0.0}","{'gas': {'co': 13498, 'co2': 13260, 'no': 13586, 'no2': 13765, 'o3': 13745}, 'pm': {'pm1': 13200, 'pm10': 13202, 'pm25': 13201}}",2.33,7.82,35.42,1.62,5.37,1.76,644978072,19.3,MOD-00613,26.5,2026-03-31T00:47:20,2026-03-30T17:47:20,https://api.quant-aq.com/v1/devices/MOD-00613/data/644977921
868.63,567.87,"{'lat': None, 'lon': None}","{'rh': 19.3, 'temp': 26.5, 'wd': 0.0, 'ws': 0.0, 'ws_scalar': 0.0}","{'gas': {'co': 13498, 'co2': 13260, 'no': 13586, 'no2': 13765, 'o3': 13745}, 'pm': {'pm1': 13200, 'pm10': 13202, 'pm25': 13201}}",2.43,7.83,34.94,1.35,1.66,1.54,644978074,19.3,MOD-00613,26.5,2026-03-31T00:46:20,2026-03-30T17:46:20,https://api.quant-aq.com/v1/devices/MOD-00613/data/644977922
869.46,570.16,"{'lat': None, 'lon': None}","{'rh': 19.3, 'temp': 26.5, 'wd': 0.0, 'ws': 0.0, 'ws_scalar': 0.0}","{'gas': {'co': 13498, 'co2': 13260, 'no': 13586, 'no2': 13765, 'o3': 13745}, 'pm': {'pm1': 13200, 'pm10': 13202, 'pm25': 13201}}",2.33,7.83,34.7,1.03,7.15,1.16,644978073,19.3,MOD-00613,26.5,2026-03-31T00:45:20,2026-03-30T17:45:20,https://api.quant-aq.com/v1/devices/MOD-00613/data/644977923
869.53,562.93,"{'lat': None, 'lon': None}","{'rh': 19.2, 'temp': 26.5, 'wd': 0.0, 'ws': 0.0, 'ws_scalar': 0.0}","{'gas': {'co': 13498, 'co2': 13260, 'no': 13586, 'no2': 13765, 'o3': 13745}, 'pm': {'pm1': 13200, 'pm10': 13202, 'pm25': 13201}}",2.41,7.85,35.21,1.73,2.84,1.96,644975823,19.2,MOD-00613,26.5,2026-03-31T00:44:20,2026-03-30T17:44:20,https://api.quant-aq.com/v1/devices/MOD-00613/data/644975672
869.87,569.19,"{'lat': None, 'lon': None}","{'rh': 19.3, 'temp': 26.5, 'wd': 0.0, 'ws': 0.0, 'ws_scalar': 0.0}","{'gas': {'co': 13498, 'co2': 13260, 'no': 13586, 'no2': 13765, 'o3': 13745}, 'pm': {'pm1': 13200, 'pm10': 13202, 'pm25': 13201}}",2.41,7.83,34.47,1.42,1.87,1.55,644975820,19.3,MOD-00613,26.5,2026-03-31T00:43:20,2026-03-30T17:43:20,https://api.quant-aq.com/v1/devices/MOD-00613/data/644975669
871.92,571.48,"{'lat': None, 'lon': None}","{'rh': 19.3, 'temp': 26.5, 'wd': 0.0, 'ws': 0.0, 'ws_scalar': 0.0}","{'gas': {'co': 13498, 'co2': 13260, 'no': 13586, 'no2': 13765, 'o3': 13745}, 'pm': {'pm1': 13200, 'pm10': 13202, 'pm25': 13201}}",2.41,7.83,34.94,1.45,4.51,1.61,644975821,19.3,MOD-00613,26.5,2026-03-31T00:42:20,2026-03-30T17:42:20,https://api.quant-aq.com/v1/devices/MOD-00613/data/644975670
867.33,570.28,"{'lat': None, 'lon': None}","{'rh': 19.4, 'temp': 26.5, 'wd': 0.0, 'ws': 0.0, 'ws_scalar': 0.0}","{'gas': {'co': 13498, 'co2': 13260, 'no': 13586, 'no2': 13765, 'o3': 13745}, 'pm': {'pm1': 13200, 'pm10': 13202, 'pm25': 13201}}",2.33,7.81,34.67,1.48,6.36,1.73,644975822,19.4,MOD-00613,26.5,2026-03-31T00:41:20,2026-03-30T17:41:20,https://api.quant-aq.com/v1/devices/MOD-00613/data/644975671
873.56,573.17,"{'lat': None, 'lon': None}","{'rh': 19.3, 'temp': 26.5, 'wd': 0.0, 'ws': 0.0, 'ws_scalar': 0.0}","{'gas': {'co': 13498, 'co2': 13260, 'no': 13586, 'no2': 13765, 'o3': 13745}, 'pm': {'pm1': 13200, 'pm10': 13202, 'pm25': 13201}}",2.33,7.83,34.47,1.55,4.13,1.67,644973624,19.3,MOD-00613,26.5,2026-03-31T00:40:20,2026-03-30T17:40:20,https://api.quant-aq.com/v1/devices/MOD-00613/data/644973472
875.2,571.84,"{'lat': None, 'lon': None}","{'rh': 19.3, 'temp': 26.5, 'wd': 0.0, 'ws': 0.0, 'ws_scalar': 0.0}","{'gas': {'co': 13498, 'co2': 13260, 'no': 13586, 'no2': 13765, 'o3': 13745}, 'pm': {'pm1': 13200, 'pm10': 13202, 'pm25': 13201}}",2.43,7.82,35.18,1.29,2.44,1.42,644973625,19.3,MOD-00613,26.5,2026-03-31T00:39:20,2026-03-30T17:39:20,https://api.quant-aq.com/v1/devices/MOD-00613/data/644973474
874.31,576.06,"{'lat': None, 'lon': None}","{'rh': 19.4, 'temp': 26.5, 'wd': 0.0, 'ws': 0.0, 'ws_scalar': 0.0}","{'gas': {'co': 13498, 'co2': 13260, 'no': 13586, 'no2': 13765, 'o3': 13745}, 'pm': {'pm1': 13200, 'pm10': 13202, 'pm25': 13201}}",2.33,7.8,34.91,1.66,2.91,1.89,644973623,19.4,MOD-00613,26.5,2026-03-31T00:38:20,2026-03-30T17:38:20,https://api.quant-aq.com/v1/devices/MOD-00613/data/644973473
874.31,568.59,"{'lat': None, 'lon': None}","{'rh': 19.4, 'temp': 26.5, 'wd': 0.0, 'ws': 0.0, 'ws_scalar': 0.0}","{'gas': {'co': 13498, 'co2': 13260, 'no': 13586, 'no2': 13765, 'o3': 13745}, 'pm': {'pm1': 13200, 'pm10': 13202, 'pm25': 13201}}",2.33,7.83,34.91,1.02,11.1,1.15,644973622,19.4,MOD-00613,26.5,2026-03-31T00:37:20,2026-03-30T17:37:20,https://api.quant-aq.com/v1/devices/MOD-00613/data/644973471
869.79,571.24,"{'lat': None, 'lon': None}","{'rh': 19.4, 'temp': 26.5, 'wd': 0.0, 'ws': 0.0, 'ws_scalar': 0.0}","{'gas': {'co': 13498, 'co2': 13260, 'no': 13586, 'no2': 13765, 'o3': 13745}, 'pm': {'pm1': 13200, 'pm10': 13202, 'pm25': 13201}}",2.33,7.8,34.91,1.34,6.35,1.44,644971415,19.4,MOD-00613,26.5,2026-03-31T00:36:20,2026-03-30T17:36:20,https://api.quant-aq.com/v1/devices/MOD-00613/data/644971264
871.85,578.1,"{'lat': None, 'lon': None}","{'rh': 19.4, 'temp': 26.5, 'wd': 0.0, 'ws': 0.0, 'ws_scalar': 0.0}","{'gas': {'co': 13498, 'co2': 13260, 'no': 13586, 'no2': 13765, 'o3': 13745}, 'pm': {'pm1': 13200, 'pm10': 13202, 'pm25': 13201}}",2.33,7.81,34.44,1.18,10.0,1.26,644971413,19.4,MOD-00613,26.5,2026-03-31T00:35:20,2026-03-30T17:35:20,https://api.quant-aq.com/v1/devices/MOD-00613/data/644971262
873.35,582.08,"{'lat': None, 'lon': None}","{'rh': 19.6, 'temp': 26.5, 'wd': 0.0, 'ws': 0.0, 'ws_scalar': 0.0}","{'gas': {'co': 13498, 'co2': 13260, 'no': 13586, 'no2': 13765, 'o3': 13745}, 'pm': {'pm1': 13200, 'pm10': 13202, 'pm25': 13201}}",2.33,6.77,34.62,1.42,8.8,1.59,644971416,19.6,MOD-00613,26.5,2026-03-31T00:34:20,2026-03-30T17:34:20,https://api.quant-aq.com/v1/devices/MOD-00613/data/644971265
876.7,584.97,"{'lat': None, 'lon': None}","{'rh': 19.5, 'temp': 26.5, 'wd': 0.0, 'ws': 0.0, 'ws_scalar': 0.0}","{'gas': {'co': 13498, 'co2': 13260, 'no': 13586, 'no2': 13765, 'o3': 13745}, 'pm': {'pm1': 13200, 'pm10': 13202, 'pm25': 13201}}",2.33,7.79,34.65,1.22,12.85,1.48,644971414,19.5,MOD-00613,26.5,2026-03-31T00:33:20,2026-03-30T17:33:20,https://api.quant-aq.com/v1/devices/MOD-00613/data/644971263
872.87,586.17,"{'lat': None, 'lon': None}","{'rh': 19.7, 'temp': 26.5, 'wd': 0.0, 'ws': 0.0, 'ws_scalar': 0.0}","{'gas': {'co': 13498, 'co2': 13260, 'no': 13586, 'no2': 13765, 'o3': 13745}, 'pm': {'pm1': 13200, 'pm10': 13202, 'pm25': 13201}}",2.26,6.66,34.82,1.45,24.93,2.03,644969183,19.7,MOD-00613,26.5,2026-03-31T00:32:20,2026-03-30T17:32:20,https://api.quant-aq.com/v1/devices/MOD-00613/data/644969032
875.88,578.71,"{'lat': None, 'lon': None}","{'rh': 19.5, 'temp': 26.5, 'wd': 0.0, 'ws': 0.0, 'ws_scalar': 0.0}","{'gas': {'co': 13498, 'co2': 13260, 'no': 13586, 'no2': 13765, 'o3': 13745}, 'pm': {'pm1': 13200, 'pm10': 13202, 'pm25': 13201}}",2.33,7.8,34.88,1.01,16.37,1.32,644969182,19.5,MOD-00613,26.5,2026-03-31T00:31:20,2026-03-30T17:31:20,https://api.quant-aq.com/v1/devices/MOD-00613/data/644969031
874.58,589.19,"{'lat': None, 'lon': None}","{'rh': 19.6, 'temp': 26.5, 'wd': 0.0, 'ws': 0.0, 'ws_scalar': 0.0}","{'gas': {'co': 13498, 'co2': 13260, 'no': 13586, 'no2': 13765, 'o3': 13745}, 'pm': {'pm1': 13200, 'pm10': 13202, 'pm25': 13201}}",2.43,6.75,34.62,1.34,11.83,1.63,644969185,19.6,MOD-00613,26.5,2026-03-31T00:30:20,2026-03-30T17:30:20,https://api.quant-aq.com/v1/devices/MOD-00613/data/644969034
878.27,576.78,"{'lat': None, 'lon': None}","{'rh': 19.6, 'temp': 26.5, 'wd': 0.0, 'ws': 0.0, 'ws_scalar': 0.0}","{'gas': {'co': 13498, 'co2': 13260, 'no': 13586, 'no2': 13765, 'o3': 13745}, 'pm': {'pm1': 13200, 'pm10': 13202, 'pm25': 13201}}",2.26,6.77,35.09,1.75,4.24,1.9,644969184,19.6,MOD-00613,26.5,2026-03-31T00:29:20,2026-03-30T17:29:20,https://api.quant-aq.com/v1/devices/MOD-00613/data/644969033
873.08,576.78,"{'lat': None, 'lon': None}","{'rh': 19.4, 'temp': 26.5, 'wd': 0.0, 'ws': 0.0, 'ws_scalar': 0.0}","{'gas': {'co': 13498, 'co2': 13260, 'no': 13586, 'no2': 13765, 'o3': 13745}, 'pm': {'pm1': 13200, 'pm10': 13202, 'pm25': 13201}}",2.33,7.8,34.67,1.2,3.72,1.34,644966967,19.4,MOD-00613,26.5,2026-03-31T00:28:20,2026-03-30T17:28:20,https://api.quant-aq.com/v1/devices/MOD-00613/data/644966816
883.2,587.74,"{'lat': None, 'lon': None}","{'rh': 19.6, 'temp': 26.5, 'wd': 0.0, 'ws': 0.0, 'ws_scalar': 0.0}","{'gas': {'co': 13498, 'co2': 13260, 'no': 13586, 'no2': 13765, 'o3': 13745}, 'pm': {'pm1': 13200, 'pm10': 13202, 'pm25': 13201}}",2.43,6.75,34.85,1.33,3.59,1.6,644966968,19.6,MOD-00613,26.5,2026-03-31T00:27:20,2026-03-30T17:27:20,https://api.quant-aq.com/v1/devices/MOD-00613/data/644966818
879.02,590.63,"{'lat': None, 'lon': None}","{'rh': 19.7, 'temp': 26.5, 'wd': 0.0, 'ws': 0.0, 'ws_scalar': 0.0}","{'gas': {'co': 13498, 'co2': 13260, 'no': 13586, 'no2': 13765, 'o3': 13745}, 'pm': {'pm1': 13200, 'pm10': 13202, 'pm25': 13201}}",2.26,6.67,34.82,1.27,6.91,1.53,644966963,19.7,MOD-00613,26.5,2026-03-31T00:26:20,2026-03-30T17:26:20,https://api.quant-aq.com/v1/devices/MOD-00613/data/644966812
880.74,584.85,"{'lat': None, 'lon': None}","{'rh': 19.6, 'temp': 26.5, 'wd': 0.0, 'ws': 0.0, 'ws_scalar': 0.0}","{'gas': {'co': 13498, 'co2': 13260, 'no': 13586, 'no2': 13765, 'o3': 13745}, 'pm': {'pm1': 13200, 'pm10': 13202, 'pm25': 13201}}",2.33,6.75,34.62,1.44,5.04,1.72,644966965,19.6,MOD-00613,26.5,2026-03-31T00:25:20,2026-03-30T17:25:20,https://api.quant-aq.com/v1/devices/MOD-00613/data/644966813
875.74,586.66,"{'lat': None, 'lon': None}","{'rh': 19.7, 'temp': 26.5, 'wd': 0.0, 'ws': 0.0, 'ws_scalar': 0.0}","{'gas': {'co': 13498, 'co2': 13260, 'no': 13586, 'no2': 13765, 'o3': 13745}, 'pm': {'pm1': 13200, 'pm10': 13202, 'pm25': 13201}}",2.26,6.67,34.59,1.13,9.22,1.36,644964736,19.7,MOD-00613,26.5,2026-03-31T00:24:20,2026-03-30T17:24:20,https://api.quant-aq.com/v1/devices/MOD-00613/data/644964585
881.9,592.44,"{'lat': None, 'lon': None}","{'rh': 19.7, 'temp': 26.5, 'wd': 0.0, 'ws': 0.0, 'ws_scalar': 0.0}","{'gas': {'co': 13498, 'co2': 13260, 'no': 13586, 'no2': 13765, 'o3': 13745}, 'pm': {'pm1': 13200, 'pm10': 13202, 'pm25': 13201}}",2.26,6.66,34.82,1.6,49.54,2.1,644964737,19.7,MOD-00613,26.5,2026-03-31T00:23:20,2026-03-30T17:23:20,https://api.quant-aq.com/v1/devices/MOD-00613/data/644964586
883.13,586.54,"{'lat': None, 'lon': None}","{'rh': 19.7, 'temp': 26.5, 'wd': 0.0, 'ws': 0.0, 'ws_scalar': 0.0}","{'gas': {'co': 13498, 'co2': 13260, 'no': 13586, 'no2': 13765, 'o3': 13745}, 'pm': {'pm1': 13200, 'pm10': 13202, 'pm25': 13201}}",2.33,6.66,34.35,1.51,38.64,1.94,644964738,19.7,MOD-00613,26.5,2026-03-31T00:22:20,2026-03-30T17:22:20,https://api.quant-aq.com/v1/devices/MOD-00613/data/644964587
887.23,589.67,"{'lat': None, 'lon': None}","{'rh': 19.7, 'temp': 26.5, 'wd': 0.0, 'ws': 0.0, 'ws_scalar': 0.0}","{'gas': {'co': 13498, 'co2': 13260, 'no': 13586, 'no2': 13765, 'o3': 13745}, 'pm': {'pm1': 13200, 'pm10': 13202, 'pm25': 13201}}",2.33,6.67,34.82,1.42,7.37,1.68,644964735,19.7,MOD-00613,26.5,2026-03-31T00:21:20,2026-03-30T17:21:20,https://api.quant-aq.com/v1/devices/MOD-00613/data/644964584
888.88,590.87,"{'lat': None, 'lon': None}","{'rh': 19.7, 'temp': 26.5, 'wd': 0.0, 'ws': 0.0, 'ws_scalar': 0.0}","{'gas': {'co': 13498, 'co2': 13260, 'no': 13586, 'no2': 13765, 'o3': 13745}, 'pm': {'pm1': 13200, 'pm10': 13202, 'pm25': 13201}}",2.26,6.67,34.11,1.72,11.53,2.04,644962507,19.7,MOD-00613,26.5,2026-03-31T00:20:20,2026-03-30T17:20:20,https://api.quant-aq.com/v1/devices/MOD-00613/data/644962356
885.59,588.7,"{'lat': None, 'lon': None}","{'rh': 19.7, 'temp': 26.5, 'wd': 0.0, 'ws': 0.0, 'ws_scalar': 0.0}","{'gas': {'co': 13498, 'co2': 13260, 'no': 13586, 'no2': 13765, 'o3': 13745}, 'pm': {'pm1': 13200, 'pm10': 13202, 'pm25': 13201}}",2.33,6.66,34.59,1.32,4.13,1.61,644962506,19.7,MOD-00613,26.5,2026-03-31T00:19:20,2026-03-30T17:19:20,https://api.quant-aq.com/v1/devices/MOD-00613/data/644962355
884.22,593.64,"{'lat': None, 'lon': None}","{'rh': 19.9, 'temp': 26.5, 'wd': 0.0, 'ws': 0.0, 'ws_scalar': 0.0}","{'gas': {'co': 13498, 'co2': 13260, 'no': 13586, 'no2': 13765, 'o3': 13745}, 'pm': {'pm1': 13200, 'pm10': 13202, 'pm25': 13201}}",2.26,6.64,34.29,1.04,2.59,1.2,644962505,19.9,MOD-00613,26.5,2026-03-31T00:18:20,2026-03-30T17:18:20,https://api.quant-aq.com/v1/devices/MOD-00613/data/644962354
878.54,593.64,"{'lat': None, 'lon': None}","{'rh': 19.8, 'temp': 26.5, 'wd': 0.0, 'ws': 0.0, 'ws_scalar': 0.0}","{'gas': {'co': 13498, 'co2': 13260, 'no': 13586, 'no2': 13765, 'o3': 13745}, 'pm': {'pm1': 13200, 'pm10': 13202, 'pm25': 13201}}",2.26,6.66,34.8,1.52,2.15,1.79,644962504,19.8,MOD-00613,26.5,2026-03-31T00:17:20,2026-03-30T17:17:20,https://api.quant-aq.com/v1/devices/MOD-00613/data/644962353
885.86,605.08,"{'lat': None, 'lon': None}","{'rh': 19.9, 'temp': 26.5, 'wd': 0.0, 'ws': 0.0, 'ws_scalar': 0.0}","{'gas': {'co': 13498, 'co2': 13260, 'no': 13586, 'no2': 13765, 'o3': 13745}, 'pm': {'pm1': 13200, 'pm10': 13202, 'pm25': 13201}}",2.26,6.66,34.77,1.57,4.92,1.81,644960322,19.9,MOD-00613,26.5,2026-03-31T00:16:20,2026-03-30T17:16:20,https://api.quant-aq.com/v1/devices/MOD-00613/data/644960171
878.54,594.0,"{'lat': None, 'lon': None}","{'rh': 19.8, 'temp': 26.5, 'wd': 0.0, 'ws': 0.0, 'ws_scalar': 0.0}","{'gas': {'co': 13498, 'co2': 13260, 'no': 13586, 'no2': 13765, 'o3': 13745}, 'pm': {'pm1': 13200, 'pm10': 13202, 'pm25': 13201}}",2.26,6.65,35.03,1.4,7.93,1.62,644960323,19.8,MOD-00613,26.5,2026-03-31T00:15:20,2026-03-30T17:15:20,https://api.quant-aq.com/v1/devices/MOD-00613/data/644960172
883.95,592.44,"{'lat': None, 'lon': None}","{'rh': 19.7, 'temp': 26.5, 'wd': 0.0, 'ws': 0.0, 'ws_scalar': 0.0}","{'gas': {'co': 13498, 'co2': 13260, 'no': 13586, 'no2': 13765, 'o3': 13745}, 'pm': {'pm1': 13200, 'pm10': 13202, 'pm25': 13201}}",2.33,6.66,34.59,1.66,3.22,1.78,644960321,19.7,MOD-00613,26.5,2026-03-31T00:14:20,2026-03-30T17:14:20,https://api.quant-aq.com/v1/devices/MOD-00613/data/644960170
883.95,599.3,"{'lat': None, 'lon': None}","{'rh': 19.7, 'temp': 26.5, 'wd': 0.0, 'ws': 0.0, 'ws_scalar': 0.0}","{'gas': {'co': 13498, 'co2': 13260, 'no': 13586, 'no2': 13765, 'o3': 13745}, 'pm': {'pm1': 13200, 'pm10': 13202, 'pm25': 13201}}",2.26,6.68,34.82,1.03,8.3,1.2,644960320,19.7,MOD-00613,26.5,2026-03-31T00:13:20,2026-03-30T17:13:20,https://api.quant-aq.com/v1/devices/MOD-00613/data/644960169
883.54,599.54,"{'lat': None, 'lon': None}","{'rh': 19.7, 'temp': 26.5, 'wd': 0.0, 'ws': 0.0, 'ws_scalar': 0.0}","{'gas': {'co': 13498, 'co2': 13260, 'no': 13586, 'no2': 13765, 'o3': 13745}, 'pm': {'pm1': 13200, 'pm10': 13202, 'pm25': 13201}}",2.26,6.66,35.06,1.59,3.76,1.78,644958082,19.7,MOD-00613,26.5,2026-03-31T00:12:20,2026-03-30T17:12:20,https://api.quant-aq.com/v1/devices/MOD-00613/data/644957931
878.13,601.83,"{'lat': None, 'lon': None}","{'rh': 19.8, 'temp': 26.5, 'wd': 0.0, 'ws': 0.0, 'ws_scalar': 0.0}","{'gas': {'co': 13498, 'co2': 13260, 'no': 13586, 'no2': 13765, 'o3': 13745}, 'pm': {'pm1': 13200, 'pm10': 13202, 'pm25': 13201}}",2.26,6.66,34.56,1.77,8.04,2.09,644958080,19.8,MOD-00613,26.5,2026-03-31T00:11:20,2026-03-30T17:11:20,https://api.quant-aq.com/v1/devices/MOD-00613/data/644957930
874.1,596.17,"{'lat': None, 'lon': None}","{'rh': 19.7, 'temp': 26.5, 'wd': 0.0, 'ws': 0.0, 'ws_scalar': 0.0}","{'gas': {'co': 13498, 'co2': 13260, 'no': 13586, 'no2': 13765, 'o3': 13745}, 'pm': {'pm1': 13200, 'pm10': 13202, 'pm25': 13201}}",2.33,6.68,34.82,1.3,5.91,1.65,644958081,19.7,MOD-00613,26.5,2026-03-31T00:10:20,2026-03-30T17:10:20,https://api.quant-aq.com/v1/devices/MOD-00613/data/644957929
882.79,590.39,"{'lat': None, 'lon': None}","{'rh': 19.6, 'temp': 26.5, 'wd': 0.0, 'ws': 0.0, 'ws_scalar': 0.0}","{'gas': {'co': 13498, 'co2': 13260, 'no': 13586, 'no2': 13765, 'o3': 13745}, 'pm': {'pm1': 13200, 'pm10': 13202, 'pm25': 13201}}",2.33,6.77,34.85,1.39,5.1,1.73,644958079,19.6,MOD-00613,26.5,2026-03-31T00:09:20,2026-03-30T17:09:20,https://api.quant-aq.com/v1/devices/MOD-00613/data/644957928
882.86,582.68,"{'lat': None, 'lon': None}","{'rh': 19.5, 'temp': 26.5, 'wd': 0.0, 'ws': 0.0, 'ws_scalar': 0.0}","{'gas': {'co': 13498, 'co2': 13260, 'no': 13586, 'no2': 13765, 'o3': 13745}, 'pm': {'pm1': 13200, 'pm10': 13202, 'pm25': 13201}}",2.33,7.8,34.88,1.14,1.45,1.32,644955833,19.5,MOD-00613,26.5,2026-03-31T00:08:20,2026-03-30T17:08:20,https://api.quant-aq.com/v1/devices/MOD-00613/data/644955683
883.75,586.05,"{'lat': None, 'lon': None}","{'rh': 19.4, 'temp': 26.5, 'wd': 0.0, 'ws': 0.0, 'ws_scalar': 0.0}","{'gas': {'co': 13498, 'co2': 13260, 'no': 13586, 'no2': 13765, 'o3': 13745}, 'pm': {'pm1': 13200, 'pm10': 13202, 'pm25': 13201}}",2.33,7.81,34.67,1.48,2.43,1.73,644955834,19.4,MOD-00613,26.5,2026-03-31T00:07:20,2026-03-30T17:07:20,https://api.quant-aq.com/v1/devices/MOD-00613/data/644955682
886.96,588.22,"{'lat': None, 'lon': None}","{'rh': 19.5, 'temp': 26.5, 'wd': 0.0, 'ws': 0.0, 'ws_scalar': 0.0}","{'gas': {'co': 13498, 'co2': 13260, 'no': 13586, 'no2': 13765, 'o3': 13745}, 'pm': {'pm1': 13200, 'pm10': 13202, 'pm25': 13201}}",2.33,7.8,35.12,1.39,1.86,1.55,644955832,19.5,MOD-00613,26.5,2026-03-31T00:06:20,2026-03-30T17:06:20,https://api.quant-aq.com/v1/devices/MOD-00613/data/644955681
886.07,595.09,"{'lat': None, 'lon': None}","{'rh': 19.6, 'temp': 26.5, 'wd': 0.0, 'ws': 0.0, 'ws_scalar': 0.0}","{'gas': {'co': 13498, 'co2': 13260, 'no': 13586, 'no2': 13765, 'o3': 13745}, 'pm': {'pm1': 13200, 'pm10': 13202, 'pm25': 13201}}",2.33,6.75,34.62,1.24,4.96,1.31,644955831,19.6,MOD-00613,26.5,2026-03-31T00:05:20,2026-03-30T17:05:20,https://api.quant-aq.com/v1/devices/MOD-00613/data/644955680
883.61,590.39,"{'lat': None, 'lon': None}","{'rh': 19.6, 'temp': 26.5, 'wd': 0.0, 'ws': 0.0, 'ws_scalar': 0.0}","{'gas': {'co': 13498, 'co2': 13260, 'no': 13586, 'no2': 13765, 'o3': 13745}, 'pm': {'pm1': 13200, 'pm10': 13202, 'pm25': 13201}}",2.33,6.75,34.85,1.48,11.63,1.75,644953614,19.6,MOD-00613,26.5,2026-03-31T00:04:20,2026-03-30T17:04:20,https://api.quant-aq.com/v1/devices/MOD-00613/data/644953463
879.5,590.15,"{'lat': None, 'lon': None}","{'rh': 19.6, 'temp': 26.5, 'wd': 0.0, 'ws': 0.0, 'ws_scalar': 0.0}","{'gas': {'co': 13498, 'co2': 13260, 'no': 13586, 'no2': 13765, 'o3': 13745}, 'pm': {'pm1': 13200, 'pm10': 13202, 'pm25': 13201}}",2.26,6.75,35.09,1.34,4.46,1.5,644953613,19.6,MOD-00613,26.5,2026-03-31T00:03:20,2026-03-30T17:03:20,https://api.quant-aq.com/v1/devices/MOD-00613/data/644953462
886.96,589.07,"{'lat': None, 'lon': None}","{'rh': 19.5, 'temp': 26.5, 'wd': 0.0, 'ws': 0.0, 'ws_scalar': 0.0}","{'gas': {'co': 13498, 'co2': 13260, 'no': 13586, 'no2': 13765, 'o3': 13745}, 'pm': {'pm1': 13200, 'pm10': 13202, 'pm25': 13201}}",2.33,7.81,34.88,1.37,1.54,1.5,644953612,19.5,MOD-00613,26.5,2026-03-31T00:02:20,2026-03-30T17:02:20,https://api.quant-aq.com/v1/devices/MOD-00613/data/644953461
881.97,598.22,"{'lat': None, 'lon': None}","{'rh': 19.6, 'temp': 26.5, 'wd': 0.0, 'ws': 0.0, 'ws_scalar': 0.0}","{'gas': {'co': 13498, 'co2': 13260, 'no': 13586, 'no2': 13765, 'o3': 13745}, 'pm': {'pm1': 13200, 'pm10': 13202, 'pm25': 13201}}",2.33,6.75,34.85,1.26,3.54,1.4,644953611,19.6,MOD-00613,26.5,2026-03-31T00:01:20,2026-03-30T17:01:20,https://api.quant-aq.com/v1/devices/MOD-00613/data/644953460
889.29,602.43,"{'lat': None, 'lon': None}","{'rh': 19.7, 'temp': 26.5, 'wd': 0.0, 'ws': 0.0, 'ws_scalar': 0.0}","{'gas': {'co': 13498, 'co2': 13260, 'no': 13586, 'no2': 13765, 'o3': 13745}, 'pm': {'pm1': 13200, 'pm10': 13202, 'pm25': 13201}}",2.33,6.67,34.82,1.41,7.23,1.57,644951347,19.7,MOD-00613,26.5,2026-03-31T00:00:20,2026-03-30T17:00:20,https://api.quant-aq.com/v1/devices/MOD-00613/data/644951198
