co,co2,geo,met,model,no,no2,o3,pm1,pm10,pm25,raw_data_id,rh,sn,temp,timestamp,timestamp_local,url
970.46,434.26,"{'lat': None, 'lon': None}","{'rh': 38.0, 'temp': 24.1, 'wd': 0.0, 'ws': 0.0, 'ws_scalar': 0.0}","{'gas': {'co': 13503, 'co2': 13265, 'no': 13591, 'no2': 13770, 'o3': 13750}, 'pm': {'pm1': 13215, 'pm10': 13217, 'pm25': 13216}}",3.3,21.97,24.92,0.48,0.49,0.49,711232959,38.0,MOD-00618,24.1,2026-06-20T15:29:54,2026-06-20T08:29:54,https://api.quant-aq.com/v1/devices/MOD-00618/data/711232758
968.81,433.65,"{'lat': None, 'lon': None}","{'rh': 38.0, 'temp': 24.1, 'wd': 0.0, 'ws': 0.0, 'ws_scalar': 0.0}","{'gas': {'co': 13503, 'co2': 13265, 'no': 13591, 'no2': 13770, 'o3': 13750}, 'pm': {'pm1': 13215, 'pm10': 13217, 'pm25': 13216}}",3.3,12.82,25.2,0.54,0.61,0.57,711232957,38.0,MOD-00618,24.1,2026-06-20T15:28:54,2026-06-20T08:28:54,https://api.quant-aq.com/v1/devices/MOD-00618/data/711232755
973.47,437.39,"{'lat': None, 'lon': None}","{'rh': 37.8, 'temp': 24.1, 'wd': 0.0, 'ws': 0.0, 'ws_scalar': 0.0}","{'gas': {'co': 13503, 'co2': 13265, 'no': 13591, 'no2': 13770, 'o3': 13750}, 'pm': {'pm1': 13215, 'pm10': 13217, 'pm25': 13216}}",3.29,21.74,24.98,0.66,0.69,0.69,711232958,37.8,MOD-00618,24.1,2026-06-20T15:27:54,2026-06-20T08:27:54,https://api.quant-aq.com/v1/devices/MOD-00618/data/711232757
971.15,434.62,"{'lat': None, 'lon': None}","{'rh': 37.6, 'temp': 24.1, 'wd': 0.0, 'ws': 0.0, 'ws_scalar': 0.0}","{'gas': {'co': 13503, 'co2': 13265, 'no': 13591, 'no2': 13770, 'o3': 13750}, 'pm': {'pm1': 13215, 'pm10': 13217, 'pm25': 13216}}",3.29,21.98,25.04,0.56,0.58,0.58,711232956,37.6,MOD-00618,24.1,2026-06-20T15:26:54,2026-06-20T08:26:54,https://api.quant-aq.com/v1/devices/MOD-00618/data/711232756
970.27,434.14,"{'lat': None, 'lon': None}","{'rh': 37.1, 'temp': 24.1, 'wd': 0.0, 'ws': 0.0, 'ws_scalar': 0.0}","{'gas': {'co': 13503, 'co2': 13265, 'no': 13591, 'no2': 13770, 'o3': 13750}, 'pm': {'pm1': 13215, 'pm10': 13217, 'pm25': 13216}}",3.29,13.05,24.65,0.85,0.86,0.86,711232955,37.1,MOD-00618,24.1,2026-06-20T15:25:54,2026-06-20T08:25:54,https://api.quant-aq.com/v1/devices/MOD-00618/data/711232754
977.47,436.18,"{'lat': None, 'lon': None}","{'rh': 36.8, 'temp': 24.1, 'wd': 0.0, 'ws': 0.0, 'ws_scalar': 0.0}","{'gas': {'co': 13503, 'co2': 13265, 'no': 13591, 'no2': 13770, 'o3': 13750}, 'pm': {'pm1': 13215, 'pm10': 13217, 'pm25': 13216}}",3.32,11.18,23.92,0.63,0.64,0.64,711078817,36.8,MOD-00618,24.1,2026-06-20T15:24:54,2026-06-20T08:24:54,https://api.quant-aq.com/v1/devices/MOD-00618/data/711078615
979.04,434.98,"{'lat': None, 'lon': None}","{'rh': 36.9, 'temp': 24.1, 'wd': 0.0, 'ws': 0.0, 'ws_scalar': 0.0}","{'gas': {'co': 13503, 'co2': 13265, 'no': 13591, 'no2': 13770, 'o3': 13750}, 'pm': {'pm1': 13215, 'pm10': 13217, 'pm25': 13216}}",3.29,11.58,24.43,0.72,0.75,0.75,711078815,36.9,MOD-00618,24.1,2026-06-20T15:23:54,2026-06-20T08:23:54,https://api.quant-aq.com/v1/devices/MOD-00618/data/711078614
975.68,436.55,"{'lat': None, 'lon': None}","{'rh': 37.0, 'temp': 24.1, 'wd': 0.0, 'ws': 0.0, 'ws_scalar': 0.0}","{'gas': {'co': 13503, 'co2': 13265, 'no': 13591, 'no2': 13770, 'o3': 13750}, 'pm': {'pm1': 13215, 'pm10': 13217, 'pm25': 13216}}",3.29,12.09,24.13,0.67,0.68,0.68,711078818,37.0,MOD-00618,24.1,2026-06-20T15:22:54,2026-06-20T08:22:54,https://api.quant-aq.com/v1/devices/MOD-00618/data/711078619
981.84,438.95,"{'lat': None, 'lon': None}","{'rh': 37.0, 'temp': 24.1, 'wd': 0.0, 'ws': 0.0, 'ws_scalar': 0.0}","{'gas': {'co': 13503, 'co2': 13265, 'no': 13591, 'no2': 13770, 'o3': 13750}, 'pm': {'pm1': 13215, 'pm10': 13217, 'pm25': 13216}}",3.29,12.09,24.13,0.58,0.58,0.58,711078814,37.0,MOD-00618,24.1,2026-06-20T15:21:54,2026-06-20T08:21:54,https://api.quant-aq.com/v1/devices/MOD-00618/data/711078613
981.02,436.55,"{'lat': None, 'lon': None}","{'rh': 37.0, 'temp': 24.1, 'wd': 0.0, 'ws': 0.0, 'ws_scalar': 0.0}","{'gas': {'co': 13503, 'co2': 13265, 'no': 13591, 'no2': 13770, 'o3': 13750}, 'pm': {'pm1': 13215, 'pm10': 13217, 'pm25': 13216}}",3.29,11.99,24.68,0.53,0.53,0.53,711078816,37.0,MOD-00618,24.1,2026-06-20T15:20:54,2026-06-20T08:20:54,https://api.quant-aq.com/v1/devices/MOD-00618/data/711078616
982.45,436.79,"{'lat': None, 'lon': None}","{'rh': 37.3, 'temp': 24.1, 'wd': 0.0, 'ws': 0.0, 'ws_scalar': 0.0}","{'gas': {'co': 13503, 'co2': 13265, 'no': 13591, 'no2': 13770, 'o3': 13750}, 'pm': {'pm1': 13215, 'pm10': 13217, 'pm25': 13216}}",3.3,13.17,24.04,0.58,0.6,0.6,711078793,37.3,MOD-00618,24.1,2026-06-20T15:19:54,2026-06-20T08:19:54,https://api.quant-aq.com/v1/devices/MOD-00618/data/711078591
990.18,438.11,"{'lat': None, 'lon': None}","{'rh': 37.4, 'temp': 24.1, 'wd': 0.0, 'ws': 0.0, 'ws_scalar': 0.0}","{'gas': {'co': 13503, 'co2': 13265, 'no': 13591, 'no2': 13770, 'o3': 13750}, 'pm': {'pm1': 13215, 'pm10': 13217, 'pm25': 13216}}",3.29,11.69,24.55,0.75,0.76,0.76,711078790,37.4,MOD-00618,24.1,2026-06-20T15:18:54,2026-06-20T08:18:54,https://api.quant-aq.com/v1/devices/MOD-00618/data/711078588
987.75,438.47,"{'lat': None, 'lon': None}","{'rh': 37.5, 'temp': 24.2, 'wd': 0.0, 'ws': 0.0, 'ws_scalar': 0.0}","{'gas': {'co': 13503, 'co2': 13265, 'no': 13591, 'no2': 13770, 'o3': 13750}, 'pm': {'pm1': 13215, 'pm10': 13217, 'pm25': 13216}}",3.3,11.44,24.27,0.63,0.64,0.64,711078791,37.5,MOD-00618,24.2,2026-06-20T15:17:54,2026-06-20T08:17:54,https://api.quant-aq.com/v1/devices/MOD-00618/data/711078590
990.03,438.47,"{'lat': None, 'lon': None}","{'rh': 37.6, 'temp': 24.1, 'wd': 0.0, 'ws': 0.0, 'ws_scalar': 0.0}","{'gas': {'co': 13503, 'co2': 13265, 'no': 13591, 'no2': 13770, 'o3': 13750}, 'pm': {'pm1': 13215, 'pm10': 13217, 'pm25': 13216}}",3.3,21.27,24.49,0.61,0.63,0.63,711078792,37.6,MOD-00618,24.1,2026-06-20T15:16:54,2026-06-20T08:16:54,https://api.quant-aq.com/v1/devices/MOD-00618/data/711078592
991.71,437.75,"{'lat': None, 'lon': None}","{'rh': 37.7, 'temp': 24.2, 'wd': 0.0, 'ws': 0.0, 'ws_scalar': 0.0}","{'gas': {'co': 13503, 'co2': 13265, 'no': 13591, 'no2': 13770, 'o3': 13750}, 'pm': {'pm1': 13215, 'pm10': 13217, 'pm25': 13216}}",3.3,21.51,24.2,0.75,0.78,0.78,711078789,37.7,MOD-00618,24.2,2026-06-20T15:15:54,2026-06-20T08:15:54,https://api.quant-aq.com/v1/devices/MOD-00618/data/711078589
984.56,440.52,"{'lat': None, 'lon': None}","{'rh': 37.8, 'temp': 24.1, 'wd': 0.0, 'ws': 0.0, 'ws_scalar': 0.0}","{'gas': {'co': 13503, 'co2': 13265, 'no': 13591, 'no2': 13770, 'o3': 13750}, 'pm': {'pm1': 13215, 'pm10': 13217, 'pm25': 13216}}",3.3,12.8,24.43,0.81,0.82,0.82,711078771,37.8,MOD-00618,24.1,2026-06-20T15:14:54,2026-06-20T08:14:54,https://api.quant-aq.com/v1/devices/MOD-00618/data/711078570
995.16,439.68,"{'lat': None, 'lon': None}","{'rh': 37.9, 'temp': 24.1, 'wd': 0.0, 'ws': 0.0, 'ws_scalar': 0.0}","{'gas': {'co': 13503, 'co2': 13265, 'no': 13591, 'no2': 13770, 'o3': 13750}, 'pm': {'pm1': 13215, 'pm10': 13217, 'pm25': 13216}}",3.3,21.5,24.4,0.87,0.91,0.91,711078770,37.9,MOD-00618,24.1,2026-06-20T15:13:54,2026-06-20T08:13:54,https://api.quant-aq.com/v1/devices/MOD-00618/data/711078569
989.0,442.09,"{'lat': None, 'lon': None}","{'rh': 37.9, 'temp': 24.1, 'wd': 0.0, 'ws': 0.0, 'ws_scalar': 0.0}","{'gas': {'co': 13503, 'co2': 13265, 'no': 13591, 'no2': 13770, 'o3': 13750}, 'pm': {'pm1': 13215, 'pm10': 13217, 'pm25': 13216}}",3.3,19.69,24.68,0.93,0.95,0.95,711078769,37.9,MOD-00618,24.1,2026-06-20T15:12:54,2026-06-20T08:12:54,https://api.quant-aq.com/v1/devices/MOD-00618/data/711078566
989.41,441.96,"{'lat': None, 'lon': None}","{'rh': 37.9, 'temp': 24.1, 'wd': 0.0, 'ws': 0.0, 'ws_scalar': 0.0}","{'gas': {'co': 13503, 'co2': 13265, 'no': 13591, 'no2': 13770, 'o3': 13750}, 'pm': {'pm1': 13215, 'pm10': 13217, 'pm25': 13216}}",3.3,19.69,24.4,0.7,0.73,0.73,711078767,37.9,MOD-00618,24.1,2026-06-20T15:11:54,2026-06-20T08:11:54,https://api.quant-aq.com/v1/devices/MOD-00618/data/711078568
988.59,440.28,"{'lat': None, 'lon': None}","{'rh': 37.9, 'temp': 24.1, 'wd': 0.0, 'ws': 0.0, 'ws_scalar': 0.0}","{'gas': {'co': 13503, 'co2': 13265, 'no': 13591, 'no2': 13770, 'o3': 13750}, 'pm': {'pm1': 13215, 'pm10': 13217, 'pm25': 13216}}",3.3,21.73,24.4,0.8,0.84,0.84,711078768,37.9,MOD-00618,24.1,2026-06-20T15:10:54,2026-06-20T08:10:54,https://api.quant-aq.com/v1/devices/MOD-00618/data/711078567
,441.24,"{'lat': None, 'lon': None}","{'rh': 38.0, 'temp': 24.1, 'wd': 0.0, 'ws': 0.0, 'ws_scalar': 0.0}","{'gas': {'co': None, 'co2': 13265, 'no': None, 'no2': None, 'o3': None}, 'pm': {'pm1': 13215, 'pm10': 13217, 'pm25': 13216}}",,,,0.81,0.82,0.82,711078753,38.0,MOD-00618,24.1,2026-06-20T15:09:54,2026-06-20T08:09:54,https://api.quant-aq.com/v1/devices/MOD-00618/data/711078552
,440.4,"{'lat': None, 'lon': None}","{'rh': 38.0, 'temp': 24.1, 'wd': 0.0, 'ws': 0.0, 'ws_scalar': 0.0}","{'gas': {'co': None, 'co2': 13265, 'no': None, 'no2': None, 'o3': None}, 'pm': {'pm1': 13215, 'pm10': 13217, 'pm25': 13216}}",,,,0.82,0.83,0.83,711078756,38.0,MOD-00618,24.1,2026-06-20T15:08:54,2026-06-20T08:08:54,https://api.quant-aq.com/v1/devices/MOD-00618/data/711078555
,440.88,"{'lat': None, 'lon': None}","{'rh': 38.0, 'temp': 24.1, 'wd': 0.0, 'ws': 0.0, 'ws_scalar': 0.0}","{'gas': {'co': None, 'co2': 13265, 'no': None, 'no2': None, 'o3': None}, 'pm': {'pm1': 13215, 'pm10': 13217, 'pm25': 13216}}",,,,0.64,0.64,0.64,711078757,38.0,MOD-00618,24.1,2026-06-20T15:07:54,2026-06-20T08:07:54,https://api.quant-aq.com/v1/devices/MOD-00618/data/711078556
,441.72,"{'lat': None, 'lon': None}","{'rh': 38.0, 'temp': 24.1, 'wd': 0.0, 'ws': 0.0, 'ws_scalar': 0.0}","{'gas': {'co': None, 'co2': 13265, 'no': None, 'no2': None, 'o3': None}, 'pm': {'pm1': 13215, 'pm10': 13217, 'pm25': 13216}}",,,,0.94,0.95,0.95,711078754,38.0,MOD-00618,24.1,2026-06-20T15:06:54,2026-06-20T08:06:54,https://api.quant-aq.com/v1/devices/MOD-00618/data/711078553
,440.52,"{'lat': None, 'lon': None}","{'rh': 38.0, 'temp': 24.1, 'wd': 0.0, 'ws': 0.0, 'ws_scalar': 0.0}","{'gas': {'co': None, 'co2': 13265, 'no': None, 'no2': None, 'o3': None}, 'pm': {'pm1': 13215, 'pm10': 13217, 'pm25': 13216}}",,,,0.81,0.82,0.82,711078755,38.0,MOD-00618,24.1,2026-06-20T15:05:54,2026-06-20T08:05:54,https://api.quant-aq.com/v1/devices/MOD-00618/data/711078554
,439.44,"{'lat': None, 'lon': None}","{'rh': 38.0, 'temp': 24.1, 'wd': 0.0, 'ws': 0.0, 'ws_scalar': 0.0}","{'gas': {'co': None, 'co2': 13265, 'no': None, 'no2': None, 'o3': None}, 'pm': {'pm1': 13215, 'pm10': 13217, 'pm25': 13216}}",,,,0.63,0.64,0.64,711078746,38.0,MOD-00618,24.1,2026-06-20T15:04:54,2026-06-20T08:04:54,https://api.quant-aq.com/v1/devices/MOD-00618/data/711078546
,439.8,"{'lat': None, 'lon': None}","{'rh': 38.0, 'temp': 24.1, 'wd': 0.0, 'ws': 0.0, 'ws_scalar': 0.0}","{'gas': {'co': None, 'co2': 13265, 'no': None, 'no2': None, 'o3': None}, 'pm': {'pm1': 13215, 'pm10': 13217, 'pm25': 13216}}",,,,0.51,0.51,0.51,711078745,38.0,MOD-00618,24.1,2026-06-20T15:03:54,2026-06-20T08:03:54,https://api.quant-aq.com/v1/devices/MOD-00618/data/711078544
,439.92,"{'lat': None, 'lon': None}","{'rh': 38.0, 'temp': 24.1, 'wd': 0.0, 'ws': 0.0, 'ws_scalar': 0.0}","{'gas': {'co': None, 'co2': 13265, 'no': None, 'no2': None, 'o3': None}, 'pm': {'pm1': 13215, 'pm10': 13217, 'pm25': 13216}}",,,,0.63,0.63,0.63,711078743,38.0,MOD-00618,24.1,2026-06-20T15:02:54,2026-06-20T08:02:54,https://api.quant-aq.com/v1/devices/MOD-00618/data/711078542
,439.8,"{'lat': None, 'lon': None}","{'rh': 38.0, 'temp': 24.1, 'wd': 0.0, 'ws': 0.0, 'ws_scalar': 0.0}","{'gas': {'co': None, 'co2': 13265, 'no': None, 'no2': None, 'o3': None}, 'pm': {'pm1': 13215, 'pm10': 13217, 'pm25': 13216}}",,,,0.54,0.56,0.56,711078747,38.0,MOD-00618,24.1,2026-06-20T15:01:54,2026-06-20T08:01:54,https://api.quant-aq.com/v1/devices/MOD-00618/data/711078545
,440.64,"{'lat': None, 'lon': None}","{'rh': 38.0, 'temp': 24.1, 'wd': 0.0, 'ws': 0.0, 'ws_scalar': 0.0}","{'gas': {'co': None, 'co2': 13265, 'no': None, 'no2': None, 'o3': None}, 'pm': {'pm1': 13215, 'pm10': 13217, 'pm25': 13216}}",,,,0.67,0.7,0.7,711078744,38.0,MOD-00618,24.1,2026-06-20T15:00:54,2026-06-20T08:00:54,https://api.quant-aq.com/v1/devices/MOD-00618/data/711078543
,440.76,"{'lat': None, 'lon': None}","{'rh': 38.0, 'temp': 24.1, 'wd': 0.0, 'ws': 0.0, 'ws_scalar': 0.0}","{'gas': {'co': None, 'co2': 13265, 'no': None, 'no2': None, 'o3': None}, 'pm': {'pm1': 13215, 'pm10': 13217, 'pm25': 13216}}",,,,0.75,0.76,0.76,711078701,38.0,MOD-00618,24.1,2026-06-20T14:59:54,2026-06-20T07:59:54,https://api.quant-aq.com/v1/devices/MOD-00618/data/711078500
,438.23,"{'lat': None, 'lon': None}","{'rh': 38.0, 'temp': 24.1, 'wd': 0.0, 'ws': 0.0, 'ws_scalar': 0.0}","{'gas': {'co': None, 'co2': 13265, 'no': None, 'no2': None, 'o3': None}, 'pm': {'pm1': 13215, 'pm10': 13217, 'pm25': 13216}}",,,,0.9,0.9,0.9,711078703,38.0,MOD-00618,24.1,2026-06-20T14:58:54,2026-06-20T07:58:54,https://api.quant-aq.com/v1/devices/MOD-00618/data/711078502
,441.72,"{'lat': None, 'lon': None}","{'rh': 38.0, 'temp': 24.1, 'wd': 0.0, 'ws': 0.0, 'ws_scalar': 0.0}","{'gas': {'co': None, 'co2': 13265, 'no': None, 'no2': None, 'o3': None}, 'pm': {'pm1': 13215, 'pm10': 13217, 'pm25': 13216}}",,,,1.02,1.05,1.05,711078705,38.0,MOD-00618,24.1,2026-06-20T14:57:54,2026-06-20T07:57:54,https://api.quant-aq.com/v1/devices/MOD-00618/data/711078504
,445.58,"{'lat': None, 'lon': None}","{'rh': 38.0, 'temp': 24.1, 'wd': 0.0, 'ws': 0.0, 'ws_scalar': 0.0}","{'gas': {'co': None, 'co2': 13265, 'no': None, 'no2': None, 'o3': None}, 'pm': {'pm1': 13215, 'pm10': 13217, 'pm25': 13216}}",,,,0.73,0.73,0.73,711078704,38.0,MOD-00618,24.1,2026-06-20T14:56:54,2026-06-20T07:56:54,https://api.quant-aq.com/v1/devices/MOD-00618/data/711078503
,442.09,"{'lat': None, 'lon': None}","{'rh': 38.0, 'temp': 24.1, 'wd': 0.0, 'ws': 0.0, 'ws_scalar': 0.0}","{'gas': {'co': None, 'co2': 13265, 'no': None, 'no2': None, 'o3': None}, 'pm': {'pm1': 13215, 'pm10': 13217, 'pm25': 13216}}",,,,0.79,0.82,0.82,711078702,38.0,MOD-00618,24.1,2026-06-20T14:55:54,2026-06-20T07:55:54,https://api.quant-aq.com/v1/devices/MOD-00618/data/711078501
,440.52,"{'lat': None, 'lon': None}","{'rh': 38.0, 'temp': 24.1, 'wd': 0.0, 'ws': 0.0, 'ws_scalar': 0.0}","{'gas': {'co': None, 'co2': 13265, 'no': None, 'no2': None, 'o3': None}, 'pm': {'pm1': 13215, 'pm10': 13217, 'pm25': 13216}}",,,,0.74,0.76,0.76,711078580,38.0,MOD-00618,24.1,2026-06-20T14:54:54,2026-06-20T07:54:54,https://api.quant-aq.com/v1/devices/MOD-00618/data/711078379
,442.93,"{'lat': None, 'lon': None}","{'rh': 38.0, 'temp': 24.1, 'wd': 0.0, 'ws': 0.0, 'ws_scalar': 0.0}","{'gas': {'co': None, 'co2': 13265, 'no': None, 'no2': None, 'o3': None}, 'pm': {'pm1': 13215, 'pm10': 13217, 'pm25': 13216}}",,,,0.84,0.86,0.86,711078577,38.0,MOD-00618,24.1,2026-06-20T14:53:54,2026-06-20T07:53:54,https://api.quant-aq.com/v1/devices/MOD-00618/data/711078377
,441.36,"{'lat': None, 'lon': None}","{'rh': 38.0, 'temp': 24.1, 'wd': 0.0, 'ws': 0.0, 'ws_scalar': 0.0}","{'gas': {'co': None, 'co2': 13265, 'no': None, 'no2': None, 'o3': None}, 'pm': {'pm1': 13215, 'pm10': 13217, 'pm25': 13216}}",,,,0.69,0.71,0.71,711078576,38.0,MOD-00618,24.1,2026-06-20T14:52:54,2026-06-20T07:52:54,https://api.quant-aq.com/v1/devices/MOD-00618/data/711078375
,441.24,"{'lat': None, 'lon': None}","{'rh': 38.0, 'temp': 24.1, 'wd': 0.0, 'ws': 0.0, 'ws_scalar': 0.0}","{'gas': {'co': None, 'co2': 13265, 'no': None, 'no2': None, 'o3': None}, 'pm': {'pm1': 13215, 'pm10': 13217, 'pm25': 13216}}",,,,0.65,0.67,0.67,711078578,38.0,MOD-00618,24.1,2026-06-20T14:51:54,2026-06-20T07:51:54,https://api.quant-aq.com/v1/devices/MOD-00618/data/711078376
,443.65,"{'lat': None, 'lon': None}","{'rh': 38.0, 'temp': 24.1, 'wd': 0.0, 'ws': 0.0, 'ws_scalar': 0.0}","{'gas': {'co': None, 'co2': 13265, 'no': None, 'no2': None, 'o3': None}, 'pm': {'pm1': 13215, 'pm10': 13217, 'pm25': 13216}}",,,,0.53,0.56,0.56,711078579,38.0,MOD-00618,24.1,2026-06-20T14:50:54,2026-06-20T07:50:54,https://api.quant-aq.com/v1/devices/MOD-00618/data/711078378
,442.69,"{'lat': None, 'lon': None}","{'rh': 38.0, 'temp': 24.1, 'wd': 0.0, 'ws': 0.0, 'ws_scalar': 0.0}","{'gas': {'co': None, 'co2': 13265, 'no': None, 'no2': None, 'o3': None}, 'pm': {'pm1': 13215, 'pm10': 13217, 'pm25': 13216}}",,,,0.82,0.83,0.83,711078545,38.0,MOD-00618,24.1,2026-06-20T14:49:54,2026-06-20T07:49:54,https://api.quant-aq.com/v1/devices/MOD-00618/data/711078344
,440.88,"{'lat': None, 'lon': None}","{'rh': 37.9, 'temp': 24.1, 'wd': 0.0, 'ws': 0.0, 'ws_scalar': 0.0}","{'gas': {'co': None, 'co2': 13265, 'no': None, 'no2': None, 'o3': None}, 'pm': {'pm1': 13215, 'pm10': 13217, 'pm25': 13216}}",,,,1.02,1.08,1.08,711078543,37.9,MOD-00618,24.1,2026-06-20T14:48:54,2026-06-20T07:48:54,https://api.quant-aq.com/v1/devices/MOD-00618/data/711078342
,443.77,"{'lat': None, 'lon': None}","{'rh': 38.0, 'temp': 24.1, 'wd': 0.0, 'ws': 0.0, 'ws_scalar': 0.0}","{'gas': {'co': None, 'co2': 13265, 'no': None, 'no2': None, 'o3': None}, 'pm': {'pm1': 13215, 'pm10': 13217, 'pm25': 13216}}",,,,0.74,0.77,0.77,711078546,38.0,MOD-00618,24.1,2026-06-20T14:47:54,2026-06-20T07:47:54,https://api.quant-aq.com/v1/devices/MOD-00618/data/711078345
,441.36,"{'lat': None, 'lon': None}","{'rh': 37.9, 'temp': 24.1, 'wd': 0.0, 'ws': 0.0, 'ws_scalar': 0.0}","{'gas': {'co': None, 'co2': 13265, 'no': None, 'no2': None, 'o3': None}, 'pm': {'pm1': 13215, 'pm10': 13217, 'pm25': 13216}}",,,,0.87,0.9,0.9,711078547,37.9,MOD-00618,24.1,2026-06-20T14:46:54,2026-06-20T07:46:54,https://api.quant-aq.com/v1/devices/MOD-00618/data/711078346
,441.6,"{'lat': None, 'lon': None}","{'rh': 37.9, 'temp': 24.1, 'wd': 0.0, 'ws': 0.0, 'ws_scalar': 0.0}","{'gas': {'co': None, 'co2': 13265, 'no': None, 'no2': None, 'o3': None}, 'pm': {'pm1': 13215, 'pm10': 13217, 'pm25': 13216}}",,,,0.67,0.75,0.71,711078544,37.9,MOD-00618,24.1,2026-06-20T14:45:54,2026-06-20T07:45:54,https://api.quant-aq.com/v1/devices/MOD-00618/data/711078343
,442.57,"{'lat': None, 'lon': None}","{'rh': 37.9, 'temp': 24.1, 'wd': 0.0, 'ws': 0.0, 'ws_scalar': 0.0}","{'gas': {'co': None, 'co2': 13265, 'no': None, 'no2': None, 'o3': None}, 'pm': {'pm1': 13215, 'pm10': 13217, 'pm25': 13216}}",,,,1.02,1.03,1.03,711072137,37.9,MOD-00618,24.1,2026-06-20T14:44:54,2026-06-20T07:44:54,https://api.quant-aq.com/v1/devices/MOD-00618/data/711071936
,441.6,"{'lat': None, 'lon': None}","{'rh': 37.9, 'temp': 24.1, 'wd': 0.0, 'ws': 0.0, 'ws_scalar': 0.0}","{'gas': {'co': None, 'co2': 13265, 'no': None, 'no2': None, 'o3': None}, 'pm': {'pm1': 13215, 'pm10': 13217, 'pm25': 13216}}",,,,1.01,1.02,1.02,711072136,37.9,MOD-00618,24.1,2026-06-20T14:43:54,2026-06-20T07:43:54,https://api.quant-aq.com/v1/devices/MOD-00618/data/711071935
,443.53,"{'lat': None, 'lon': None}","{'rh': 37.9, 'temp': 24.1, 'wd': 0.0, 'ws': 0.0, 'ws_scalar': 0.0}","{'gas': {'co': None, 'co2': 13265, 'no': None, 'no2': None, 'o3': None}, 'pm': {'pm1': 13215, 'pm10': 13217, 'pm25': 13216}}",,,,0.95,1.04,1.0,711072135,37.9,MOD-00618,24.1,2026-06-20T14:42:54,2026-06-20T07:42:54,https://api.quant-aq.com/v1/devices/MOD-00618/data/711071934
,445.94,"{'lat': None, 'lon': None}","{'rh': 37.9, 'temp': 24.1, 'wd': 0.0, 'ws': 0.0, 'ws_scalar': 0.0}","{'gas': {'co': None, 'co2': 13265, 'no': None, 'no2': None, 'o3': None}, 'pm': {'pm1': 13215, 'pm10': 13217, 'pm25': 13216}}",,,,0.86,0.9,0.9,711072134,37.9,MOD-00618,24.1,2026-06-20T14:41:54,2026-06-20T07:41:54,https://api.quant-aq.com/v1/devices/MOD-00618/data/711071933
,443.77,"{'lat': None, 'lon': None}","{'rh': 37.9, 'temp': 24.1, 'wd': 0.0, 'ws': 0.0, 'ws_scalar': 0.0}","{'gas': {'co': None, 'co2': 13265, 'no': None, 'no2': None, 'o3': None}, 'pm': {'pm1': 13215, 'pm10': 13217, 'pm25': 13216}}",,,,1.25,1.26,1.26,711072133,37.9,MOD-00618,24.1,2026-06-20T14:40:54,2026-06-20T07:40:54,https://api.quant-aq.com/v1/devices/MOD-00618/data/711071932
,443.29,"{'lat': None, 'lon': None}","{'rh': 37.9, 'temp': 24.1, 'wd': 0.0, 'ws': 0.0, 'ws_scalar': 0.0}","{'gas': {'co': None, 'co2': 13265, 'no': None, 'no2': None, 'o3': None}, 'pm': {'pm1': 13215, 'pm10': 13217, 'pm25': 13216}}",,,,1.13,1.36,1.17,711071844,37.9,MOD-00618,24.1,2026-06-20T14:39:54,2026-06-20T07:39:54,https://api.quant-aq.com/v1/devices/MOD-00618/data/711071643
,446.54,"{'lat': None, 'lon': None}","{'rh': 37.9, 'temp': 24.1, 'wd': 0.0, 'ws': 0.0, 'ws_scalar': 0.0}","{'gas': {'co': None, 'co2': 13265, 'no': None, 'no2': None, 'o3': None}, 'pm': {'pm1': 13215, 'pm10': 13217, 'pm25': 13216}}",,,,1.32,1.33,1.33,711071842,37.9,MOD-00618,24.1,2026-06-20T14:38:54,2026-06-20T07:38:54,https://api.quant-aq.com/v1/devices/MOD-00618/data/711071641
,444.86,"{'lat': None, 'lon': None}","{'rh': 37.9, 'temp': 24.1, 'wd': 0.0, 'ws': 0.0, 'ws_scalar': 0.0}","{'gas': {'co': None, 'co2': 13265, 'no': None, 'no2': None, 'o3': None}, 'pm': {'pm1': 13215, 'pm10': 13217, 'pm25': 13216}}",,,,1.02,1.05,1.05,711071846,37.9,MOD-00618,24.1,2026-06-20T14:37:54,2026-06-20T07:37:54,https://api.quant-aq.com/v1/devices/MOD-00618/data/711071645
,443.53,"{'lat': None, 'lon': None}","{'rh': 37.9, 'temp': 24.1, 'wd': 0.0, 'ws': 0.0, 'ws_scalar': 0.0}","{'gas': {'co': None, 'co2': 13265, 'no': None, 'no2': None, 'o3': None}, 'pm': {'pm1': 13215, 'pm10': 13217, 'pm25': 13216}}",,,,0.78,0.81,0.81,711071845,37.9,MOD-00618,24.1,2026-06-20T14:36:54,2026-06-20T07:36:54,https://api.quant-aq.com/v1/devices/MOD-00618/data/711071644
,447.14,"{'lat': None, 'lon': None}","{'rh': 37.9, 'temp': 24.1, 'wd': 0.0, 'ws': 0.0, 'ws_scalar': 0.0}","{'gas': {'co': None, 'co2': 13265, 'no': None, 'no2': None, 'o3': None}, 'pm': {'pm1': 13215, 'pm10': 13217, 'pm25': 13216}}",,,,1.16,1.19,1.19,711071843,37.9,MOD-00618,24.1,2026-06-20T14:35:54,2026-06-20T07:35:54,https://api.quant-aq.com/v1/devices/MOD-00618/data/711071642
,444.61,"{'lat': None, 'lon': None}","{'rh': 37.8, 'temp': 24.1, 'wd': 0.0, 'ws': 0.0, 'ws_scalar': 0.0}","{'gas': {'co': None, 'co2': 13265, 'no': None, 'no2': None, 'o3': None}, 'pm': {'pm1': 13215, 'pm10': 13217, 'pm25': 13216}}",,,,1.28,1.3,1.3,711071830,37.8,MOD-00618,24.1,2026-06-20T14:34:54,2026-06-20T07:34:54,https://api.quant-aq.com/v1/devices/MOD-00618/data/711071629
,446.18,"{'lat': None, 'lon': None}","{'rh': 37.9, 'temp': 24.1, 'wd': 0.0, 'ws': 0.0, 'ws_scalar': 0.0}","{'gas': {'co': None, 'co2': 13265, 'no': None, 'no2': None, 'o3': None}, 'pm': {'pm1': 13215, 'pm10': 13217, 'pm25': 13216}}",,,,1.51,1.55,1.55,711071829,37.9,MOD-00618,24.1,2026-06-20T14:33:54,2026-06-20T07:33:54,https://api.quant-aq.com/v1/devices/MOD-00618/data/711071628
,450.64,"{'lat': None, 'lon': None}","{'rh': 37.9, 'temp': 24.2, 'wd': 0.0, 'ws': 0.0, 'ws_scalar': 0.0}","{'gas': {'co': None, 'co2': 13265, 'no': None, 'no2': None, 'o3': None}, 'pm': {'pm1': 13215, 'pm10': 13217, 'pm25': 13216}}",,,,1.24,1.28,1.28,711071833,37.9,MOD-00618,24.2,2026-06-20T14:32:54,2026-06-20T07:32:54,https://api.quant-aq.com/v1/devices/MOD-00618/data/711071632
,447.39,"{'lat': None, 'lon': None}","{'rh': 37.9, 'temp': 24.2, 'wd': 0.0, 'ws': 0.0, 'ws_scalar': 0.0}","{'gas': {'co': None, 'co2': 13265, 'no': None, 'no2': None, 'o3': None}, 'pm': {'pm1': 13215, 'pm10': 13217, 'pm25': 13216}}",,,,1.45,1.47,1.47,711071831,37.9,MOD-00618,24.2,2026-06-20T14:31:54,2026-06-20T07:31:54,https://api.quant-aq.com/v1/devices/MOD-00618/data/711071630
,447.99,"{'lat': None, 'lon': None}","{'rh': 37.9, 'temp': 24.2, 'wd': 0.0, 'ws': 0.0, 'ws_scalar': 0.0}","{'gas': {'co': None, 'co2': 13265, 'no': None, 'no2': None, 'o3': None}, 'pm': {'pm1': 13215, 'pm10': 13217, 'pm25': 13216}}",,,,1.31,1.33,1.33,711071832,37.9,MOD-00618,24.2,2026-06-20T14:30:54,2026-06-20T07:30:54,https://api.quant-aq.com/v1/devices/MOD-00618/data/711071631
,446.78,"{'lat': None, 'lon': None}","{'rh': 37.8, 'temp': 24.2, 'wd': 0.0, 'ws': 0.0, 'ws_scalar': 0.0}","{'gas': {'co': None, 'co2': 13265, 'no': None, 'no2': None, 'o3': None}, 'pm': {'pm1': 13215, 'pm10': 13217, 'pm25': 13216}}",,,,1.09,1.12,1.12,711069247,37.8,MOD-00618,24.2,2026-06-20T14:29:54,2026-06-20T07:29:54,https://api.quant-aq.com/v1/devices/MOD-00618/data/711069045
,450.64,"{'lat': None, 'lon': None}","{'rh': 37.8, 'temp': 24.2, 'wd': 0.0, 'ws': 0.0, 'ws_scalar': 0.0}","{'gas': {'co': None, 'co2': 13265, 'no': None, 'no2': None, 'o3': None}, 'pm': {'pm1': 13215, 'pm10': 13217, 'pm25': 13216}}",,,,1.26,1.3,1.3,711069245,37.8,MOD-00618,24.2,2026-06-20T14:28:54,2026-06-20T07:28:54,https://api.quant-aq.com/v1/devices/MOD-00618/data/711069044
,446.06,"{'lat': None, 'lon': None}","{'rh': 37.6, 'temp': 24.2, 'wd': 0.0, 'ws': 0.0, 'ws_scalar': 0.0}","{'gas': {'co': None, 'co2': 13265, 'no': None, 'no2': None, 'o3': None}, 'pm': {'pm1': 13215, 'pm10': 13217, 'pm25': 13216}}",,,,1.57,1.66,1.66,711069242,37.6,MOD-00618,24.2,2026-06-20T14:27:54,2026-06-20T07:27:54,https://api.quant-aq.com/v1/devices/MOD-00618/data/711069041
,446.54,"{'lat': None, 'lon': None}","{'rh': 37.4, 'temp': 24.2, 'wd': 0.0, 'ws': 0.0, 'ws_scalar': 0.0}","{'gas': {'co': None, 'co2': 13265, 'no': None, 'no2': None, 'o3': None}, 'pm': {'pm1': 13215, 'pm10': 13217, 'pm25': 13216}}",,,,1.49,1.73,1.55,711069243,37.4,MOD-00618,24.2,2026-06-20T14:26:54,2026-06-20T07:26:54,https://api.quant-aq.com/v1/devices/MOD-00618/data/711069042
,444.13,"{'lat': None, 'lon': None}","{'rh': 37.2, 'temp': 24.2, 'wd': 0.0, 'ws': 0.0, 'ws_scalar': 0.0}","{'gas': {'co': None, 'co2': 13265, 'no': None, 'no2': None, 'o3': None}, 'pm': {'pm1': 13215, 'pm10': 13217, 'pm25': 13216}}",,,,1.73,2.29,1.75,711069244,37.2,MOD-00618,24.2,2026-06-20T14:25:54,2026-06-20T07:25:54,https://api.quant-aq.com/v1/devices/MOD-00618/data/711069043
,439.56,"{'lat': None, 'lon': None}","{'rh': 36.8, 'temp': 24.2, 'wd': 0.0, 'ws': 0.0, 'ws_scalar': 0.0}","{'gas': {'co': None, 'co2': 13265, 'no': None, 'no2': None, 'o3': None}, 'pm': {'pm1': 13215, 'pm10': 13217, 'pm25': 13216}}",,,,1.19,1.23,1.23,711060185,36.8,MOD-00618,24.2,2026-06-20T14:24:54,2026-06-20T07:24:54,https://api.quant-aq.com/v1/devices/MOD-00618/data/711059983
,446.42,"{'lat': None, 'lon': None}","{'rh': 36.5, 'temp': 24.2, 'wd': 0.0, 'ws': 0.0, 'ws_scalar': 0.0}","{'gas': {'co': None, 'co2': 13265, 'no': None, 'no2': None, 'o3': None}, 'pm': {'pm1': 13215, 'pm10': 13217, 'pm25': 13216}}",,,,1.53,1.66,1.61,711060183,36.5,MOD-00618,24.2,2026-06-20T14:23:54,2026-06-20T07:23:54,https://api.quant-aq.com/v1/devices/MOD-00618/data/711059982
,448.47,"{'lat': None, 'lon': None}","{'rh': 36.3, 'temp': 24.2, 'wd': 0.0, 'ws': 0.0, 'ws_scalar': 0.0}","{'gas': {'co': None, 'co2': 13265, 'no': None, 'no2': None, 'o3': None}, 'pm': {'pm1': 13215, 'pm10': 13217, 'pm25': 13216}}",,,,1.61,1.67,1.67,711060181,36.3,MOD-00618,24.2,2026-06-20T14:22:54,2026-06-20T07:22:54,https://api.quant-aq.com/v1/devices/MOD-00618/data/711059981
,451.96,"{'lat': None, 'lon': None}","{'rh': 36.2, 'temp': 24.3, 'wd': 0.0, 'ws': 0.0, 'ws_scalar': 0.0}","{'gas': {'co': None, 'co2': 13265, 'no': None, 'no2': None, 'o3': None}, 'pm': {'pm1': 13215, 'pm10': 13217, 'pm25': 13216}}",,,,1.74,1.79,1.79,711060180,36.2,MOD-00618,24.3,2026-06-20T14:21:54,2026-06-20T07:21:54,https://api.quant-aq.com/v1/devices/MOD-00618/data/711059979
,449.07,"{'lat': None, 'lon': None}","{'rh': 36.3, 'temp': 24.3, 'wd': 0.0, 'ws': 0.0, 'ws_scalar': 0.0}","{'gas': {'co': None, 'co2': 13265, 'no': None, 'no2': None, 'o3': None}, 'pm': {'pm1': 13215, 'pm10': 13217, 'pm25': 13216}}",,,,1.43,1.48,1.48,711060182,36.3,MOD-00618,24.3,2026-06-20T14:20:54,2026-06-20T07:20:54,https://api.quant-aq.com/v1/devices/MOD-00618/data/711059980
,449.55,"{'lat': None, 'lon': None}","{'rh': 36.4, 'temp': 24.3, 'wd': 0.0, 'ws': 0.0, 'ws_scalar': 0.0}","{'gas': {'co': None, 'co2': 13265, 'no': None, 'no2': None, 'o3': None}, 'pm': {'pm1': 13215, 'pm10': 13217, 'pm25': 13216}}",,,,1.41,1.68,1.49,711060146,36.4,MOD-00618,24.3,2026-06-20T14:19:54,2026-06-20T07:19:54,https://api.quant-aq.com/v1/devices/MOD-00618/data/711059944
,450.28,"{'lat': None, 'lon': None}","{'rh': 36.4, 'temp': 24.3, 'wd': 0.0, 'ws': 0.0, 'ws_scalar': 0.0}","{'gas': {'co': None, 'co2': 13265, 'no': None, 'no2': None, 'o3': None}, 'pm': {'pm1': 13215, 'pm10': 13217, 'pm25': 13216}}",,,,1.5,1.65,1.56,711060144,36.4,MOD-00618,24.3,2026-06-20T14:18:54,2026-06-20T07:18:54,https://api.quant-aq.com/v1/devices/MOD-00618/data/711059943
,447.14,"{'lat': None, 'lon': None}","{'rh': 36.5, 'temp': 24.3, 'wd': 0.0, 'ws': 0.0, 'ws_scalar': 0.0}","{'gas': {'co': None, 'co2': 13265, 'no': None, 'no2': None, 'o3': None}, 'pm': {'pm1': 13215, 'pm10': 13217, 'pm25': 13216}}",,,,1.8,1.87,1.87,711060145,36.5,MOD-00618,24.3,2026-06-20T14:17:54,2026-06-20T07:17:54,https://api.quant-aq.com/v1/devices/MOD-00618/data/711059945
,456.06,"{'lat': None, 'lon': None}","{'rh': 36.6, 'temp': 24.3, 'wd': 0.0, 'ws': 0.0, 'ws_scalar': 0.0}","{'gas': {'co': None, 'co2': 13265, 'no': None, 'no2': None, 'o3': None}, 'pm': {'pm1': 13215, 'pm10': 13217, 'pm25': 13216}}",,,,2.05,3.96,2.15,711060143,36.6,MOD-00618,24.3,2026-06-20T14:16:54,2026-06-20T07:16:54,https://api.quant-aq.com/v1/devices/MOD-00618/data/711059942
,452.2,"{'lat': None, 'lon': None}","{'rh': 36.7, 'temp': 24.3, 'wd': 0.0, 'ws': 0.0, 'ws_scalar': 0.0}","{'gas': {'co': None, 'co2': 13265, 'no': None, 'no2': None, 'o3': None}, 'pm': {'pm1': 13215, 'pm10': 13217, 'pm25': 13216}}",,,,1.72,1.78,1.78,711060142,36.7,MOD-00618,24.3,2026-06-20T14:15:54,2026-06-20T07:15:54,https://api.quant-aq.com/v1/devices/MOD-00618/data/711059941
,453.77,"{'lat': None, 'lon': None}","{'rh': 36.8, 'temp': 24.3, 'wd': 0.0, 'ws': 0.0, 'ws_scalar': 0.0}","{'gas': {'co': None, 'co2': 13265, 'no': None, 'no2': None, 'o3': None}, 'pm': {'pm1': 13215, 'pm10': 13217, 'pm25': 13216}}",,,,1.52,1.59,1.59,711060125,36.8,MOD-00618,24.3,2026-06-20T14:14:54,2026-06-20T07:14:54,https://api.quant-aq.com/v1/devices/MOD-00618/data/711059924
,453.77,"{'lat': None, 'lon': None}","{'rh': 36.9, 'temp': 24.3, 'wd': 0.0, 'ws': 0.0, 'ws_scalar': 0.0}","{'gas': {'co': None, 'co2': 13265, 'no': None, 'no2': None, 'o3': None}, 'pm': {'pm1': 13215, 'pm10': 13217, 'pm25': 13216}}",,,,1.98,2.08,2.08,711060122,36.9,MOD-00618,24.3,2026-06-20T14:13:54,2026-06-20T07:13:54,https://api.quant-aq.com/v1/devices/MOD-00618/data/711059921
,452.08,"{'lat': None, 'lon': None}","{'rh': 37.0, 'temp': 24.3, 'wd': 0.0, 'ws': 0.0, 'ws_scalar': 0.0}","{'gas': {'co': None, 'co2': 13265, 'no': None, 'no2': None, 'o3': None}, 'pm': {'pm1': 13215, 'pm10': 13217, 'pm25': 13216}}",,,,1.87,1.96,1.96,711060123,37.0,MOD-00618,24.3,2026-06-20T14:12:54,2026-06-20T07:12:54,https://api.quant-aq.com/v1/devices/MOD-00618/data/711059923
,453.65,"{'lat': None, 'lon': None}","{'rh': 37.1, 'temp': 24.3, 'wd': 0.0, 'ws': 0.0, 'ws_scalar': 0.0}","{'gas': {'co': None, 'co2': 13265, 'no': None, 'no2': None, 'o3': None}, 'pm': {'pm1': 13215, 'pm10': 13217, 'pm25': 13216}}",,,,2.35,2.54,2.54,711060121,37.1,MOD-00618,24.3,2026-06-20T14:11:54,2026-06-20T07:11:54,https://api.quant-aq.com/v1/devices/MOD-00618/data/711059920
,454.85,"{'lat': None, 'lon': None}","{'rh': 37.2, 'temp': 24.3, 'wd': 0.0, 'ws': 0.0, 'ws_scalar': 0.0}","{'gas': {'co': None, 'co2': 13265, 'no': None, 'no2': None, 'o3': None}, 'pm': {'pm1': None, 'pm10': None, 'pm25': None}}",,,,,,,711060124,37.2,MOD-00618,24.3,2026-06-20T14:09:51,2026-06-20T07:09:51,https://api.quant-aq.com/v1/devices/MOD-00618/data/711059919
1034.12,459.43,"{'lat': None, 'lon': None}","{'rh': 37.1, 'temp': 24.3, 'wd': 0.0, 'ws': 0.0, 'ws_scalar': 0.0}","{'gas': {'co': 13503, 'co2': 13265, 'no': 13591, 'no2': 13770, 'o3': 13750}, 'pm': {'pm1': 13215, 'pm10': 13217, 'pm25': 13216}}",4.25,21.29,23.04,3.05,3.27,3.27,711060040,37.1,MOD-00618,24.3,2026-06-20T14:03:53,2026-06-20T07:03:53,https://api.quant-aq.com/v1/devices/MOD-00618/data/711059839
1032.07,457.62,"{'lat': None, 'lon': None}","{'rh': 37.1, 'temp': 24.3, 'wd': 0.0, 'ws': 0.0, 'ws_scalar': 0.0}","{'gas': {'co': 13503, 'co2': 13265, 'no': 13591, 'no2': 13770, 'o3': 13750}, 'pm': {'pm1': 13215, 'pm10': 13217, 'pm25': 13216}}",4.26,21.29,22.49,3.49,3.83,3.74,711060041,37.1,MOD-00618,24.3,2026-06-20T14:02:53,2026-06-20T07:02:53,https://api.quant-aq.com/v1/devices/MOD-00618/data/711059841
1035.76,458.71,"{'lat': None, 'lon': None}","{'rh': 37.1, 'temp': 24.3, 'wd': 0.0, 'ws': 0.0, 'ws_scalar': 0.0}","{'gas': {'co': 13503, 'co2': 13265, 'no': 13591, 'no2': 13770, 'o3': 13750}, 'pm': {'pm1': 13215, 'pm10': 13217, 'pm25': 13216}}",4.26,19.34,23.31,2.85,3.12,3.08,711060042,37.1,MOD-00618,24.3,2026-06-20T14:01:53,2026-06-20T07:01:53,https://api.quant-aq.com/v1/devices/MOD-00618/data/711059840
1038.74,455.82,"{'lat': None, 'lon': None}","{'rh': 37.1, 'temp': 24.4, 'wd': 0.0, 'ws': 0.0, 'ws_scalar': 0.0}","{'gas': {'co': 13503, 'co2': 13265, 'no': 13591, 'no2': 13770, 'o3': 13750}, 'pm': {'pm1': 13215, 'pm10': 13217, 'pm25': 13216}}",4.26,12.1,22.79,2.8,3.52,2.95,711060039,37.1,MOD-00618,24.4,2026-06-20T14:00:53,2026-06-20T07:00:53,https://api.quant-aq.com/v1/devices/MOD-00618/data/711059838
1032.58,458.59,"{'lat': None, 'lon': None}","{'rh': 37.1, 'temp': 24.4, 'wd': 0.0, 'ws': 0.0, 'ws_scalar': 0.0}","{'gas': {'co': 13503, 'co2': 13265, 'no': 13591, 'no2': 13770, 'o3': 13750}, 'pm': {'pm1': 13215, 'pm10': 13217, 'pm25': 13216}}",4.26,12.02,23.88,2.38,5.02,2.62,711059967,37.1,MOD-00618,24.4,2026-06-20T13:59:53,2026-06-20T06:59:53,https://api.quant-aq.com/v1/devices/MOD-00618/data/711059765
1035.12,457.26,"{'lat': None, 'lon': None}","{'rh': 37.0, 'temp': 24.4, 'wd': 0.0, 'ws': 0.0, 'ws_scalar': 0.0}","{'gas': {'co': 13503, 'co2': 13265, 'no': 13591, 'no2': 13770, 'o3': 13750}, 'pm': {'pm1': 13215, 'pm10': 13217, 'pm25': 13216}}",4.26,12.14,23.09,2.83,3.05,3.05,711059966,37.0,MOD-00618,24.4,2026-06-20T13:58:53,2026-06-20T06:58:53,https://api.quant-aq.com/v1/devices/MOD-00618/data/711059766
1039.15,457.74,"{'lat': None, 'lon': None}","{'rh': 37.1, 'temp': 24.4, 'wd': 0.0, 'ws': 0.0, 'ws_scalar': 0.0}","{'gas': {'co': 13503, 'co2': 13265, 'no': 13591, 'no2': 13770, 'o3': 13750}, 'pm': {'pm1': 13215, 'pm10': 13217, 'pm25': 13216}}",4.26,11.95,23.33,2.59,2.87,2.78,711059964,37.1,MOD-00618,24.4,2026-06-20T13:57:53,2026-06-20T06:57:53,https://api.quant-aq.com/v1/devices/MOD-00618/data/711059763
1037.92,454.37,"{'lat': None, 'lon': None}","{'rh': 37.1, 'temp': 24.4, 'wd': 0.0, 'ws': 0.0, 'ws_scalar': 0.0}","{'gas': {'co': 13503, 'co2': 13265, 'no': 13591, 'no2': 13770, 'o3': 13750}, 'pm': {'pm1': 13215, 'pm10': 13217, 'pm25': 13216}}",4.26,12.1,23.06,2.45,2.91,2.81,711059965,37.1,MOD-00618,24.4,2026-06-20T13:56:53,2026-06-20T06:56:53,https://api.quant-aq.com/v1/devices/MOD-00618/data/711059764
1035.53,461.84,"{'lat': None, 'lon': None}","{'rh': 37.0, 'temp': 24.4, 'wd': 0.0, 'ws': 0.0, 'ws_scalar': 0.0}","{'gas': {'co': 13503, 'co2': 13265, 'no': 13591, 'no2': 13770, 'o3': 13750}, 'pm': {'pm1': 13215, 'pm10': 13217, 'pm25': 13216}}",4.26,12.14,23.09,2.39,2.67,2.63,710928940,37.0,MOD-00618,24.4,2026-06-20T13:55:53,2026-06-20T06:55:53,https://api.quant-aq.com/v1/devices/MOD-00618/data/710928739
1041.69,456.3,"{'lat': None, 'lon': None}","{'rh': 37.0, 'temp': 24.4, 'wd': 0.0, 'ws': 0.0, 'ws_scalar': 0.0}","{'gas': {'co': 13503, 'co2': 13265, 'no': 13591, 'no2': 13770, 'o3': 13750}, 'pm': {'pm1': 13215, 'pm10': 13217, 'pm25': 13216}}",4.25,21.32,23.36,2.98,3.27,3.22,710928942,37.0,MOD-00618,24.4,2026-06-20T13:54:53,2026-06-20T06:54:53,https://api.quant-aq.com/v1/devices/MOD-00618/data/710928741
1036.35,458.95,"{'lat': None, 'lon': None}","{'rh': 37.0, 'temp': 24.4, 'wd': 0.0, 'ws': 0.0, 'ws_scalar': 0.0}","{'gas': {'co': 13503, 'co2': 13265, 'no': 13591, 'no2': 13770, 'o3': 13750}, 'pm': {'pm1': 13215, 'pm10': 13217, 'pm25': 13216}}",4.25,12.14,23.09,2.89,3.44,3.13,710928941,37.0,MOD-00618,24.4,2026-06-20T13:53:53,2026-06-20T06:53:53,https://api.quant-aq.com/v1/devices/MOD-00618/data/710928740
1040.87,451.72,"{'lat': None, 'lon': None}","{'rh': 37.0, 'temp': 24.4, 'wd': 0.0, 'ws': 0.0, 'ws_scalar': 0.0}","{'gas': {'co': 13503, 'co2': 13265, 'no': 13591, 'no2': 13770, 'o3': 13750}, 'pm': {'pm1': 13215, 'pm10': 13217, 'pm25': 13216}}",4.26,12.23,22.82,2.66,2.81,2.81,710928943,37.0,MOD-00618,24.4,2026-06-20T13:52:53,2026-06-20T06:52:53,https://api.quant-aq.com/v1/devices/MOD-00618/data/710928742
1044.15,464.01,"{'lat': None, 'lon': None}","{'rh': 37.0, 'temp': 24.4, 'wd': 0.0, 'ws': 0.0, 'ws_scalar': 0.0}","{'gas': {'co': 13503, 'co2': 13265, 'no': 13591, 'no2': 13770, 'o3': 13750}, 'pm': {'pm1': 13215, 'pm10': 13217, 'pm25': 13216}}",4.26,12.14,23.09,2.79,3.16,3.07,710928939,37.0,MOD-00618,24.4,2026-06-20T13:51:53,2026-06-20T06:51:53,https://api.quant-aq.com/v1/devices/MOD-00618/data/710928738
1039.63,460.03,"{'lat': None, 'lon': None}","{'rh': 37.0, 'temp': 24.4, 'wd': 0.0, 'ws': 0.0, 'ws_scalar': 0.0}","{'gas': {'co': 13503, 'co2': 13265, 'no': 13591, 'no2': 13770, 'o3': 13750}, 'pm': {'pm1': 13215, 'pm10': 13217, 'pm25': 13216}}",4.26,12.14,22.54,2.79,3.17,3.04,710928937,37.0,MOD-00618,24.4,2026-06-20T13:50:53,2026-06-20T06:50:53,https://api.quant-aq.com/v1/devices/MOD-00618/data/710928736
1035.53,461.6,"{'lat': None, 'lon': None}","{'rh': 37.0, 'temp': 24.4, 'wd': 0.0, 'ws': 0.0, 'ws_scalar': 0.0}","{'gas': {'co': 13503, 'co2': 13265, 'no': 13591, 'no2': 13770, 'o3': 13750}, 'pm': {'pm1': 13215, 'pm10': 13217, 'pm25': 13216}}",4.26,21.56,23.36,2.59,3.21,2.99,710928935,37.0,MOD-00618,24.4,2026-06-20T13:49:53,2026-06-20T06:49:53,https://api.quant-aq.com/v1/devices/MOD-00618/data/710928734
1040.46,458.1,"{'lat': None, 'lon': None}","{'rh': 37.0, 'temp': 24.4, 'wd': 0.0, 'ws': 0.0, 'ws_scalar': 0.0}","{'gas': {'co': 13503, 'co2': 13265, 'no': 13591, 'no2': 13770, 'o3': 13750}, 'pm': {'pm1': 13215, 'pm10': 13217, 'pm25': 13216}}",4.26,12.06,22.82,2.67,2.93,2.84,710928938,37.0,MOD-00618,24.4,2026-06-20T13:48:53,2026-06-20T06:48:53,https://api.quant-aq.com/v1/devices/MOD-00618/data/710928737
1037.99,459.79,"{'lat': None, 'lon': None}","{'rh': 37.0, 'temp': 24.4, 'wd': 0.0, 'ws': 0.0, 'ws_scalar': 0.0}","{'gas': {'co': 13503, 'co2': 13265, 'no': 13591, 'no2': 13770, 'o3': 13750}, 'pm': {'pm1': 13215, 'pm10': 13217, 'pm25': 13216}}",4.26,12.23,22.82,2.48,2.77,2.77,710928936,37.0,MOD-00618,24.4,2026-06-20T13:47:53,2026-06-20T06:47:53,https://api.quant-aq.com/v1/devices/MOD-00618/data/710928735
1040.46,458.95,"{'lat': None, 'lon': None}","{'rh': 37.0, 'temp': 24.4, 'wd': 0.0, 'ws': 0.0, 'ws_scalar': 0.0}","{'gas': {'co': 13503, 'co2': 13265, 'no': 13591, 'no2': 13770, 'o3': 13750}, 'pm': {'pm1': 13215, 'pm10': 13217, 'pm25': 13216}}",4.26,12.23,23.09,2.46,2.7,2.65,710928925,37.0,MOD-00618,24.4,2026-06-20T13:46:53,2026-06-20T06:46:53,https://api.quant-aq.com/v1/devices/MOD-00618/data/710928724
1049.49,459.31,"{'lat': None, 'lon': None}","{'rh': 37.0, 'temp': 24.4, 'wd': 0.0, 'ws': 0.0, 'ws_scalar': 0.0}","{'gas': {'co': 13503, 'co2': 13265, 'no': 13591, 'no2': 13770, 'o3': 13750}, 'pm': {'pm1': 13215, 'pm10': 13217, 'pm25': 13216}}",4.26,11.59,23.36,2.8,3.04,3.0,710928923,37.0,MOD-00618,24.4,2026-06-20T13:45:53,2026-06-20T06:45:53,https://api.quant-aq.com/v1/devices/MOD-00618/data/710928722
1042.92,459.19,"{'lat': None, 'lon': None}","{'rh': 37.0, 'temp': 24.4, 'wd': 0.0, 'ws': 0.0, 'ws_scalar': 0.0}","{'gas': {'co': 13503, 'co2': 13265, 'no': 13591, 'no2': 13770, 'o3': 13750}, 'pm': {'pm1': 13215, 'pm10': 13217, 'pm25': 13216}}",4.26,12.14,22.82,2.25,3.07,2.5,710928926,37.0,MOD-00618,24.4,2026-06-20T13:44:53,2026-06-20T06:44:53,https://api.quant-aq.com/v1/devices/MOD-00618/data/710928725
1042.1,461.0,"{'lat': None, 'lon': None}","{'rh': 37.0, 'temp': 24.4, 'wd': 0.0, 'ws': 0.0, 'ws_scalar': 0.0}","{'gas': {'co': 13503, 'co2': 13265, 'no': 13591, 'no2': 13770, 'o3': 13750}, 'pm': {'pm1': 13215, 'pm10': 13217, 'pm25': 13216}}",4.26,12.23,22.82,2.69,2.98,2.93,710928924,37.0,MOD-00618,24.4,2026-06-20T13:43:53,2026-06-20T06:43:53,https://api.quant-aq.com/v1/devices/MOD-00618/data/710928723
1044.15,457.5,"{'lat': None, 'lon': None}","{'rh': 37.0, 'temp': 24.4, 'wd': 0.0, 'ws': 0.0, 'ws_scalar': 0.0}","{'gas': {'co': 13503, 'co2': 13265, 'no': 13591, 'no2': 13770, 'o3': 13750}, 'pm': {'pm1': 13215, 'pm10': 13217, 'pm25': 13216}}",4.26,12.14,23.36,2.35,2.53,2.53,710928922,37.0,MOD-00618,24.4,2026-06-20T13:42:53,2026-06-20T06:42:53,https://api.quant-aq.com/v1/devices/MOD-00618/data/710928721
1037.58,463.65,"{'lat': None, 'lon': None}","{'rh': 37.0, 'temp': 24.4, 'wd': 0.0, 'ws': 0.0, 'ws_scalar': 0.0}","{'gas': {'co': 13503, 'co2': 13265, 'no': 13591, 'no2': 13770, 'o3': 13750}, 'pm': {'pm1': 13215, 'pm10': 13217, 'pm25': 13216}}",4.26,12.14,22.82,2.29,2.5,2.5,710928889,37.0,MOD-00618,24.4,2026-06-20T13:41:53,2026-06-20T06:41:53,https://api.quant-aq.com/v1/devices/MOD-00618/data/710928689
1045.38,451.6,"{'lat': None, 'lon': None}","{'rh': 37.0, 'temp': 24.4, 'wd': 0.0, 'ws': 0.0, 'ws_scalar': 0.0}","{'gas': {'co': 13503, 'co2': 13265, 'no': 13591, 'no2': 13770, 'o3': 13750}, 'pm': {'pm1': 13215, 'pm10': 13217, 'pm25': 13216}}",4.25,12.14,22.82,2.84,3.57,3.05,710928887,37.0,MOD-00618,24.4,2026-06-20T13:40:53,2026-06-20T06:40:53,https://api.quant-aq.com/v1/devices/MOD-00618/data/710928690
1047.02,461.24,"{'lat': None, 'lon': None}","{'rh': 37.0, 'temp': 24.4, 'wd': 0.0, 'ws': 0.0, 'ws_scalar': 0.0}","{'gas': {'co': 13503, 'co2': 13265, 'no': 13591, 'no2': 13770, 'o3': 13750}, 'pm': {'pm1': 13215, 'pm10': 13217, 'pm25': 13216}}",4.26,11.24,23.09,2.44,2.94,2.71,710928891,37.0,MOD-00618,24.4,2026-06-20T13:39:53,2026-06-20T06:39:53,https://api.quant-aq.com/v1/devices/MOD-00618/data/710928688
1041.69,459.43,"{'lat': None, 'lon': None}","{'rh': 37.0, 'temp': 24.4, 'wd': 0.0, 'ws': 0.0, 'ws_scalar': 0.0}","{'gas': {'co': 13503, 'co2': 13265, 'no': 13591, 'no2': 13770, 'o3': 13750}, 'pm': {'pm1': 13215, 'pm10': 13217, 'pm25': 13216}}",4.25,12.14,22.82,2.42,3.2,2.63,710928892,37.0,MOD-00618,24.4,2026-06-20T13:38:53,2026-06-20T06:38:53,https://api.quant-aq.com/v1/devices/MOD-00618/data/710928691
1043.33,459.91,"{'lat': None, 'lon': None}","{'rh': 37.0, 'temp': 24.4, 'wd': 0.0, 'ws': 0.0, 'ws_scalar': 0.0}","{'gas': {'co': 13503, 'co2': 13265, 'no': 13591, 'no2': 13770, 'o3': 13750}, 'pm': {'pm1': 13215, 'pm10': 13217, 'pm25': 13216}}",4.25,12.14,22.82,2.73,2.88,2.88,710928882,37.0,MOD-00618,24.4,2026-06-20T13:37:53,2026-06-20T06:37:53,https://api.quant-aq.com/v1/devices/MOD-00618/data/710928681
1045.79,458.23,"{'lat': None, 'lon': None}","{'rh': 37.0, 'temp': 24.4, 'wd': 0.0, 'ws': 0.0, 'ws_scalar': 0.0}","{'gas': {'co': 13503, 'co2': 13265, 'no': 13591, 'no2': 13770, 'o3': 13750}, 'pm': {'pm1': 13215, 'pm10': 13217, 'pm25': 13216}}",4.26,12.14,22.82,2.93,3.67,3.24,710928880,37.0,MOD-00618,24.4,2026-06-20T13:36:53,2026-06-20T06:36:53,https://api.quant-aq.com/v1/devices/MOD-00618/data/710928679
1047.43,462.08,"{'lat': None, 'lon': None}","{'rh': 37.0, 'temp': 24.4, 'wd': 0.0, 'ws': 0.0, 'ws_scalar': 0.0}","{'gas': {'co': 13503, 'co2': 13265, 'no': 13591, 'no2': 13770, 'o3': 13750}, 'pm': {'pm1': 13215, 'pm10': 13217, 'pm25': 13216}}",4.26,12.14,22.82,2.83,3.01,3.01,710928881,37.0,MOD-00618,24.4,2026-06-20T13:35:53,2026-06-20T06:35:53,https://api.quant-aq.com/v1/devices/MOD-00618/data/710928680
1041.69,459.67,"{'lat': None, 'lon': None}","{'rh': 37.0, 'temp': 24.4, 'wd': 0.0, 'ws': 0.0, 'ws_scalar': 0.0}","{'gas': {'co': 13503, 'co2': 13265, 'no': 13591, 'no2': 13770, 'o3': 13750}, 'pm': {'pm1': 13215, 'pm10': 13217, 'pm25': 13216}}",4.26,12.23,22.82,2.42,2.6,2.6,710928884,37.0,MOD-00618,24.4,2026-06-20T13:34:53,2026-06-20T06:34:53,https://api.quant-aq.com/v1/devices/MOD-00618/data/710928683
1044.56,460.63,"{'lat': None, 'lon': None}","{'rh': 37.0, 'temp': 24.4, 'wd': 0.0, 'ws': 0.0, 'ws_scalar': 0.0}","{'gas': {'co': 13503, 'co2': 13265, 'no': 13591, 'no2': 13770, 'o3': 13750}, 'pm': {'pm1': 13215, 'pm10': 13217, 'pm25': 13216}}",4.26,12.14,23.09,2.45,4.38,2.57,710928883,37.0,MOD-00618,24.4,2026-06-20T13:33:53,2026-06-20T06:33:53,https://api.quant-aq.com/v1/devices/MOD-00618/data/710928682
1045.38,460.15,"{'lat': None, 'lon': None}","{'rh': 37.0, 'temp': 24.4, 'wd': 0.0, 'ws': 0.0, 'ws_scalar': 0.0}","{'gas': {'co': 13503, 'co2': 13265, 'no': 13591, 'no2': 13770, 'o3': 13750}, 'pm': {'pm1': 13215, 'pm10': 13217, 'pm25': 13216}}",4.26,12.06,22.82,2.64,2.9,2.9,710928858,37.0,MOD-00618,24.4,2026-06-20T13:32:53,2026-06-20T06:32:53,https://api.quant-aq.com/v1/devices/MOD-00618/data/710928657
1045.79,459.79,"{'lat': None, 'lon': None}","{'rh': 37.0, 'temp': 24.4, 'wd': 0.0, 'ws': 0.0, 'ws_scalar': 0.0}","{'gas': {'co': 13503, 'co2': 13265, 'no': 13591, 'no2': 13770, 'o3': 13750}, 'pm': {'pm1': 13215, 'pm10': 13217, 'pm25': 13216}}",4.26,12.14,22.82,2.63,2.84,2.84,710928856,37.0,MOD-00618,24.4,2026-06-20T13:31:53,2026-06-20T06:31:53,https://api.quant-aq.com/v1/devices/MOD-00618/data/710928655
1049.49,460.87,"{'lat': None, 'lon': None}","{'rh': 37.0, 'temp': 24.4, 'wd': 0.0, 'ws': 0.0, 'ws_scalar': 0.0}","{'gas': {'co': 13503, 'co2': 13265, 'no': 13591, 'no2': 13770, 'o3': 13750}, 'pm': {'pm1': 13215, 'pm10': 13217, 'pm25': 13216}}",4.26,12.14,22.82,2.73,4.06,2.99,710928857,37.0,MOD-00618,24.4,2026-06-20T13:30:53,2026-06-20T06:30:53,https://api.quant-aq.com/v1/devices/MOD-00618/data/710928656
1047.84,462.32,"{'lat': None, 'lon': None}","{'rh': 37.0, 'temp': 24.4, 'wd': 0.0, 'ws': 0.0, 'ws_scalar': 0.0}","{'gas': {'co': 13503, 'co2': 13265, 'no': 13591, 'no2': 13770, 'o3': 13750}, 'pm': {'pm1': 13215, 'pm10': 13217, 'pm25': 13216}}",4.26,12.14,23.09,2.28,2.78,2.49,710928855,37.0,MOD-00618,24.4,2026-06-20T13:29:53,2026-06-20T06:29:53,https://api.quant-aq.com/v1/devices/MOD-00618/data/710928654
1047.43,460.51,"{'lat': None, 'lon': None}","{'rh': 37.0, 'temp': 24.4, 'wd': 0.0, 'ws': 0.0, 'ws_scalar': 0.0}","{'gas': {'co': 13503, 'co2': 13265, 'no': 13591, 'no2': 13770, 'o3': 13750}, 'pm': {'pm1': 13215, 'pm10': 13217, 'pm25': 13216}}",4.26,12.14,22.82,2.52,2.67,2.67,710928845,37.0,MOD-00618,24.4,2026-06-20T13:28:53,2026-06-20T06:28:53,https://api.quant-aq.com/v1/devices/MOD-00618/data/710928644
1046.61,463.16,"{'lat': None, 'lon': None}","{'rh': 37.0, 'temp': 24.4, 'wd': 0.0, 'ws': 0.0, 'ws_scalar': 0.0}","{'gas': {'co': 13503, 'co2': 13265, 'no': 13591, 'no2': 13770, 'o3': 13750}, 'pm': {'pm1': 13215, 'pm10': 13217, 'pm25': 13216}}",4.26,12.14,22.54,2.5,2.7,2.7,710928844,37.0,MOD-00618,24.4,2026-06-20T13:27:53,2026-06-20T06:27:53,https://api.quant-aq.com/v1/devices/MOD-00618/data/710928643
1051.13,460.15,"{'lat': None, 'lon': None}","{'rh': 37.0, 'temp': 24.4, 'wd': 0.0, 'ws': 0.0, 'ws_scalar': 0.0}","{'gas': {'co': 13503, 'co2': 13265, 'no': 13591, 'no2': 13770, 'o3': 13750}, 'pm': {'pm1': 13215, 'pm10': 13217, 'pm25': 13216}}",4.26,21.32,22.82,2.48,2.87,2.69,710928843,37.0,MOD-00618,24.4,2026-06-20T13:26:53,2026-06-20T06:26:53,https://api.quant-aq.com/v1/devices/MOD-00618/data/710928642
1043.33,462.32,"{'lat': None, 'lon': None}","{'rh': 37.0, 'temp': 24.4, 'wd': 0.0, 'ws': 0.0, 'ws_scalar': 0.0}","{'gas': {'co': 13503, 'co2': 13265, 'no': 13591, 'no2': 13770, 'o3': 13750}, 'pm': {'pm1': 13215, 'pm10': 13217, 'pm25': 13216}}",4.26,12.23,23.09,2.68,3.04,2.95,710928842,37.0,MOD-00618,24.4,2026-06-20T13:25:53,2026-06-20T06:25:53,https://api.quant-aq.com/v1/devices/MOD-00618/data/710928641
1045.79,463.52,"{'lat': None, 'lon': None}","{'rh': 37.0, 'temp': 24.4, 'wd': 0.0, 'ws': 0.0, 'ws_scalar': 0.0}","{'gas': {'co': 13503, 'co2': 13265, 'no': 13591, 'no2': 13770, 'o3': 13750}, 'pm': {'pm1': 13215, 'pm10': 13217, 'pm25': 13216}}",4.26,12.06,23.09,2.78,3.06,2.98,710928841,37.0,MOD-00618,24.4,2026-06-20T13:24:53,2026-06-20T06:24:53,https://api.quant-aq.com/v1/devices/MOD-00618/data/710928640
1044.15,462.44,"{'lat': None, 'lon': None}","{'rh': 37.0, 'temp': 24.4, 'wd': 0.0, 'ws': 0.0, 'ws_scalar': 0.0}","{'gas': {'co': 13503, 'co2': 13265, 'no': 13591, 'no2': 13770, 'o3': 13750}, 'pm': {'pm1': 13215, 'pm10': 13217, 'pm25': 13216}}",4.26,12.14,22.54,2.41,2.86,2.63,710928823,37.0,MOD-00618,24.4,2026-06-20T13:23:53,2026-06-20T06:23:53,https://api.quant-aq.com/v1/devices/MOD-00618/data/710928622
1050.31,461.6,"{'lat': None, 'lon': None}","{'rh': 37.0, 'temp': 24.4, 'wd': 0.0, 'ws': 0.0, 'ws_scalar': 0.0}","{'gas': {'co': 13503, 'co2': 13265, 'no': 13591, 'no2': 13770, 'o3': 13750}, 'pm': {'pm1': 13215, 'pm10': 13217, 'pm25': 13216}}",4.26,12.06,23.09,2.5,2.7,2.66,710928821,37.0,MOD-00618,24.4,2026-06-20T13:22:53,2026-06-20T06:22:53,https://api.quant-aq.com/v1/devices/MOD-00618/data/710928620
1048.67,464.49,"{'lat': None, 'lon': None}","{'rh': 37.0, 'temp': 24.4, 'wd': 0.0, 'ws': 0.0, 'ws_scalar': 0.0}","{'gas': {'co': 13503, 'co2': 13265, 'no': 13591, 'no2': 13770, 'o3': 13750}, 'pm': {'pm1': 13215, 'pm10': 13217, 'pm25': 13216}}",4.26,12.23,22.82,2.87,3.34,3.12,710928820,37.0,MOD-00618,24.4,2026-06-20T13:21:53,2026-06-20T06:21:53,https://api.quant-aq.com/v1/devices/MOD-00618/data/710928618
1045.79,463.65,"{'lat': None, 'lon': None}","{'rh': 37.0, 'temp': 24.4, 'wd': 0.0, 'ws': 0.0, 'ws_scalar': 0.0}","{'gas': {'co': 13503, 'co2': 13265, 'no': 13591, 'no2': 13770, 'o3': 13750}, 'pm': {'pm1': 13215, 'pm10': 13217, 'pm25': 13216}}",4.26,12.23,22.82,2.72,3.02,2.97,710928822,37.0,MOD-00618,24.4,2026-06-20T13:20:53,2026-06-20T06:20:53,https://api.quant-aq.com/v1/devices/MOD-00618/data/710928621
1045.38,465.09,"{'lat': None, 'lon': None}","{'rh': 37.0, 'temp': 24.4, 'wd': 0.0, 'ws': 0.0, 'ws_scalar': 0.0}","{'gas': {'co': 13503, 'co2': 13265, 'no': 13591, 'no2': 13770, 'o3': 13750}, 'pm': {'pm1': 13215, 'pm10': 13217, 'pm25': 13216}}",4.26,12.14,22.82,2.74,2.92,2.92,710928819,37.0,MOD-00618,24.4,2026-06-20T13:19:53,2026-06-20T06:19:53,https://api.quant-aq.com/v1/devices/MOD-00618/data/710928619
1048.26,465.33,"{'lat': None, 'lon': None}","{'rh': 37.0, 'temp': 24.4, 'wd': 0.0, 'ws': 0.0, 'ws_scalar': 0.0}","{'gas': {'co': 13503, 'co2': 13265, 'no': 13591, 'no2': 13770, 'o3': 13750}, 'pm': {'pm1': 13215, 'pm10': 13217, 'pm25': 13216}}",4.26,12.06,22.82,2.63,8.39,2.89,710928794,37.0,MOD-00618,24.4,2026-06-20T13:18:53,2026-06-20T06:18:53,https://api.quant-aq.com/v1/devices/MOD-00618/data/710928592
1047.84,465.81,"{'lat': None, 'lon': None}","{'rh': 37.0, 'temp': 24.4, 'wd': 0.0, 'ws': 0.0, 'ws_scalar': 0.0}","{'gas': {'co': 13503, 'co2': 13265, 'no': 13591, 'no2': 13770, 'o3': 13750}, 'pm': {'pm1': 13215, 'pm10': 13217, 'pm25': 13216}}",4.26,12.14,22.54,2.89,3.42,3.14,710928795,37.0,MOD-00618,24.4,2026-06-20T13:17:53,2026-06-20T06:17:53,https://api.quant-aq.com/v1/devices/MOD-00618/data/710928594
1046.61,462.44,"{'lat': None, 'lon': None}","{'rh': 37.0, 'temp': 24.4, 'wd': 0.0, 'ws': 0.0, 'ws_scalar': 0.0}","{'gas': {'co': 13503, 'co2': 13265, 'no': 13591, 'no2': 13770, 'o3': 13750}, 'pm': {'pm1': 13215, 'pm10': 13217, 'pm25': 13216}}",4.26,12.14,23.09,2.22,2.43,2.43,710928793,37.0,MOD-00618,24.4,2026-06-20T13:16:53,2026-06-20T06:16:53,https://api.quant-aq.com/v1/devices/MOD-00618/data/710928591
1049.08,461.6,"{'lat': None, 'lon': None}","{'rh': 37.0, 'temp': 24.4, 'wd': 0.0, 'ws': 0.0, 'ws_scalar': 0.0}","{'gas': {'co': 13503, 'co2': 13265, 'no': 13591, 'no2': 13770, 'o3': 13750}, 'pm': {'pm1': 13215, 'pm10': 13217, 'pm25': 13216}}",4.26,12.06,22.82,2.42,4.63,2.61,710928792,37.0,MOD-00618,24.4,2026-06-20T13:15:53,2026-06-20T06:15:53,https://api.quant-aq.com/v1/devices/MOD-00618/data/710928593
1052.36,466.05,"{'lat': None, 'lon': None}","{'rh': 37.0, 'temp': 24.4, 'wd': 0.0, 'ws': 0.0, 'ws_scalar': 0.0}","{'gas': {'co': 13503, 'co2': 13265, 'no': 13591, 'no2': 13770, 'o3': 13750}, 'pm': {'pm1': 13215, 'pm10': 13217, 'pm25': 13216}}",4.26,11.24,22.82,2.69,3.43,2.92,710928784,37.0,MOD-00618,24.4,2026-06-20T13:14:53,2026-06-20T06:14:53,https://api.quant-aq.com/v1/devices/MOD-00618/data/710928583
1048.67,463.28,"{'lat': None, 'lon': None}","{'rh': 37.0, 'temp': 24.4, 'wd': 0.0, 'ws': 0.0, 'ws_scalar': 0.0}","{'gas': {'co': 13503, 'co2': 13265, 'no': 13591, 'no2': 13770, 'o3': 13750}, 'pm': {'pm1': 13215, 'pm10': 13217, 'pm25': 13216}}",4.26,12.23,23.09,2.71,2.94,2.94,710928786,37.0,MOD-00618,24.4,2026-06-20T13:13:53,2026-06-20T06:13:53,https://api.quant-aq.com/v1/devices/MOD-00618/data/710928584
1051.13,464.61,"{'lat': None, 'lon': None}","{'rh': 37.0, 'temp': 24.4, 'wd': 0.0, 'ws': 0.0, 'ws_scalar': 0.0}","{'gas': {'co': 13503, 'co2': 13265, 'no': 13591, 'no2': 13770, 'o3': 13750}, 'pm': {'pm1': 13215, 'pm10': 13217, 'pm25': 13216}}",4.26,12.14,22.54,2.66,3.03,3.03,710928785,37.0,MOD-00618,24.4,2026-06-20T13:12:53,2026-06-20T06:12:53,https://api.quant-aq.com/v1/devices/MOD-00618/data/710928585
1051.54,467.86,"{'lat': None, 'lon': None}","{'rh': 37.0, 'temp': 24.4, 'wd': 0.0, 'ws': 0.0, 'ws_scalar': 0.0}","{'gas': {'co': 13503, 'co2': 13265, 'no': 13591, 'no2': 13770, 'o3': 13750}, 'pm': {'pm1': 13215, 'pm10': 13217, 'pm25': 13216}}",4.26,12.23,22.82,3.03,3.76,3.27,710928787,37.0,MOD-00618,24.4,2026-06-20T13:11:53,2026-06-20T06:11:53,https://api.quant-aq.com/v1/devices/MOD-00618/data/710928586
1048.26,463.4,"{'lat': None, 'lon': None}","{'rh': 37.0, 'temp': 24.4, 'wd': 0.0, 'ws': 0.0, 'ws_scalar': 0.0}","{'gas': {'co': 13503, 'co2': 13265, 'no': 13591, 'no2': 13770, 'o3': 13750}, 'pm': {'pm1': 13215, 'pm10': 13217, 'pm25': 13216}}",4.26,11.24,23.36,2.8,3.08,3.0,710928779,37.0,MOD-00618,24.4,2026-06-20T13:10:53,2026-06-20T06:10:53,https://api.quant-aq.com/v1/devices/MOD-00618/data/710928578
1046.2,466.54,"{'lat': None, 'lon': None}","{'rh': 37.0, 'temp': 24.4, 'wd': 0.0, 'ws': 0.0, 'ws_scalar': 0.0}","{'gas': {'co': 13503, 'co2': 13265, 'no': 13591, 'no2': 13770, 'o3': 13750}, 'pm': {'pm1': 13215, 'pm10': 13217, 'pm25': 13216}}",4.26,12.14,23.09,2.49,2.73,2.73,710928778,37.0,MOD-00618,24.4,2026-06-20T13:09:53,2026-06-20T06:09:53,https://api.quant-aq.com/v1/devices/MOD-00618/data/710928575
1050.42,465.09,"{'lat': None, 'lon': None}","{'rh': 37.0, 'temp': 24.5, 'wd': 0.0, 'ws': 0.0, 'ws_scalar': 0.0}","{'gas': {'co': 13503, 'co2': 13265, 'no': 13591, 'no2': 13770, 'o3': 13750}, 'pm': {'pm1': 13215, 'pm10': 13217, 'pm25': 13216}}",4.26,18.51,22.56,2.3,3.03,2.5,710928777,37.0,MOD-00618,24.5,2026-06-20T13:08:53,2026-06-20T06:08:53,https://api.quant-aq.com/v1/devices/MOD-00618/data/710928576
1050.42,468.94,"{'lat': None, 'lon': None}","{'rh': 37.0, 'temp': 24.5, 'wd': 0.0, 'ws': 0.0, 'ws_scalar': 0.0}","{'gas': {'co': 13503, 'co2': 13265, 'no': 13591, 'no2': 13770, 'o3': 13750}, 'pm': {'pm1': 13215, 'pm10': 13217, 'pm25': 13216}}",4.26,12.16,22.84,2.75,3.34,3.02,710928776,37.0,MOD-00618,24.5,2026-06-20T13:07:53,2026-06-20T06:07:53,https://api.quant-aq.com/v1/devices/MOD-00618/data/710928577
1053.7,466.3,"{'lat': None, 'lon': None}","{'rh': 37.0, 'temp': 24.5, 'wd': 0.0, 'ws': 0.0, 'ws_scalar': 0.0}","{'gas': {'co': 13503, 'co2': 13265, 'no': 13591, 'no2': 13770, 'o3': 13750}, 'pm': {'pm1': 13215, 'pm10': 13217, 'pm25': 13216}}",4.26,18.51,23.11,2.57,8.43,2.82,710928775,37.0,MOD-00618,24.5,2026-06-20T13:06:53,2026-06-20T06:06:53,https://api.quant-aq.com/v1/devices/MOD-00618/data/710928574
1050.01,464.61,"{'lat': None, 'lon': None}","{'rh': 37.0, 'temp': 24.5, 'wd': 0.0, 'ws': 0.0, 'ws_scalar': 0.0}","{'gas': {'co': 13503, 'co2': 13265, 'no': 13591, 'no2': 13770, 'o3': 13750}, 'pm': {'pm1': 13215, 'pm10': 13217, 'pm25': 13216}}",4.26,12.08,22.56,2.67,3.49,2.9,710928752,37.0,MOD-00618,24.5,2026-06-20T13:05:53,2026-06-20T06:05:53,https://api.quant-aq.com/v1/devices/MOD-00618/data/710928551
1050.42,464.73,"{'lat': None, 'lon': None}","{'rh': 37.0, 'temp': 24.5, 'wd': 0.0, 'ws': 0.0, 'ws_scalar': 0.0}","{'gas': {'co': 13503, 'co2': 13265, 'no': 13591, 'no2': 13770, 'o3': 13750}, 'pm': {'pm1': 13215, 'pm10': 13217, 'pm25': 13216}}",4.26,12.16,22.84,2.74,2.9,2.9,710928754,37.0,MOD-00618,24.5,2026-06-20T13:04:53,2026-06-20T06:04:53,https://api.quant-aq.com/v1/devices/MOD-00618/data/710928553
1049.18,465.93,"{'lat': None, 'lon': None}","{'rh': 37.0, 'temp': 24.5, 'wd': 0.0, 'ws': 0.0, 'ws_scalar': 0.0}","{'gas': {'co': 13503, 'co2': 13265, 'no': 13591, 'no2': 13770, 'o3': 13750}, 'pm': {'pm1': 13215, 'pm10': 13217, 'pm25': 13216}}",4.26,21.33,22.29,2.23,2.43,2.43,710928753,37.0,MOD-00618,24.5,2026-06-20T13:03:53,2026-06-20T06:03:53,https://api.quant-aq.com/v1/devices/MOD-00618/data/710928552
1050.83,464.97,"{'lat': None, 'lon': None}","{'rh': 37.0, 'temp': 24.5, 'wd': 0.0, 'ws': 0.0, 'ws_scalar': 0.0}","{'gas': {'co': 13503, 'co2': 13265, 'no': 13591, 'no2': 13770, 'o3': 13750}, 'pm': {'pm1': 13215, 'pm10': 13217, 'pm25': 13216}}",4.26,12.16,23.11,2.65,2.92,2.88,710928756,37.0,MOD-00618,24.5,2026-06-20T13:02:53,2026-06-20T06:02:53,https://api.quant-aq.com/v1/devices/MOD-00618/data/710928555
1051.24,466.17,"{'lat': None, 'lon': None}","{'rh': 37.0, 'temp': 24.5, 'wd': 0.0, 'ws': 0.0, 'ws_scalar': 0.0}","{'gas': {'co': 13503, 'co2': 13265, 'no': 13591, 'no2': 13770, 'o3': 13750}, 'pm': {'pm1': 13215, 'pm10': 13217, 'pm25': 13216}}",4.26,21.33,22.56,2.69,2.99,2.94,710928755,37.0,MOD-00618,24.5,2026-06-20T13:01:53,2026-06-20T06:01:53,https://api.quant-aq.com/v1/devices/MOD-00618/data/710928554
1050.83,464.97,"{'lat': None, 'lon': None}","{'rh': 37.0, 'temp': 24.5, 'wd': 0.0, 'ws': 0.0, 'ws_scalar': 0.0}","{'gas': {'co': 13503, 'co2': 13265, 'no': 13591, 'no2': 13770, 'o3': 13750}, 'pm': {'pm1': 13215, 'pm10': 13217, 'pm25': 13216}}",4.26,12.16,22.84,2.22,2.36,2.36,710928729,37.0,MOD-00618,24.5,2026-06-20T13:00:53,2026-06-20T06:00:53,https://api.quant-aq.com/v1/devices/MOD-00618/data/710928526
1052.47,464.49,"{'lat': None, 'lon': None}","{'rh': 37.0, 'temp': 24.5, 'wd': 0.0, 'ws': 0.0, 'ws_scalar': 0.0}","{'gas': {'co': 13503, 'co2': 13265, 'no': 13591, 'no2': 13770, 'o3': 13750}, 'pm': {'pm1': 13215, 'pm10': 13217, 'pm25': 13216}}",4.26,18.51,23.38,2.32,3.02,2.5,710928728,37.0,MOD-00618,24.5,2026-06-20T12:59:53,2026-06-20T05:59:53,https://api.quant-aq.com/v1/devices/MOD-00618/data/710928527
1051.24,468.46,"{'lat': None, 'lon': None}","{'rh': 37.0, 'temp': 24.5, 'wd': 0.0, 'ws': 0.0, 'ws_scalar': 0.0}","{'gas': {'co': 13503, 'co2': 13265, 'no': 13591, 'no2': 13770, 'o3': 13750}, 'pm': {'pm1': 13215, 'pm10': 13217, 'pm25': 13216}}",4.26,18.51,22.84,2.73,3.57,2.95,710928730,37.0,MOD-00618,24.5,2026-06-20T12:58:53,2026-06-20T05:58:53,https://api.quant-aq.com/v1/devices/MOD-00618/data/710928529
1049.18,467.86,"{'lat': None, 'lon': None}","{'rh': 37.0, 'temp': 24.5, 'wd': 0.0, 'ws': 0.0, 'ws_scalar': 0.0}","{'gas': {'co': 13503, 'co2': 13265, 'no': 13591, 'no2': 13770, 'o3': 13750}, 'pm': {'pm1': 13215, 'pm10': 13217, 'pm25': 13216}}",4.26,12.08,22.84,3.16,3.42,3.37,710928727,37.0,MOD-00618,24.5,2026-06-20T12:57:53,2026-06-20T05:57:53,https://api.quant-aq.com/v1/devices/MOD-00618/data/710928528
1047.54,468.46,"{'lat': None, 'lon': None}","{'rh': 37.0, 'temp': 24.5, 'wd': 0.0, 'ws': 0.0, 'ws_scalar': 0.0}","{'gas': {'co': 13503, 'co2': 13265, 'no': 13591, 'no2': 13770, 'o3': 13750}, 'pm': {'pm1': 13215, 'pm10': 13217, 'pm25': 13216}}",4.26,12.16,23.11,3.27,3.43,3.43,710928726,37.0,MOD-00618,24.5,2026-06-20T12:56:53,2026-06-20T05:56:53,https://api.quant-aq.com/v1/devices/MOD-00618/data/710928525
1045.49,468.34,"{'lat': None, 'lon': None}","{'rh': 37.0, 'temp': 24.5, 'wd': 0.0, 'ws': 0.0, 'ws_scalar': 0.0}","{'gas': {'co': 13503, 'co2': 13265, 'no': 13591, 'no2': 13770, 'o3': 13750}, 'pm': {'pm1': 13215, 'pm10': 13217, 'pm25': 13216}}",4.26,18.51,22.84,2.82,3.53,2.99,710928709,37.0,MOD-00618,24.5,2026-06-20T12:55:53,2026-06-20T05:55:53,https://api.quant-aq.com/v1/devices/MOD-00618/data/710928508
1053.7,468.82,"{'lat': None, 'lon': None}","{'rh': 37.0, 'temp': 24.5, 'wd': 0.0, 'ws': 0.0, 'ws_scalar': 0.0}","{'gas': {'co': 13503, 'co2': 13265, 'no': 13591, 'no2': 13770, 'o3': 13750}, 'pm': {'pm1': 13215, 'pm10': 13217, 'pm25': 13216}}",4.26,12.08,22.56,2.73,3.13,2.94,710928708,37.0,MOD-00618,24.5,2026-06-20T12:54:53,2026-06-20T05:54:53,https://api.quant-aq.com/v1/devices/MOD-00618/data/710928507
1056.98,467.86,"{'lat': None, 'lon': None}","{'rh': 37.0, 'temp': 24.5, 'wd': 0.0, 'ws': 0.0, 'ws_scalar': 0.0}","{'gas': {'co': 13503, 'co2': 13265, 'no': 13591, 'no2': 13770, 'o3': 13750}, 'pm': {'pm1': 13215, 'pm10': 13217, 'pm25': 13216}}",4.26,12.08,22.84,2.57,2.79,2.74,710928711,37.0,MOD-00618,24.5,2026-06-20T12:53:53,2026-06-20T05:53:53,https://api.quant-aq.com/v1/devices/MOD-00618/data/710928510
1053.7,467.38,"{'lat': None, 'lon': None}","{'rh': 37.0, 'temp': 24.5, 'wd': 0.0, 'ws': 0.0, 'ws_scalar': 0.0}","{'gas': {'co': 13503, 'co2': 13265, 'no': 13591, 'no2': 13770, 'o3': 13750}, 'pm': {'pm1': 13215, 'pm10': 13217, 'pm25': 13216}}",4.32,21.33,22.84,2.35,3.31,2.65,710928710,37.0,MOD-00618,24.5,2026-06-20T12:52:53,2026-06-20T05:52:53,https://api.quant-aq.com/v1/devices/MOD-00618/data/710928509
1050.83,467.5,"{'lat': None, 'lon': None}","{'rh': 37.0, 'temp': 24.5, 'wd': 0.0, 'ws': 0.0, 'ws_scalar': 0.0}","{'gas': {'co': 13503, 'co2': 13265, 'no': 13591, 'no2': 13770, 'o3': 13750}, 'pm': {'pm1': 13215, 'pm10': 13217, 'pm25': 13216}}",4.26,12.08,22.84,2.51,2.84,2.75,710928682,37.0,MOD-00618,24.5,2026-06-20T12:51:53,2026-06-20T05:51:53,https://api.quant-aq.com/v1/devices/MOD-00618/data/710928481
1046.72,469.31,"{'lat': None, 'lon': None}","{'rh': 37.0, 'temp': 24.5, 'wd': 0.0, 'ws': 0.0, 'ws_scalar': 0.0}","{'gas': {'co': 13503, 'co2': 13265, 'no': 13591, 'no2': 13770, 'o3': 13750}, 'pm': {'pm1': 13215, 'pm10': 13217, 'pm25': 13216}}",4.26,18.51,22.56,2.74,3.26,2.98,710928683,37.0,MOD-00618,24.5,2026-06-20T12:50:53,2026-06-20T05:50:53,https://api.quant-aq.com/v1/devices/MOD-00618/data/710928482
1052.88,470.87,"{'lat': None, 'lon': None}","{'rh': 37.0, 'temp': 24.5, 'wd': 0.0, 'ws': 0.0, 'ws_scalar': 0.0}","{'gas': {'co': 13503, 'co2': 13265, 'no': 13591, 'no2': 13770, 'o3': 13750}, 'pm': {'pm1': 13215, 'pm10': 13217, 'pm25': 13216}}",4.26,11.25,23.38,2.57,2.94,2.85,710928684,37.0,MOD-00618,24.5,2026-06-20T12:49:53,2026-06-20T05:49:53,https://api.quant-aq.com/v1/devices/MOD-00618/data/710928483
1052.47,469.67,"{'lat': None, 'lon': None}","{'rh': 37.0, 'temp': 24.5, 'wd': 0.0, 'ws': 0.0, 'ws_scalar': 0.0}","{'gas': {'co': 13503, 'co2': 13265, 'no': 13591, 'no2': 13770, 'o3': 13750}, 'pm': {'pm1': 13215, 'pm10': 13217, 'pm25': 13216}}",4.26,11.25,22.84,2.48,2.89,2.79,710928681,37.0,MOD-00618,24.5,2026-06-20T12:48:53,2026-06-20T05:48:53,https://api.quant-aq.com/v1/devices/MOD-00618/data/710928480
1051.24,468.58,"{'lat': None, 'lon': None}","{'rh': 37.0, 'temp': 24.5, 'wd': 0.0, 'ws': 0.0, 'ws_scalar': 0.0}","{'gas': {'co': 13503, 'co2': 13265, 'no': 13591, 'no2': 13770, 'o3': 13750}, 'pm': {'pm1': 13215, 'pm10': 13217, 'pm25': 13216}}",4.26,12.08,22.56,2.14,2.45,2.4,710928668,37.0,MOD-00618,24.5,2026-06-20T12:47:53,2026-06-20T05:47:53,https://api.quant-aq.com/v1/devices/MOD-00618/data/710928467
1052.47,469.43,"{'lat': None, 'lon': None}","{'rh': 37.0, 'temp': 24.5, 'wd': 0.0, 'ws': 0.0, 'ws_scalar': 0.0}","{'gas': {'co': 13503, 'co2': 13265, 'no': 13591, 'no2': 13770, 'o3': 13750}, 'pm': {'pm1': 13215, 'pm10': 13217, 'pm25': 13216}}",4.26,18.51,22.56,2.82,3.2,3.07,710928667,37.0,MOD-00618,24.5,2026-06-20T12:46:53,2026-06-20T05:46:53,https://api.quant-aq.com/v1/devices/MOD-00618/data/710928466
1056.16,466.9,"{'lat': None, 'lon': None}","{'rh': 37.0, 'temp': 24.5, 'wd': 0.0, 'ws': 0.0, 'ws_scalar': 0.0}","{'gas': {'co': 13503, 'co2': 13265, 'no': 13591, 'no2': 13770, 'o3': 13750}, 'pm': {'pm1': 13215, 'pm10': 13217, 'pm25': 13216}}",4.26,12.16,22.84,2.28,2.75,2.52,710928665,37.0,MOD-00618,24.5,2026-06-20T12:45:53,2026-06-20T05:45:53,https://api.quant-aq.com/v1/devices/MOD-00618/data/710928464
1052.47,470.39,"{'lat': None, 'lon': None}","{'rh': 37.0, 'temp': 24.5, 'wd': 0.0, 'ws': 0.0, 'ws_scalar': 0.0}","{'gas': {'co': 13503, 'co2': 13265, 'no': 13591, 'no2': 13770, 'o3': 13750}, 'pm': {'pm1': 13215, 'pm10': 13217, 'pm25': 13216}}",4.26,12.16,22.56,2.53,3.27,2.73,710928666,37.0,MOD-00618,24.5,2026-06-20T12:44:53,2026-06-20T05:44:53,https://api.quant-aq.com/v1/devices/MOD-00618/data/710928465
1055.75,469.07,"{'lat': None, 'lon': None}","{'rh': 37.0, 'temp': 24.5, 'wd': 0.0, 'ws': 0.0, 'ws_scalar': 0.0}","{'gas': {'co': 13503, 'co2': 13265, 'no': 13591, 'no2': 13770, 'o3': 13750}, 'pm': {'pm1': 13215, 'pm10': 13217, 'pm25': 13216}}",4.32,18.51,22.84,2.44,2.63,2.63,710928656,37.0,MOD-00618,24.5,2026-06-20T12:43:53,2026-06-20T05:43:53,https://api.quant-aq.com/v1/devices/MOD-00618/data/710928454
1054.93,471.11,"{'lat': None, 'lon': None}","{'rh': 37.0, 'temp': 24.5, 'wd': 0.0, 'ws': 0.0, 'ws_scalar': 0.0}","{'gas': {'co': 13503, 'co2': 13265, 'no': 13591, 'no2': 13770, 'o3': 13750}, 'pm': {'pm1': 13215, 'pm10': 13217, 'pm25': 13216}}",4.26,12.08,23.11,2.67,3.06,2.85,710928652,37.0,MOD-00618,24.5,2026-06-20T12:42:53,2026-06-20T05:42:53,https://api.quant-aq.com/v1/devices/MOD-00618/data/710928452
1060.68,472.92,"{'lat': None, 'lon': None}","{'rh': 37.0, 'temp': 24.5, 'wd': 0.0, 'ws': 0.0, 'ws_scalar': 0.0}","{'gas': {'co': 13503, 'co2': 13265, 'no': 13591, 'no2': 13770, 'o3': 13750}, 'pm': {'pm1': 13215, 'pm10': 13217, 'pm25': 13216}}",4.26,12.08,22.84,2.4,3.23,2.68,710928658,37.0,MOD-00618,24.5,2026-06-20T12:41:53,2026-06-20T05:41:53,https://api.quant-aq.com/v1/devices/MOD-00618/data/710928456
1056.57,468.34,"{'lat': None, 'lon': None}","{'rh': 37.0, 'temp': 24.5, 'wd': 0.0, 'ws': 0.0, 'ws_scalar': 0.0}","{'gas': {'co': 13503, 'co2': 13265, 'no': 13591, 'no2': 13770, 'o3': 13750}, 'pm': {'pm1': 13215, 'pm10': 13217, 'pm25': 13216}}",4.26,12.08,23.11,2.89,3.1,3.1,710928660,37.0,MOD-00618,24.5,2026-06-20T12:40:53,2026-06-20T05:40:53,https://api.quant-aq.com/v1/devices/MOD-00618/data/710928459
1058.63,473.28,"{'lat': None, 'lon': None}","{'rh': 37.0, 'temp': 24.5, 'wd': 0.0, 'ws': 0.0, 'ws_scalar': 0.0}","{'gas': {'co': 13503, 'co2': 13265, 'no': 13591, 'no2': 13770, 'o3': 13750}, 'pm': {'pm1': 13215, 'pm10': 13217, 'pm25': 13216}}",4.26,18.51,22.84,3.05,3.75,3.24,710928654,37.0,MOD-00618,24.5,2026-06-20T12:39:53,2026-06-20T05:39:53,https://api.quant-aq.com/v1/devices/MOD-00618/data/710928457
1054.93,466.78,"{'lat': None, 'lon': None}","{'rh': 37.0, 'temp': 24.5, 'wd': 0.0, 'ws': 0.0, 'ws_scalar': 0.0}","{'gas': {'co': 13503, 'co2': 13265, 'no': 13591, 'no2': 13770, 'o3': 13750}, 'pm': {'pm1': 13215, 'pm10': 13217, 'pm25': 13216}}",4.26,12.16,23.11,2.25,2.47,2.43,710928619,37.0,MOD-00618,24.5,2026-06-20T12:38:53,2026-06-20T05:38:53,https://api.quant-aq.com/v1/devices/MOD-00618/data/710928419
1057.39,472.92,"{'lat': None, 'lon': None}","{'rh': 37.0, 'temp': 24.5, 'wd': 0.0, 'ws': 0.0, 'ws_scalar': 0.0}","{'gas': {'co': 13503, 'co2': 13265, 'no': 13591, 'no2': 13770, 'o3': 13750}, 'pm': {'pm1': 13215, 'pm10': 13217, 'pm25': 13216}}",4.26,12.16,22.84,2.67,2.9,2.9,710928620,37.0,MOD-00618,24.5,2026-06-20T12:37:53,2026-06-20T05:37:53,https://api.quant-aq.com/v1/devices/MOD-00618/data/710928418
1059.45,470.99,"{'lat': None, 'lon': None}","{'rh': 37.0, 'temp': 24.5, 'wd': 0.0, 'ws': 0.0, 'ws_scalar': 0.0}","{'gas': {'co': 13503, 'co2': 13265, 'no': 13591, 'no2': 13770, 'o3': 13750}, 'pm': {'pm1': 13215, 'pm10': 13217, 'pm25': 13216}}",4.26,18.51,22.56,2.73,4.66,2.94,710928616,37.0,MOD-00618,24.5,2026-06-20T12:36:53,2026-06-20T05:36:53,https://api.quant-aq.com/v1/devices/MOD-00618/data/710928415
1057.8,472.2,"{'lat': None, 'lon': None}","{'rh': 37.0, 'temp': 24.5, 'wd': 0.0, 'ws': 0.0, 'ws_scalar': 0.0}","{'gas': {'co': 13503, 'co2': 13265, 'no': 13591, 'no2': 13770, 'o3': 13750}, 'pm': {'pm1': 13215, 'pm10': 13217, 'pm25': 13216}}",4.26,11.25,22.56,2.2,2.55,2.46,710928617,37.0,MOD-00618,24.5,2026-06-20T12:35:53,2026-06-20T05:35:53,https://api.quant-aq.com/v1/devices/MOD-00618/data/710928416
1060.68,471.11,"{'lat': None, 'lon': None}","{'rh': 37.0, 'temp': 24.5, 'wd': 0.0, 'ws': 0.0, 'ws_scalar': 0.0}","{'gas': {'co': 13503, 'co2': 13265, 'no': 13591, 'no2': 13770, 'o3': 13750}, 'pm': {'pm1': 13215, 'pm10': 13217, 'pm25': 13216}}",4.32,12.16,22.29,2.5,2.68,2.68,710928618,37.0,MOD-00618,24.5,2026-06-20T12:34:53,2026-06-20T05:34:53,https://api.quant-aq.com/v1/devices/MOD-00618/data/710928417
1054.11,474.61,"{'lat': None, 'lon': None}","{'rh': 37.0, 'temp': 24.5, 'wd': 0.0, 'ws': 0.0, 'ws_scalar': 0.0}","{'gas': {'co': 13503, 'co2': 13265, 'no': 13591, 'no2': 13770, 'o3': 13750}, 'pm': {'pm1': 13215, 'pm10': 13217, 'pm25': 13216}}",4.26,21.33,23.11,2.9,3.24,3.06,710928600,37.0,MOD-00618,24.5,2026-06-20T12:33:53,2026-06-20T05:33:53,https://api.quant-aq.com/v1/devices/MOD-00618/data/710928400
1059.04,472.08,"{'lat': None, 'lon': None}","{'rh': 37.0, 'temp': 24.5, 'wd': 0.0, 'ws': 0.0, 'ws_scalar': 0.0}","{'gas': {'co': 13503, 'co2': 13265, 'no': 13591, 'no2': 13770, 'o3': 13750}, 'pm': {'pm1': 13215, 'pm10': 13217, 'pm25': 13216}}",4.26,12.08,23.11,3.0,3.72,3.24,710928599,37.0,MOD-00618,24.5,2026-06-20T12:32:53,2026-06-20T05:32:53,https://api.quant-aq.com/v1/devices/MOD-00618/data/710928398
1056.16,474.12,"{'lat': None, 'lon': None}","{'rh': 37.0, 'temp': 24.5, 'wd': 0.0, 'ws': 0.0, 'ws_scalar': 0.0}","{'gas': {'co': 13503, 'co2': 13265, 'no': 13591, 'no2': 13770, 'o3': 13750}, 'pm': {'pm1': 13215, 'pm10': 13217, 'pm25': 13216}}",4.26,12.16,22.56,3.09,3.63,3.27,710928597,37.0,MOD-00618,24.5,2026-06-20T12:31:53,2026-06-20T05:31:53,https://api.quant-aq.com/v1/devices/MOD-00618/data/710928397
1059.45,471.11,"{'lat': None, 'lon': None}","{'rh': 37.0, 'temp': 24.5, 'wd': 0.0, 'ws': 0.0, 'ws_scalar': 0.0}","{'gas': {'co': 13503, 'co2': 13265, 'no': 13591, 'no2': 13770, 'o3': 13750}, 'pm': {'pm1': 13215, 'pm10': 13217, 'pm25': 13216}}",4.26,12.16,22.84,2.7,2.99,2.94,710928598,37.0,MOD-00618,24.5,2026-06-20T12:30:53,2026-06-20T05:30:53,https://api.quant-aq.com/v1/devices/MOD-00618/data/710928396
1059.04,472.2,"{'lat': None, 'lon': None}","{'rh': 37.0, 'temp': 24.5, 'wd': 0.0, 'ws': 0.0, 'ws_scalar': 0.0}","{'gas': {'co': 13503, 'co2': 13265, 'no': 13591, 'no2': 13770, 'o3': 13750}, 'pm': {'pm1': 13215, 'pm10': 13217, 'pm25': 13216}}",4.26,12.16,23.11,2.66,3.44,2.83,710928581,37.0,MOD-00618,24.5,2026-06-20T12:29:53,2026-06-20T05:29:53,https://api.quant-aq.com/v1/devices/MOD-00618/data/710928382
1065.19,473.04,"{'lat': None, 'lon': None}","{'rh': 37.0, 'temp': 24.5, 'wd': 0.0, 'ws': 0.0, 'ws_scalar': 0.0}","{'gas': {'co': 13503, 'co2': 13265, 'no': 13591, 'no2': 13770, 'o3': 13750}, 'pm': {'pm1': 13215, 'pm10': 13217, 'pm25': 13216}}",4.26,12.16,22.29,2.91,3.1,3.1,710928577,37.0,MOD-00618,24.5,2026-06-20T12:28:53,2026-06-20T05:28:53,https://api.quant-aq.com/v1/devices/MOD-00618/data/710928376
1060.2,473.04,"{'lat': None, 'lon': None}","{'rh': 37.1, 'temp': 24.5, 'wd': 0.0, 'ws': 0.0, 'ws_scalar': 0.0}","{'gas': {'co': 13503, 'co2': 13265, 'no': 13591, 'no2': 13770, 'o3': 13750}, 'pm': {'pm1': 13215, 'pm10': 13217, 'pm25': 13216}}",4.26,11.97,22.8,2.65,3.05,2.82,710928576,37.1,MOD-00618,24.5,2026-06-20T12:27:53,2026-06-20T05:27:53,https://api.quant-aq.com/v1/devices/MOD-00618/data/710928375
1060.27,473.64,"{'lat': None, 'lon': None}","{'rh': 37.0, 'temp': 24.5, 'wd': 0.0, 'ws': 0.0, 'ws_scalar': 0.0}","{'gas': {'co': 13503, 'co2': 13265, 'no': 13591, 'no2': 13770, 'o3': 13750}, 'pm': {'pm1': 13215, 'pm10': 13217, 'pm25': 13216}}",4.32,12.16,22.84,2.62,3.04,2.81,710928579,37.0,MOD-00618,24.5,2026-06-20T12:26:53,2026-06-20T05:26:53,https://api.quant-aq.com/v1/devices/MOD-00618/data/710928379
1059.45,474.0,"{'lat': None, 'lon': None}","{'rh': 37.0, 'temp': 24.5, 'wd': 0.0, 'ws': 0.0, 'ws_scalar': 0.0}","{'gas': {'co': 13503, 'co2': 13265, 'no': 13591, 'no2': 13770, 'o3': 13750}, 'pm': {'pm1': 13215, 'pm10': 13217, 'pm25': 13216}}",4.26,11.25,23.38,3.09,3.62,3.31,710928560,37.0,MOD-00618,24.5,2026-06-20T12:25:53,2026-06-20T05:25:53,https://api.quant-aq.com/v1/devices/MOD-00618/data/710928359
1061.84,470.63,"{'lat': None, 'lon': None}","{'rh': 37.1, 'temp': 24.5, 'wd': 0.0, 'ws': 0.0, 'ws_scalar': 0.0}","{'gas': {'co': 13503, 'co2': 13265, 'no': 13591, 'no2': 13770, 'o3': 13750}, 'pm': {'pm1': 13215, 'pm10': 13217, 'pm25': 13216}}",4.27,18.9,22.8,2.85,3.06,3.02,710928561,37.1,MOD-00618,24.5,2026-06-20T12:24:53,2026-06-20T05:24:53,https://api.quant-aq.com/v1/devices/MOD-00618/data/710928360
1057.39,476.29,"{'lat': None, 'lon': None}","{'rh': 37.0, 'temp': 24.5, 'wd': 0.0, 'ws': 0.0, 'ws_scalar': 0.0}","{'gas': {'co': 13503, 'co2': 13265, 'no': 13591, 'no2': 13770, 'o3': 13750}, 'pm': {'pm1': 13215, 'pm10': 13217, 'pm25': 13216}}",4.26,12.16,22.56,2.81,6.66,2.99,710928563,37.0,MOD-00618,24.5,2026-06-20T12:23:53,2026-06-20T05:23:53,https://api.quant-aq.com/v1/devices/MOD-00618/data/710928362
1061.43,476.53,"{'lat': None, 'lon': None}","{'rh': 37.1, 'temp': 24.5, 'wd': 0.0, 'ws': 0.0, 'ws_scalar': 0.0}","{'gas': {'co': 13503, 'co2': 13265, 'no': 13591, 'no2': 13770, 'o3': 13750}, 'pm': {'pm1': 13215, 'pm10': 13217, 'pm25': 13216}}",4.27,12.04,23.08,2.91,3.68,3.12,710928562,37.1,MOD-00618,24.5,2026-06-20T12:22:53,2026-06-20T05:22:53,https://api.quant-aq.com/v1/devices/MOD-00618/data/710928361
1061.43,476.17,"{'lat': None, 'lon': None}","{'rh': 37.1, 'temp': 24.5, 'wd': 0.0, 'ws': 0.0, 'ws_scalar': 0.0}","{'gas': {'co': 13503, 'co2': 13265, 'no': 13591, 'no2': 13770, 'o3': 13750}, 'pm': {'pm1': 13215, 'pm10': 13217, 'pm25': 13216}}",4.27,12.04,23.35,2.33,2.8,2.52,710928541,37.1,MOD-00618,24.5,2026-06-20T12:21:53,2026-06-20T05:21:53,https://api.quant-aq.com/v1/devices/MOD-00618/data/710928339
1060.61,474.49,"{'lat': None, 'lon': None}","{'rh': 37.1, 'temp': 24.5, 'wd': 0.0, 'ws': 0.0, 'ws_scalar': 0.0}","{'gas': {'co': 13503, 'co2': 13265, 'no': 13591, 'no2': 13770, 'o3': 13750}, 'pm': {'pm1': 13215, 'pm10': 13217, 'pm25': 13216}}",4.27,12.04,22.8,2.61,3.1,2.96,710928540,37.1,MOD-00618,24.5,2026-06-20T12:20:53,2026-06-20T05:20:53,https://api.quant-aq.com/v1/devices/MOD-00618/data/710928340
1058.14,471.71,"{'lat': None, 'lon': None}","{'rh': 37.1, 'temp': 24.5, 'wd': 0.0, 'ws': 0.0, 'ws_scalar': 0.0}","{'gas': {'co': 13503, 'co2': 13265, 'no': 13591, 'no2': 13770, 'o3': 13750}, 'pm': {'pm1': 13215, 'pm10': 13217, 'pm25': 13216}}",4.26,12.04,22.8,2.19,3.21,2.47,710928542,37.1,MOD-00618,24.5,2026-06-20T12:19:53,2026-06-20T05:19:53,https://api.quant-aq.com/v1/devices/MOD-00618/data/710928341
1061.84,476.41,"{'lat': None, 'lon': None}","{'rh': 37.1, 'temp': 24.5, 'wd': 0.0, 'ws': 0.0, 'ws_scalar': 0.0}","{'gas': {'co': 13503, 'co2': 13265, 'no': 13591, 'no2': 13770, 'o3': 13750}, 'pm': {'pm1': 13215, 'pm10': 13217, 'pm25': 13216}}",4.27,12.12,22.8,2.31,2.68,2.5,710928539,37.1,MOD-00618,24.5,2026-06-20T12:18:53,2026-06-20T05:18:53,https://api.quant-aq.com/v1/devices/MOD-00618/data/710928338
1059.86,474.0,"{'lat': None, 'lon': None}","{'rh': 37.0, 'temp': 24.5, 'wd': 0.0, 'ws': 0.0, 'ws_scalar': 0.0}","{'gas': {'co': 13503, 'co2': 13265, 'no': 13591, 'no2': 13770, 'o3': 13750}, 'pm': {'pm1': 13215, 'pm10': 13217, 'pm25': 13216}}",4.32,12.16,22.56,2.44,2.69,2.64,710928521,37.0,MOD-00618,24.5,2026-06-20T12:17:53,2026-06-20T05:17:53,https://api.quant-aq.com/v1/devices/MOD-00618/data/710928319
1065.94,473.52,"{'lat': None, 'lon': None}","{'rh': 37.1, 'temp': 24.5, 'wd': 0.0, 'ws': 0.0, 'ws_scalar': 0.0}","{'gas': {'co': 13503, 'co2': 13265, 'no': 13591, 'no2': 13770, 'o3': 13750}, 'pm': {'pm1': 13215, 'pm10': 13217, 'pm25': 13216}}",4.27,18.9,23.35,2.55,2.64,2.64,710928518,37.1,MOD-00618,24.5,2026-06-20T12:16:53,2026-06-20T05:16:53,https://api.quant-aq.com/v1/devices/MOD-00618/data/710928317
1058.55,473.64,"{'lat': None, 'lon': None}","{'rh': 37.1, 'temp': 24.5, 'wd': 0.0, 'ws': 0.0, 'ws_scalar': 0.0}","{'gas': {'co': 13503, 'co2': 13265, 'no': 13591, 'no2': 13770, 'o3': 13750}, 'pm': {'pm1': 13215, 'pm10': 13217, 'pm25': 13216}}",4.27,12.04,22.26,2.89,3.18,3.05,710928519,37.1,MOD-00618,24.5,2026-06-20T12:15:53,2026-06-20T05:15:53,https://api.quant-aq.com/v1/devices/MOD-00618/data/710928318
1060.68,471.71,"{'lat': None, 'lon': None}","{'rh': 37.0, 'temp': 24.5, 'wd': 0.0, 'ws': 0.0, 'ws_scalar': 0.0}","{'gas': {'co': 13503, 'co2': 13265, 'no': 13591, 'no2': 13770, 'o3': 13750}, 'pm': {'pm1': 13215, 'pm10': 13217, 'pm25': 13216}}",4.26,12.16,22.84,2.54,3.21,2.69,710928520,37.0,MOD-00618,24.5,2026-06-20T12:14:53,2026-06-20T05:14:53,https://api.quant-aq.com/v1/devices/MOD-00618/data/710928320
1068.1,474.49,"{'lat': None, 'lon': None}","{'rh': 37.1, 'temp': 24.6, 'wd': 0.0, 'ws': 0.0, 'ws_scalar': 0.0}","{'gas': {'co': 13503, 'co2': 13265, 'no': 13591, 'no2': 13770, 'o3': 13750}, 'pm': {'pm1': 13215, 'pm10': 13217, 'pm25': 13216}}",4.27,11.23,22.28,2.2,2.44,2.39,710928517,37.1,MOD-00618,24.6,2026-06-20T12:13:53,2026-06-20T05:13:53,https://api.quant-aq.com/v1/devices/MOD-00618/data/710928314
1062.77,475.09,"{'lat': None, 'lon': None}","{'rh': 37.1, 'temp': 24.6, 'wd': 0.0, 'ws': 0.0, 'ws_scalar': 0.0}","{'gas': {'co': 13503, 'co2': 13265, 'no': 13591, 'no2': 13770, 'o3': 13750}, 'pm': {'pm1': 13215, 'pm10': 13217, 'pm25': 13216}}",4.27,18.7,22.82,2.61,2.79,2.79,710928487,37.1,MOD-00618,24.6,2026-06-20T12:12:53,2026-06-20T05:12:53,https://api.quant-aq.com/v1/devices/MOD-00618/data/710928286
1062.02,475.21,"{'lat': None, 'lon': None}","{'rh': 37.0, 'temp': 24.6, 'wd': 0.0, 'ws': 0.0, 'ws_scalar': 0.0}","{'gas': {'co': 13503, 'co2': 13265, 'no': 13591, 'no2': 13770, 'o3': 13750}, 'pm': {'pm1': 13215, 'pm10': 13217, 'pm25': 13216}}",4.32,13.15,22.86,3.04,3.22,3.22,710928486,37.0,MOD-00618,24.6,2026-06-20T12:11:53,2026-06-20T05:11:53,https://api.quant-aq.com/v1/devices/MOD-00618/data/710928285
1068.1,473.04,"{'lat': None, 'lon': None}","{'rh': 37.1, 'temp': 24.6, 'wd': 0.0, 'ws': 0.0, 'ws_scalar': 0.0}","{'gas': {'co': 13503, 'co2': 13265, 'no': 13591, 'no2': 13770, 'o3': 13750}, 'pm': {'pm1': 13215, 'pm10': 13217, 'pm25': 13216}}",4.27,12.07,23.1,2.69,3.08,2.86,710928485,37.1,MOD-00618,24.6,2026-06-20T12:10:53,2026-06-20T05:10:53,https://api.quant-aq.com/v1/devices/MOD-00618/data/710928284
1067.35,476.17,"{'lat': None, 'lon': None}","{'rh': 37.0, 'temp': 24.6, 'wd': 0.0, 'ws': 0.0, 'ws_scalar': 0.0}","{'gas': {'co': 13503, 'co2': 13265, 'no': 13591, 'no2': 13770, 'o3': 13750}, 'pm': {'pm1': 13215, 'pm10': 13217, 'pm25': 13216}}",4.32,12.17,22.31,2.8,3.53,2.95,710928484,37.0,MOD-00618,24.6,2026-06-20T12:09:53,2026-06-20T05:09:53,https://api.quant-aq.com/v1/devices/MOD-00618/data/710928283
1063.59,474.36,"{'lat': None, 'lon': None}","{'rh': 37.1, 'temp': 24.6, 'wd': 0.0, 'ws': 0.0, 'ws_scalar': 0.0}","{'gas': {'co': 13503, 'co2': 13265, 'no': 13591, 'no2': 13770, 'o3': 13750}, 'pm': {'pm1': 13215, 'pm10': 13217, 'pm25': 13216}}",4.27,19.17,22.82,2.6,2.92,2.83,710928488,37.1,MOD-00618,24.6,2026-06-20T12:08:53,2026-06-20T05:08:53,https://api.quant-aq.com/v1/devices/MOD-00618/data/710928287
1063.66,477.01,"{'lat': None, 'lon': None}","{'rh': 37.0, 'temp': 24.6, 'wd': 0.0, 'ws': 0.0, 'ws_scalar': 0.0}","{'gas': {'co': 13503, 'co2': 13265, 'no': 13591, 'no2': 13770, 'o3': 13750}, 'pm': {'pm1': 13215, 'pm10': 13217, 'pm25': 13216}}",4.32,13.15,22.58,2.46,2.77,2.68,710928463,37.0,MOD-00618,24.6,2026-06-20T12:07:53,2026-06-20T05:07:53,https://api.quant-aq.com/v1/devices/MOD-00618/data/710928262
1063.59,474.0,"{'lat': None, 'lon': None}","{'rh': 37.1, 'temp': 24.6, 'wd': 0.0, 'ws': 0.0, 'ws_scalar': 0.0}","{'gas': {'co': 13503, 'co2': 13265, 'no': 13591, 'no2': 13770, 'o3': 13750}, 'pm': {'pm1': 13215, 'pm10': 13217, 'pm25': 13216}}",4.27,12.07,22.55,2.15,2.46,2.38,710928461,37.1,MOD-00618,24.6,2026-06-20T12:06:53,2026-06-20T05:06:53,https://api.quant-aq.com/v1/devices/MOD-00618/data/710928261
1062.02,474.73,"{'lat': None, 'lon': None}","{'rh': 37.0, 'temp': 24.6, 'wd': 0.0, 'ws': 0.0, 'ws_scalar': 0.0}","{'gas': {'co': 13503, 'co2': 13265, 'no': 13591, 'no2': 13770, 'o3': 13750}, 'pm': {'pm1': 13215, 'pm10': 13217, 'pm25': 13216}}",4.32,11.26,23.13,2.07,2.56,2.33,710928462,37.0,MOD-00618,24.6,2026-06-20T12:05:53,2026-06-20T05:05:53,https://api.quant-aq.com/v1/devices/MOD-00618/data/710928260
1060.72,472.92,"{'lat': None, 'lon': None}","{'rh': 37.1, 'temp': 24.6, 'wd': 0.0, 'ws': 0.0, 'ws_scalar': 0.0}","{'gas': {'co': 13503, 'co2': 13265, 'no': 13591, 'no2': 13770, 'o3': 13750}, 'pm': {'pm1': 13215, 'pm10': 13217, 'pm25': 13216}}",4.27,12.07,22.55,2.55,2.97,2.79,710928459,37.1,MOD-00618,24.6,2026-06-20T12:04:53,2026-06-20T05:04:53,https://api.quant-aq.com/v1/devices/MOD-00618/data/710928258
1065.23,470.15,"{'lat': None, 'lon': None}","{'rh': 37.1, 'temp': 24.6, 'wd': 0.0, 'ws': 0.0, 'ws_scalar': 0.0}","{'gas': {'co': 13503, 'co2': 13265, 'no': 13591, 'no2': 13770, 'o3': 13750}, 'pm': {'pm1': 13215, 'pm10': 13217, 'pm25': 13216}}",4.27,12.07,23.1,2.44,2.63,2.63,710928460,37.1,MOD-00618,24.6,2026-06-20T12:03:53,2026-06-20T05:03:53,https://api.quant-aq.com/v1/devices/MOD-00618/data/710928259
1064.48,476.29,"{'lat': None, 'lon': None}","{'rh': 37.0, 'temp': 24.6, 'wd': 0.0, 'ws': 0.0, 'ws_scalar': 0.0}","{'gas': {'co': 13503, 'co2': 13265, 'no': 13591, 'no2': 13770, 'o3': 13750}, 'pm': {'pm1': 13215, 'pm10': 13217, 'pm25': 13216}}",4.32,13.15,22.86,2.49,3.19,2.69,710928381,37.0,MOD-00618,24.6,2026-06-20T12:02:53,2026-06-20T05:02:53,https://api.quant-aq.com/v1/devices/MOD-00618/data/710928180
1064.89,474.49,"{'lat': None, 'lon': None}","{'rh': 37.0, 'temp': 24.6, 'wd': 0.0, 'ws': 0.0, 'ws_scalar': 0.0}","{'gas': {'co': 13503, 'co2': 13265, 'no': 13591, 'no2': 13770, 'o3': 13750}, 'pm': {'pm1': 13215, 'pm10': 13217, 'pm25': 13216}}",4.32,12.17,22.58,2.63,3.02,2.93,710928378,37.0,MOD-00618,24.6,2026-06-20T12:01:53,2026-06-20T05:01:53,https://api.quant-aq.com/v1/devices/MOD-00618/data/710928178
1064.89,469.43,"{'lat': None, 'lon': None}","{'rh': 37.0, 'temp': 24.6, 'wd': 0.0, 'ws': 0.0, 'ws_scalar': 0.0}","{'gas': {'co': 13503, 'co2': 13265, 'no': 13591, 'no2': 13770, 'o3': 13750}, 'pm': {'pm1': 13215, 'pm10': 13217, 'pm25': 13216}}",4.32,12.17,23.13,2.57,2.75,2.75,710928377,37.0,MOD-00618,24.6,2026-06-20T12:00:53,2026-06-20T05:00:53,https://api.quant-aq.com/v1/devices/MOD-00618/data/710928176
1065.3,478.46,"{'lat': None, 'lon': None}","{'rh': 37.0, 'temp': 24.6, 'wd': 0.0, 'ws': 0.0, 'ws_scalar': 0.0}","{'gas': {'co': 13503, 'co2': 13265, 'no': 13591, 'no2': 13770, 'o3': 13750}, 'pm': {'pm1': 13215, 'pm10': 13217, 'pm25': 13216}}",4.32,11.62,22.86,3.0,3.48,3.39,710928380,37.0,MOD-00618,24.6,2026-06-20T11:59:53,2026-06-20T04:59:53,https://api.quant-aq.com/v1/devices/MOD-00618/data/710928177
1067.77,476.29,"{'lat': None, 'lon': None}","{'rh': 37.0, 'temp': 24.6, 'wd': 0.0, 'ws': 0.0, 'ws_scalar': 0.0}","{'gas': {'co': 13503, 'co2': 13265, 'no': 13591, 'no2': 13770, 'o3': 13750}, 'pm': {'pm1': 13215, 'pm10': 13217, 'pm25': 13216}}",4.32,13.15,22.86,2.38,2.73,2.54,710928379,37.0,MOD-00618,24.6,2026-06-20T11:58:53,2026-06-20T04:58:53,https://api.quant-aq.com/v1/devices/MOD-00618/data/710928179
1062.02,472.44,"{'lat': None, 'lon': None}","{'rh': 37.0, 'temp': 24.6, 'wd': 0.0, 'ws': 0.0, 'ws_scalar': 0.0}","{'gas': {'co': 13503, 'co2': 13265, 'no': 13591, 'no2': 13770, 'o3': 13750}, 'pm': {'pm1': 13215, 'pm10': 13217, 'pm25': 13216}}",4.32,11.26,22.58,2.02,2.17,2.17,710928361,37.0,MOD-00618,24.6,2026-06-20T11:57:53,2026-06-20T04:57:53,https://api.quant-aq.com/v1/devices/MOD-00618/data/710928160
1064.07,473.64,"{'lat': None, 'lon': None}","{'rh': 37.0, 'temp': 24.6, 'wd': 0.0, 'ws': 0.0, 'ws_scalar': 0.0}","{'gas': {'co': 13503, 'co2': 13265, 'no': 13591, 'no2': 13770, 'o3': 13750}, 'pm': {'pm1': 13215, 'pm10': 13217, 'pm25': 13216}}",4.32,11.26,22.86,2.37,2.52,2.52,710928363,37.0,MOD-00618,24.6,2026-06-20T11:56:53,2026-06-20T04:56:53,https://api.quant-aq.com/v1/devices/MOD-00618/data/710928162
1067.77,472.56,"{'lat': None, 'lon': None}","{'rh': 37.0, 'temp': 24.6, 'wd': 0.0, 'ws': 0.0, 'ws_scalar': 0.0}","{'gas': {'co': 13503, 'co2': 13265, 'no': 13591, 'no2': 13770, 'o3': 13750}, 'pm': {'pm1': 13215, 'pm10': 13217, 'pm25': 13216}}",4.32,12.17,22.58,2.38,2.54,2.54,710928360,37.0,MOD-00618,24.6,2026-06-20T11:55:53,2026-06-20T04:55:53,https://api.quant-aq.com/v1/devices/MOD-00618/data/710928159
1065.71,477.26,"{'lat': None, 'lon': None}","{'rh': 37.0, 'temp': 24.6, 'wd': 0.0, 'ws': 0.0, 'ws_scalar': 0.0}","{'gas': {'co': 13503, 'co2': 13265, 'no': 13591, 'no2': 13770, 'o3': 13750}, 'pm': {'pm1': 13215, 'pm10': 13217, 'pm25': 13216}}",4.32,18.25,22.86,3.09,3.47,3.34,710928362,37.0,MOD-00618,24.6,2026-06-20T11:54:53,2026-06-20T04:54:53,https://api.quant-aq.com/v1/devices/MOD-00618/data/710928161
1065.3,473.04,"{'lat': None, 'lon': None}","{'rh': 37.0, 'temp': 24.6, 'wd': 0.0, 'ws': 0.0, 'ws_scalar': 0.0}","{'gas': {'co': 13503, 'co2': 13265, 'no': 13591, 'no2': 13770, 'o3': 13750}, 'pm': {'pm1': 13215, 'pm10': 13217, 'pm25': 13216}}",4.32,13.15,22.58,2.71,2.82,2.82,710928364,37.0,MOD-00618,24.6,2026-06-20T11:53:53,2026-06-20T04:53:53,https://api.quant-aq.com/v1/devices/MOD-00618/data/710928163
1067.69,476.65,"{'lat': None, 'lon': None}","{'rh': 37.1, 'temp': 24.6, 'wd': 0.0, 'ws': 0.0, 'ws_scalar': 0.0}","{'gas': {'co': 13503, 'co2': 13265, 'no': 13591, 'no2': 13770, 'o3': 13750}, 'pm': {'pm1': 13215, 'pm10': 13217, 'pm25': 13216}}",4.27,12.07,22.82,1.84,2.5,2.08,710928359,37.1,MOD-00618,24.6,2026-06-20T11:52:53,2026-06-20T04:52:53,https://api.quant-aq.com/v1/devices/MOD-00618/data/710928158
1066.12,468.82,"{'lat': None, 'lon': None}","{'rh': 37.0, 'temp': 24.6, 'wd': 0.0, 'ws': 0.0, 'ws_scalar': 0.0}","{'gas': {'co': 13503, 'co2': 13265, 'no': 13591, 'no2': 13770, 'o3': 13750}, 'pm': {'pm1': 13215, 'pm10': 13217, 'pm25': 13216}}",4.32,12.17,22.86,2.58,2.94,2.81,710928358,37.0,MOD-00618,24.6,2026-06-20T11:51:53,2026-06-20T04:51:53,https://api.quant-aq.com/v1/devices/MOD-00618/data/710928157
1069.41,476.17,"{'lat': None, 'lon': None}","{'rh': 37.0, 'temp': 24.6, 'wd': 0.0, 'ws': 0.0, 'ws_scalar': 0.0}","{'gas': {'co': 13503, 'co2': 13265, 'no': 13591, 'no2': 13770, 'o3': 13750}, 'pm': {'pm1': 13215, 'pm10': 13217, 'pm25': 13216}}",4.32,18.25,22.86,2.34,2.5,2.5,710928357,37.0,MOD-00618,24.6,2026-06-20T11:50:53,2026-06-20T04:50:53,https://api.quant-aq.com/v1/devices/MOD-00618/data/710928156
1069.34,473.16,"{'lat': None, 'lon': None}","{'rh': 37.1, 'temp': 24.6, 'wd': 0.0, 'ws': 0.0, 'ws_scalar': 0.0}","{'gas': {'co': 13503, 'co2': 13265, 'no': 13591, 'no2': 13770, 'o3': 13750}, 'pm': {'pm1': 13215, 'pm10': 13217, 'pm25': 13216}}",4.27,12.07,22.55,2.24,2.61,2.39,710928356,37.1,MOD-00618,24.6,2026-06-20T11:49:53,2026-06-20T04:49:53,https://api.quant-aq.com/v1/devices/MOD-00618/data/710928155
1074.26,474.12,"{'lat': None, 'lon': None}","{'rh': 37.1, 'temp': 24.6, 'wd': 0.0, 'ws': 0.0, 'ws_scalar': 0.0}","{'gas': {'co': 13503, 'co2': 13265, 'no': 13591, 'no2': 13770, 'o3': 13750}, 'pm': {'pm1': 13215, 'pm10': 13217, 'pm25': 13216}}",4.27,12.14,22.28,2.33,2.73,2.51,710928339,37.1,MOD-00618,24.6,2026-06-20T11:48:53,2026-06-20T04:48:53,https://api.quant-aq.com/v1/devices/MOD-00618/data/710928137
1061.95,474.61,"{'lat': None, 'lon': None}","{'rh': 37.1, 'temp': 24.6, 'wd': 0.0, 'ws': 0.0, 'ws_scalar': 0.0}","{'gas': {'co': 13503, 'co2': 13265, 'no': 13591, 'no2': 13770, 'o3': 13750}, 'pm': {'pm1': 13215, 'pm10': 13217, 'pm25': 13216}}",4.27,12.14,22.82,2.34,2.52,2.52,710928341,37.1,MOD-00618,24.6,2026-06-20T11:47:53,2026-06-20T04:47:53,https://api.quant-aq.com/v1/devices/MOD-00618/data/710928140
1070.23,475.69,"{'lat': None, 'lon': None}","{'rh': 37.0, 'temp': 24.6, 'wd': 0.0, 'ws': 0.0, 'ws_scalar': 0.0}","{'gas': {'co': 13503, 'co2': 13265, 'no': 13591, 'no2': 13770, 'o3': 13750}, 'pm': {'pm1': 13215, 'pm10': 13217, 'pm25': 13216}}",4.32,13.15,22.58,1.83,1.93,1.93,710928340,37.0,MOD-00618,24.6,2026-06-20T11:46:53,2026-06-20T04:46:53,https://api.quant-aq.com/v1/devices/MOD-00618/data/710928139
1071.8,474.85,"{'lat': None, 'lon': None}","{'rh': 37.1, 'temp': 24.6, 'wd': 0.0, 'ws': 0.0, 'ws_scalar': 0.0}","{'gas': {'co': 13503, 'co2': 13265, 'no': 13591, 'no2': 13770, 'o3': 13750}, 'pm': {'pm1': 13215, 'pm10': 13217, 'pm25': 13216}}",4.27,12.14,22.82,2.36,2.45,2.45,710928337,37.1,MOD-00618,24.6,2026-06-20T11:45:53,2026-06-20T04:45:53,https://api.quant-aq.com/v1/devices/MOD-00618/data/710928136
1068.93,476.17,"{'lat': None, 'lon': None}","{'rh': 37.1, 'temp': 24.6, 'wd': 0.0, 'ws': 0.0, 'ws_scalar': 0.0}","{'gas': {'co': 13503, 'co2': 13265, 'no': 13591, 'no2': 13770, 'o3': 13750}, 'pm': {'pm1': 13215, 'pm10': 13217, 'pm25': 13216}}",4.27,11.23,22.55,2.44,2.65,2.61,710928338,37.1,MOD-00618,24.6,2026-06-20T11:44:53,2026-06-20T04:44:53,https://api.quant-aq.com/v1/devices/MOD-00618/data/710928138
1074.67,475.33,"{'lat': None, 'lon': None}","{'rh': 37.1, 'temp': 24.6, 'wd': 0.0, 'ws': 0.0, 'ws_scalar': 0.0}","{'gas': {'co': 13503, 'co2': 13265, 'no': 13591, 'no2': 13770, 'o3': 13750}, 'pm': {'pm1': 13215, 'pm10': 13217, 'pm25': 13216}}",4.27,12.14,22.55,2.81,5.01,3.01,710928313,37.1,MOD-00618,24.6,2026-06-20T11:43:53,2026-06-20T04:43:53,https://api.quant-aq.com/v1/devices/MOD-00618/data/710928112
1072.21,475.81,"{'lat': None, 'lon': None}","{'rh': 37.1, 'temp': 24.6, 'wd': 0.0, 'ws': 0.0, 'ws_scalar': 0.0}","{'gas': {'co': 13503, 'co2': 13265, 'no': 13591, 'no2': 13770, 'o3': 13750}, 'pm': {'pm1': 13215, 'pm10': 13217, 'pm25': 13216}}",4.27,11.23,22.82,1.98,4.14,2.15,710928312,37.1,MOD-00618,24.6,2026-06-20T11:42:53,2026-06-20T04:42:53,https://api.quant-aq.com/v1/devices/MOD-00618/data/710928111
1075.08,475.33,"{'lat': None, 'lon': None}","{'rh': 37.1, 'temp': 24.6, 'wd': 0.0, 'ws': 0.0, 'ws_scalar': 0.0}","{'gas': {'co': 13503, 'co2': 13265, 'no': 13591, 'no2': 13770, 'o3': 13750}, 'pm': {'pm1': 13215, 'pm10': 13217, 'pm25': 13216}}",4.27,11.23,22.55,2.41,2.63,2.63,710928314,37.1,MOD-00618,24.6,2026-06-20T11:41:53,2026-06-20T04:41:53,https://api.quant-aq.com/v1/devices/MOD-00618/data/710928114
1073.44,477.14,"{'lat': None, 'lon': None}","{'rh': 37.1, 'temp': 24.6, 'wd': 0.0, 'ws': 0.0, 'ws_scalar': 0.0}","{'gas': {'co': 13503, 'co2': 13265, 'no': 13591, 'no2': 13770, 'o3': 13750}, 'pm': {'pm1': 13215, 'pm10': 13217, 'pm25': 13216}}",4.27,11.23,22.82,2.5,2.81,2.63,710928315,37.1,MOD-00618,24.6,2026-06-20T11:40:53,2026-06-20T04:40:53,https://api.quant-aq.com/v1/devices/MOD-00618/data/710928113
1070.98,474.36,"{'lat': None, 'lon': None}","{'rh': 37.1, 'temp': 24.6, 'wd': 0.0, 'ws': 0.0, 'ws_scalar': 0.0}","{'gas': {'co': 13503, 'co2': 13265, 'no': 13591, 'no2': 13770, 'o3': 13750}, 'pm': {'pm1': 13215, 'pm10': 13217, 'pm25': 13216}}",4.27,18.7,22.82,2.79,2.98,2.93,710928290,37.1,MOD-00618,24.6,2026-06-20T11:39:53,2026-06-20T04:39:53,https://api.quant-aq.com/v1/devices/MOD-00618/data/710928089
1073.03,473.76,"{'lat': None, 'lon': None}","{'rh': 37.1, 'temp': 24.6, 'wd': 0.0, 'ws': 0.0, 'ws_scalar': 0.0}","{'gas': {'co': 13503, 'co2': 13265, 'no': 13591, 'no2': 13770, 'o3': 13750}, 'pm': {'pm1': 13215, 'pm10': 13217, 'pm25': 13216}}",4.27,12.07,23.1,2.34,2.49,2.49,710928288,37.1,MOD-00618,24.6,2026-06-20T11:38:53,2026-06-20T04:38:53,https://api.quant-aq.com/v1/devices/MOD-00618/data/710928088
1071.8,477.98,"{'lat': None, 'lon': None}","{'rh': 37.1, 'temp': 24.6, 'wd': 0.0, 'ws': 0.0, 'ws_scalar': 0.0}","{'gas': {'co': 13503, 'co2': 13265, 'no': 13591, 'no2': 13770, 'o3': 13750}, 'pm': {'pm1': 13215, 'pm10': 13217, 'pm25': 13216}}",4.27,12.07,22.55,2.82,3.25,3.02,710928289,37.1,MOD-00618,24.6,2026-06-20T11:37:53,2026-06-20T04:37:53,https://api.quant-aq.com/v1/devices/MOD-00618/data/710928087
1072.21,474.73,"{'lat': None, 'lon': None}","{'rh': 37.1, 'temp': 24.6, 'wd': 0.0, 'ws': 0.0, 'ws_scalar': 0.0}","{'gas': {'co': 13503, 'co2': 13265, 'no': 13591, 'no2': 13770, 'o3': 13750}, 'pm': {'pm1': 13215, 'pm10': 13217, 'pm25': 13216}}",4.27,12.07,22.82,2.4,4.39,2.59,710928287,37.1,MOD-00618,24.6,2026-06-20T11:36:53,2026-06-20T04:36:53,https://api.quant-aq.com/v1/devices/MOD-00618/data/710928086
1079.19,476.41,"{'lat': None, 'lon': None}","{'rh': 37.1, 'temp': 24.6, 'wd': 0.0, 'ws': 0.0, 'ws_scalar': 0.0}","{'gas': {'co': 13503, 'co2': 13265, 'no': 13591, 'no2': 13770, 'o3': 13750}, 'pm': {'pm1': 13215, 'pm10': 13217, 'pm25': 13216}}",4.27,12.14,23.1,2.24,2.5,2.46,710928272,37.1,MOD-00618,24.6,2026-06-20T11:35:53,2026-06-20T04:35:53,https://api.quant-aq.com/v1/devices/MOD-00618/data/710928071
1080.83,476.77,"{'lat': None, 'lon': None}","{'rh': 37.1, 'temp': 24.6, 'wd': 0.0, 'ws': 0.0, 'ws_scalar': 0.0}","{'gas': {'co': 13503, 'co2': 13265, 'no': 13591, 'no2': 13770, 'o3': 13750}, 'pm': {'pm1': 13215, 'pm10': 13217, 'pm25': 13216}}",4.27,11.23,22.82,2.13,2.86,2.29,710928271,37.1,MOD-00618,24.6,2026-06-20T11:34:53,2026-06-20T04:34:53,https://api.quant-aq.com/v1/devices/MOD-00618/data/710928069
1070.98,479.91,"{'lat': None, 'lon': None}","{'rh': 37.1, 'temp': 24.6, 'wd': 0.0, 'ws': 0.0, 'ws_scalar': 0.0}","{'gas': {'co': 13503, 'co2': 13265, 'no': 13591, 'no2': 13770, 'o3': 13750}, 'pm': {'pm1': 13215, 'pm10': 13217, 'pm25': 13216}}",4.27,12.07,22.82,2.38,3.34,2.53,710928273,37.1,MOD-00618,24.6,2026-06-20T11:33:53,2026-06-20T04:33:53,https://api.quant-aq.com/v1/devices/MOD-00618/data/710928072
1073.44,474.85,"{'lat': None, 'lon': None}","{'rh': 37.1, 'temp': 24.6, 'wd': 0.0, 'ws': 0.0, 'ws_scalar': 0.0}","{'gas': {'co': 13503, 'co2': 13265, 'no': 13591, 'no2': 13770, 'o3': 13750}, 'pm': {'pm1': 13215, 'pm10': 13217, 'pm25': 13216}}",4.27,11.23,22.55,2.2,2.38,2.34,710928270,37.1,MOD-00618,24.6,2026-06-20T11:32:53,2026-06-20T04:32:53,https://api.quant-aq.com/v1/devices/MOD-00618/data/710928070
1076.31,476.17,"{'lat': None, 'lon': None}","{'rh': 37.1, 'temp': 24.6, 'wd': 0.0, 'ws': 0.0, 'ws_scalar': 0.0}","{'gas': {'co': 13503, 'co2': 13265, 'no': 13591, 'no2': 13770, 'o3': 13750}, 'pm': {'pm1': 13215, 'pm10': 13217, 'pm25': 13216}}",4.27,12.14,22.82,2.39,2.5,2.5,710928240,37.1,MOD-00618,24.6,2026-06-20T11:31:53,2026-06-20T04:31:53,https://api.quant-aq.com/v1/devices/MOD-00618/data/710928039
1075.49,475.21,"{'lat': None, 'lon': None}","{'rh': 37.1, 'temp': 24.6, 'wd': 0.0, 'ws': 0.0, 'ws_scalar': 0.0}","{'gas': {'co': 13503, 'co2': 13265, 'no': 13591, 'no2': 13770, 'o3': 13750}, 'pm': {'pm1': 13215, 'pm10': 13217, 'pm25': 13216}}",4.27,19.17,22.82,2.7,2.77,2.77,710928241,37.1,MOD-00618,24.6,2026-06-20T11:30:53,2026-06-20T04:30:53,https://api.quant-aq.com/v1/devices/MOD-00618/data/710928040
1076.73,476.29,"{'lat': None, 'lon': None}","{'rh': 37.1, 'temp': 24.6, 'wd': 0.0, 'ws': 0.0, 'ws_scalar': 0.0}","{'gas': {'co': 13503, 'co2': 13265, 'no': 13591, 'no2': 13770, 'o3': 13750}, 'pm': {'pm1': 13215, 'pm10': 13217, 'pm25': 13216}}",4.27,11.23,23.37,2.4,2.66,2.62,710928242,37.1,MOD-00618,24.6,2026-06-20T11:29:53,2026-06-20T04:29:53,https://api.quant-aq.com/v1/devices/MOD-00618/data/710928042
1075.9,477.5,"{'lat': None, 'lon': None}","{'rh': 37.1, 'temp': 24.6, 'wd': 0.0, 'ws': 0.0, 'ws_scalar': 0.0}","{'gas': {'co': 13503, 'co2': 13265, 'no': 13591, 'no2': 13770, 'o3': 13750}, 'pm': {'pm1': 13215, 'pm10': 13217, 'pm25': 13216}}",4.27,12.14,22.55,2.42,3.2,2.65,710928243,37.1,MOD-00618,24.6,2026-06-20T11:28:53,2026-06-20T04:28:53,https://api.quant-aq.com/v1/devices/MOD-00618/data/710928041
1079.19,477.86,"{'lat': None, 'lon': None}","{'rh': 37.1, 'temp': 24.6, 'wd': 0.0, 'ws': 0.0, 'ws_scalar': 0.0}","{'gas': {'co': 13503, 'co2': 13265, 'no': 13591, 'no2': 13770, 'o3': 13750}, 'pm': {'pm1': 13215, 'pm10': 13217, 'pm25': 13216}}",4.27,12.07,22.55,2.52,4.65,2.78,710928219,37.1,MOD-00618,24.6,2026-06-20T11:27:53,2026-06-20T04:27:53,https://api.quant-aq.com/v1/devices/MOD-00618/data/710928018
1080.83,476.65,"{'lat': None, 'lon': None}","{'rh': 37.1, 'temp': 24.6, 'wd': 0.0, 'ws': 0.0, 'ws_scalar': 0.0}","{'gas': {'co': 13503, 'co2': 13265, 'no': 13591, 'no2': 13770, 'o3': 13750}, 'pm': {'pm1': 13215, 'pm10': 13217, 'pm25': 13216}}",4.27,11.12,22.82,2.43,2.71,2.67,710928220,37.1,MOD-00618,24.6,2026-06-20T11:26:53,2026-06-20T04:26:53,https://api.quant-aq.com/v1/devices/MOD-00618/data/710928019
1075.08,477.01,"{'lat': None, 'lon': None}","{'rh': 37.1, 'temp': 24.6, 'wd': 0.0, 'ws': 0.0, 'ws_scalar': 0.0}","{'gas': {'co': 13503, 'co2': 13265, 'no': 13591, 'no2': 13770, 'o3': 13750}, 'pm': {'pm1': 13215, 'pm10': 13217, 'pm25': 13216}}",4.27,12.14,22.55,2.67,2.88,2.83,710928217,37.1,MOD-00618,24.6,2026-06-20T11:25:53,2026-06-20T04:25:53,https://api.quant-aq.com/v1/devices/MOD-00618/data/710928016
1077.55,479.06,"{'lat': None, 'lon': None}","{'rh': 37.1, 'temp': 24.6, 'wd': 0.0, 'ws': 0.0, 'ws_scalar': 0.0}","{'gas': {'co': 13503, 'co2': 13265, 'no': 13591, 'no2': 13770, 'o3': 13750}, 'pm': {'pm1': 13215, 'pm10': 13217, 'pm25': 13216}}",4.27,12.14,22.55,2.37,2.57,2.53,710928218,37.1,MOD-00618,24.6,2026-06-20T11:24:53,2026-06-20T04:24:53,https://api.quant-aq.com/v1/devices/MOD-00618/data/710928017
1071.09,478.1,"{'lat': None, 'lon': None}","{'rh': 37.1, 'temp': 24.7, 'wd': 0.0, 'ws': 0.0, 'ws_scalar': 0.0}","{'gas': {'co': 13503, 'co2': 13265, 'no': 13591, 'no2': 13770, 'o3': 13750}, 'pm': {'pm1': 13215, 'pm10': 13217, 'pm25': 13216}}",4.27,11.24,22.84,2.39,2.57,2.57,710926021,37.1,MOD-00618,24.7,2026-06-20T11:23:53,2026-06-20T04:23:53,https://api.quant-aq.com/v1/devices/MOD-00618/data/710925820
1081.65,478.1,"{'lat': None, 'lon': None}","{'rh': 37.1, 'temp': 24.6, 'wd': 0.0, 'ws': 0.0, 'ws_scalar': 0.0}","{'gas': {'co': 13503, 'co2': 13265, 'no': 13591, 'no2': 13770, 'o3': 13750}, 'pm': {'pm1': 13215, 'pm10': 13217, 'pm25': 13216}}",4.26,11.23,22.28,2.38,2.64,2.55,710926022,37.1,MOD-00618,24.6,2026-06-20T11:22:53,2026-06-20T04:22:53,https://api.quant-aq.com/v1/devices/MOD-00618/data/710925821
1086.17,476.53,"{'lat': None, 'lon': None}","{'rh': 37.1, 'temp': 24.6, 'wd': 0.0, 'ws': 0.0, 'ws_scalar': 0.0}","{'gas': {'co': 13503, 'co2': 13265, 'no': 13591, 'no2': 13770, 'o3': 13750}, 'pm': {'pm1': 13215, 'pm10': 13217, 'pm25': 13216}}",4.27,12.07,22.82,2.36,2.78,2.52,710926023,37.1,MOD-00618,24.6,2026-06-20T11:21:53,2026-06-20T04:21:53,https://api.quant-aq.com/v1/devices/MOD-00618/data/710925822
1079.6,479.18,"{'lat': None, 'lon': None}","{'rh': 37.1, 'temp': 24.6, 'wd': 0.0, 'ws': 0.0, 'ws_scalar': 0.0}","{'gas': {'co': 13503, 'co2': 13265, 'no': 13591, 'no2': 13770, 'o3': 13750}, 'pm': {'pm1': 13215, 'pm10': 13217, 'pm25': 13216}}",4.27,18.7,22.28,2.43,2.78,2.56,710926020,37.1,MOD-00618,24.6,2026-06-20T11:20:53,2026-06-20T04:20:53,https://api.quant-aq.com/v1/devices/MOD-00618/data/710925819
1080.83,479.3,"{'lat': None, 'lon': None}","{'rh': 37.1, 'temp': 24.6, 'wd': 0.0, 'ws': 0.0, 'ws_scalar': 0.0}","{'gas': {'co': 13503, 'co2': 13265, 'no': 13591, 'no2': 13770, 'o3': 13750}, 'pm': {'pm1': 13215, 'pm10': 13217, 'pm25': 13216}}",4.27,12.07,22.82,3.01,3.16,3.16,710925953,37.1,MOD-00618,24.6,2026-06-20T11:19:53,2026-06-20T04:19:53,https://api.quant-aq.com/v1/devices/MOD-00618/data/710925752
1082.4,478.22,"{'lat': None, 'lon': None}","{'rh': 37.2, 'temp': 24.6, 'wd': 0.0, 'ws': 0.0, 'ws_scalar': 0.0}","{'gas': {'co': 13503, 'co2': 13265, 'no': 13591, 'no2': 13770, 'o3': 13750}, 'pm': {'pm1': 13215, 'pm10': 13217, 'pm25': 13216}}",4.27,11.97,23.34,2.68,2.84,2.84,710925952,37.2,MOD-00618,24.6,2026-06-20T11:18:53,2026-06-20T04:18:53,https://api.quant-aq.com/v1/devices/MOD-00618/data/710925751
1080.83,477.14,"{'lat': None, 'lon': None}","{'rh': 37.1, 'temp': 24.6, 'wd': 0.0, 'ws': 0.0, 'ws_scalar': 0.0}","{'gas': {'co': 13503, 'co2': 13265, 'no': 13591, 'no2': 13770, 'o3': 13750}, 'pm': {'pm1': 13215, 'pm10': 13217, 'pm25': 13216}}",4.27,12.14,22.28,2.57,2.75,2.75,710925951,37.1,MOD-00618,24.6,2026-06-20T11:17:53,2026-06-20T04:17:53,https://api.quant-aq.com/v1/devices/MOD-00618/data/710925750
1085.27,477.74,"{'lat': None, 'lon': None}","{'rh': 37.2, 'temp': 24.6, 'wd': 0.0, 'ws': 0.0, 'ws_scalar': 0.0}","{'gas': {'co': 13503, 'co2': 13265, 'no': 13591, 'no2': 13770, 'o3': 13750}, 'pm': {'pm1': 13215, 'pm10': 13217, 'pm25': 13216}}",4.27,18.65,22.79,2.52,2.67,2.67,710925950,37.2,MOD-00618,24.6,2026-06-20T11:16:53,2026-06-20T04:16:53,https://api.quant-aq.com/v1/devices/MOD-00618/data/710925748
1083.63,478.34,"{'lat': None, 'lon': None}","{'rh': 37.2, 'temp': 24.6, 'wd': 0.0, 'ws': 0.0, 'ws_scalar': 0.0}","{'gas': {'co': 13503, 'co2': 13265, 'no': 13591, 'no2': 13770, 'o3': 13750}, 'pm': {'pm1': 13215, 'pm10': 13217, 'pm25': 13216}}",4.27,12.03,23.34,2.46,2.67,2.62,710925924,37.2,MOD-00618,24.6,2026-06-20T11:15:53,2026-06-20T04:15:53,https://api.quant-aq.com/v1/devices/MOD-00618/data/710925723
1085.69,481.23,"{'lat': None, 'lon': None}","{'rh': 37.2, 'temp': 24.6, 'wd': 0.0, 'ws': 0.0, 'ws_scalar': 0.0}","{'gas': {'co': 13503, 'co2': 13265, 'no': 13591, 'no2': 13770, 'o3': 13750}, 'pm': {'pm1': 13215, 'pm10': 13217, 'pm25': 13216}}",4.27,11.97,22.52,2.5,2.75,2.75,710925923,37.2,MOD-00618,24.6,2026-06-20T11:14:53,2026-06-20T04:14:53,https://api.quant-aq.com/v1/devices/MOD-00618/data/710925722
1082.81,482.43,"{'lat': None, 'lon': None}","{'rh': 37.2, 'temp': 24.6, 'wd': 0.0, 'ws': 0.0, 'ws_scalar': 0.0}","{'gas': {'co': 13503, 'co2': 13265, 'no': 13591, 'no2': 13770, 'o3': 13750}, 'pm': {'pm1': 13215, 'pm10': 13217, 'pm25': 13216}}",4.27,18.65,22.52,2.34,2.48,2.48,710925920,37.2,MOD-00618,24.6,2026-06-20T11:13:53,2026-06-20T04:13:53,https://api.quant-aq.com/v1/devices/MOD-00618/data/710925719
1084.45,477.14,"{'lat': None, 'lon': None}","{'rh': 37.2, 'temp': 24.6, 'wd': 0.0, 'ws': 0.0, 'ws_scalar': 0.0}","{'gas': {'co': 13503, 'co2': 13265, 'no': 13591, 'no2': 13770, 'o3': 13750}, 'pm': {'pm1': 13215, 'pm10': 13217, 'pm25': 13216}}",4.27,10.57,22.79,2.45,2.82,2.6,710925921,37.2,MOD-00618,24.6,2026-06-20T11:12:53,2026-06-20T04:12:53,https://api.quant-aq.com/v1/devices/MOD-00618/data/710925720
1089.38,481.95,"{'lat': None, 'lon': None}","{'rh': 37.2, 'temp': 24.6, 'wd': 0.0, 'ws': 0.0, 'ws_scalar': 0.0}","{'gas': {'co': 13503, 'co2': 13265, 'no': 13591, 'no2': 13770, 'o3': 13750}, 'pm': {'pm1': 13215, 'pm10': 13217, 'pm25': 13216}}",4.27,12.03,22.52,2.39,2.5,2.5,710925922,37.2,MOD-00618,24.6,2026-06-20T11:11:53,2026-06-20T04:11:53,https://api.quant-aq.com/v1/devices/MOD-00618/data/710925721
1080.35,479.78,"{'lat': None, 'lon': None}","{'rh': 37.2, 'temp': 24.6, 'wd': 0.0, 'ws': 0.0, 'ws_scalar': 0.0}","{'gas': {'co': 13503, 'co2': 13265, 'no': 13591, 'no2': 13770, 'o3': 13750}, 'pm': {'pm1': 13215, 'pm10': 13217, 'pm25': 13216}}",4.27,11.97,23.06,2.86,3.01,3.01,710925863,37.2,MOD-00618,24.6,2026-06-20T11:10:53,2026-06-20T04:10:53,https://api.quant-aq.com/v1/devices/MOD-00618/data/710925662
1087.74,477.74,"{'lat': None, 'lon': None}","{'rh': 37.2, 'temp': 24.6, 'wd': 0.0, 'ws': 0.0, 'ws_scalar': 0.0}","{'gas': {'co': 13503, 'co2': 13265, 'no': 13591, 'no2': 13770, 'o3': 13750}, 'pm': {'pm1': 13215, 'pm10': 13217, 'pm25': 13216}}",4.27,19.04,22.79,2.26,4.25,2.38,710925861,37.2,MOD-00618,24.6,2026-06-20T11:09:53,2026-06-20T04:09:53,https://api.quant-aq.com/v1/devices/MOD-00618/data/710925660
1086.92,477.01,"{'lat': None, 'lon': None}","{'rh': 37.2, 'temp': 24.6, 'wd': 0.0, 'ws': 0.0, 'ws_scalar': 0.0}","{'gas': {'co': 13503, 'co2': 13265, 'no': 13591, 'no2': 13770, 'o3': 13750}, 'pm': {'pm1': 13215, 'pm10': 13217, 'pm25': 13216}}",4.27,12.03,22.79,2.14,2.31,2.27,710925865,37.2,MOD-00618,24.6,2026-06-20T11:08:53,2026-06-20T04:08:53,https://api.quant-aq.com/v1/devices/MOD-00618/data/710925664
1086.92,479.66,"{'lat': None, 'lon': None}","{'rh': 37.2, 'temp': 24.6, 'wd': 0.0, 'ws': 0.0, 'ws_scalar': 0.0}","{'gas': {'co': 13503, 'co2': 13265, 'no': 13591, 'no2': 13770, 'o3': 13750}, 'pm': {'pm1': 13215, 'pm10': 13217, 'pm25': 13216}}",4.27,11.97,22.79,1.89,2.23,2.02,710925864,37.2,MOD-00618,24.6,2026-06-20T11:07:53,2026-06-20T04:07:53,https://api.quant-aq.com/v1/devices/MOD-00618/data/710925663
1088.15,480.75,"{'lat': None, 'lon': None}","{'rh': 37.2, 'temp': 24.6, 'wd': 0.0, 'ws': 0.0, 'ws_scalar': 0.0}","{'gas': {'co': 13503, 'co2': 13265, 'no': 13591, 'no2': 13770, 'o3': 13750}, 'pm': {'pm1': 13215, 'pm10': 13217, 'pm25': 13216}}",4.27,18.65,22.79,2.22,2.44,2.39,710925862,37.2,MOD-00618,24.6,2026-06-20T11:06:53,2026-06-20T04:06:53,https://api.quant-aq.com/v1/devices/MOD-00618/data/710925661
1082.81,481.47,"{'lat': None, 'lon': None}","{'rh': 37.2, 'temp': 24.6, 'wd': 0.0, 'ws': 0.0, 'ws_scalar': 0.0}","{'gas': {'co': 13503, 'co2': 13265, 'no': 13591, 'no2': 13770, 'o3': 13750}, 'pm': {'pm1': 13215, 'pm10': 13217, 'pm25': 13216}}",4.27,18.65,22.52,2.23,2.49,2.44,710925828,37.2,MOD-00618,24.6,2026-06-20T11:05:53,2026-06-20T04:05:53,https://api.quant-aq.com/v1/devices/MOD-00618/data/710925627
1088.56,479.91,"{'lat': None, 'lon': None}","{'rh': 37.2, 'temp': 24.6, 'wd': 0.0, 'ws': 0.0, 'ws_scalar': 0.0}","{'gas': {'co': 13503, 'co2': 13265, 'no': 13591, 'no2': 13770, 'o3': 13750}, 'pm': {'pm1': 13215, 'pm10': 13217, 'pm25': 13216}}",4.27,21.3,22.79,2.42,3.16,2.64,710925827,37.2,MOD-00618,24.6,2026-06-20T11:04:53,2026-06-20T04:04:53,https://api.quant-aq.com/v1/devices/MOD-00618/data/710925626
1088.15,479.66,"{'lat': None, 'lon': None}","{'rh': 37.2, 'temp': 24.6, 'wd': 0.0, 'ws': 0.0, 'ws_scalar': 0.0}","{'gas': {'co': 13503, 'co2': 13265, 'no': 13591, 'no2': 13770, 'o3': 13750}, 'pm': {'pm1': 13215, 'pm10': 13217, 'pm25': 13216}}",4.27,12.03,22.79,2.31,2.56,2.51,710925825,37.2,MOD-00618,24.6,2026-06-20T11:03:53,2026-06-20T04:03:53,https://api.quant-aq.com/v1/devices/MOD-00618/data/710925624
1087.67,480.75,"{'lat': None, 'lon': None}","{'rh': 37.3, 'temp': 24.6, 'wd': 0.0, 'ws': 0.0, 'ws_scalar': 0.0}","{'gas': {'co': 13503, 'co2': 13265, 'no': 13591, 'no2': 13770, 'o3': 13750}, 'pm': {'pm1': 13215, 'pm10': 13217, 'pm25': 13216}}",4.28,12.78,23.03,2.35,2.65,2.56,710925826,37.3,MOD-00618,24.6,2026-06-20T11:02:53,2026-06-20T04:02:53,https://api.quant-aq.com/v1/devices/MOD-00618/data/710925625
1088.49,481.83,"{'lat': None, 'lon': None}","{'rh': 37.3, 'temp': 24.6, 'wd': 0.0, 'ws': 0.0, 'ws_scalar': 0.0}","{'gas': {'co': 13503, 'co2': 13265, 'no': 13591, 'no2': 13770, 'o3': 13750}, 'pm': {'pm1': 13215, 'pm10': 13217, 'pm25': 13216}}",4.27,18.94,22.76,2.39,2.64,2.55,710925758,37.3,MOD-00618,24.6,2026-06-20T11:01:53,2026-06-20T04:01:53,https://api.quant-aq.com/v1/devices/MOD-00618/data/710925559
,480.99,"{'lat': None, 'lon': None}","{'rh': 37.3, 'temp': 24.6, 'wd': 0.0, 'ws': 0.0, 'ws_scalar': 0.0}","{'gas': {'co': None, 'co2': 13265, 'no': None, 'no2': None, 'o3': None}, 'pm': {'pm1': 13215, 'pm10': 13217, 'pm25': 13216}}",,,,2.61,2.83,2.77,710925759,37.3,MOD-00618,24.6,2026-06-20T11:00:53,2026-06-20T04:00:53,https://api.quant-aq.com/v1/devices/MOD-00618/data/710925558
,477.26,"{'lat': None, 'lon': None}","{'rh': 37.3, 'temp': 24.6, 'wd': 0.0, 'ws': 0.0, 'ws_scalar': 0.0}","{'gas': {'co': None, 'co2': 13265, 'no': None, 'no2': None, 'o3': None}, 'pm': {'pm1': 13215, 'pm10': 13217, 'pm25': 13216}}",,,,2.51,2.67,2.67,710925761,37.3,MOD-00618,24.6,2026-06-20T10:59:55,2026-06-20T03:59:55,https://api.quant-aq.com/v1/devices/MOD-00618/data/710925560
,480.15,"{'lat': None, 'lon': None}","{'rh': 37.3, 'temp': 24.6, 'wd': 0.0, 'ws': 0.0, 'ws_scalar': 0.0}","{'gas': {'co': None, 'co2': 13265, 'no': None, 'no2': None, 'o3': None}, 'pm': {'pm1': 13215, 'pm10': 13217, 'pm25': 13216}}",,,,2.21,2.52,2.47,710925760,37.3,MOD-00618,24.6,2026-06-20T10:58:55,2026-06-20T03:58:55,https://api.quant-aq.com/v1/devices/MOD-00618/data/710925557
,483.28,"{'lat': None, 'lon': None}","{'rh': 37.3, 'temp': 24.6, 'wd': 0.0, 'ws': 0.0, 'ws_scalar': 0.0}","{'gas': {'co': None, 'co2': 13265, 'no': None, 'no2': None, 'o3': None}, 'pm': {'pm1': 13215, 'pm10': 13217, 'pm25': 13216}}",,,,2.45,2.64,2.6,710925713,37.3,MOD-00618,24.6,2026-06-20T10:57:55,2026-06-20T03:57:55,https://api.quant-aq.com/v1/devices/MOD-00618/data/710925512
,480.15,"{'lat': None, 'lon': None}","{'rh': 37.3, 'temp': 24.6, 'wd': 0.0, 'ws': 0.0, 'ws_scalar': 0.0}","{'gas': {'co': None, 'co2': 13265, 'no': None, 'no2': None, 'o3': None}, 'pm': {'pm1': 13215, 'pm10': 13217, 'pm25': 13216}}",,,,2.43,2.53,2.53,710925716,37.3,MOD-00618,24.6,2026-06-20T10:56:55,2026-06-20T03:56:55,https://api.quant-aq.com/v1/devices/MOD-00618/data/710925515
,478.1,"{'lat': None, 'lon': None}","{'rh': 37.3, 'temp': 24.6, 'wd': 0.0, 'ws': 0.0, 'ws_scalar': 0.0}","{'gas': {'co': None, 'co2': 13265, 'no': None, 'no2': None, 'o3': None}, 'pm': {'pm1': 13215, 'pm10': 13217, 'pm25': 13216}}",,,,2.03,2.26,2.22,710925715,37.3,MOD-00618,24.6,2026-06-20T10:55:55,2026-06-20T03:55:55,https://api.quant-aq.com/v1/devices/MOD-00618/data/710925514
,479.78,"{'lat': None, 'lon': None}","{'rh': 37.3, 'temp': 24.6, 'wd': 0.0, 'ws': 0.0, 'ws_scalar': 0.0}","{'gas': {'co': None, 'co2': 13265, 'no': None, 'no2': None, 'o3': None}, 'pm': {'pm1': 13215, 'pm10': 13217, 'pm25': 13216}}",,,,2.23,2.43,2.38,710925714,37.3,MOD-00618,24.6,2026-06-20T10:54:55,2026-06-20T03:54:55,https://api.quant-aq.com/v1/devices/MOD-00618/data/710925513
,481.11,"{'lat': None, 'lon': None}","{'rh': 37.3, 'temp': 24.6, 'wd': 0.0, 'ws': 0.0, 'ws_scalar': 0.0}","{'gas': {'co': None, 'co2': 13265, 'no': None, 'no2': None, 'o3': None}, 'pm': {'pm1': 13215, 'pm10': 13217, 'pm25': 13216}}",,,,2.54,2.76,2.71,710925692,37.3,MOD-00618,24.6,2026-06-20T10:53:55,2026-06-20T03:53:55,https://api.quant-aq.com/v1/devices/MOD-00618/data/710925491
,480.75,"{'lat': None, 'lon': None}","{'rh': 37.3, 'temp': 24.6, 'wd': 0.0, 'ws': 0.0, 'ws_scalar': 0.0}","{'gas': {'co': None, 'co2': 13265, 'no': None, 'no2': None, 'o3': None}, 'pm': {'pm1': 13215, 'pm10': 13217, 'pm25': 13216}}",,,,2.66,2.84,2.84,710925691,37.3,MOD-00618,24.6,2026-06-20T10:52:55,2026-06-20T03:52:55,https://api.quant-aq.com/v1/devices/MOD-00618/data/710925490
,481.35,"{'lat': None, 'lon': None}","{'rh': 37.3, 'temp': 24.6, 'wd': 0.0, 'ws': 0.0, 'ws_scalar': 0.0}","{'gas': {'co': None, 'co2': 13265, 'no': None, 'no2': None, 'o3': None}, 'pm': {'pm1': 13215, 'pm10': 13217, 'pm25': 13216}}",,,,2.24,2.69,2.43,710925690,37.3,MOD-00618,24.6,2026-06-20T10:51:55,2026-06-20T03:51:55,https://api.quant-aq.com/v1/devices/MOD-00618/data/710925489
,481.11,"{'lat': None, 'lon': None}","{'rh': 37.3, 'temp': 24.6, 'wd': 0.0, 'ws': 0.0, 'ws_scalar': 0.0}","{'gas': {'co': None, 'co2': 13265, 'no': None, 'no2': None, 'o3': None}, 'pm': {'pm1': 13215, 'pm10': 13217, 'pm25': 13216}}",,,,2.27,2.65,2.47,710925689,37.3,MOD-00618,24.6,2026-06-20T10:50:55,2026-06-20T03:50:55,https://api.quant-aq.com/v1/devices/MOD-00618/data/710925488
,481.71,"{'lat': None, 'lon': None}","{'rh': 37.3, 'temp': 24.6, 'wd': 0.0, 'ws': 0.0, 'ws_scalar': 0.0}","{'gas': {'co': None, 'co2': 13265, 'no': None, 'no2': None, 'o3': None}, 'pm': {'pm1': 13215, 'pm10': 13217, 'pm25': 13216}}",,,,2.35,2.66,2.53,710924783,37.3,MOD-00618,24.6,2026-06-20T10:49:55,2026-06-20T03:49:55,https://api.quant-aq.com/v1/devices/MOD-00618/data/710924582
,480.03,"{'lat': None, 'lon': None}","{'rh': 37.3, 'temp': 24.6, 'wd': 0.0, 'ws': 0.0, 'ws_scalar': 0.0}","{'gas': {'co': None, 'co2': 13265, 'no': None, 'no2': None, 'o3': None}, 'pm': {'pm1': 13215, 'pm10': 13217, 'pm25': 13216}}",,,,2.23,2.48,2.48,710924782,37.3,MOD-00618,24.6,2026-06-20T10:48:55,2026-06-20T03:48:55,https://api.quant-aq.com/v1/devices/MOD-00618/data/710924581
,480.51,"{'lat': None, 'lon': None}","{'rh': 37.4, 'temp': 24.6, 'wd': 0.0, 'ws': 0.0, 'ws_scalar': 0.0}","{'gas': {'co': None, 'co2': 13265, 'no': None, 'no2': None, 'o3': None}, 'pm': {'pm1': 13215, 'pm10': 13217, 'pm25': 13216}}",,,,2.13,2.33,2.25,710924781,37.4,MOD-00618,24.6,2026-06-20T10:47:55,2026-06-20T03:47:55,https://api.quant-aq.com/v1/devices/MOD-00618/data/710924580
,480.99,"{'lat': None, 'lon': None}","{'rh': 37.4, 'temp': 24.6, 'wd': 0.0, 'ws': 0.0, 'ws_scalar': 0.0}","{'gas': {'co': None, 'co2': 13265, 'no': None, 'no2': None, 'o3': None}, 'pm': {'pm1': 13215, 'pm10': 13217, 'pm25': 13216}}",,,,2.58,2.79,2.74,710924784,37.4,MOD-00618,24.6,2026-06-20T10:46:55,2026-06-20T03:46:55,https://api.quant-aq.com/v1/devices/MOD-00618/data/710924584
,481.83,"{'lat': None, 'lon': None}","{'rh': 37.4, 'temp': 24.6, 'wd': 0.0, 'ws': 0.0, 'ws_scalar': 0.0}","{'gas': {'co': None, 'co2': 13265, 'no': None, 'no2': None, 'o3': None}, 'pm': {'pm1': 13215, 'pm10': 13217, 'pm25': 13216}}",,,,2.09,2.31,2.26,710924785,37.4,MOD-00618,24.6,2026-06-20T10:45:55,2026-06-20T03:45:55,https://api.quant-aq.com/v1/devices/MOD-00618/data/710924583
,481.59,"{'lat': None, 'lon': None}","{'rh': 37.4, 'temp': 24.6, 'wd': 0.0, 'ws': 0.0, 'ws_scalar': 0.0}","{'gas': {'co': None, 'co2': 13265, 'no': None, 'no2': None, 'o3': None}, 'pm': {'pm1': 13215, 'pm10': 13217, 'pm25': 13216}}",,,,2.94,3.12,3.12,710924770,37.4,MOD-00618,24.6,2026-06-20T10:44:55,2026-06-20T03:44:55,https://api.quant-aq.com/v1/devices/MOD-00618/data/710924569
,480.03,"{'lat': None, 'lon': None}","{'rh': 37.4, 'temp': 24.6, 'wd': 0.0, 'ws': 0.0, 'ws_scalar': 0.0}","{'gas': {'co': None, 'co2': 13265, 'no': None, 'no2': None, 'o3': None}, 'pm': {'pm1': 13215, 'pm10': 13217, 'pm25': 13216}}",,,,2.42,3.07,2.53,710924771,37.4,MOD-00618,24.6,2026-06-20T10:43:55,2026-06-20T03:43:55,https://api.quant-aq.com/v1/devices/MOD-00618/data/710924570
,482.56,"{'lat': None, 'lon': None}","{'rh': 37.4, 'temp': 24.6, 'wd': 0.0, 'ws': 0.0, 'ws_scalar': 0.0}","{'gas': {'co': None, 'co2': 13265, 'no': None, 'no2': None, 'o3': None}, 'pm': {'pm1': 13215, 'pm10': 13217, 'pm25': 13216}}",,,,2.72,2.96,2.87,710924769,37.4,MOD-00618,24.6,2026-06-20T10:42:55,2026-06-20T03:42:55,https://api.quant-aq.com/v1/devices/MOD-00618/data/710924568
,480.87,"{'lat': None, 'lon': None}","{'rh': 37.3, 'temp': 24.6, 'wd': 0.0, 'ws': 0.0, 'ws_scalar': 0.0}","{'gas': {'co': None, 'co2': 13265, 'no': None, 'no2': None, 'o3': None}, 'pm': {'pm1': 13215, 'pm10': 13217, 'pm25': 13216}}",,,,2.17,2.6,2.46,710924768,37.3,MOD-00618,24.6,2026-06-20T10:41:55,2026-06-20T03:41:55,https://api.quant-aq.com/v1/devices/MOD-00618/data/710924566
,481.35,"{'lat': None, 'lon': None}","{'rh': 37.3, 'temp': 24.7, 'wd': 0.0, 'ws': 0.0, 'ws_scalar': 0.0}","{'gas': {'co': None, 'co2': 13265, 'no': None, 'no2': None, 'o3': None}, 'pm': {'pm1': 13215, 'pm10': 13217, 'pm25': 13216}}",,,,2.34,2.52,2.52,710924726,37.3,MOD-00618,24.7,2026-06-20T10:40:55,2026-06-20T03:40:55,https://api.quant-aq.com/v1/devices/MOD-00618/data/710924524
,484.0,"{'lat': None, 'lon': None}","{'rh': 37.3, 'temp': 24.7, 'wd': 0.0, 'ws': 0.0, 'ws_scalar': 0.0}","{'gas': {'co': None, 'co2': 13265, 'no': None, 'no2': None, 'o3': None}, 'pm': {'pm1': 13215, 'pm10': 13217, 'pm25': 13216}}",,,,2.54,2.83,2.79,710924727,37.3,MOD-00618,24.7,2026-06-20T10:39:55,2026-06-20T03:39:55,https://api.quant-aq.com/v1/devices/MOD-00618/data/710924525
,477.74,"{'lat': None, 'lon': None}","{'rh': 37.3, 'temp': 24.7, 'wd': 0.0, 'ws': 0.0, 'ws_scalar': 0.0}","{'gas': {'co': None, 'co2': 13265, 'no': None, 'no2': None, 'o3': None}, 'pm': {'pm1': 13215, 'pm10': 13217, 'pm25': 13216}}",,,,2.42,2.59,2.55,710924725,37.3,MOD-00618,24.7,2026-06-20T10:38:55,2026-06-20T03:38:55,https://api.quant-aq.com/v1/devices/MOD-00618/data/710924523
,482.92,"{'lat': None, 'lon': None}","{'rh': 37.3, 'temp': 24.7, 'wd': 0.0, 'ws': 0.0, 'ws_scalar': 0.0}","{'gas': {'co': None, 'co2': 13265, 'no': None, 'no2': None, 'o3': None}, 'pm': {'pm1': 13215, 'pm10': 13217, 'pm25': 13216}}",,,,2.14,2.26,2.26,710924722,37.3,MOD-00618,24.7,2026-06-20T10:37:55,2026-06-20T03:37:55,https://api.quant-aq.com/v1/devices/MOD-00618/data/710924520
,485.33,"{'lat': None, 'lon': None}","{'rh': 37.3, 'temp': 24.7, 'wd': 0.0, 'ws': 0.0, 'ws_scalar': 0.0}","{'gas': {'co': None, 'co2': 13265, 'no': None, 'no2': None, 'o3': None}, 'pm': {'pm1': 13215, 'pm10': 13217, 'pm25': 13216}}",,,,2.23,2.36,2.36,710924720,37.3,MOD-00618,24.7,2026-06-20T10:36:55,2026-06-20T03:36:55,https://api.quant-aq.com/v1/devices/MOD-00618/data/710924519
,482.92,"{'lat': None, 'lon': None}","{'rh': 37.3, 'temp': 24.7, 'wd': 0.0, 'ws': 0.0, 'ws_scalar': 0.0}","{'gas': {'co': None, 'co2': 13265, 'no': None, 'no2': None, 'o3': None}, 'pm': {'pm1': 13215, 'pm10': 13217, 'pm25': 13216}}",,,,2.27,2.35,2.35,710818256,37.3,MOD-00618,24.7,2026-06-20T10:35:55,2026-06-20T03:35:55,https://api.quant-aq.com/v1/devices/MOD-00618/data/710818055
,481.71,"{'lat': None, 'lon': None}","{'rh': 37.3, 'temp': 24.7, 'wd': 0.0, 'ws': 0.0, 'ws_scalar': 0.0}","{'gas': {'co': None, 'co2': 13265, 'no': None, 'no2': None, 'o3': None}, 'pm': {'pm1': 13215, 'pm10': 13217, 'pm25': 13216}}",,,,2.11,2.18,2.18,710818255,37.3,MOD-00618,24.7,2026-06-20T10:34:55,2026-06-20T03:34:55,https://api.quant-aq.com/v1/devices/MOD-00618/data/710818053
,478.1,"{'lat': None, 'lon': None}","{'rh': 37.3, 'temp': 24.7, 'wd': 0.0, 'ws': 0.0, 'ws_scalar': 0.0}","{'gas': {'co': None, 'co2': 13265, 'no': None, 'no2': None, 'o3': None}, 'pm': {'pm1': 13215, 'pm10': 13217, 'pm25': 13216}}",,,,2.45,2.51,2.51,710818257,37.3,MOD-00618,24.7,2026-06-20T10:33:55,2026-06-20T03:33:55,https://api.quant-aq.com/v1/devices/MOD-00618/data/710818056
,485.2,"{'lat': None, 'lon': None}","{'rh': 37.3, 'temp': 24.7, 'wd': 0.0, 'ws': 0.0, 'ws_scalar': 0.0}","{'gas': {'co': None, 'co2': 13265, 'no': None, 'no2': None, 'o3': None}, 'pm': {'pm1': 13215, 'pm10': 13217, 'pm25': 13216}}",,,,2.91,3.13,3.09,710818258,37.3,MOD-00618,24.7,2026-06-20T10:32:56,2026-06-20T03:32:56,https://api.quant-aq.com/v1/devices/MOD-00618/data/710818057
,483.16,"{'lat': None, 'lon': None}","{'rh': 37.2, 'temp': 24.7, 'wd': 0.0, 'ws': 0.0, 'ws_scalar': 0.0}","{'gas': {'co': None, 'co2': 13265, 'no': None, 'no2': None, 'o3': None}, 'pm': {'pm1': 13215, 'pm10': 13217, 'pm25': 13216}}",,,,2.46,2.62,2.57,710818254,37.2,MOD-00618,24.7,2026-06-20T10:31:56,2026-06-20T03:31:56,https://api.quant-aq.com/v1/devices/MOD-00618/data/710818054
,487.01,"{'lat': None, 'lon': None}","{'rh': 37.2, 'temp': 24.7, 'wd': 0.0, 'ws': 0.0, 'ws_scalar': 0.0}","{'gas': {'co': None, 'co2': 13265, 'no': None, 'no2': None, 'o3': None}, 'pm': {'pm1': 13215, 'pm10': 13217, 'pm25': 13216}}",,,,2.17,2.64,2.35,710816060,37.2,MOD-00618,24.7,2026-06-20T10:30:56,2026-06-20T03:30:56,https://api.quant-aq.com/v1/devices/MOD-00618/data/710815859
,485.45,"{'lat': None, 'lon': None}","{'rh': 37.2, 'temp': 24.7, 'wd': 0.0, 'ws': 0.0, 'ws_scalar': 0.0}","{'gas': {'co': None, 'co2': 13265, 'no': None, 'no2': None, 'o3': None}, 'pm': {'pm1': 13215, 'pm10': 13217, 'pm25': 13216}}",,,,2.11,2.21,2.21,710816062,37.2,MOD-00618,24.7,2026-06-20T10:29:56,2026-06-20T03:29:56,https://api.quant-aq.com/v1/devices/MOD-00618/data/710815861
,482.43,"{'lat': None, 'lon': None}","{'rh': 37.2, 'temp': 24.8, 'wd': 0.0, 'ws': 0.0, 'ws_scalar': 0.0}","{'gas': {'co': None, 'co2': 13265, 'no': None, 'no2': None, 'o3': None}, 'pm': {'pm1': 13215, 'pm10': 13217, 'pm25': 13216}}",,,,2.01,4.18,2.15,710816063,37.2,MOD-00618,24.8,2026-06-20T10:28:56,2026-06-20T03:28:56,https://api.quant-aq.com/v1/devices/MOD-00618/data/710815862
,484.48,"{'lat': None, 'lon': None}","{'rh': 37.2, 'temp': 24.8, 'wd': 0.0, 'ws': 0.0, 'ws_scalar': 0.0}","{'gas': {'co': None, 'co2': 13265, 'no': None, 'no2': None, 'o3': None}, 'pm': {'pm1': 13215, 'pm10': 13217, 'pm25': 13216}}",,,,2.44,2.59,2.59,710816061,37.2,MOD-00618,24.8,2026-06-20T10:27:56,2026-06-20T03:27:56,https://api.quant-aq.com/v1/devices/MOD-00618/data/710815860
,477.62,"{'lat': None, 'lon': None}","{'rh': 37.2, 'temp': 24.8, 'wd': 0.0, 'ws': 0.0, 'ws_scalar': 0.0}","{'gas': {'co': None, 'co2': 13265, 'no': None, 'no2': None, 'o3': None}, 'pm': {'pm1': 13215, 'pm10': 13217, 'pm25': 13216}}",,,,2.16,2.48,2.31,710813394,37.2,MOD-00618,24.8,2026-06-20T10:26:56,2026-06-20T03:26:56,https://api.quant-aq.com/v1/devices/MOD-00618/data/710813193
,480.75,"{'lat': None, 'lon': None}","{'rh': 37.2, 'temp': 24.8, 'wd': 0.0, 'ws': 0.0, 'ws_scalar': 0.0}","{'gas': {'co': None, 'co2': 13265, 'no': None, 'no2': None, 'o3': None}, 'pm': {'pm1': 13215, 'pm10': 13217, 'pm25': 13216}}",,,,2.08,2.63,2.25,710813393,37.2,MOD-00618,24.8,2026-06-20T10:25:56,2026-06-20T03:25:56,https://api.quant-aq.com/v1/devices/MOD-00618/data/710813192
,479.91,"{'lat': None, 'lon': None}","{'rh': 37.2, 'temp': 24.8, 'wd': 0.0, 'ws': 0.0, 'ws_scalar': 0.0}","{'gas': {'co': None, 'co2': 13265, 'no': None, 'no2': None, 'o3': None}, 'pm': {'pm1': 13215, 'pm10': 13217, 'pm25': 13216}}",,,,2.68,7.96,2.79,710813392,37.2,MOD-00618,24.8,2026-06-20T10:24:56,2026-06-20T03:24:56,https://api.quant-aq.com/v1/devices/MOD-00618/data/710813191
,480.51,"{'lat': None, 'lon': None}","{'rh': 37.2, 'temp': 24.8, 'wd': 0.0, 'ws': 0.0, 'ws_scalar': 0.0}","{'gas': {'co': None, 'co2': 13265, 'no': None, 'no2': None, 'o3': None}, 'pm': {'pm1': 13215, 'pm10': 13217, 'pm25': 13216}}",,,,2.65,2.91,2.82,710813391,37.2,MOD-00618,24.8,2026-06-20T10:23:56,2026-06-20T03:23:56,https://api.quant-aq.com/v1/devices/MOD-00618/data/710813190
,481.83,"{'lat': None, 'lon': None}","{'rh': 37.2, 'temp': 24.8, 'wd': 0.0, 'ws': 0.0, 'ws_scalar': 0.0}","{'gas': {'co': None, 'co2': 13265, 'no': None, 'no2': None, 'o3': None}, 'pm': {'pm1': 13215, 'pm10': 13217, 'pm25': 13216}}",,,,2.55,2.74,2.69,710811225,37.2,MOD-00618,24.8,2026-06-20T10:22:56,2026-06-20T03:22:56,https://api.quant-aq.com/v1/devices/MOD-00618/data/710811023
,484.24,"{'lat': None, 'lon': None}","{'rh': 37.2, 'temp': 24.8, 'wd': 0.0, 'ws': 0.0, 'ws_scalar': 0.0}","{'gas': {'co': None, 'co2': 13265, 'no': None, 'no2': None, 'o3': None}, 'pm': {'pm1': 13215, 'pm10': 13217, 'pm25': 13216}}",,,,2.48,2.91,2.65,710811223,37.2,MOD-00618,24.8,2026-06-20T10:21:56,2026-06-20T03:21:56,https://api.quant-aq.com/v1/devices/MOD-00618/data/710811022
,482.8,"{'lat': None, 'lon': None}","{'rh': 37.2, 'temp': 24.8, 'wd': 0.0, 'ws': 0.0, 'ws_scalar': 0.0}","{'gas': {'co': None, 'co2': 13265, 'no': None, 'no2': None, 'o3': None}, 'pm': {'pm1': 13215, 'pm10': 13217, 'pm25': 13216}}",,,,2.54,2.74,2.69,710811221,37.2,MOD-00618,24.8,2026-06-20T10:20:56,2026-06-20T03:20:56,https://api.quant-aq.com/v1/devices/MOD-00618/data/710811019
,479.78,"{'lat': None, 'lon': None}","{'rh': 37.1, 'temp': 24.8, 'wd': 0.0, 'ws': 0.0, 'ws_scalar': 0.0}","{'gas': {'co': None, 'co2': 13265, 'no': None, 'no2': None, 'o3': None}, 'pm': {'pm1': 13215, 'pm10': 13217, 'pm25': 13216}}",,,,2.13,2.35,2.27,710811219,37.1,MOD-00618,24.8,2026-06-20T10:19:56,2026-06-20T03:19:56,https://api.quant-aq.com/v1/devices/MOD-00618/data/710811017
,480.99,"{'lat': None, 'lon': None}","{'rh': 37.2, 'temp': 24.8, 'wd': 0.0, 'ws': 0.0, 'ws_scalar': 0.0}","{'gas': {'co': None, 'co2': 13265, 'no': None, 'no2': None, 'o3': None}, 'pm': {'pm1': 13215, 'pm10': 13217, 'pm25': 13216}}",,,,2.59,2.68,2.68,710810436,37.2,MOD-00618,24.8,2026-06-20T10:18:55,2026-06-20T03:18:55,https://api.quant-aq.com/v1/devices/MOD-00618/data/710810235
,477.98,"{'lat': None, 'lon': None}","{'rh': 37.1, 'temp': 24.8, 'wd': 0.0, 'ws': 0.0, 'ws_scalar': 0.0}","{'gas': {'co': None, 'co2': 13265, 'no': None, 'no2': None, 'o3': None}, 'pm': {'pm1': 13215, 'pm10': 13217, 'pm25': 13216}}",,,,2.32,2.53,2.49,710810434,37.1,MOD-00618,24.8,2026-06-20T10:17:55,2026-06-20T03:17:55,https://api.quant-aq.com/v1/devices/MOD-00618/data/710810232
,483.52,"{'lat': None, 'lon': None}","{'rh': 37.2, 'temp': 24.8, 'wd': 0.0, 'ws': 0.0, 'ws_scalar': 0.0}","{'gas': {'co': None, 'co2': 13265, 'no': None, 'no2': None, 'o3': None}, 'pm': {'pm1': 13215, 'pm10': 13217, 'pm25': 13216}}",,,,2.01,2.18,2.18,710810435,37.2,MOD-00618,24.8,2026-06-20T10:16:55,2026-06-20T03:16:55,https://api.quant-aq.com/v1/devices/MOD-00618/data/710810234
,483.64,"{'lat': None, 'lon': None}","{'rh': 37.1, 'temp': 24.8, 'wd': 0.0, 'ws': 0.0, 'ws_scalar': 0.0}","{'gas': {'co': None, 'co2': 13265, 'no': None, 'no2': None, 'o3': None}, 'pm': {'pm1': 13215, 'pm10': 13217, 'pm25': 13216}}",,,,2.19,2.31,2.31,710810433,37.1,MOD-00618,24.8,2026-06-20T10:15:55,2026-06-20T03:15:55,https://api.quant-aq.com/v1/devices/MOD-00618/data/710810233
,484.0,"{'lat': None, 'lon': None}","{'rh': 37.2, 'temp': 24.8, 'wd': 0.0, 'ws': 0.0, 'ws_scalar': 0.0}","{'gas': {'co': None, 'co2': 13265, 'no': None, 'no2': None, 'o3': None}, 'pm': {'pm1': 13215, 'pm10': 13217, 'pm25': 13216}}",,,,2.07,2.21,2.17,710810432,37.2,MOD-00618,24.8,2026-06-20T10:14:55,2026-06-20T03:14:55,https://api.quant-aq.com/v1/devices/MOD-00618/data/710810231
,482.07,"{'lat': None, 'lon': None}","{'rh': 37.2, 'temp': 24.8, 'wd': 0.0, 'ws': 0.0, 'ws_scalar': 0.0}","{'gas': {'co': None, 'co2': 13265, 'no': None, 'no2': None, 'o3': None}, 'pm': {'pm1': 13215, 'pm10': 13217, 'pm25': 13216}}",,,,2.19,2.83,2.31,710810375,37.2,MOD-00618,24.8,2026-06-20T10:13:55,2026-06-20T03:13:55,https://api.quant-aq.com/v1/devices/MOD-00618/data/710810174
,480.87,"{'lat': None, 'lon': None}","{'rh': 37.2, 'temp': 24.8, 'wd': 0.0, 'ws': 0.0, 'ws_scalar': 0.0}","{'gas': {'co': None, 'co2': 13265, 'no': None, 'no2': None, 'o3': None}, 'pm': {'pm1': 13215, 'pm10': 13217, 'pm25': 13216}}",,,,2.16,2.54,2.32,710810377,37.2,MOD-00618,24.8,2026-06-20T10:12:55,2026-06-20T03:12:55,https://api.quant-aq.com/v1/devices/MOD-00618/data/710810176
,481.83,"{'lat': None, 'lon': None}","{'rh': 37.2, 'temp': 24.8, 'wd': 0.0, 'ws': 0.0, 'ws_scalar': 0.0}","{'gas': {'co': None, 'co2': 13265, 'no': None, 'no2': None, 'o3': None}, 'pm': {'pm1': 13215, 'pm10': 13217, 'pm25': 13216}}",,,,2.63,2.92,2.73,710810374,37.2,MOD-00618,24.8,2026-06-20T10:11:54,2026-06-20T03:11:54,https://api.quant-aq.com/v1/devices/MOD-00618/data/710810173
,482.31,"{'lat': None, 'lon': None}","{'rh': 37.2, 'temp': 24.8, 'wd': 0.0, 'ws': 0.0, 'ws_scalar': 0.0}","{'gas': {'co': None, 'co2': 13265, 'no': None, 'no2': None, 'o3': None}, 'pm': {'pm1': 13215, 'pm10': 13217, 'pm25': 13216}}",,,,2.36,2.49,2.49,710810376,37.2,MOD-00618,24.8,2026-06-20T10:10:54,2026-06-20T03:10:54,https://api.quant-aq.com/v1/devices/MOD-00618/data/710810175
,484.0,"{'lat': None, 'lon': None}","{'rh': 37.1, 'temp': 24.8, 'wd': 0.0, 'ws': 0.0, 'ws_scalar': 0.0}","{'gas': {'co': None, 'co2': 13265, 'no': None, 'no2': None, 'o3': None}, 'pm': {'pm1': 13215, 'pm10': 13217, 'pm25': 13216}}",,,,2.01,2.13,2.13,710810345,37.1,MOD-00618,24.8,2026-06-20T10:10:04,2026-06-20T03:10:04,https://api.quant-aq.com/v1/devices/MOD-00618/data/710810144
,489.06,"{'lat': None, 'lon': None}","{'rh': 37.2, 'temp': 24.8, 'wd': 0.0, 'ws': 0.0, 'ws_scalar': 0.0}","{'gas': {'co': None, 'co2': 13265, 'no': None, 'no2': None, 'o3': None}, 'pm': {'pm1': 13215, 'pm10': 13217, 'pm25': 13216}}",,,,2.26,2.32,2.32,710810346,37.2,MOD-00618,24.8,2026-06-20T10:08:59,2026-06-20T03:08:59,https://api.quant-aq.com/v1/devices/MOD-00618/data/710810145
,483.64,"{'lat': None, 'lon': None}","{'rh': 37.2, 'temp': 24.8, 'wd': 0.0, 'ws': 0.0, 'ws_scalar': 0.0}","{'gas': {'co': None, 'co2': 13265, 'no': None, 'no2': None, 'o3': None}, 'pm': {'pm1': 13215, 'pm10': 13217, 'pm25': 13216}}",,,,2.42,2.59,2.59,710810344,37.2,MOD-00618,24.8,2026-06-20T10:08:02,2026-06-20T03:08:02,https://api.quant-aq.com/v1/devices/MOD-00618/data/710810142
,483.28,"{'lat': None, 'lon': None}","{'rh': 37.2, 'temp': 24.8, 'wd': 0.0, 'ws': 0.0, 'ws_scalar': 0.0}","{'gas': {'co': None, 'co2': 13265, 'no': None, 'no2': None, 'o3': None}, 'pm': {'pm1': 13215, 'pm10': 13217, 'pm25': 13216}}",,,,2.26,2.33,2.33,710810342,37.2,MOD-00618,24.8,2026-06-20T10:07:03,2026-06-20T03:07:03,https://api.quant-aq.com/v1/devices/MOD-00618/data/710810139
,482.56,"{'lat': None, 'lon': None}","{'rh': 37.2, 'temp': 24.8, 'wd': 0.0, 'ws': 0.0, 'ws_scalar': 0.0}","{'gas': {'co': None, 'co2': 13265, 'no': None, 'no2': None, 'o3': None}, 'pm': {'pm1': None, 'pm10': None, 'pm25': None}}",,,,,,,710810338,37.2,MOD-00618,24.8,2026-06-20T10:01:26,2026-06-20T03:01:26,https://api.quant-aq.com/v1/devices/MOD-00618/data/710810136
1118.44,482.8,"{'lat': None, 'lon': None}","{'rh': 37.2, 'temp': 24.9, 'wd': 0.0, 'ws': 0.0, 'ws_scalar': 0.0}","{'gas': {'co': 13503, 'co2': 13265, 'no': 13591, 'no2': 13770, 'o3': 13750}, 'pm': {'pm1': 13215, 'pm10': 13217, 'pm25': 13216}}",4.28,12.28,22.3,2.08,2.31,2.27,710810305,37.2,MOD-00618,24.9,2026-06-20T09:55:21,2026-06-20T02:55:21,https://api.quant-aq.com/v1/devices/MOD-00618/data/710810105
1116.39,484.6,"{'lat': None, 'lon': None}","{'rh': 37.2, 'temp': 24.9, 'wd': 0.0, 'ws': 0.0, 'ws_scalar': 0.0}","{'gas': {'co': 13503, 'co2': 13265, 'no': 13591, 'no2': 13770, 'o3': 13750}, 'pm': {'pm1': 13215, 'pm10': 13217, 'pm25': 13216}}",4.28,12.19,22.58,2.85,3.67,2.96,710810304,37.2,MOD-00618,24.9,2026-06-20T09:54:21,2026-06-20T02:54:21,https://api.quant-aq.com/v1/devices/MOD-00618/data/710810103
1120.9,484.12,"{'lat': None, 'lon': None}","{'rh': 37.2, 'temp': 24.9, 'wd': 0.0, 'ws': 0.0, 'ws_scalar': 0.0}","{'gas': {'co': 13503, 'co2': 13265, 'no': 13591, 'no2': 13770, 'o3': 13750}, 'pm': {'pm1': 13215, 'pm10': 13217, 'pm25': 13216}}",4.28,12.28,22.58,2.28,2.4,2.4,710810306,37.2,MOD-00618,24.9,2026-06-20T09:53:21,2026-06-20T02:53:21,https://api.quant-aq.com/v1/devices/MOD-00618/data/710810104
1120.08,488.1,"{'lat': None, 'lon': None}","{'rh': 37.2, 'temp': 24.9, 'wd': 0.0, 'ws': 0.0, 'ws_scalar': 0.0}","{'gas': {'co': 13503, 'co2': 13265, 'no': 13591, 'no2': 13770, 'o3': 13750}, 'pm': {'pm1': 13215, 'pm10': 13217, 'pm25': 13216}}",4.28,10.74,23.39,2.53,2.72,2.67,710810303,37.2,MOD-00618,24.9,2026-06-20T09:52:21,2026-06-20T02:52:21,https://api.quant-aq.com/v1/devices/MOD-00618/data/710810102
1119.67,484.84,"{'lat': None, 'lon': None}","{'rh': 37.2, 'temp': 24.9, 'wd': 0.0, 'ws': 0.0, 'ws_scalar': 0.0}","{'gas': {'co': 13503, 'co2': 13265, 'no': 13591, 'no2': 13770, 'o3': 13750}, 'pm': {'pm1': 13215, 'pm10': 13217, 'pm25': 13216}}",4.28,12.28,22.3,2.64,2.85,2.81,710810289,37.2,MOD-00618,24.9,2026-06-20T09:51:21,2026-06-20T02:51:21,https://api.quant-aq.com/v1/devices/MOD-00618/data/710810088
1124.6,488.7,"{'lat': None, 'lon': None}","{'rh': 37.2, 'temp': 24.9, 'wd': 0.0, 'ws': 0.0, 'ws_scalar': 0.0}","{'gas': {'co': 13503, 'co2': 13265, 'no': 13591, 'no2': 13770, 'o3': 13750}, 'pm': {'pm1': 13215, 'pm10': 13217, 'pm25': 13216}}",4.27,10.86,23.12,2.27,2.54,2.37,710810287,37.2,MOD-00618,24.9,2026-06-20T09:50:21,2026-06-20T02:50:21,https://api.quant-aq.com/v1/devices/MOD-00618/data/710810086
1122.13,484.84,"{'lat': None, 'lon': None}","{'rh': 37.2, 'temp': 24.9, 'wd': 0.0, 'ws': 0.0, 'ws_scalar': 0.0}","{'gas': {'co': 13503, 'co2': 13265, 'no': 13591, 'no2': 13770, 'o3': 13750}, 'pm': {'pm1': 13215, 'pm10': 13217, 'pm25': 13216}}",4.27,12.19,22.03,2.15,2.33,2.33,710810288,37.2,MOD-00618,24.9,2026-06-20T09:49:21,2026-06-20T02:49:21,https://api.quant-aq.com/v1/devices/MOD-00618/data/710810087
1119.67,486.77,"{'lat': None, 'lon': None}","{'rh': 37.2, 'temp': 24.9, 'wd': 0.0, 'ws': 0.0, 'ws_scalar': 0.0}","{'gas': {'co': 13503, 'co2': 13265, 'no': 13591, 'no2': 13770, 'o3': 13750}, 'pm': {'pm1': 13215, 'pm10': 13217, 'pm25': 13216}}",4.28,12.19,22.85,2.26,2.34,2.34,710810286,37.2,MOD-00618,24.9,2026-06-20T09:48:21,2026-06-20T02:48:21,https://api.quant-aq.com/v1/devices/MOD-00618/data/710810085
1125.83,484.6,"{'lat': None, 'lon': None}","{'rh': 37.2, 'temp': 24.9, 'wd': 0.0, 'ws': 0.0, 'ws_scalar': 0.0}","{'gas': {'co': 13503, 'co2': 13265, 'no': 13591, 'no2': 13770, 'o3': 13750}, 'pm': {'pm1': 13215, 'pm10': 13217, 'pm25': 13216}}",4.28,12.19,22.58,2.09,2.69,2.2,710810290,37.2,MOD-00618,24.9,2026-06-20T09:47:21,2026-06-20T02:47:21,https://api.quant-aq.com/v1/devices/MOD-00618/data/710810089
1123.37,490.26,"{'lat': None, 'lon': None}","{'rh': 37.2, 'temp': 24.9, 'wd': 0.0, 'ws': 0.0, 'ws_scalar': 0.0}","{'gas': {'co': 13503, 'co2': 13265, 'no': 13591, 'no2': 13770, 'o3': 13750}, 'pm': {'pm1': 13215, 'pm10': 13217, 'pm25': 13216}}",4.28,10.74,22.85,2.25,2.38,2.38,710810280,37.2,MOD-00618,24.9,2026-06-20T09:46:21,2026-06-20T02:46:21,https://api.quant-aq.com/v1/devices/MOD-00618/data/710810079
1122.54,485.81,"{'lat': None, 'lon': None}","{'rh': 37.2, 'temp': 24.9, 'wd': 0.0, 'ws': 0.0, 'ws_scalar': 0.0}","{'gas': {'co': 13503, 'co2': 13265, 'no': 13591, 'no2': 13770, 'o3': 13750}, 'pm': {'pm1': 13215, 'pm10': 13217, 'pm25': 13216}}",4.28,12.19,23.12,2.09,2.24,2.2,710810281,37.2,MOD-00618,24.9,2026-06-20T09:45:21,2026-06-20T02:45:21,https://api.quant-aq.com/v1/devices/MOD-00618/data/710810080
1121.31,488.58,"{'lat': None, 'lon': None}","{'rh': 37.2, 'temp': 24.9, 'wd': 0.0, 'ws': 0.0, 'ws_scalar': 0.0}","{'gas': {'co': 13503, 'co2': 13265, 'no': 13591, 'no2': 13770, 'o3': 13750}, 'pm': {'pm1': 13215, 'pm10': 13217, 'pm25': 13216}}",4.28,9.0,23.12,2.15,2.23,2.23,710810279,37.2,MOD-00618,24.9,2026-06-20T09:44:21,2026-06-20T02:44:21,https://api.quant-aq.com/v1/devices/MOD-00618/data/710810078
1120.08,485.08,"{'lat': None, 'lon': None}","{'rh': 37.2, 'temp': 24.9, 'wd': 0.0, 'ws': 0.0, 'ws_scalar': 0.0}","{'gas': {'co': 13503, 'co2': 13265, 'no': 13591, 'no2': 13770, 'o3': 13750}, 'pm': {'pm1': 13215, 'pm10': 13217, 'pm25': 13216}}",4.28,12.19,22.58,2.37,3.26,2.53,710810278,37.2,MOD-00618,24.9,2026-06-20T09:43:21,2026-06-20T02:43:21,https://api.quant-aq.com/v1/devices/MOD-00618/data/710810077
1123.37,483.88,"{'lat': None, 'lon': None}","{'rh': 37.2, 'temp': 24.9, 'wd': 0.0, 'ws': 0.0, 'ws_scalar': 0.0}","{'gas': {'co': 13503, 'co2': 13265, 'no': 13591, 'no2': 13770, 'o3': 13750}, 'pm': {'pm1': 13215, 'pm10': 13217, 'pm25': 13216}}",4.28,10.86,22.3,2.16,2.39,2.3,710810251,37.2,MOD-00618,24.9,2026-06-20T09:42:21,2026-06-20T02:42:21,https://api.quant-aq.com/v1/devices/MOD-00618/data/710810050
1125.42,485.57,"{'lat': None, 'lon': None}","{'rh': 37.2, 'temp': 24.9, 'wd': 0.0, 'ws': 0.0, 'ws_scalar': 0.0}","{'gas': {'co': 13503, 'co2': 13265, 'no': 13591, 'no2': 13770, 'o3': 13750}, 'pm': {'pm1': 13215, 'pm10': 13217, 'pm25': 13216}}",4.27,10.86,23.12,2.15,2.3,2.3,710810250,37.2,MOD-00618,24.9,2026-06-20T09:41:21,2026-06-20T02:41:21,https://api.quant-aq.com/v1/devices/MOD-00618/data/710810049
1131.17,485.57,"{'lat': None, 'lon': None}","{'rh': 37.2, 'temp': 24.9, 'wd': 0.0, 'ws': 0.0, 'ws_scalar': 0.0}","{'gas': {'co': 13503, 'co2': 13265, 'no': 13591, 'no2': 13770, 'o3': 13750}, 'pm': {'pm1': 13215, 'pm10': 13217, 'pm25': 13216}}",4.28,12.28,22.85,2.36,2.45,2.45,710810249,37.2,MOD-00618,24.9,2026-06-20T09:40:21,2026-06-20T02:40:21,https://api.quant-aq.com/v1/devices/MOD-00618/data/710810048
1131.17,486.89,"{'lat': None, 'lon': None}","{'rh': 37.2, 'temp': 24.9, 'wd': 0.0, 'ws': 0.0, 'ws_scalar': 0.0}","{'gas': {'co': 13503, 'co2': 13265, 'no': 13591, 'no2': 13770, 'o3': 13750}, 'pm': {'pm1': 13215, 'pm10': 13217, 'pm25': 13216}}",4.27,12.19,22.03,2.12,2.38,2.29,710810252,37.2,MOD-00618,24.9,2026-06-20T09:39:21,2026-06-20T02:39:21,https://api.quant-aq.com/v1/devices/MOD-00618/data/710810051
1125.42,485.2,"{'lat': None, 'lon': None}","{'rh': 37.2, 'temp': 24.9, 'wd': 0.0, 'ws': 0.0, 'ws_scalar': 0.0}","{'gas': {'co': 13503, 'co2': 13265, 'no': 13591, 'no2': 13770, 'o3': 13750}, 'pm': {'pm1': 13215, 'pm10': 13217, 'pm25': 13216}}",4.28,10.86,22.85,2.1,2.26,2.22,710810218,37.2,MOD-00618,24.9,2026-06-20T09:38:21,2026-06-20T02:38:21,https://api.quant-aq.com/v1/devices/MOD-00618/data/710810016
1130.34,485.57,"{'lat': None, 'lon': None}","{'rh': 37.2, 'temp': 24.9, 'wd': 0.0, 'ws': 0.0, 'ws_scalar': 0.0}","{'gas': {'co': 13503, 'co2': 13265, 'no': 13591, 'no2': 13770, 'o3': 13750}, 'pm': {'pm1': 13215, 'pm10': 13217, 'pm25': 13216}}",4.28,12.19,22.85,2.01,2.08,2.08,710810220,37.2,MOD-00618,24.9,2026-06-20T09:37:21,2026-06-20T02:37:21,https://api.quant-aq.com/v1/devices/MOD-00618/data/710810019
1129.11,487.37,"{'lat': None, 'lon': None}","{'rh': 37.2, 'temp': 24.9, 'wd': 0.0, 'ws': 0.0, 'ws_scalar': 0.0}","{'gas': {'co': 13503, 'co2': 13265, 'no': 13591, 'no2': 13770, 'o3': 13750}, 'pm': {'pm1': 13215, 'pm10': 13217, 'pm25': 13216}}",4.28,9.0,22.58,2.15,2.45,2.33,710810217,37.2,MOD-00618,24.9,2026-06-20T09:36:21,2026-06-20T02:36:21,https://api.quant-aq.com/v1/devices/MOD-00618/data/710810017
1132.81,483.52,"{'lat': None, 'lon': None}","{'rh': 37.2, 'temp': 24.9, 'wd': 0.0, 'ws': 0.0, 'ws_scalar': 0.0}","{'gas': {'co': 13503, 'co2': 13265, 'no': 13591, 'no2': 13770, 'o3': 13750}, 'pm': {'pm1': 13215, 'pm10': 13217, 'pm25': 13216}}",4.28,10.74,22.58,2.7,2.9,2.85,710810219,37.2,MOD-00618,24.9,2026-06-20T09:35:21,2026-06-20T02:35:21,https://api.quant-aq.com/v1/devices/MOD-00618/data/710810021
1128.29,488.58,"{'lat': None, 'lon': None}","{'rh': 37.2, 'temp': 24.9, 'wd': 0.0, 'ws': 0.0, 'ws_scalar': 0.0}","{'gas': {'co': 13503, 'co2': 13265, 'no': 13591, 'no2': 13770, 'o3': 13750}, 'pm': {'pm1': 13215, 'pm10': 13217, 'pm25': 13216}}",4.28,10.86,22.85,2.17,2.41,2.23,710810211,37.2,MOD-00618,24.9,2026-06-20T09:34:21,2026-06-20T02:34:21,https://api.quant-aq.com/v1/devices/MOD-00618/data/710810011
1128.29,487.25,"{'lat': None, 'lon': None}","{'rh': 37.2, 'temp': 24.9, 'wd': 0.0, 'ws': 0.0, 'ws_scalar': 0.0}","{'gas': {'co': 13503, 'co2': 13265, 'no': 13591, 'no2': 13770, 'o3': 13750}, 'pm': {'pm1': 13215, 'pm10': 13217, 'pm25': 13216}}",4.28,12.19,22.3,1.98,2.33,2.12,710810209,37.2,MOD-00618,24.9,2026-06-20T09:33:21,2026-06-20T02:33:21,https://api.quant-aq.com/v1/devices/MOD-00618/data/710810008
1129.52,486.17,"{'lat': None, 'lon': None}","{'rh': 37.2, 'temp': 24.9, 'wd': 0.0, 'ws': 0.0, 'ws_scalar': 0.0}","{'gas': {'co': 13503, 'co2': 13265, 'no': 13591, 'no2': 13770, 'o3': 13750}, 'pm': {'pm1': 13215, 'pm10': 13217, 'pm25': 13216}}",4.28,9.0,22.85,2.03,2.15,2.15,710810212,37.2,MOD-00618,24.9,2026-06-20T09:32:21,2026-06-20T02:32:21,https://api.quant-aq.com/v1/devices/MOD-00618/data/710810010
1130.75,487.25,"{'lat': None, 'lon': None}","{'rh': 37.2, 'temp': 24.9, 'wd': 0.0, 'ws': 0.0, 'ws_scalar': 0.0}","{'gas': {'co': 13503, 'co2': 13265, 'no': 13591, 'no2': 13770, 'o3': 13750}, 'pm': {'pm1': 13215, 'pm10': 13217, 'pm25': 13216}}",4.27,12.19,22.85,2.07,2.65,2.16,710810210,37.2,MOD-00618,24.9,2026-06-20T09:31:21,2026-06-20T02:31:21,https://api.quant-aq.com/v1/devices/MOD-00618/data/710810009
1131.17,486.53,"{'lat': None, 'lon': None}","{'rh': 37.2, 'temp': 24.9, 'wd': 0.0, 'ws': 0.0, 'ws_scalar': 0.0}","{'gas': {'co': 13503, 'co2': 13265, 'no': 13591, 'no2': 13770, 'o3': 13750}, 'pm': {'pm1': 13215, 'pm10': 13217, 'pm25': 13216}}",4.28,10.86,22.85,1.85,2.05,2.01,710810187,37.2,MOD-00618,24.9,2026-06-20T09:30:21,2026-06-20T02:30:21,https://api.quant-aq.com/v1/devices/MOD-00618/data/710809986
1135.27,490.14,"{'lat': None, 'lon': None}","{'rh': 37.2, 'temp': 24.9, 'wd': 0.0, 'ws': 0.0, 'ws_scalar': 0.0}","{'gas': {'co': 13503, 'co2': 13265, 'no': 13591, 'no2': 13770, 'o3': 13750}, 'pm': {'pm1': 13215, 'pm10': 13217, 'pm25': 13216}}",4.27,10.86,23.12,2.42,2.66,2.62,710810185,37.2,MOD-00618,24.9,2026-06-20T09:29:21,2026-06-20T02:29:21,https://api.quant-aq.com/v1/devices/MOD-00618/data/710809983
1133.22,488.7,"{'lat': None, 'lon': None}","{'rh': 37.2, 'temp': 24.9, 'wd': 0.0, 'ws': 0.0, 'ws_scalar': 0.0}","{'gas': {'co': 13503, 'co2': 13265, 'no': 13591, 'no2': 13770, 'o3': 13750}, 'pm': {'pm1': 13215, 'pm10': 13217, 'pm25': 13216}}",4.28,10.86,22.58,2.41,2.55,2.55,710810186,37.2,MOD-00618,24.9,2026-06-20T09:28:21,2026-06-20T02:28:21,https://api.quant-aq.com/v1/devices/MOD-00618/data/710809985
1131.99,487.73,"{'lat': None, 'lon': None}","{'rh': 37.2, 'temp': 24.9, 'wd': 0.0, 'ws': 0.0, 'ws_scalar': 0.0}","{'gas': {'co': 13503, 'co2': 13265, 'no': 13591, 'no2': 13770, 'o3': 13750}, 'pm': {'pm1': 13215, 'pm10': 13217, 'pm25': 13216}}",4.28,10.74,23.12,2.08,2.23,2.19,710810184,37.2,MOD-00618,24.9,2026-06-20T09:27:21,2026-06-20T02:27:21,https://api.quant-aq.com/v1/devices/MOD-00618/data/710809984
1135.68,487.61,"{'lat': None, 'lon': None}","{'rh': 37.2, 'temp': 24.9, 'wd': 0.0, 'ws': 0.0, 'ws_scalar': 0.0}","{'gas': {'co': 13503, 'co2': 13265, 'no': 13591, 'no2': 13770, 'o3': 13750}, 'pm': {'pm1': 13215, 'pm10': 13217, 'pm25': 13216}}",4.28,9.0,22.85,2.58,2.81,2.77,710810158,37.2,MOD-00618,24.9,2026-06-20T09:26:21,2026-06-20T02:26:21,https://api.quant-aq.com/v1/devices/MOD-00618/data/710809957
1138.14,486.89,"{'lat': None, 'lon': None}","{'rh': 37.2, 'temp': 24.9, 'wd': 0.0, 'ws': 0.0, 'ws_scalar': 0.0}","{'gas': {'co': 13503, 'co2': 13265, 'no': 13591, 'no2': 13770, 'o3': 13750}, 'pm': {'pm1': 13215, 'pm10': 13217, 'pm25': 13216}}",4.28,12.28,22.3,2.5,2.58,2.58,710810156,37.2,MOD-00618,24.9,2026-06-20T09:25:21,2026-06-20T02:25:21,https://api.quant-aq.com/v1/devices/MOD-00618/data/710809955
1138.55,485.45,"{'lat': None, 'lon': None}","{'rh': 37.2, 'temp': 24.9, 'wd': 0.0, 'ws': 0.0, 'ws_scalar': 0.0}","{'gas': {'co': 13503, 'co2': 13265, 'no': 13591, 'no2': 13770, 'o3': 13750}, 'pm': {'pm1': 13215, 'pm10': 13217, 'pm25': 13216}}",4.28,12.19,23.12,2.21,2.31,2.31,710810157,37.2,MOD-00618,24.9,2026-06-20T09:24:21,2026-06-20T02:24:21,https://api.quant-aq.com/v1/devices/MOD-00618/data/710809956
1129.52,485.69,"{'lat': None, 'lon': None}","{'rh': 37.2, 'temp': 24.9, 'wd': 0.0, 'ws': 0.0, 'ws_scalar': 0.0}","{'gas': {'co': 13503, 'co2': 13265, 'no': 13591, 'no2': 13770, 'o3': 13750}, 'pm': {'pm1': 13215, 'pm10': 13217, 'pm25': 13216}}",4.28,10.74,22.3,1.93,2.24,2.15,710810155,37.2,MOD-00618,24.9,2026-06-20T09:23:21,2026-06-20T02:23:21,https://api.quant-aq.com/v1/devices/MOD-00618/data/710809954
1137.32,485.45,"{'lat': None, 'lon': None}","{'rh': 37.2, 'temp': 24.9, 'wd': 0.0, 'ws': 0.0, 'ws_scalar': 0.0}","{'gas': {'co': 13503, 'co2': 13265, 'no': 13591, 'no2': 13770, 'o3': 13750}, 'pm': {'pm1': 13215, 'pm10': 13217, 'pm25': 13216}}",4.28,12.33,22.58,1.92,2.0,2.0,710810154,37.2,MOD-00618,24.9,2026-06-20T09:22:21,2026-06-20T02:22:21,https://api.quant-aq.com/v1/devices/MOD-00618/data/710809953
1135.68,486.89,"{'lat': None, 'lon': None}","{'rh': 37.2, 'temp': 24.9, 'wd': 0.0, 'ws': 0.0, 'ws_scalar': 0.0}","{'gas': {'co': 13503, 'co2': 13265, 'no': 13591, 'no2': 13770, 'o3': 13750}, 'pm': {'pm1': 13215, 'pm10': 13217, 'pm25': 13216}}",4.28,10.86,22.85,2.34,2.44,2.44,710810126,37.2,MOD-00618,24.9,2026-06-20T09:21:21,2026-06-20T02:21:21,https://api.quant-aq.com/v1/devices/MOD-00618/data/710809925
1136.09,487.01,"{'lat': None, 'lon': None}","{'rh': 37.2, 'temp': 24.9, 'wd': 0.0, 'ws': 0.0, 'ws_scalar': 0.0}","{'gas': {'co': 13503, 'co2': 13265, 'no': 13591, 'no2': 13770, 'o3': 13750}, 'pm': {'pm1': 13215, 'pm10': 13217, 'pm25': 13216}}",4.28,12.19,22.58,2.25,2.34,2.34,710810128,37.2,MOD-00618,24.9,2026-06-20T09:20:21,2026-06-20T02:20:21,https://api.quant-aq.com/v1/devices/MOD-00618/data/710809927
1141.54,484.36,"{'lat': None, 'lon': None}","{'rh': 37.2, 'temp': 25.0, 'wd': 0.0, 'ws': 0.0, 'ws_scalar': 0.0}","{'gas': {'co': 13503, 'co2': 13265, 'no': 13591, 'no2': 13770, 'o3': 13750}, 'pm': {'pm1': 13215, 'pm10': 13217, 'pm25': 13216}}",4.28,11.66,22.87,2.36,2.53,2.53,710810125,37.2,MOD-00618,25.0,2026-06-20T09:19:21,2026-06-20T02:19:21,https://api.quant-aq.com/v1/devices/MOD-00618/data/710809924
1139.48,486.89,"{'lat': None, 'lon': None}","{'rh': 37.2, 'temp': 25.0, 'wd': 0.0, 'ws': 0.0, 'ws_scalar': 0.0}","{'gas': {'co': 13503, 'co2': 13265, 'no': 13591, 'no2': 13770, 'o3': 13750}, 'pm': {'pm1': 13215, 'pm10': 13217, 'pm25': 13216}}",4.28,12.2,22.32,2.19,2.5,2.32,710810127,37.2,MOD-00618,25.0,2026-06-20T09:18:21,2026-06-20T02:18:21,https://api.quant-aq.com/v1/devices/MOD-00618/data/710809926
1137.43,485.33,"{'lat': None, 'lon': None}","{'rh': 37.2, 'temp': 25.0, 'wd': 0.0, 'ws': 0.0, 'ws_scalar': 0.0}","{'gas': {'co': 13503, 'co2': 13265, 'no': 13591, 'no2': 13770, 'o3': 13750}, 'pm': {'pm1': 13215, 'pm10': 13217, 'pm25': 13216}}",4.27,11.66,23.14,1.92,1.99,1.99,710810124,37.2,MOD-00618,25.0,2026-06-20T09:17:21,2026-06-20T02:17:21,https://api.quant-aq.com/v1/devices/MOD-00618/data/710809923
1141.54,485.57,"{'lat': None, 'lon': None}","{'rh': 37.2, 'temp': 25.0, 'wd': 0.0, 'ws': 0.0, 'ws_scalar': 0.0}","{'gas': {'co': 13503, 'co2': 13265, 'no': 13591, 'no2': 13770, 'o3': 13750}, 'pm': {'pm1': 13215, 'pm10': 13217, 'pm25': 13216}}",4.28,11.66,22.59,2.51,2.66,2.61,710810108,37.2,MOD-00618,25.0,2026-06-20T09:16:21,2026-06-20T02:16:21,https://api.quant-aq.com/v1/devices/MOD-00618/data/710809907
1141.13,488.94,"{'lat': None, 'lon': None}","{'rh': 37.2, 'temp': 25.0, 'wd': 0.0, 'ws': 0.0, 'ws_scalar': 0.0}","{'gas': {'co': 13503, 'co2': 13265, 'no': 13591, 'no2': 13770, 'o3': 13750}, 'pm': {'pm1': 13215, 'pm10': 13217, 'pm25': 13216}}",4.28,12.13,22.87,2.1,2.76,2.2,710810105,37.2,MOD-00618,25.0,2026-06-20T09:15:21,2026-06-20T02:15:21,https://api.quant-aq.com/v1/devices/MOD-00618/data/710809904
1140.3,487.85,"{'lat': None, 'lon': None}","{'rh': 37.2, 'temp': 25.0, 'wd': 0.0, 'ws': 0.0, 'ws_scalar': 0.0}","{'gas': {'co': 13503, 'co2': 13265, 'no': 13591, 'no2': 13770, 'o3': 13750}, 'pm': {'pm1': 13215, 'pm10': 13217, 'pm25': 13216}}",4.28,12.2,22.32,1.72,2.36,1.8,710810106,37.2,MOD-00618,25.0,2026-06-20T09:14:21,2026-06-20T02:14:21,https://api.quant-aq.com/v1/devices/MOD-00618/data/710809905
1139.89,484.96,"{'lat': None, 'lon': None}","{'rh': 37.2, 'temp': 25.0, 'wd': 0.0, 'ws': 0.0, 'ws_scalar': 0.0}","{'gas': {'co': 13503, 'co2': 13265, 'no': 13591, 'no2': 13770, 'o3': 13750}, 'pm': {'pm1': 13215, 'pm10': 13217, 'pm25': 13216}}",4.28,12.13,22.87,2.08,2.17,2.17,710810107,37.2,MOD-00618,25.0,2026-06-20T09:13:21,2026-06-20T02:13:21,https://api.quant-aq.com/v1/devices/MOD-00618/data/710809906
1144.0,485.93,"{'lat': None, 'lon': None}","{'rh': 37.2, 'temp': 25.0, 'wd': 0.0, 'ws': 0.0, 'ws_scalar': 0.0}","{'gas': {'co': 13503, 'co2': 13265, 'no': 13591, 'no2': 13770, 'o3': 13750}, 'pm': {'pm1': 13215, 'pm10': 13217, 'pm25': 13216}}",4.28,11.66,22.59,1.84,1.87,1.87,710810047,37.2,MOD-00618,25.0,2026-06-20T09:12:21,2026-06-20T02:12:21,https://api.quant-aq.com/v1/devices/MOD-00618/data/710809846
1143.18,486.53,"{'lat': None, 'lon': None}","{'rh': 37.2, 'temp': 25.0, 'wd': 0.0, 'ws': 0.0, 'ws_scalar': 0.0}","{'gas': {'co': 13503, 'co2': 13265, 'no': 13591, 'no2': 13770, 'o3': 13750}, 'pm': {'pm1': 13215, 'pm10': 13217, 'pm25': 13216}}",4.28,11.66,22.59,2.33,2.91,2.4,710810048,37.2,MOD-00618,25.0,2026-06-20T09:11:21,2026-06-20T02:11:21,https://api.quant-aq.com/v1/devices/MOD-00618/data/710809847
1140.3,487.85,"{'lat': None, 'lon': None}","{'rh': 37.2, 'temp': 25.0, 'wd': 0.0, 'ws': 0.0, 'ws_scalar': 0.0}","{'gas': {'co': 13503, 'co2': 13265, 'no': 13591, 'no2': 13770, 'o3': 13750}, 'pm': {'pm1': 13215, 'pm10': 13217, 'pm25': 13216}}",4.28,9.39,22.59,2.11,2.43,2.26,710810046,37.2,MOD-00618,25.0,2026-06-20T09:10:21,2026-06-20T02:10:21,https://api.quant-aq.com/v1/devices/MOD-00618/data/710809845
1136.2,485.57,"{'lat': None, 'lon': None}","{'rh': 37.2, 'temp': 25.0, 'wd': 0.0, 'ws': 0.0, 'ws_scalar': 0.0}","{'gas': {'co': 13503, 'co2': 13265, 'no': 13591, 'no2': 13770, 'o3': 13750}, 'pm': {'pm1': 13215, 'pm10': 13217, 'pm25': 13216}}",4.28,12.2,22.87,2.27,2.45,2.41,710810045,37.2,MOD-00618,25.0,2026-06-20T09:09:21,2026-06-20T02:09:21,https://api.quant-aq.com/v1/devices/MOD-00618/data/710809844
1145.23,487.37,"{'lat': None, 'lon': None}","{'rh': 37.2, 'temp': 25.0, 'wd': 0.0, 'ws': 0.0, 'ws_scalar': 0.0}","{'gas': {'co': 13503, 'co2': 13265, 'no': 13591, 'no2': 13770, 'o3': 13750}, 'pm': {'pm1': 13215, 'pm10': 13217, 'pm25': 13216}}",4.28,12.2,22.59,2.03,2.33,2.21,710810044,37.2,MOD-00618,25.0,2026-06-20T09:08:21,2026-06-20T02:08:21,https://api.quant-aq.com/v1/devices/MOD-00618/data/710809843
1141.54,485.2,"{'lat': None, 'lon': None}","{'rh': 37.2, 'temp': 25.0, 'wd': 0.0, 'ws': 0.0, 'ws_scalar': 0.0}","{'gas': {'co': 13503, 'co2': 13265, 'no': 13591, 'no2': 13770, 'o3': 13750}, 'pm': {'pm1': 13215, 'pm10': 13217, 'pm25': 13216}}",4.28,9.39,22.87,1.8,2.03,1.98,710810025,37.2,MOD-00618,25.0,2026-06-20T09:07:21,2026-06-20T02:07:21,https://api.quant-aq.com/v1/devices/MOD-00618/data/710809824
1144.0,486.41,"{'lat': None, 'lon': None}","{'rh': 37.2, 'temp': 25.0, 'wd': 0.0, 'ws': 0.0, 'ws_scalar': 0.0}","{'gas': {'co': 13503, 'co2': 13265, 'no': 13591, 'no2': 13770, 'o3': 13750}, 'pm': {'pm1': 13215, 'pm10': 13217, 'pm25': 13216}}",4.28,12.2,22.59,2.11,2.79,2.24,710810026,37.2,MOD-00618,25.0,2026-06-20T09:06:21,2026-06-20T02:06:21,https://api.quant-aq.com/v1/devices/MOD-00618/data/710809825
1146.87,489.9,"{'lat': None, 'lon': None}","{'rh': 37.2, 'temp': 25.0, 'wd': 0.0, 'ws': 0.0, 'ws_scalar': 0.0}","{'gas': {'co': 13503, 'co2': 13265, 'no': 13591, 'no2': 13770, 'o3': 13750}, 'pm': {'pm1': 13215, 'pm10': 13217, 'pm25': 13216}}",4.28,9.39,22.59,2.24,2.34,2.34,710810024,37.2,MOD-00618,25.0,2026-06-20T09:05:21,2026-06-20T02:05:21,https://api.quant-aq.com/v1/devices/MOD-00618/data/710809823
1145.23,487.73,"{'lat': None, 'lon': None}","{'rh': 37.2, 'temp': 25.0, 'wd': 0.0, 'ws': 0.0, 'ws_scalar': 0.0}","{'gas': {'co': 13503, 'co2': 13265, 'no': 13591, 'no2': 13770, 'o3': 13750}, 'pm': {'pm1': 13215, 'pm10': 13217, 'pm25': 13216}}",4.28,12.13,22.59,1.98,2.18,2.13,710810027,37.2,MOD-00618,25.0,2026-06-20T09:04:21,2026-06-20T02:04:21,https://api.quant-aq.com/v1/devices/MOD-00618/data/710809826
1146.46,485.2,"{'lat': None, 'lon': None}","{'rh': 37.2, 'temp': 25.0, 'wd': 0.0, 'ws': 0.0, 'ws_scalar': 0.0}","{'gas': {'co': 13503, 'co2': 13265, 'no': 13591, 'no2': 13770, 'o3': 13750}, 'pm': {'pm1': 13215, 'pm10': 13217, 'pm25': 13216}}",4.28,12.13,22.87,1.72,1.89,1.84,710810001,37.2,MOD-00618,25.0,2026-06-20T09:03:21,2026-06-20T02:03:21,https://api.quant-aq.com/v1/devices/MOD-00618/data/710809800
1149.75,487.13,"{'lat': None, 'lon': None}","{'rh': 37.2, 'temp': 25.0, 'wd': 0.0, 'ws': 0.0, 'ws_scalar': 0.0}","{'gas': {'co': 13503, 'co2': 13265, 'no': 13591, 'no2': 13770, 'o3': 13750}, 'pm': {'pm1': 13215, 'pm10': 13217, 'pm25': 13216}}",4.28,11.66,22.87,2.31,4.32,2.4,710809999,37.2,MOD-00618,25.0,2026-06-20T09:02:21,2026-06-20T02:02:21,https://api.quant-aq.com/v1/devices/MOD-00618/data/710809798
1150.98,487.61,"{'lat': None, 'lon': None}","{'rh': 37.2, 'temp': 25.0, 'wd': 0.0, 'ws': 0.0, 'ws_scalar': 0.0}","{'gas': {'co': 13503, 'co2': 13265, 'no': 13591, 'no2': 13770, 'o3': 13750}, 'pm': {'pm1': 13215, 'pm10': 13217, 'pm25': 13216}}",4.28,9.31,22.59,2.27,2.91,2.4,710809998,37.2,MOD-00618,25.0,2026-06-20T09:01:21,2026-06-20T02:01:21,https://api.quant-aq.com/v1/devices/MOD-00618/data/710809797
1144.82,487.85,"{'lat': None, 'lon': None}","{'rh': 37.2, 'temp': 25.0, 'wd': 0.0, 'ws': 0.0, 'ws_scalar': 0.0}","{'gas': {'co': 13503, 'co2': 13265, 'no': 13591, 'no2': 13770, 'o3': 13750}, 'pm': {'pm1': 13215, 'pm10': 13217, 'pm25': 13216}}",4.28,9.39,22.32,1.45,1.59,1.55,710809996,37.2,MOD-00618,25.0,2026-06-20T09:00:21,2026-06-20T02:00:21,https://api.quant-aq.com/v1/devices/MOD-00618/data/710809795
1148.92,487.61,"{'lat': None, 'lon': None}","{'rh': 37.2, 'temp': 25.0, 'wd': 0.0, 'ws': 0.0, 'ws_scalar': 0.0}","{'gas': {'co': 13503, 'co2': 13265, 'no': 13591, 'no2': 13770, 'o3': 13750}, 'pm': {'pm1': 13215, 'pm10': 13217, 'pm25': 13216}}",4.28,12.2,23.14,1.9,2.5,1.97,710809984,37.2,MOD-00618,25.0,2026-06-20T08:59:21,2026-06-20T01:59:21,https://api.quant-aq.com/v1/devices/MOD-00618/data/710809784
1150.98,484.0,"{'lat': None, 'lon': None}","{'rh': 37.2, 'temp': 25.0, 'wd': 0.0, 'ws': 0.0, 'ws_scalar': 0.0}","{'gas': {'co': 13503, 'co2': 13265, 'no': 13591, 'no2': 13770, 'o3': 13750}, 'pm': {'pm1': 13215, 'pm10': 13217, 'pm25': 13216}}",4.28,12.2,22.32,2.27,2.57,2.35,710809986,37.2,MOD-00618,25.0,2026-06-20T08:58:21,2026-06-20T01:58:21,https://api.quant-aq.com/v1/devices/MOD-00618/data/710809785
1146.87,486.17,"{'lat': None, 'lon': None}","{'rh': 37.2, 'temp': 25.0, 'wd': 0.0, 'ws': 0.0, 'ws_scalar': 0.0}","{'gas': {'co': 13503, 'co2': 13265, 'no': 13591, 'no2': 13770, 'o3': 13750}, 'pm': {'pm1': 13215, 'pm10': 13217, 'pm25': 13216}}",4.28,9.39,23.41,2.38,4.53,2.63,710809985,37.2,MOD-00618,25.0,2026-06-20T08:57:21,2026-06-20T01:57:21,https://api.quant-aq.com/v1/devices/MOD-00618/data/710809783
1149.75,491.11,"{'lat': None, 'lon': None}","{'rh': 37.2, 'temp': 25.0, 'wd': 0.0, 'ws': 0.0, 'ws_scalar': 0.0}","{'gas': {'co': 13503, 'co2': 13265, 'no': 13591, 'no2': 13770, 'o3': 13750}, 'pm': {'pm1': 13215, 'pm10': 13217, 'pm25': 13216}}",4.28,12.13,22.59,1.91,2.06,2.01,710809987,37.2,MOD-00618,25.0,2026-06-20T08:56:21,2026-06-20T01:56:21,https://api.quant-aq.com/v1/devices/MOD-00618/data/710809786
1153.85,488.58,"{'lat': None, 'lon': None}","{'rh': 37.2, 'temp': 25.0, 'wd': 0.0, 'ws': 0.0, 'ws_scalar': 0.0}","{'gas': {'co': 13503, 'co2': 13265, 'no': 13591, 'no2': 13770, 'o3': 13750}, 'pm': {'pm1': 13215, 'pm10': 13217, 'pm25': 13216}}",4.29,9.39,22.59,2.17,2.23,2.23,710809961,37.2,MOD-00618,25.0,2026-06-20T08:55:21,2026-06-20T01:55:21,https://api.quant-aq.com/v1/devices/MOD-00618/data/710809759
1150.16,489.3,"{'lat': None, 'lon': None}","{'rh': 37.2, 'temp': 25.0, 'wd': 0.0, 'ws': 0.0, 'ws_scalar': 0.0}","{'gas': {'co': 13503, 'co2': 13265, 'no': 13591, 'no2': 13770, 'o3': 13750}, 'pm': {'pm1': 13215, 'pm10': 13217, 'pm25': 13216}}",4.28,12.13,22.87,1.97,2.18,2.14,710809960,37.2,MOD-00618,25.0,2026-06-20T08:54:21,2026-06-20T01:54:21,https://api.quant-aq.com/v1/devices/MOD-00618/data/710809760
1151.8,490.14,"{'lat': None, 'lon': None}","{'rh': 37.2, 'temp': 25.0, 'wd': 0.0, 'ws': 0.0, 'ws_scalar': 0.0}","{'gas': {'co': 13503, 'co2': 13265, 'no': 13591, 'no2': 13770, 'o3': 13750}, 'pm': {'pm1': 13215, 'pm10': 13217, 'pm25': 13216}}",4.28,12.32,22.87,2.02,2.33,2.24,710809958,37.2,MOD-00618,25.0,2026-06-20T08:53:21,2026-06-20T01:53:21,https://api.quant-aq.com/v1/devices/MOD-00618/data/710809758
1150.57,489.54,"{'lat': None, 'lon': None}","{'rh': 37.2, 'temp': 25.0, 'wd': 0.0, 'ws': 0.0, 'ws_scalar': 0.0}","{'gas': {'co': 13503, 'co2': 13265, 'no': 13591, 'no2': 13770, 'o3': 13750}, 'pm': {'pm1': 13215, 'pm10': 13217, 'pm25': 13216}}",4.28,12.13,22.87,1.8,1.96,1.96,710809959,37.2,MOD-00618,25.0,2026-06-20T08:52:21,2026-06-20T01:52:21,https://api.quant-aq.com/v1/devices/MOD-00618/data/710809757
1155.9,488.34,"{'lat': None, 'lon': None}","{'rh': 37.2, 'temp': 25.0, 'wd': 0.0, 'ws': 0.0, 'ws_scalar': 0.0}","{'gas': {'co': 13503, 'co2': 13265, 'no': 13591, 'no2': 13770, 'o3': 13750}, 'pm': {'pm1': 13215, 'pm10': 13217, 'pm25': 13216}}",4.28,9.31,22.59,2.42,2.51,2.51,710809962,37.2,MOD-00618,25.0,2026-06-20T08:51:21,2026-06-20T01:51:21,https://api.quant-aq.com/v1/devices/MOD-00618/data/710809761
1151.39,489.66,"{'lat': None, 'lon': None}","{'rh': 37.2, 'temp': 25.0, 'wd': 0.0, 'ws': 0.0, 'ws_scalar': 0.0}","{'gas': {'co': 13503, 'co2': 13265, 'no': 13591, 'no2': 13770, 'o3': 13750}, 'pm': {'pm1': 13215, 'pm10': 13217, 'pm25': 13216}}",4.28,11.66,22.59,2.26,2.44,2.4,710809880,37.2,MOD-00618,25.0,2026-06-20T08:50:21,2026-06-20T01:50:21,https://api.quant-aq.com/v1/devices/MOD-00618/data/710809679
1157.55,492.55,"{'lat': None, 'lon': None}","{'rh': 37.2, 'temp': 25.0, 'wd': 0.0, 'ws': 0.0, 'ws_scalar': 0.0}","{'gas': {'co': 13503, 'co2': 13265, 'no': 13591, 'no2': 13770, 'o3': 13750}, 'pm': {'pm1': 13215, 'pm10': 13217, 'pm25': 13216}}",4.28,11.66,22.87,1.74,2.0,1.82,710809878,37.2,MOD-00618,25.0,2026-06-20T08:49:21,2026-06-20T01:49:21,https://api.quant-aq.com/v1/devices/MOD-00618/data/710809677
1160.83,492.67,"{'lat': None, 'lon': None}","{'rh': 37.2, 'temp': 25.0, 'wd': 0.0, 'ws': 0.0, 'ws_scalar': 0.0}","{'gas': {'co': 13503, 'co2': 13265, 'no': 13591, 'no2': 13770, 'o3': 13750}, 'pm': {'pm1': 13215, 'pm10': 13217, 'pm25': 13216}}",4.28,12.2,22.32,2.29,2.66,2.44,710809881,37.2,MOD-00618,25.0,2026-06-20T08:48:21,2026-06-20T01:48:21,https://api.quant-aq.com/v1/devices/MOD-00618/data/710809680
1153.03,486.05,"{'lat': None, 'lon': None}","{'rh': 37.2, 'temp': 25.0, 'wd': 0.0, 'ws': 0.0, 'ws_scalar': 0.0}","{'gas': {'co': 13503, 'co2': 13265, 'no': 13591, 'no2': 13770, 'o3': 13750}, 'pm': {'pm1': 13215, 'pm10': 13217, 'pm25': 13216}}",4.27,7.61,23.41,2.15,2.29,2.25,710809879,37.2,MOD-00618,25.0,2026-06-20T08:47:21,2026-06-20T01:47:21,https://api.quant-aq.com/v1/devices/MOD-00618/data/710809678
1157.14,491.47,"{'lat': None, 'lon': None}","{'rh': 37.2, 'temp': 25.0, 'wd': 0.0, 'ws': 0.0, 'ws_scalar': 0.0}","{'gas': {'co': 13503, 'co2': 13265, 'no': 13591, 'no2': 13770, 'o3': 13750}, 'pm': {'pm1': 13215, 'pm10': 13217, 'pm25': 13216}}",4.28,12.2,22.32,2.43,2.61,2.53,710809869,37.2,MOD-00618,25.0,2026-06-20T08:46:21,2026-06-20T01:46:21,https://api.quant-aq.com/v1/devices/MOD-00618/data/710809667
1153.44,489.78,"{'lat': None, 'lon': None}","{'rh': 37.2, 'temp': 25.0, 'wd': 0.0, 'ws': 0.0, 'ws_scalar': 0.0}","{'gas': {'co': 13503, 'co2': 13265, 'no': 13591, 'no2': 13770, 'o3': 13750}, 'pm': {'pm1': 13215, 'pm10': 13217, 'pm25': 13216}}",4.28,12.13,22.87,2.37,2.63,2.51,710809865,37.2,MOD-00618,25.0,2026-06-20T08:45:21,2026-06-20T01:45:21,https://api.quant-aq.com/v1/devices/MOD-00618/data/710809664
1155.08,491.95,"{'lat': None, 'lon': None}","{'rh': 37.2, 'temp': 25.0, 'wd': 0.0, 'ws': 0.0, 'ws_scalar': 0.0}","{'gas': {'co': 13503, 'co2': 13265, 'no': 13591, 'no2': 13770, 'o3': 13750}, 'pm': {'pm1': 13215, 'pm10': 13217, 'pm25': 13216}}",4.28,11.66,22.87,2.16,2.22,2.22,710809867,37.2,MOD-00618,25.0,2026-06-20T08:44:21,2026-06-20T01:44:21,https://api.quant-aq.com/v1/devices/MOD-00618/data/710809666
1159.19,488.34,"{'lat': None, 'lon': None}","{'rh': 37.2, 'temp': 25.0, 'wd': 0.0, 'ws': 0.0, 'ws_scalar': 0.0}","{'gas': {'co': 13503, 'co2': 13265, 'no': 13591, 'no2': 13770, 'o3': 13750}, 'pm': {'pm1': 13215, 'pm10': 13217, 'pm25': 13216}}",4.28,9.39,22.87,1.94,2.03,2.03,710809866,37.2,MOD-00618,25.0,2026-06-20T08:43:21,2026-06-20T01:43:21,https://api.quant-aq.com/v1/devices/MOD-00618/data/710809665
1157.14,496.17,"{'lat': None, 'lon': None}","{'rh': 37.2, 'temp': 25.0, 'wd': 0.0, 'ws': 0.0, 'ws_scalar': 0.0}","{'gas': {'co': 13503, 'co2': 13265, 'no': 13591, 'no2': 13770, 'o3': 13750}, 'pm': {'pm1': 13215, 'pm10': 13217, 'pm25': 13216}}",4.28,11.66,22.87,2.26,2.52,2.35,710809868,37.2,MOD-00618,25.0,2026-06-20T08:42:21,2026-06-20T01:42:21,https://api.quant-aq.com/v1/devices/MOD-00618/data/710809668
1163.7,489.78,"{'lat': None, 'lon': None}","{'rh': 37.2, 'temp': 25.0, 'wd': 0.0, 'ws': 0.0, 'ws_scalar': 0.0}","{'gas': {'co': 13503, 'co2': 13265, 'no': 13591, 'no2': 13770, 'o3': 13750}, 'pm': {'pm1': 13215, 'pm10': 13217, 'pm25': 13216}}",4.28,11.66,22.59,2.14,2.34,2.26,710809844,37.2,MOD-00618,25.0,2026-06-20T08:41:21,2026-06-20T01:41:21,https://api.quant-aq.com/v1/devices/MOD-00618/data/710809642
1158.37,490.14,"{'lat': None, 'lon': None}","{'rh': 37.2, 'temp': 25.0, 'wd': 0.0, 'ws': 0.0, 'ws_scalar': 0.0}","{'gas': {'co': 13503, 'co2': 13265, 'no': 13591, 'no2': 13770, 'o3': 13750}, 'pm': {'pm1': 13215, 'pm10': 13217, 'pm25': 13216}}",4.28,11.66,22.59,2.19,2.77,2.31,710809843,37.2,MOD-00618,25.0,2026-06-20T08:40:21,2026-06-20T01:40:21,https://api.quant-aq.com/v1/devices/MOD-00618/data/710809641
1159.19,489.54,"{'lat': None, 'lon': None}","{'rh': 37.2, 'temp': 25.0, 'wd': 0.0, 'ws': 0.0, 'ws_scalar': 0.0}","{'gas': {'co': 13503, 'co2': 13265, 'no': 13591, 'no2': 13770, 'o3': 13750}, 'pm': {'pm1': 13215, 'pm10': 13217, 'pm25': 13216}}",4.28,12.2,22.87,2.14,2.34,2.29,710809846,37.2,MOD-00618,25.0,2026-06-20T08:39:21,2026-06-20T01:39:21,https://api.quant-aq.com/v1/devices/MOD-00618/data/710809645
1160.83,489.78,"{'lat': None, 'lon': None}","{'rh': 37.2, 'temp': 25.0, 'wd': 0.0, 'ws': 0.0, 'ws_scalar': 0.0}","{'gas': {'co': 13503, 'co2': 13265, 'no': 13591, 'no2': 13770, 'o3': 13750}, 'pm': {'pm1': 13215, 'pm10': 13217, 'pm25': 13216}}",4.28,11.66,22.87,2.06,2.25,2.16,710809842,37.2,MOD-00618,25.0,2026-06-20T08:38:21,2026-06-20T01:38:21,https://api.quant-aq.com/v1/devices/MOD-00618/data/710809643
1161.24,490.02,"{'lat': None, 'lon': None}","{'rh': 37.2, 'temp': 25.0, 'wd': 0.0, 'ws': 0.0, 'ws_scalar': 0.0}","{'gas': {'co': 13503, 'co2': 13265, 'no': 13591, 'no2': 13770, 'o3': 13750}, 'pm': {'pm1': 13215, 'pm10': 13217, 'pm25': 13216}}",4.28,9.39,22.59,1.82,1.98,1.94,710809845,37.2,MOD-00618,25.0,2026-06-20T08:37:21,2026-06-20T01:37:21,https://api.quant-aq.com/v1/devices/MOD-00618/data/710809644
1162.47,492.19,"{'lat': None, 'lon': None}","{'rh': 37.2, 'temp': 25.0, 'wd': 0.0, 'ws': 0.0, 'ws_scalar': 0.0}","{'gas': {'co': 13503, 'co2': 13265, 'no': 13591, 'no2': 13770, 'o3': 13750}, 'pm': {'pm1': 13215, 'pm10': 13217, 'pm25': 13216}}",4.28,12.13,22.32,1.93,2.03,2.03,710809793,37.2,MOD-00618,25.0,2026-06-20T08:36:21,2026-06-20T01:36:21,https://api.quant-aq.com/v1/devices/MOD-00618/data/710809592
1156.31,491.47,"{'lat': None, 'lon': None}","{'rh': 37.2, 'temp': 25.0, 'wd': 0.0, 'ws': 0.0, 'ws_scalar': 0.0}","{'gas': {'co': 13503, 'co2': 13265, 'no': 13591, 'no2': 13770, 'o3': 13750}, 'pm': {'pm1': 13215, 'pm10': 13217, 'pm25': 13216}}",4.28,11.66,22.32,1.7,1.97,1.88,710809794,37.2,MOD-00618,25.0,2026-06-20T08:35:21,2026-06-20T01:35:21,https://api.quant-aq.com/v1/devices/MOD-00618/data/710809593
1162.47,490.87,"{'lat': None, 'lon': None}","{'rh': 37.2, 'temp': 25.0, 'wd': 0.0, 'ws': 0.0, 'ws_scalar': 0.0}","{'gas': {'co': 13503, 'co2': 13265, 'no': 13591, 'no2': 13770, 'o3': 13750}, 'pm': {'pm1': 13215, 'pm10': 13217, 'pm25': 13216}}",4.28,9.39,22.59,1.97,2.04,2.04,710809791,37.2,MOD-00618,25.0,2026-06-20T08:34:21,2026-06-20T01:34:21,https://api.quant-aq.com/v1/devices/MOD-00618/data/710809590
1162.47,491.47,"{'lat': None, 'lon': None}","{'rh': 37.2, 'temp': 25.0, 'wd': 0.0, 'ws': 0.0, 'ws_scalar': 0.0}","{'gas': {'co': 13503, 'co2': 13265, 'no': 13591, 'no2': 13770, 'o3': 13750}, 'pm': {'pm1': 13215, 'pm10': 13217, 'pm25': 13216}}",4.28,12.13,22.87,1.98,2.03,2.03,710809790,37.2,MOD-00618,25.0,2026-06-20T08:33:21,2026-06-20T01:33:21,https://api.quant-aq.com/v1/devices/MOD-00618/data/710809589
1164.93,492.43,"{'lat': None, 'lon': None}","{'rh': 37.2, 'temp': 25.0, 'wd': 0.0, 'ws': 0.0, 'ws_scalar': 0.0}","{'gas': {'co': 13503, 'co2': 13265, 'no': 13591, 'no2': 13770, 'o3': 13750}, 'pm': {'pm1': 13215, 'pm10': 13217, 'pm25': 13216}}",4.28,11.66,22.59,2.01,2.2,2.16,710809792,37.2,MOD-00618,25.0,2026-06-20T08:32:21,2026-06-20T01:32:21,https://api.quant-aq.com/v1/devices/MOD-00618/data/710809591
1163.29,489.3,"{'lat': None, 'lon': None}","{'rh': 37.2, 'temp': 25.0, 'wd': 0.0, 'ws': 0.0, 'ws_scalar': 0.0}","{'gas': {'co': 13503, 'co2': 13265, 'no': 13591, 'no2': 13770, 'o3': 13750}, 'pm': {'pm1': 13215, 'pm10': 13217, 'pm25': 13216}}",4.28,12.13,22.59,1.48,1.72,1.54,710809783,37.2,MOD-00618,25.0,2026-06-20T08:31:21,2026-06-20T01:31:21,https://api.quant-aq.com/v1/devices/MOD-00618/data/710809582
1165.35,491.95,"{'lat': None, 'lon': None}","{'rh': 37.2, 'temp': 25.0, 'wd': 0.0, 'ws': 0.0, 'ws_scalar': 0.0}","{'gas': {'co': 13503, 'co2': 13265, 'no': 13591, 'no2': 13770, 'o3': 13750}, 'pm': {'pm1': 13215, 'pm10': 13217, 'pm25': 13216}}",4.28,11.66,22.87,2.19,2.36,2.32,710809784,37.2,MOD-00618,25.0,2026-06-20T08:30:21,2026-06-20T01:30:21,https://api.quant-aq.com/v1/devices/MOD-00618/data/710809583
1164.56,492.67,"{'lat': None, 'lon': None}","{'rh': 37.3, 'temp': 25.1, 'wd': 0.0, 'ws': 0.0, 'ws_scalar': 0.0}","{'gas': {'co': 13503, 'co2': 13265, 'no': 13591, 'no2': 13770, 'o3': 13750}, 'pm': {'pm1': 13215, 'pm10': 13217, 'pm25': 13216}}",4.28,10.67,22.85,2.52,3.17,2.63,710809785,37.3,MOD-00618,25.1,2026-06-20T08:29:21,2026-06-20T01:29:21,https://api.quant-aq.com/v1/devices/MOD-00618/data/710809584
1166.1,491.71,"{'lat': None, 'lon': None}","{'rh': 37.3, 'temp': 25.0, 'wd': 0.0, 'ws': 0.0, 'ws_scalar': 0.0}","{'gas': {'co': 13503, 'co2': 13265, 'no': 13591, 'no2': 13770, 'o3': 13750}, 'pm': {'pm1': 13215, 'pm10': 13217, 'pm25': 13216}}",4.28,7.99,22.83,1.86,1.94,1.94,710809782,37.3,MOD-00618,25.0,2026-06-20T08:28:21,2026-06-20T01:28:21,https://api.quant-aq.com/v1/devices/MOD-00618/data/710809581
1164.93,491.59,"{'lat': None, 'lon': None}","{'rh': 37.2, 'temp': 25.0, 'wd': 0.0, 'ws': 0.0, 'ws_scalar': 0.0}","{'gas': {'co': 13503, 'co2': 13265, 'no': 13591, 'no2': 13770, 'o3': 13750}, 'pm': {'pm1': 13215, 'pm10': 13217, 'pm25': 13216}}",4.28,9.39,22.87,1.57,2.46,1.79,710809763,37.2,MOD-00618,25.0,2026-06-20T08:27:21,2026-06-20T01:27:21,https://api.quant-aq.com/v1/devices/MOD-00618/data/710809561
1165.76,494.0,"{'lat': None, 'lon': None}","{'rh': 37.2, 'temp': 25.0, 'wd': 0.0, 'ws': 0.0, 'ws_scalar': 0.0}","{'gas': {'co': 13503, 'co2': 13265, 'no': 13591, 'no2': 13770, 'o3': 13750}, 'pm': {'pm1': 13215, 'pm10': 13217, 'pm25': 13216}}",4.28,12.13,22.59,2.0,2.06,2.06,710809761,37.2,MOD-00618,25.0,2026-06-20T08:26:21,2026-06-20T01:26:21,https://api.quant-aq.com/v1/devices/MOD-00618/data/710809560
1168.97,490.26,"{'lat': None, 'lon': None}","{'rh': 37.3, 'temp': 25.0, 'wd': 0.0, 'ws': 0.0, 'ws_scalar': 0.0}","{'gas': {'co': 13503, 'co2': 13265, 'no': 13591, 'no2': 13770, 'o3': 13750}, 'pm': {'pm1': 13215, 'pm10': 13217, 'pm25': 13216}}",4.28,9.31,22.29,2.3,2.38,2.38,710809762,37.3,MOD-00618,25.0,2026-06-20T08:25:21,2026-06-20T01:25:21,https://api.quant-aq.com/v1/devices/MOD-00618/data/710809562
1166.27,491.71,"{'lat': None, 'lon': None}","{'rh': 37.2, 'temp': 25.1, 'wd': 0.0, 'ws': 0.0, 'ws_scalar': 0.0}","{'gas': {'co': 13503, 'co2': 13265, 'no': 13591, 'no2': 13770, 'o3': 13750}, 'pm': {'pm1': 13215, 'pm10': 13217, 'pm25': 13216}}",4.28,11.6,22.89,2.03,2.1,2.1,710809760,37.2,MOD-00618,25.1,2026-06-20T08:24:21,2026-06-20T01:24:21,https://api.quant-aq.com/v1/devices/MOD-00618/data/710809559
1167.1,491.59,"{'lat': None, 'lon': None}","{'rh': 37.2, 'temp': 25.1, 'wd': 0.0, 'ws': 0.0, 'ws_scalar': 0.0}","{'gas': {'co': 13503, 'co2': 13265, 'no': 13591, 'no2': 13770, 'o3': 13750}, 'pm': {'pm1': 13215, 'pm10': 13217, 'pm25': 13216}}",4.28,11.6,22.34,1.6,1.68,1.68,710809759,37.2,MOD-00618,25.1,2026-06-20T08:23:21,2026-06-20T01:23:21,https://api.quant-aq.com/v1/devices/MOD-00618/data/710809558
1171.95,488.82,"{'lat': None, 'lon': None}","{'rh': 37.3, 'temp': 25.1, 'wd': 0.0, 'ws': 0.0, 'ws_scalar': 0.0}","{'gas': {'co': 13503, 'co2': 13265, 'no': 13591, 'no2': 13770, 'o3': 13750}, 'pm': {'pm1': 13215, 'pm10': 13217, 'pm25': 13216}}",4.28,10.67,22.85,1.91,2.0,2.0,710809732,37.3,MOD-00618,25.1,2026-06-20T08:22:21,2026-06-20T01:22:21,https://api.quant-aq.com/v1/devices/MOD-00618/data/710809531
1169.9,491.47,"{'lat': None, 'lon': None}","{'rh': 37.3, 'temp': 25.1, 'wd': 0.0, 'ws': 0.0, 'ws_scalar': 0.0}","{'gas': {'co': 13503, 'co2': 13265, 'no': 13591, 'no2': 13770, 'o3': 13750}, 'pm': {'pm1': 13215, 'pm10': 13217, 'pm25': 13216}}",4.28,8.49,22.58,2.35,2.58,2.5,710809733,37.3,MOD-00618,25.1,2026-06-20T08:21:21,2026-06-20T01:21:21,https://api.quant-aq.com/v1/devices/MOD-00618/data/710809532
1169.9,492.55,"{'lat': None, 'lon': None}","{'rh': 37.3, 'temp': 25.1, 'wd': 0.0, 'ws': 0.0, 'ws_scalar': 0.0}","{'gas': {'co': 13503, 'co2': 13265, 'no': 13591, 'no2': 13770, 'o3': 13750}, 'pm': {'pm1': 13215, 'pm10': 13217, 'pm25': 13216}}",4.29,10.67,22.85,1.71,1.83,1.83,710809734,37.3,MOD-00618,25.1,2026-06-20T08:20:21,2026-06-20T01:20:21,https://api.quant-aq.com/v1/devices/MOD-00618/data/710809533
1166.61,493.15,"{'lat': None, 'lon': None}","{'rh': 37.3, 'temp': 25.1, 'wd': 0.0, 'ws': 0.0, 'ws_scalar': 0.0}","{'gas': {'co': 13503, 'co2': 13265, 'no': 13591, 'no2': 13770, 'o3': 13750}, 'pm': {'pm1': 13215, 'pm10': 13217, 'pm25': 13216}}",4.28,8.49,22.31,2.33,2.44,2.44,710809736,37.3,MOD-00618,25.1,2026-06-20T08:19:21,2026-06-20T01:19:21,https://api.quant-aq.com/v1/devices/MOD-00618/data/710809535
1172.36,494.72,"{'lat': None, 'lon': None}","{'rh': 37.3, 'temp': 25.1, 'wd': 0.0, 'ws': 0.0, 'ws_scalar': 0.0}","{'gas': {'co': 13503, 'co2': 13265, 'no': 13591, 'no2': 13770, 'o3': 13750}, 'pm': {'pm1': 13215, 'pm10': 13217, 'pm25': 13216}}",4.28,8.49,22.85,1.94,2.2,2.02,710809735,37.3,MOD-00618,25.1,2026-06-20T08:18:21,2026-06-20T01:18:21,https://api.quant-aq.com/v1/devices/MOD-00618/data/710809534
1171.95,492.67,"{'lat': None, 'lon': None}","{'rh': 37.3, 'temp': 25.1, 'wd': 0.0, 'ws': 0.0, 'ws_scalar': 0.0}","{'gas': {'co': 13503, 'co2': 13265, 'no': 13591, 'no2': 13770, 'o3': 13750}, 'pm': {'pm1': 13215, 'pm10': 13217, 'pm25': 13216}}",4.28,7.63,22.85,2.24,2.83,2.36,710809717,37.3,MOD-00618,25.1,2026-06-20T08:17:21,2026-06-20T01:17:21,https://api.quant-aq.com/v1/devices/MOD-00618/data/710809516
1170.38,493.76,"{'lat': None, 'lon': None}","{'rh': 37.2, 'temp': 25.1, 'wd': 0.0, 'ws': 0.0, 'ws_scalar': 0.0}","{'gas': {'co': 13503, 'co2': 13265, 'no': 13591, 'no2': 13770, 'o3': 13750}, 'pm': {'pm1': 13215, 'pm10': 13217, 'pm25': 13216}}",4.28,10.71,22.34,1.96,2.05,2.05,710809714,37.2,MOD-00618,25.1,2026-06-20T08:16:21,2026-06-20T01:16:21,https://api.quant-aq.com/v1/devices/MOD-00618/data/710809513
1169.56,494.84,"{'lat': None, 'lon': None}","{'rh': 37.2, 'temp': 25.1, 'wd': 0.0, 'ws': 0.0, 'ws_scalar': 0.0}","{'gas': {'co': 13503, 'co2': 13265, 'no': 13591, 'no2': 13770, 'o3': 13750}, 'pm': {'pm1': 13215, 'pm10': 13217, 'pm25': 13216}}",4.28,11.6,22.61,1.91,2.05,2.0,710809715,37.2,MOD-00618,25.1,2026-06-20T08:15:21,2026-06-20T01:15:21,https://api.quant-aq.com/v1/devices/MOD-00618/data/710809514
1173.66,488.7,"{'lat': None, 'lon': None}","{'rh': 37.2, 'temp': 25.1, 'wd': 0.0, 'ws': 0.0, 'ws_scalar': 0.0}","{'gas': {'co': 13503, 'co2': 13265, 'no': 13591, 'no2': 13770, 'o3': 13750}, 'pm': {'pm1': 13215, 'pm10': 13217, 'pm25': 13216}}",4.28,10.71,22.89,1.86,2.12,1.99,710809716,37.2,MOD-00618,25.1,2026-06-20T08:14:21,2026-06-20T01:14:21,https://api.quant-aq.com/v1/devices/MOD-00618/data/710809515
1172.43,493.64,"{'lat': None, 'lon': None}","{'rh': 37.2, 'temp': 25.1, 'wd': 0.0, 'ws': 0.0, 'ws_scalar': 0.0}","{'gas': {'co': 13503, 'co2': 13265, 'no': 13591, 'no2': 13770, 'o3': 13750}, 'pm': {'pm1': 13215, 'pm10': 13217, 'pm25': 13216}}",4.28,11.6,22.34,2.0,2.13,2.13,710809701,37.2,MOD-00618,25.1,2026-06-20T08:13:21,2026-06-20T01:13:21,https://api.quant-aq.com/v1/devices/MOD-00618/data/710809500
1172.43,492.79,"{'lat': None, 'lon': None}","{'rh': 37.2, 'temp': 25.1, 'wd': 0.0, 'ws': 0.0, 'ws_scalar': 0.0}","{'gas': {'co': 13503, 'co2': 13265, 'no': 13591, 'no2': 13770, 'o3': 13750}, 'pm': {'pm1': 13215, 'pm10': 13217, 'pm25': 13216}}",4.28,11.6,23.16,1.98,2.02,2.02,710809702,37.2,MOD-00618,25.1,2026-06-20T08:12:21,2026-06-20T01:12:21,https://api.quant-aq.com/v1/devices/MOD-00618/data/710809501
1179.0,494.6,"{'lat': None, 'lon': None}","{'rh': 37.2, 'temp': 25.1, 'wd': 0.0, 'ws': 0.0, 'ws_scalar': 0.0}","{'gas': {'co': 13503, 'co2': 13265, 'no': 13591, 'no2': 13770, 'o3': 13750}, 'pm': {'pm1': 13215, 'pm10': 13217, 'pm25': 13216}}",4.29,11.6,22.61,2.02,2.15,2.11,710809704,37.2,MOD-00618,25.1,2026-06-20T08:11:21,2026-06-20T01:11:21,https://api.quant-aq.com/v1/devices/MOD-00618/data/710809504
1178.93,494.36,"{'lat': None, 'lon': None}","{'rh': 37.3, 'temp': 25.1, 'wd': 0.0, 'ws': 0.0, 'ws_scalar': 0.0}","{'gas': {'co': 13503, 'co2': 13265, 'no': 13591, 'no2': 13770, 'o3': 13750}, 'pm': {'pm1': 13215, 'pm10': 13217, 'pm25': 13216}}",4.28,8.49,22.58,2.15,2.22,2.22,710809703,37.3,MOD-00618,25.1,2026-06-20T08:10:21,2026-06-20T01:10:21,https://api.quant-aq.com/v1/devices/MOD-00618/data/710809502
1170.72,494.72,"{'lat': None, 'lon': None}","{'rh': 37.3, 'temp': 25.1, 'wd': 0.0, 'ws': 0.0, 'ws_scalar': 0.0}","{'gas': {'co': 13503, 'co2': 13265, 'no': 13591, 'no2': 13770, 'o3': 13750}, 'pm': {'pm1': 13215, 'pm10': 13217, 'pm25': 13216}}",4.28,10.83,22.58,2.0,2.11,2.07,710809705,37.3,MOD-00618,25.1,2026-06-20T08:09:21,2026-06-20T01:09:21,https://api.quant-aq.com/v1/devices/MOD-00618/data/710809503
1177.29,493.88,"{'lat': None, 'lon': None}","{'rh': 37.3, 'temp': 25.1, 'wd': 0.0, 'ws': 0.0, 'ws_scalar': 0.0}","{'gas': {'co': 13503, 'co2': 13265, 'no': 13591, 'no2': 13770, 'o3': 13750}, 'pm': {'pm1': 13215, 'pm10': 13217, 'pm25': 13216}}",4.28,10.67,22.58,1.67,3.59,1.8,710809693,37.3,MOD-00618,25.1,2026-06-20T08:08:21,2026-06-20T01:08:21,https://api.quant-aq.com/v1/devices/MOD-00618/data/710809493
1174.82,494.12,"{'lat': None, 'lon': None}","{'rh': 37.3, 'temp': 25.1, 'wd': 0.0, 'ws': 0.0, 'ws_scalar': 0.0}","{'gas': {'co': 13503, 'co2': 13265, 'no': 13591, 'no2': 13770, 'o3': 13750}, 'pm': {'pm1': 13215, 'pm10': 13217, 'pm25': 13216}}",4.28,10.67,22.85,1.93,1.97,1.97,710809695,37.3,MOD-00618,25.1,2026-06-20T08:07:21,2026-06-20T01:07:21,https://api.quant-aq.com/v1/devices/MOD-00618/data/710809494
1175.23,494.0,"{'lat': None, 'lon': None}","{'rh': 37.3, 'temp': 25.1, 'wd': 0.0, 'ws': 0.0, 'ws_scalar': 0.0}","{'gas': {'co': 13503, 'co2': 13265, 'no': 13591, 'no2': 13770, 'o3': 13750}, 'pm': {'pm1': 13215, 'pm10': 13217, 'pm25': 13216}}",4.28,8.49,22.58,1.88,1.99,1.99,710809696,37.3,MOD-00618,25.1,2026-06-20T08:06:21,2026-06-20T01:06:21,https://api.quant-aq.com/v1/devices/MOD-00618/data/710809495
1177.7,491.47,"{'lat': None, 'lon': None}","{'rh': 37.3, 'temp': 25.1, 'wd': 0.0, 'ws': 0.0, 'ws_scalar': 0.0}","{'gas': {'co': 13503, 'co2': 13265, 'no': 13591, 'no2': 13770, 'o3': 13750}, 'pm': {'pm1': 13215, 'pm10': 13217, 'pm25': 13216}}",4.28,8.49,23.13,1.77,1.94,1.9,710809694,37.3,MOD-00618,25.1,2026-06-20T08:05:21,2026-06-20T01:05:21,https://api.quant-aq.com/v1/devices/MOD-00618/data/710809492
1179.75,494.72,"{'lat': None, 'lon': None}","{'rh': 37.3, 'temp': 25.1, 'wd': 0.0, 'ws': 0.0, 'ws_scalar': 0.0}","{'gas': {'co': 13503, 'co2': 13265, 'no': 13591, 'no2': 13770, 'o3': 13750}, 'pm': {'pm1': 13215, 'pm10': 13217, 'pm25': 13216}}",4.28,8.49,22.31,2.13,2.24,2.2,710809692,37.3,MOD-00618,25.1,2026-06-20T08:04:21,2026-06-20T01:04:21,https://api.quant-aq.com/v1/devices/MOD-00618/data/710809491
1184.27,494.72,"{'lat': None, 'lon': None}","{'rh': 37.3, 'temp': 25.1, 'wd': 0.0, 'ws': 0.0, 'ws_scalar': 0.0}","{'gas': {'co': 13503, 'co2': 13265, 'no': 13591, 'no2': 13770, 'o3': 13750}, 'pm': {'pm1': 13215, 'pm10': 13217, 'pm25': 13216}}",4.28,10.75,22.85,2.28,2.38,2.38,710809675,37.3,MOD-00618,25.1,2026-06-20T08:03:21,2026-06-20T01:03:21,https://api.quant-aq.com/v1/devices/MOD-00618/data/710809476
1178.93,495.44,"{'lat': None, 'lon': None}","{'rh': 37.3, 'temp': 25.1, 'wd': 0.0, 'ws': 0.0, 'ws_scalar': 0.0}","{'gas': {'co': 13503, 'co2': 13265, 'no': 13591, 'no2': 13770, 'o3': 13750}, 'pm': {'pm1': 13215, 'pm10': 13217, 'pm25': 13216}}",4.28,7.47,22.85,2.23,2.36,2.32,710809677,37.3,MOD-00618,25.1,2026-06-20T08:02:21,2026-06-20T01:02:21,https://api.quant-aq.com/v1/devices/MOD-00618/data/710809475
1182.62,495.56,"{'lat': None, 'lon': None}","{'rh': 37.3, 'temp': 25.1, 'wd': 0.0, 'ws': 0.0, 'ws_scalar': 0.0}","{'gas': {'co': 13503, 'co2': 13265, 'no': 13591, 'no2': 13770, 'o3': 13750}, 'pm': {'pm1': 13215, 'pm10': 13217, 'pm25': 13216}}",4.28,8.49,23.13,1.86,2.13,1.97,710809674,37.3,MOD-00618,25.1,2026-06-20T08:01:21,2026-06-20T01:01:21,https://api.quant-aq.com/v1/devices/MOD-00618/data/710809473
1178.93,489.42,"{'lat': None, 'lon': None}","{'rh': 37.3, 'temp': 25.1, 'wd': 0.0, 'ws': 0.0, 'ws_scalar': 0.0}","{'gas': {'co': 13503, 'co2': 13265, 'no': 13591, 'no2': 13770, 'o3': 13750}, 'pm': {'pm1': 13215, 'pm10': 13217, 'pm25': 13216}}",4.28,8.49,22.58,2.0,2.11,2.11,710809676,37.3,MOD-00618,25.1,2026-06-20T08:00:21,2026-06-20T01:00:21,https://api.quant-aq.com/v1/devices/MOD-00618/data/710809474
1176.88,493.88,"{'lat': None, 'lon': None}","{'rh': 37.3, 'temp': 25.1, 'wd': 0.0, 'ws': 0.0, 'ws_scalar': 0.0}","{'gas': {'co': 13503, 'co2': 13265, 'no': 13591, 'no2': 13770, 'o3': 13750}, 'pm': {'pm1': 13215, 'pm10': 13217, 'pm25': 13216}}",4.28,10.67,22.04,1.91,1.98,1.98,710809678,37.3,MOD-00618,25.1,2026-06-20T07:59:21,2026-06-20T00:59:21,https://api.quant-aq.com/v1/devices/MOD-00618/data/710809477
1181.39,493.64,"{'lat': None, 'lon': None}","{'rh': 37.3, 'temp': 25.1, 'wd': 0.0, 'ws': 0.0, 'ws_scalar': 0.0}","{'gas': {'co': 13503, 'co2': 13265, 'no': 13591, 'no2': 13770, 'o3': 13750}, 'pm': {'pm1': 13215, 'pm10': 13217, 'pm25': 13216}}",4.28,8.49,22.58,1.84,1.92,1.92,710809657,37.3,MOD-00618,25.1,2026-06-20T07:58:21,2026-06-20T00:58:21,https://api.quant-aq.com/v1/devices/MOD-00618/data/710809456
1185.91,493.4,"{'lat': None, 'lon': None}","{'rh': 37.3, 'temp': 25.1, 'wd': 0.0, 'ws': 0.0, 'ws_scalar': 0.0}","{'gas': {'co': 13503, 'co2': 13265, 'no': 13591, 'no2': 13770, 'o3': 13750}, 'pm': {'pm1': 13215, 'pm10': 13217, 'pm25': 13216}}",4.28,7.47,22.58,1.58,1.63,1.63,710809656,37.3,MOD-00618,25.1,2026-06-20T07:57:21,2026-06-20T00:57:21,https://api.quant-aq.com/v1/devices/MOD-00618/data/710809455
1185.09,495.44,"{'lat': None, 'lon': None}","{'rh': 37.3, 'temp': 25.1, 'wd': 0.0, 'ws': 0.0, 'ws_scalar': 0.0}","{'gas': {'co': 13503, 'co2': 13265, 'no': 13591, 'no2': 13770, 'o3': 13750}, 'pm': {'pm1': 13215, 'pm10': 13217, 'pm25': 13216}}",4.28,8.49,22.58,1.78,1.91,1.86,710809655,37.3,MOD-00618,25.1,2026-06-20T07:56:21,2026-06-20T00:56:21,https://api.quant-aq.com/v1/devices/MOD-00618/data/710809454
1182.62,493.76,"{'lat': None, 'lon': None}","{'rh': 37.3, 'temp': 25.1, 'wd': 0.0, 'ws': 0.0, 'ws_scalar': 0.0}","{'gas': {'co': 13503, 'co2': 13265, 'no': 13591, 'no2': 13770, 'o3': 13750}, 'pm': {'pm1': 13215, 'pm10': 13217, 'pm25': 13216}}",4.27,10.67,22.85,1.78,1.91,1.87,710809654,37.3,MOD-00618,25.1,2026-06-20T07:55:21,2026-06-20T00:55:21,https://api.quant-aq.com/v1/devices/MOD-00618/data/710809453
1184.27,491.23,"{'lat': None, 'lon': None}","{'rh': 37.3, 'temp': 25.1, 'wd': 0.0, 'ws': 0.0, 'ws_scalar': 0.0}","{'gas': {'co': 13503, 'co2': 13265, 'no': 13591, 'no2': 13770, 'o3': 13750}, 'pm': {'pm1': 13215, 'pm10': 13217, 'pm25': 13216}}",4.28,10.67,22.58,2.01,2.11,2.11,710809653,37.3,MOD-00618,25.1,2026-06-20T07:54:21,2026-06-20T00:54:21,https://api.quant-aq.com/v1/devices/MOD-00618/data/710809452
1186.73,492.67,"{'lat': None, 'lon': None}","{'rh': 37.3, 'temp': 25.1, 'wd': 0.0, 'ws': 0.0, 'ws_scalar': 0.0}","{'gas': {'co': 13503, 'co2': 13265, 'no': 13591, 'no2': 13770, 'o3': 13750}, 'pm': {'pm1': 13215, 'pm10': 13217, 'pm25': 13216}}",4.28,8.49,22.58,1.64,1.77,1.73,710809638,37.3,MOD-00618,25.1,2026-06-20T07:53:21,2026-06-20T00:53:21,https://api.quant-aq.com/v1/devices/MOD-00618/data/710809437
1184.27,494.12,"{'lat': None, 'lon': None}","{'rh': 37.3, 'temp': 25.1, 'wd': 0.0, 'ws': 0.0, 'ws_scalar': 0.0}","{'gas': {'co': 13503, 'co2': 13265, 'no': 13591, 'no2': 13770, 'o3': 13750}, 'pm': {'pm1': 13215, 'pm10': 13217, 'pm25': 13216}}",4.28,10.67,22.85,1.49,1.55,1.55,710809636,37.3,MOD-00618,25.1,2026-06-20T07:52:21,2026-06-20T00:52:21,https://api.quant-aq.com/v1/devices/MOD-00618/data/710809434
1185.09,492.07,"{'lat': None, 'lon': None}","{'rh': 37.3, 'temp': 25.1, 'wd': 0.0, 'ws': 0.0, 'ws_scalar': 0.0}","{'gas': {'co': 13503, 'co2': 13265, 'no': 13591, 'no2': 13770, 'o3': 13750}, 'pm': {'pm1': 13215, 'pm10': 13217, 'pm25': 13216}}",4.28,10.67,22.58,2.32,2.39,2.39,710809637,37.3,MOD-00618,25.1,2026-06-20T07:51:21,2026-06-20T00:51:21,https://api.quant-aq.com/v1/devices/MOD-00618/data/710809435
1187.96,493.88,"{'lat': None, 'lon': None}","{'rh': 37.3, 'temp': 25.1, 'wd': 0.0, 'ws': 0.0, 'ws_scalar': 0.0}","{'gas': {'co': 13503, 'co2': 13265, 'no': 13591, 'no2': 13770, 'o3': 13750}, 'pm': {'pm1': 13215, 'pm10': 13217, 'pm25': 13216}}",4.28,10.67,22.58,1.78,1.85,1.85,710809635,37.3,MOD-00618,25.1,2026-06-20T07:50:21,2026-06-20T00:50:21,https://api.quant-aq.com/v1/devices/MOD-00618/data/710809436
1189.6,491.59,"{'lat': None, 'lon': None}","{'rh': 37.3, 'temp': 25.1, 'wd': 0.0, 'ws': 0.0, 'ws_scalar': 0.0}","{'gas': {'co': 13503, 'co2': 13265, 'no': 13591, 'no2': 13770, 'o3': 13750}, 'pm': {'pm1': 13215, 'pm10': 13217, 'pm25': 13216}}",4.28,8.49,22.58,1.42,1.57,1.53,710809634,37.3,MOD-00618,25.1,2026-06-20T07:49:21,2026-06-20T00:49:21,https://api.quant-aq.com/v1/devices/MOD-00618/data/710809433
1186.32,492.91,"{'lat': None, 'lon': None}","{'rh': 37.3, 'temp': 25.1, 'wd': 0.0, 'ws': 0.0, 'ws_scalar': 0.0}","{'gas': {'co': 13503, 'co2': 13265, 'no': 13591, 'no2': 13770, 'o3': 13750}, 'pm': {'pm1': 13215, 'pm10': 13217, 'pm25': 13216}}",4.28,8.49,23.13,1.85,2.16,1.94,710809625,37.3,MOD-00618,25.1,2026-06-20T07:48:21,2026-06-20T00:48:21,https://api.quant-aq.com/v1/devices/MOD-00618/data/710809423
1190.83,493.27,"{'lat': None, 'lon': None}","{'rh': 37.3, 'temp': 25.1, 'wd': 0.0, 'ws': 0.0, 'ws_scalar': 0.0}","{'gas': {'co': 13503, 'co2': 13265, 'no': 13591, 'no2': 13770, 'o3': 13750}, 'pm': {'pm1': 13215, 'pm10': 13217, 'pm25': 13216}}",4.27,10.67,22.31,1.4,1.87,1.52,710809624,37.3,MOD-00618,25.1,2026-06-20T07:47:21,2026-06-20T00:47:21,https://api.quant-aq.com/v1/devices/MOD-00618/data/710809424
1191.24,494.24,"{'lat': None, 'lon': None}","{'rh': 37.3, 'temp': 25.1, 'wd': 0.0, 'ws': 0.0, 'ws_scalar': 0.0}","{'gas': {'co': 13503, 'co2': 13265, 'no': 13591, 'no2': 13770, 'o3': 13750}, 'pm': {'pm1': 13215, 'pm10': 13217, 'pm25': 13216}}",4.28,8.49,22.85,1.38,1.46,1.46,710809623,37.3,MOD-00618,25.1,2026-06-20T07:46:21,2026-06-20T00:46:21,https://api.quant-aq.com/v1/devices/MOD-00618/data/710809422
1184.68,493.64,"{'lat': None, 'lon': None}","{'rh': 37.3, 'temp': 25.1, 'wd': 0.0, 'ws': 0.0, 'ws_scalar': 0.0}","{'gas': {'co': 13503, 'co2': 13265, 'no': 13591, 'no2': 13770, 'o3': 13750}, 'pm': {'pm1': 13215, 'pm10': 13217, 'pm25': 13216}}",4.28,7.47,22.31,1.69,1.79,1.75,710809621,37.3,MOD-00618,25.1,2026-06-20T07:45:21,2026-06-20T00:45:21,https://api.quant-aq.com/v1/devices/MOD-00618/data/710809420
1190.83,493.03,"{'lat': None, 'lon': None}","{'rh': 37.3, 'temp': 25.1, 'wd': 0.0, 'ws': 0.0, 'ws_scalar': 0.0}","{'gas': {'co': 13503, 'co2': 13265, 'no': 13591, 'no2': 13770, 'o3': 13750}, 'pm': {'pm1': 13215, 'pm10': 13217, 'pm25': 13216}}",4.28,10.67,22.85,1.61,1.72,1.72,710809622,37.3,MOD-00618,25.1,2026-06-20T07:44:21,2026-06-20T00:44:21,https://api.quant-aq.com/v1/devices/MOD-00618/data/710809421
1192.89,494.24,"{'lat': None, 'lon': None}","{'rh': 37.3, 'temp': 25.1, 'wd': 0.0, 'ws': 0.0, 'ws_scalar': 0.0}","{'gas': {'co': 13503, 'co2': 13265, 'no': 13591, 'no2': 13770, 'o3': 13750}, 'pm': {'pm1': 13215, 'pm10': 13217, 'pm25': 13216}}",4.28,10.75,22.58,1.61,1.72,1.72,710809596,37.3,MOD-00618,25.1,2026-06-20T07:43:21,2026-06-20T00:43:21,https://api.quant-aq.com/v1/devices/MOD-00618/data/710809394
1195.35,487.61,"{'lat': None, 'lon': None}","{'rh': 37.3, 'temp': 25.1, 'wd': 0.0, 'ws': 0.0, 'ws_scalar': 0.0}","{'gas': {'co': 13503, 'co2': 13265, 'no': 13591, 'no2': 13770, 'o3': 13750}, 'pm': {'pm1': 13215, 'pm10': 13217, 'pm25': 13216}}",4.28,8.49,22.58,1.49,2.03,1.56,710809595,37.3,MOD-00618,25.1,2026-06-20T07:42:21,2026-06-20T00:42:21,https://api.quant-aq.com/v1/devices/MOD-00618/data/710809395
1195.35,494.6,"{'lat': None, 'lon': None}","{'rh': 37.3, 'temp': 25.1, 'wd': 0.0, 'ws': 0.0, 'ws_scalar': 0.0}","{'gas': {'co': 13503, 'co2': 13265, 'no': 13591, 'no2': 13770, 'o3': 13750}, 'pm': {'pm1': 13215, 'pm10': 13217, 'pm25': 13216}}",4.28,10.67,22.58,2.19,2.31,2.27,710809594,37.3,MOD-00618,25.1,2026-06-20T07:41:21,2026-06-20T00:41:21,https://api.quant-aq.com/v1/devices/MOD-00618/data/710809393
1194.94,492.79,"{'lat': None, 'lon': None}","{'rh': 37.3, 'temp': 25.1, 'wd': 0.0, 'ws': 0.0, 'ws_scalar': 0.0}","{'gas': {'co': 13503, 'co2': 13265, 'no': 13591, 'no2': 13770, 'o3': 13750}, 'pm': {'pm1': 13215, 'pm10': 13217, 'pm25': 13216}}",4.27,7.47,22.85,2.01,2.15,2.11,710809593,37.3,MOD-00618,25.1,2026-06-20T07:40:21,2026-06-20T00:40:21,https://api.quant-aq.com/v1/devices/MOD-00618/data/710809392
1192.48,493.27,"{'lat': None, 'lon': None}","{'rh': 37.3, 'temp': 25.1, 'wd': 0.0, 'ws': 0.0, 'ws_scalar': 0.0}","{'gas': {'co': 13503, 'co2': 13265, 'no': 13591, 'no2': 13770, 'o3': 13750}, 'pm': {'pm1': 13215, 'pm10': 13217, 'pm25': 13216}}",4.28,7.47,22.58,1.72,1.79,1.79,710809592,37.3,MOD-00618,25.1,2026-06-20T07:39:21,2026-06-20T00:39:21,https://api.quant-aq.com/v1/devices/MOD-00618/data/710809391
1194.12,495.32,"{'lat': None, 'lon': None}","{'rh': 37.3, 'temp': 25.1, 'wd': 0.0, 'ws': 0.0, 'ws_scalar': 0.0}","{'gas': {'co': 13503, 'co2': 13265, 'no': 13591, 'no2': 13770, 'o3': 13750}, 'pm': {'pm1': 13215, 'pm10': 13217, 'pm25': 13216}}",4.28,10.67,23.13,1.6,1.8,1.72,710809576,37.3,MOD-00618,25.1,2026-06-20T07:38:21,2026-06-20T00:38:21,https://api.quant-aq.com/v1/devices/MOD-00618/data/710809375
1193.71,492.79,"{'lat': None, 'lon': None}","{'rh': 37.3, 'temp': 25.1, 'wd': 0.0, 'ws': 0.0, 'ws_scalar': 0.0}","{'gas': {'co': 13503, 'co2': 13265, 'no': 13591, 'no2': 13770, 'o3': 13750}, 'pm': {'pm1': 13215, 'pm10': 13217, 'pm25': 13216}}",4.28,10.75,22.58,1.58,1.61,1.61,710809579,37.3,MOD-00618,25.1,2026-06-20T07:37:21,2026-06-20T00:37:21,https://api.quant-aq.com/v1/devices/MOD-00618/data/710809378
1196.99,496.29,"{'lat': None, 'lon': None}","{'rh': 37.3, 'temp': 25.1, 'wd': 0.0, 'ws': 0.0, 'ws_scalar': 0.0}","{'gas': {'co': 13503, 'co2': 13265, 'no': 13591, 'no2': 13770, 'o3': 13750}, 'pm': {'pm1': 13215, 'pm10': 13217, 'pm25': 13216}}",4.28,7.47,22.85,1.62,1.71,1.71,710809577,37.3,MOD-00618,25.1,2026-06-20T07:36:21,2026-06-20T00:36:21,https://api.quant-aq.com/v1/devices/MOD-00618/data/710809376
1201.92,495.2,"{'lat': None, 'lon': None}","{'rh': 37.3, 'temp': 25.1, 'wd': 0.0, 'ws': 0.0, 'ws_scalar': 0.0}","{'gas': {'co': 13503, 'co2': 13265, 'no': 13591, 'no2': 13770, 'o3': 13750}, 'pm': {'pm1': 13215, 'pm10': 13217, 'pm25': 13216}}",4.28,10.75,22.58,1.45,1.49,1.49,710809578,37.3,MOD-00618,25.1,2026-06-20T07:35:21,2026-06-20T00:35:21,https://api.quant-aq.com/v1/devices/MOD-00618/data/710809377
1198.63,492.55,"{'lat': None, 'lon': None}","{'rh': 37.3, 'temp': 25.1, 'wd': 0.0, 'ws': 0.0, 'ws_scalar': 0.0}","{'gas': {'co': 13503, 'co2': 13265, 'no': 13591, 'no2': 13770, 'o3': 13750}, 'pm': {'pm1': 13215, 'pm10': 13217, 'pm25': 13216}}",4.28,8.49,22.58,1.65,2.05,1.83,710809575,37.3,MOD-00618,25.1,2026-06-20T07:34:21,2026-06-20T00:34:21,https://api.quant-aq.com/v1/devices/MOD-00618/data/710809374
1202.33,491.47,"{'lat': None, 'lon': None}","{'rh': 37.3, 'temp': 25.1, 'wd': 0.0, 'ws': 0.0, 'ws_scalar': 0.0}","{'gas': {'co': 13503, 'co2': 13265, 'no': 13591, 'no2': 13770, 'o3': 13750}, 'pm': {'pm1': 13215, 'pm10': 13217, 'pm25': 13216}}",4.28,7.47,22.58,2.02,2.1,2.1,710809562,37.3,MOD-00618,25.1,2026-06-20T07:33:21,2026-06-20T00:33:21,https://api.quant-aq.com/v1/devices/MOD-00618/data/710809361
1201.51,493.52,"{'lat': None, 'lon': None}","{'rh': 37.3, 'temp': 25.1, 'wd': 0.0, 'ws': 0.0, 'ws_scalar': 0.0}","{'gas': {'co': 13503, 'co2': 13265, 'no': 13591, 'no2': 13770, 'o3': 13750}, 'pm': {'pm1': 13215, 'pm10': 13217, 'pm25': 13216}}",4.28,10.67,22.85,1.63,1.77,1.73,710809560,37.3,MOD-00618,25.1,2026-06-20T07:32:21,2026-06-20T00:32:21,https://api.quant-aq.com/v1/devices/MOD-00618/data/710809359
1204.38,489.42,"{'lat': None, 'lon': None}","{'rh': 37.3, 'temp': 25.1, 'wd': 0.0, 'ws': 0.0, 'ws_scalar': 0.0}","{'gas': {'co': 13503, 'co2': 13265, 'no': 13591, 'no2': 13770, 'o3': 13750}, 'pm': {'pm1': 13215, 'pm10': 13217, 'pm25': 13216}}",4.28,10.75,22.31,1.72,2.02,1.8,710809561,37.3,MOD-00618,25.1,2026-06-20T07:31:21,2026-06-20T00:31:21,https://api.quant-aq.com/v1/devices/MOD-00618/data/710809360
1203.56,493.64,"{'lat': None, 'lon': None}","{'rh': 37.3, 'temp': 25.1, 'wd': 0.0, 'ws': 0.0, 'ws_scalar': 0.0}","{'gas': {'co': 13503, 'co2': 13265, 'no': 13591, 'no2': 13770, 'o3': 13750}, 'pm': {'pm1': 13215, 'pm10': 13217, 'pm25': 13216}}",4.28,10.75,22.58,1.5,1.55,1.55,710809559,37.3,MOD-00618,25.1,2026-06-20T07:30:21,2026-06-20T00:30:21,https://api.quant-aq.com/v1/devices/MOD-00618/data/710809357
1203.56,491.59,"{'lat': None, 'lon': None}","{'rh': 37.3, 'temp': 25.1, 'wd': 0.0, 'ws': 0.0, 'ws_scalar': 0.0}","{'gas': {'co': 13503, 'co2': 13265, 'no': 13591, 'no2': 13770, 'o3': 13750}, 'pm': {'pm1': 13215, 'pm10': 13217, 'pm25': 13216}}",4.28,10.67,22.58,1.69,1.77,1.77,710809558,37.3,MOD-00618,25.1,2026-06-20T07:29:21,2026-06-20T00:29:21,https://api.quant-aq.com/v1/devices/MOD-00618/data/710809358
1210.24,492.91,"{'lat': None, 'lon': None}","{'rh': 37.3, 'temp': 25.2, 'wd': 0.0, 'ws': 0.0, 'ws_scalar': 0.0}","{'gas': {'co': 13503, 'co2': 13265, 'no': 13591, 'no2': 13770, 'o3': 13750}, 'pm': {'pm1': 13215, 'pm10': 13217, 'pm25': 13216}}",4.28,7.48,22.87,1.69,1.8,1.8,710809506,37.3,MOD-00618,25.2,2026-06-20T07:28:21,2026-06-20T00:28:21,https://api.quant-aq.com/v1/devices/MOD-00618/data/710809305
1205.31,491.95,"{'lat': None, 'lon': None}","{'rh': 37.3, 'temp': 25.2, 'wd': 0.0, 'ws': 0.0, 'ws_scalar': 0.0}","{'gas': {'co': 13503, 'co2': 13265, 'no': 13591, 'no2': 13770, 'o3': 13750}, 'pm': {'pm1': 13215, 'pm10': 13217, 'pm25': 13216}}",4.28,7.66,22.87,1.69,1.83,1.79,710809507,37.3,MOD-00618,25.2,2026-06-20T07:27:21,2026-06-20T00:27:21,https://api.quant-aq.com/v1/devices/MOD-00618/data/710809306
1209.0,492.55,"{'lat': None, 'lon': None}","{'rh': 37.3, 'temp': 25.2, 'wd': 0.0, 'ws': 0.0, 'ws_scalar': 0.0}","{'gas': {'co': 13503, 'co2': 13265, 'no': 13591, 'no2': 13770, 'o3': 13750}, 'pm': {'pm1': 13215, 'pm10': 13217, 'pm25': 13216}}",4.28,8.7,22.06,1.65,1.77,1.73,710809504,37.3,MOD-00618,25.2,2026-06-20T07:26:21,2026-06-20T00:26:21,https://api.quant-aq.com/v1/devices/MOD-00618/data/710809303
1205.31,492.43,"{'lat': None, 'lon': None}","{'rh': 37.3, 'temp': 25.2, 'wd': 0.0, 'ws': 0.0, 'ws_scalar': 0.0}","{'gas': {'co': 13503, 'co2': 13265, 'no': 13591, 'no2': 13770, 'o3': 13750}, 'pm': {'pm1': 13215, 'pm10': 13217, 'pm25': 13216}}",4.28,7.23,23.14,1.52,2.22,1.66,710809508,37.3,MOD-00618,25.2,2026-06-20T07:25:21,2026-06-20T00:25:21,https://api.quant-aq.com/v1/devices/MOD-00618/data/710809307
1208.59,494.36,"{'lat': None, 'lon': None}","{'rh': 37.3, 'temp': 25.2, 'wd': 0.0, 'ws': 0.0, 'ws_scalar': 0.0}","{'gas': {'co': 13503, 'co2': 13265, 'no': 13591, 'no2': 13770, 'o3': 13750}, 'pm': {'pm1': 13215, 'pm10': 13217, 'pm25': 13216}}",4.28,8.7,22.33,1.52,1.62,1.58,710809505,37.3,MOD-00618,25.2,2026-06-20T07:24:22,2026-06-20T00:24:22,https://api.quant-aq.com/v1/devices/MOD-00618/data/710809304
1211.88,490.87,"{'lat': None, 'lon': None}","{'rh': 37.3, 'temp': 25.2, 'wd': 0.0, 'ws': 0.0, 'ws_scalar': 0.0}","{'gas': {'co': 13503, 'co2': 13265, 'no': 13591, 'no2': 13770, 'o3': 13750}, 'pm': {'pm1': 13215, 'pm10': 13217, 'pm25': 13216}}",4.28,7.66,22.87,1.6,1.67,1.67,710809492,37.3,MOD-00618,25.2,2026-06-20T07:23:22,2026-06-20T00:23:22,https://api.quant-aq.com/v1/devices/MOD-00618/data/710809290
1209.0,492.91,"{'lat': None, 'lon': None}","{'rh': 37.3, 'temp': 25.2, 'wd': 0.0, 'ws': 0.0, 'ws_scalar': 0.0}","{'gas': {'co': 13503, 'co2': 13265, 'no': 13591, 'no2': 13770, 'o3': 13750}, 'pm': {'pm1': 13215, 'pm10': 13217, 'pm25': 13216}}",4.28,10.7,22.6,1.64,1.72,1.72,710809493,37.3,MOD-00618,25.2,2026-06-20T07:22:22,2026-06-20T00:22:22,https://api.quant-aq.com/v1/devices/MOD-00618/data/710809292
1213.11,492.67,"{'lat': None, 'lon': None}","{'rh': 37.3, 'temp': 25.2, 'wd': 0.0, 'ws': 0.0, 'ws_scalar': 0.0}","{'gas': {'co': 13503, 'co2': 13265, 'no': 13591, 'no2': 13770, 'o3': 13750}, 'pm': {'pm1': 13215, 'pm10': 13217, 'pm25': 13216}}",4.27,7.66,22.6,1.79,2.03,1.85,710809491,37.3,MOD-00618,25.2,2026-06-20T07:21:22,2026-06-20T00:21:22,https://api.quant-aq.com/v1/devices/MOD-00618/data/710809291
1212.7,489.78,"{'lat': None, 'lon': None}","{'rh': 37.3, 'temp': 25.2, 'wd': 0.0, 'ws': 0.0, 'ws_scalar': 0.0}","{'gas': {'co': 13503, 'co2': 13265, 'no': 13591, 'no2': 13770, 'o3': 13750}, 'pm': {'pm1': 13215, 'pm10': 13217, 'pm25': 13216}}",4.27,8.7,22.6,1.32,1.91,1.37,710809495,37.3,MOD-00618,25.2,2026-06-20T07:20:22,2026-06-20T00:20:22,https://api.quant-aq.com/v1/devices/MOD-00618/data/710809294
1213.93,491.47,"{'lat': None, 'lon': None}","{'rh': 37.3, 'temp': 25.2, 'wd': 0.0, 'ws': 0.0, 'ws_scalar': 0.0}","{'gas': {'co': 13503, 'co2': 13265, 'no': 13591, 'no2': 13770, 'o3': 13750}, 'pm': {'pm1': 13215, 'pm10': 13217, 'pm25': 13216}}",4.28,7.66,22.6,1.78,2.46,1.89,710809494,37.3,MOD-00618,25.2,2026-06-20T07:19:22,2026-06-20T00:19:22,https://api.quant-aq.com/v1/devices/MOD-00618/data/710809293
1223.78,491.35,"{'lat': None, 'lon': None}","{'rh': 37.3, 'temp': 25.2, 'wd': 0.0, 'ws': 0.0, 'ws_scalar': 0.0}","{'gas': {'co': 13503, 'co2': 13265, 'no': 13591, 'no2': 13770, 'o3': 13750}, 'pm': {'pm1': 13215, 'pm10': 13217, 'pm25': 13216}}",4.28,7.19,22.87,1.38,1.51,1.46,710809474,37.3,MOD-00618,25.2,2026-06-20T07:18:22,2026-06-20T00:18:22,https://api.quant-aq.com/v1/devices/MOD-00618/data/710809273
1217.62,492.07,"{'lat': None, 'lon': None}","{'rh': 37.3, 'temp': 25.2, 'wd': 0.0, 'ws': 0.0, 'ws_scalar': 0.0}","{'gas': {'co': 13503, 'co2': 13265, 'no': 13591, 'no2': 13770, 'o3': 13750}, 'pm': {'pm1': 13215, 'pm10': 13217, 'pm25': 13216}}",4.28,10.7,22.87,1.84,1.92,1.92,710809475,37.3,MOD-00618,25.2,2026-06-20T07:17:21,2026-06-20T00:17:21,https://api.quant-aq.com/v1/devices/MOD-00618/data/710809274
1217.21,489.42,"{'lat': None, 'lon': None}","{'rh': 37.3, 'temp': 25.2, 'wd': 0.0, 'ws': 0.0, 'ws_scalar': 0.0}","{'gas': {'co': 13503, 'co2': 13265, 'no': 13591, 'no2': 13770, 'o3': 13750}, 'pm': {'pm1': 13215, 'pm10': 13217, 'pm25': 13216}}",4.28,7.66,22.6,1.54,2.14,1.59,710809473,37.3,MOD-00618,25.2,2026-06-20T07:16:21,2026-06-20T00:16:21,https://api.quant-aq.com/v1/devices/MOD-00618/data/710809272
1219.27,496.05,"{'lat': None, 'lon': None}","{'rh': 37.3, 'temp': 25.2, 'wd': 0.0, 'ws': 0.0, 'ws_scalar': 0.0}","{'gas': {'co': 13503, 'co2': 13265, 'no': 13591, 'no2': 13770, 'o3': 13750}, 'pm': {'pm1': 13215, 'pm10': 13217, 'pm25': 13216}}",4.28,7.48,22.6,1.96,2.04,2.04,710809477,37.3,MOD-00618,25.2,2026-06-20T07:15:21,2026-06-20T00:15:21,https://api.quant-aq.com/v1/devices/MOD-00618/data/710809275
1222.55,493.52,"{'lat': None, 'lon': None}","{'rh': 37.3, 'temp': 25.2, 'wd': 0.0, 'ws': 0.0, 'ws_scalar': 0.0}","{'gas': {'co': 13503, 'co2': 13265, 'no': 13591, 'no2': 13770, 'o3': 13750}, 'pm': {'pm1': 13215, 'pm10': 13217, 'pm25': 13216}}",4.28,10.95,22.33,1.35,1.44,1.44,710809476,37.3,MOD-00618,25.2,2026-06-20T07:14:21,2026-06-20T00:14:21,https://api.quant-aq.com/v1/devices/MOD-00618/data/710809276
1216.8,486.89,"{'lat': None, 'lon': None}","{'rh': 37.3, 'temp': 25.2, 'wd': 0.0, 'ws': 0.0, 'ws_scalar': 0.0}","{'gas': {'co': 13503, 'co2': 13265, 'no': 13591, 'no2': 13770, 'o3': 13750}, 'pm': {'pm1': 13215, 'pm10': 13217, 'pm25': 13216}}",4.28,7.66,22.6,1.67,1.76,1.76,710809444,37.3,MOD-00618,25.2,2026-06-20T07:13:21,2026-06-20T00:13:21,https://api.quant-aq.com/v1/devices/MOD-00618/data/710809243
1221.73,494.48,"{'lat': None, 'lon': None}","{'rh': 37.3, 'temp': 25.2, 'wd': 0.0, 'ws': 0.0, 'ws_scalar': 0.0}","{'gas': {'co': 13503, 'co2': 13265, 'no': 13591, 'no2': 13770, 'o3': 13750}, 'pm': {'pm1': 13215, 'pm10': 13217, 'pm25': 13216}}",4.28,8.7,22.6,1.33,1.46,1.42,710809446,37.3,MOD-00618,25.2,2026-06-20T07:12:21,2026-06-20T00:12:21,https://api.quant-aq.com/v1/devices/MOD-00618/data/710809245
1226.25,492.79,"{'lat': None, 'lon': None}","{'rh': 37.3, 'temp': 25.2, 'wd': 0.0, 'ws': 0.0, 'ws_scalar': 0.0}","{'gas': {'co': 13503, 'co2': 13265, 'no': 13591, 'no2': 13770, 'o3': 13750}, 'pm': {'pm1': 13215, 'pm10': 13217, 'pm25': 13216}}",4.27,7.66,23.14,1.4,1.45,1.45,710809445,37.3,MOD-00618,25.2,2026-06-20T07:11:21,2026-06-20T00:11:21,https://api.quant-aq.com/v1/devices/MOD-00618/data/710809244
1223.78,493.64,"{'lat': None, 'lon': None}","{'rh': 37.3, 'temp': 25.2, 'wd': 0.0, 'ws': 0.0, 'ws_scalar': 0.0}","{'gas': {'co': 13503, 'co2': 13265, 'no': 13591, 'no2': 13770, 'o3': 13750}, 'pm': {'pm1': 13215, 'pm10': 13217, 'pm25': 13216}}",4.28,7.66,22.6,1.51,1.65,1.6,710809442,37.3,MOD-00618,25.2,2026-06-20T07:10:21,2026-06-20T00:10:21,https://api.quant-aq.com/v1/devices/MOD-00618/data/710809241
1224.19,493.03,"{'lat': None, 'lon': None}","{'rh': 37.3, 'temp': 25.2, 'wd': 0.0, 'ws': 0.0, 'ws_scalar': 0.0}","{'gas': {'co': 13503, 'co2': 13265, 'no': 13591, 'no2': 13770, 'o3': 13750}, 'pm': {'pm1': 13215, 'pm10': 13217, 'pm25': 13216}}",4.28,8.7,22.6,1.1,1.23,1.23,710809443,37.3,MOD-00618,25.2,2026-06-20T07:09:21,2026-06-20T00:09:21,https://api.quant-aq.com/v1/devices/MOD-00618/data/710809242
1224.19,487.25,"{'lat': None, 'lon': None}","{'rh': 37.3, 'temp': 25.2, 'wd': 0.0, 'ws': 0.0, 'ws_scalar': 0.0}","{'gas': {'co': 13503, 'co2': 13265, 'no': 13591, 'no2': 13770, 'o3': 13750}, 'pm': {'pm1': 13215, 'pm10': 13217, 'pm25': 13216}}",4.28,7.66,22.6,1.47,1.6,1.6,710809431,37.3,MOD-00618,25.2,2026-06-20T07:08:21,2026-06-20T00:08:21,https://api.quant-aq.com/v1/devices/MOD-00618/data/710809231
1226.25,492.55,"{'lat': None, 'lon': None}","{'rh': 37.3, 'temp': 25.2, 'wd': 0.0, 'ws': 0.0, 'ws_scalar': 0.0}","{'gas': {'co': 13503, 'co2': 13265, 'no': 13591, 'no2': 13770, 'o3': 13750}, 'pm': {'pm1': 13215, 'pm10': 13217, 'pm25': 13216}}",4.27,7.66,22.87,1.3,1.85,1.34,710809433,37.3,MOD-00618,25.2,2026-06-20T07:07:21,2026-06-20T00:07:21,https://api.quant-aq.com/v1/devices/MOD-00618/data/710809232
1235.28,492.07,"{'lat': None, 'lon': None}","{'rh': 37.3, 'temp': 25.2, 'wd': 0.0, 'ws': 0.0, 'ws_scalar': 0.0}","{'gas': {'co': 13503, 'co2': 13265, 'no': 13591, 'no2': 13770, 'o3': 13750}, 'pm': {'pm1': 13215, 'pm10': 13217, 'pm25': 13216}}",4.28,7.48,22.6,1.28,1.51,1.34,710809429,37.3,MOD-00618,25.2,2026-06-20T07:06:21,2026-06-20T00:06:21,https://api.quant-aq.com/v1/devices/MOD-00618/data/710809228
1224.19,492.43,"{'lat': None, 'lon': None}","{'rh': 37.3, 'temp': 25.2, 'wd': 0.0, 'ws': 0.0, 'ws_scalar': 0.0}","{'gas': {'co': 13503, 'co2': 13265, 'no': 13591, 'no2': 13770, 'o3': 13750}, 'pm': {'pm1': 13215, 'pm10': 13217, 'pm25': 13216}}",4.28,8.7,22.6,1.52,1.64,1.59,710809432,37.3,MOD-00618,25.2,2026-06-20T07:05:21,2026-06-20T00:05:21,https://api.quant-aq.com/v1/devices/MOD-00618/data/710809230
1232.81,493.4,"{'lat': None, 'lon': None}","{'rh': 37.3, 'temp': 25.2, 'wd': 0.0, 'ws': 0.0, 'ws_scalar': 0.0}","{'gas': {'co': 13503, 'co2': 13265, 'no': 13591, 'no2': 13770, 'o3': 13750}, 'pm': {'pm1': 13215, 'pm10': 13217, 'pm25': 13216}}",4.27,8.7,22.33,1.18,1.8,1.26,710809430,37.3,MOD-00618,25.2,2026-06-20T07:04:21,2026-06-20T00:04:21,https://api.quant-aq.com/v1/devices/MOD-00618/data/710809229
1231.99,492.91,"{'lat': None, 'lon': None}","{'rh': 37.3, 'temp': 25.2, 'wd': 0.0, 'ws': 0.0, 'ws_scalar': 0.0}","{'gas': {'co': 13503, 'co2': 13265, 'no': 13591, 'no2': 13770, 'o3': 13750}, 'pm': {'pm1': 13215, 'pm10': 13217, 'pm25': 13216}}",4.28,10.7,23.14,1.44,1.52,1.52,710809401,37.3,MOD-00618,25.2,2026-06-20T07:03:21,2026-06-20T00:03:21,https://api.quant-aq.com/v1/devices/MOD-00618/data/710809201
1230.76,496.05,"{'lat': None, 'lon': None}","{'rh': 37.3, 'temp': 25.2, 'wd': 0.0, 'ws': 0.0, 'ws_scalar': 0.0}","{'gas': {'co': 13503, 'co2': 13265, 'no': 13591, 'no2': 13770, 'o3': 13750}, 'pm': {'pm1': 13215, 'pm10': 13217, 'pm25': 13216}}",4.28,7.23,22.6,1.51,3.89,1.57,710809402,37.3,MOD-00618,25.2,2026-06-20T07:02:21,2026-06-20T00:02:21,https://api.quant-aq.com/v1/devices/MOD-00618/data/710809199
1236.1,494.48,"{'lat': None, 'lon': None}","{'rh': 37.3, 'temp': 25.2, 'wd': 0.0, 'ws': 0.0, 'ws_scalar': 0.0}","{'gas': {'co': 13503, 'co2': 13265, 'no': 13591, 'no2': 13770, 'o3': 13750}, 'pm': {'pm1': 13215, 'pm10': 13217, 'pm25': 13216}}",4.28,10.7,22.6,1.51,1.55,1.55,710809398,37.3,MOD-00618,25.2,2026-06-20T07:01:21,2026-06-20T00:01:21,https://api.quant-aq.com/v1/devices/MOD-00618/data/710809196
1238.15,494.84,"{'lat': None, 'lon': None}","{'rh': 37.3, 'temp': 25.2, 'wd': 0.0, 'ws': 0.0, 'ws_scalar': 0.0}","{'gas': {'co': 13503, 'co2': 13265, 'no': 13591, 'no2': 13770, 'o3': 13750}, 'pm': {'pm1': 13215, 'pm10': 13217, 'pm25': 13216}}",4.27,8.7,22.6,1.15,1.18,1.18,710809399,37.3,MOD-00618,25.2,2026-06-20T07:00:21,2026-06-20T00:00:21,https://api.quant-aq.com/v1/devices/MOD-00618/data/710809200
1236.1,496.17,"{'lat': None, 'lon': None}","{'rh': 37.3, 'temp': 25.2, 'wd': 0.0, 'ws': 0.0, 'ws_scalar': 0.0}","{'gas': {'co': 13503, 'co2': 13265, 'no': 13591, 'no2': 13770, 'o3': 13750}, 'pm': {'pm1': 13215, 'pm10': 13217, 'pm25': 13216}}",4.27,7.23,22.33,1.48,1.77,1.55,710809400,37.3,MOD-00618,25.2,2026-06-20T06:59:17,2026-06-19T23:59:17,https://api.quant-aq.com/v1/devices/MOD-00618/data/710809197
1238.56,495.8,"{'lat': None, 'lon': None}","{'rh': 37.3, 'temp': 25.2, 'wd': 0.0, 'ws': 0.0, 'ws_scalar': 0.0}","{'gas': {'co': 13503, 'co2': 13265, 'no': 13591, 'no2': 13770, 'o3': 13750}, 'pm': {'pm1': 13215, 'pm10': 13217, 'pm25': 13216}}",4.28,10.7,22.6,1.52,1.59,1.59,710809364,37.3,MOD-00618,25.2,2026-06-20T06:58:17,2026-06-19T23:58:17,https://api.quant-aq.com/v1/devices/MOD-00618/data/710809163
1241.84,496.41,"{'lat': None, 'lon': None}","{'rh': 37.3, 'temp': 25.2, 'wd': 0.0, 'ws': 0.0, 'ws_scalar': 0.0}","{'gas': {'co': 13503, 'co2': 13265, 'no': 13591, 'no2': 13770, 'o3': 13750}, 'pm': {'pm1': 13215, 'pm10': 13217, 'pm25': 13216}}",4.28,7.66,23.14,1.67,1.88,1.7,710809360,37.3,MOD-00618,25.2,2026-06-20T06:57:17,2026-06-19T23:57:17,https://api.quant-aq.com/v1/devices/MOD-00618/data/710809159
1243.49,497.49,"{'lat': None, 'lon': None}","{'rh': 37.3, 'temp': 25.2, 'wd': 0.0, 'ws': 0.0, 'ws_scalar': 0.0}","{'gas': {'co': 13503, 'co2': 13265, 'no': 13591, 'no2': 13770, 'o3': 13750}, 'pm': {'pm1': 13215, 'pm10': 13217, 'pm25': 13216}}",4.28,8.7,22.6,1.27,1.37,1.32,710809362,37.3,MOD-00618,25.2,2026-06-20T06:56:17,2026-06-19T23:56:17,https://api.quant-aq.com/v1/devices/MOD-00618/data/710809160
1241.02,494.0,"{'lat': None, 'lon': None}","{'rh': 37.3, 'temp': 25.2, 'wd': 0.0, 'ws': 0.0, 'ws_scalar': 0.0}","{'gas': {'co': 13503, 'co2': 13265, 'no': 13591, 'no2': 13770, 'o3': 13750}, 'pm': {'pm1': 13215, 'pm10': 13217, 'pm25': 13216}}",4.28,7.66,22.33,1.43,1.48,1.48,710809361,37.3,MOD-00618,25.2,2026-06-20T06:55:17,2026-06-19T23:55:17,https://api.quant-aq.com/v1/devices/MOD-00618/data/710809161
1243.49,499.3,"{'lat': None, 'lon': None}","{'rh': 37.3, 'temp': 25.2, 'wd': 0.0, 'ws': 0.0, 'ws_scalar': 0.0}","{'gas': {'co': 13503, 'co2': 13265, 'no': 13591, 'no2': 13770, 'o3': 13750}, 'pm': {'pm1': 13215, 'pm10': 13217, 'pm25': 13216}}",4.28,8.7,22.06,1.66,1.74,1.7,710809363,37.3,MOD-00618,25.2,2026-06-20T06:54:17,2026-06-19T23:54:17,https://api.quant-aq.com/v1/devices/MOD-00618/data/710809162
1243.9,500.38,"{'lat': None, 'lon': None}","{'rh': 37.3, 'temp': 25.2, 'wd': 0.0, 'ws': 0.0, 'ws_scalar': 0.0}","{'gas': {'co': 13503, 'co2': 13265, 'no': 13591, 'no2': 13770, 'o3': 13750}, 'pm': {'pm1': 13215, 'pm10': 13217, 'pm25': 13216}}",4.28,10.7,22.33,1.34,1.37,1.37,710809332,37.3,MOD-00618,25.2,2026-06-20T06:53:17,2026-06-19T23:53:17,https://api.quant-aq.com/v1/devices/MOD-00618/data/710809133
1243.49,498.57,"{'lat': None, 'lon': None}","{'rh': 37.3, 'temp': 25.2, 'wd': 0.0, 'ws': 0.0, 'ws_scalar': 0.0}","{'gas': {'co': 13503, 'co2': 13265, 'no': 13591, 'no2': 13770, 'o3': 13750}, 'pm': {'pm1': 13215, 'pm10': 13217, 'pm25': 13216}}",4.28,7.23,22.6,1.52,1.59,1.59,710809331,37.3,MOD-00618,25.2,2026-06-20T06:52:17,2026-06-19T23:52:17,https://api.quant-aq.com/v1/devices/MOD-00618/data/710809130
1243.49,502.55,"{'lat': None, 'lon': None}","{'rh': 37.3, 'temp': 25.2, 'wd': 0.0, 'ws': 0.0, 'ws_scalar': 0.0}","{'gas': {'co': 13503, 'co2': 13265, 'no': 13591, 'no2': 13770, 'o3': 13750}, 'pm': {'pm1': 13215, 'pm10': 13217, 'pm25': 13216}}",4.27,7.66,22.33,1.36,1.75,1.4,710809333,37.3,MOD-00618,25.2,2026-06-20T06:51:17,2026-06-19T23:51:17,https://api.quant-aq.com/v1/devices/MOD-00618/data/710809131
1245.54,500.62,"{'lat': None, 'lon': None}","{'rh': 37.3, 'temp': 25.2, 'wd': 0.0, 'ws': 0.0, 'ws_scalar': 0.0}","{'gas': {'co': 13503, 'co2': 13265, 'no': 13591, 'no2': 13770, 'o3': 13750}, 'pm': {'pm1': 13215, 'pm10': 13217, 'pm25': 13216}}",4.27,7.48,22.6,1.37,1.52,1.52,710809330,37.3,MOD-00618,25.2,2026-06-20T06:50:17,2026-06-19T23:50:17,https://api.quant-aq.com/v1/devices/MOD-00618/data/710809129
1244.31,500.74,"{'lat': None, 'lon': None}","{'rh': 37.3, 'temp': 25.2, 'wd': 0.0, 'ws': 0.0, 'ws_scalar': 0.0}","{'gas': {'co': 13503, 'co2': 13265, 'no': 13591, 'no2': 13770, 'o3': 13750}, 'pm': {'pm1': 13215, 'pm10': 13217, 'pm25': 13216}}",4.28,8.7,22.87,1.15,1.17,1.17,710809329,37.3,MOD-00618,25.2,2026-06-20T06:49:17,2026-06-19T23:49:17,https://api.quant-aq.com/v1/devices/MOD-00618/data/710809128
1245.13,498.33,"{'lat': None, 'lon': None}","{'rh': 37.3, 'temp': 25.2, 'wd': 0.0, 'ws': 0.0, 'ws_scalar': 0.0}","{'gas': {'co': 13503, 'co2': 13265, 'no': 13591, 'no2': 13770, 'o3': 13750}, 'pm': {'pm1': 13215, 'pm10': 13217, 'pm25': 13216}}",4.28,7.66,22.6,0.89,0.92,0.92,710809312,37.3,MOD-00618,25.2,2026-06-20T06:48:17,2026-06-19T23:48:17,https://api.quant-aq.com/v1/devices/MOD-00618/data/710809111
1246.77,501.34,"{'lat': None, 'lon': None}","{'rh': 37.3, 'temp': 25.2, 'wd': 0.0, 'ws': 0.0, 'ws_scalar': 0.0}","{'gas': {'co': 13503, 'co2': 13265, 'no': 13591, 'no2': 13770, 'o3': 13750}, 'pm': {'pm1': 13215, 'pm10': 13217, 'pm25': 13216}}",4.28,7.66,22.33,0.98,1.26,1.07,710809308,37.3,MOD-00618,25.2,2026-06-20T06:47:17,2026-06-19T23:47:17,https://api.quant-aq.com/v1/devices/MOD-00618/data/710809108
1250.88,498.57,"{'lat': None, 'lon': None}","{'rh': 37.3, 'temp': 25.2, 'wd': 0.0, 'ws': 0.0, 'ws_scalar': 0.0}","{'gas': {'co': 13503, 'co2': 13265, 'no': 13591, 'no2': 13770, 'o3': 13750}, 'pm': {'pm1': 13215, 'pm10': 13217, 'pm25': 13216}}",4.28,7.66,22.87,1.2,1.39,1.21,710809311,37.3,MOD-00618,25.2,2026-06-20T06:46:17,2026-06-19T23:46:17,https://api.quant-aq.com/v1/devices/MOD-00618/data/710809110
1248.41,505.68,"{'lat': None, 'lon': None}","{'rh': 37.3, 'temp': 25.2, 'wd': 0.0, 'ws': 0.0, 'ws_scalar': 0.0}","{'gas': {'co': 13503, 'co2': 13265, 'no': 13591, 'no2': 13770, 'o3': 13750}, 'pm': {'pm1': 13215, 'pm10': 13217, 'pm25': 13216}}",4.27,7.48,22.06,1.18,1.22,1.22,710809306,37.3,MOD-00618,25.2,2026-06-20T06:45:18,2026-06-19T23:45:18,https://api.quant-aq.com/v1/devices/MOD-00618/data/710809106
1247.59,504.24,"{'lat': None, 'lon': None}","{'rh': 37.3, 'temp': 25.2, 'wd': 0.0, 'ws': 0.0, 'ws_scalar': 0.0}","{'gas': {'co': 13503, 'co2': 13265, 'no': 13591, 'no2': 13770, 'o3': 13750}, 'pm': {'pm1': 13215, 'pm10': 13217, 'pm25': 13216}}",4.28,7.66,22.33,1.45,1.46,1.46,710809309,37.3,MOD-00618,25.2,2026-06-20T06:44:18,2026-06-19T23:44:18,https://api.quant-aq.com/v1/devices/MOD-00618/data/710809109
1248.82,502.91,"{'lat': None, 'lon': None}","{'rh': 37.3, 'temp': 25.2, 'wd': 0.0, 'ws': 0.0, 'ws_scalar': 0.0}","{'gas': {'co': 13503, 'co2': 13265, 'no': 13591, 'no2': 13770, 'o3': 13750}, 'pm': {'pm1': 13215, 'pm10': 13217, 'pm25': 13216}}",4.28,7.66,22.6,1.16,1.26,1.22,710809299,37.3,MOD-00618,25.2,2026-06-20T06:43:18,2026-06-19T23:43:18,https://api.quant-aq.com/v1/devices/MOD-00618/data/710809098
1255.8,500.38,"{'lat': None, 'lon': None}","{'rh': 37.3, 'temp': 25.2, 'wd': 0.0, 'ws': 0.0, 'ws_scalar': 0.0}","{'gas': {'co': 13503, 'co2': 13265, 'no': 13591, 'no2': 13770, 'o3': 13750}, 'pm': {'pm1': 13215, 'pm10': 13217, 'pm25': 13216}}",4.27,7.23,22.87,1.3,2.02,1.4,710809300,37.3,MOD-00618,25.2,2026-06-20T06:42:18,2026-06-19T23:42:18,https://api.quant-aq.com/v1/devices/MOD-00618/data/710809099
1252.11,500.5,"{'lat': None, 'lon': None}","{'rh': 37.3, 'temp': 25.2, 'wd': 0.0, 'ws': 0.0, 'ws_scalar': 0.0}","{'gas': {'co': 13503, 'co2': 13265, 'no': 13591, 'no2': 13770, 'o3': 13750}, 'pm': {'pm1': 13215, 'pm10': 13217, 'pm25': 13216}}",4.28,7.48,22.33,1.39,1.99,1.44,710809298,37.3,MOD-00618,25.2,2026-06-20T06:41:18,2026-06-19T23:41:18,https://api.quant-aq.com/v1/devices/MOD-00618/data/710809097
1249.64,502.31,"{'lat': None, 'lon': None}","{'rh': 37.3, 'temp': 25.2, 'wd': 0.0, 'ws': 0.0, 'ws_scalar': 0.0}","{'gas': {'co': 13503, 'co2': 13265, 'no': 13591, 'no2': 13770, 'o3': 13750}, 'pm': {'pm1': 13215, 'pm10': 13217, 'pm25': 13216}}",4.28,7.66,22.6,1.38,1.45,1.45,710809296,37.3,MOD-00618,25.2,2026-06-20T06:40:18,2026-06-19T23:40:18,https://api.quant-aq.com/v1/devices/MOD-00618/data/710809095
1251.29,504.11,"{'lat': None, 'lon': None}","{'rh': 37.3, 'temp': 25.2, 'wd': 0.0, 'ws': 0.0, 'ws_scalar': 0.0}","{'gas': {'co': 13503, 'co2': 13265, 'no': 13591, 'no2': 13770, 'o3': 13750}, 'pm': {'pm1': 13215, 'pm10': 13217, 'pm25': 13216}}",4.28,7.23,22.6,1.3,1.34,1.34,710809297,37.3,MOD-00618,25.2,2026-06-20T06:39:18,2026-06-19T23:39:18,https://api.quant-aq.com/v1/devices/MOD-00618/data/710809096
1249.64,505.44,"{'lat': None, 'lon': None}","{'rh': 37.3, 'temp': 25.2, 'wd': 0.0, 'ws': 0.0, 'ws_scalar': 0.0}","{'gas': {'co': 13503, 'co2': 13265, 'no': 13591, 'no2': 13770, 'o3': 13750}, 'pm': {'pm1': 13215, 'pm10': 13217, 'pm25': 13216}}",4.28,7.66,22.6,1.3,1.41,1.37,710809286,37.3,MOD-00618,25.2,2026-06-20T06:38:18,2026-06-19T23:38:18,https://api.quant-aq.com/v1/devices/MOD-00618/data/710809085
1250.47,503.99,"{'lat': None, 'lon': None}","{'rh': 37.3, 'temp': 25.2, 'wd': 0.0, 'ws': 0.0, 'ws_scalar': 0.0}","{'gas': {'co': 13503, 'co2': 13265, 'no': 13591, 'no2': 13770, 'o3': 13750}, 'pm': {'pm1': 13215, 'pm10': 13217, 'pm25': 13216}}",4.28,7.66,22.33,1.18,1.88,1.21,710809287,37.3,MOD-00618,25.2,2026-06-20T06:37:18,2026-06-19T23:37:18,https://api.quant-aq.com/v1/devices/MOD-00618/data/710809086
1257.37,503.75,"{'lat': None, 'lon': None}","{'rh': 37.4, 'temp': 25.2, 'wd': 0.0, 'ws': 0.0, 'ws_scalar': 0.0}","{'gas': {'co': 13503, 'co2': 13265, 'no': 13591, 'no2': 13770, 'o3': 13750}, 'pm': {'pm1': 13215, 'pm10': 13217, 'pm25': 13216}}",4.27,7.05,22.57,1.11,1.42,1.16,710809288,37.4,MOD-00618,25.2,2026-06-20T06:36:17,2026-06-19T23:36:17,https://api.quant-aq.com/v1/devices/MOD-00618/data/710809087
1250.05,505.92,"{'lat': None, 'lon': None}","{'rh': 37.3, 'temp': 25.2, 'wd': 0.0, 'ws': 0.0, 'ws_scalar': 0.0}","{'gas': {'co': 13503, 'co2': 13265, 'no': 13591, 'no2': 13770, 'o3': 13750}, 'pm': {'pm1': 13215, 'pm10': 13217, 'pm25': 13216}}",4.28,8.7,22.6,1.68,1.7,1.7,710809290,37.3,MOD-00618,25.2,2026-06-20T06:35:17,2026-06-19T23:35:17,https://api.quant-aq.com/v1/devices/MOD-00618/data/710809088
1251.7,507.01,"{'lat': None, 'lon': None}","{'rh': 37.3, 'temp': 25.2, 'wd': 0.0, 'ws': 0.0, 'ws_scalar': 0.0}","{'gas': {'co': 13503, 'co2': 13265, 'no': 13591, 'no2': 13770, 'o3': 13750}, 'pm': {'pm1': 13215, 'pm10': 13217, 'pm25': 13216}}",4.28,8.7,22.33,1.36,11.12,1.39,710809289,37.3,MOD-00618,25.2,2026-06-20T06:34:17,2026-06-19T23:34:17,https://api.quant-aq.com/v1/devices/MOD-00618/data/710809089
1254.57,505.92,"{'lat': None, 'lon': None}","{'rh': 37.3, 'temp': 25.2, 'wd': 0.0, 'ws': 0.0, 'ws_scalar': 0.0}","{'gas': {'co': 13503, 'co2': 13265, 'no': 13591, 'no2': 13770, 'o3': 13750}, 'pm': {'pm1': 13215, 'pm10': 13217, 'pm25': 13216}}",4.28,7.19,22.87,1.44,1.57,1.53,710809273,37.3,MOD-00618,25.2,2026-06-20T06:33:17,2026-06-19T23:33:17,https://api.quant-aq.com/v1/devices/MOD-00618/data/710809074
1254.91,509.53,"{'lat': None, 'lon': None}","{'rh': 37.4, 'temp': 25.2, 'wd': 0.0, 'ws': 0.0, 'ws_scalar': 0.0}","{'gas': {'co': 13503, 'co2': 13265, 'no': 13591, 'no2': 13770, 'o3': 13750}, 'pm': {'pm1': 13215, 'pm10': 13217, 'pm25': 13216}}",4.28,8.23,22.57,1.18,1.2,1.2,710809274,37.4,MOD-00618,25.2,2026-06-20T06:32:17,2026-06-19T23:32:17,https://api.quant-aq.com/v1/devices/MOD-00618/data/710809075
1252.86,506.28,"{'lat': None, 'lon': None}","{'rh': 37.4, 'temp': 25.2, 'wd': 0.0, 'ws': 0.0, 'ws_scalar': 0.0}","{'gas': {'co': 13503, 'co2': 13265, 'no': 13591, 'no2': 13770, 'o3': 13750}, 'pm': {'pm1': 13215, 'pm10': 13217, 'pm25': 13216}}",4.27,7.05,22.57,1.08,1.19,1.19,710809276,37.4,MOD-00618,25.2,2026-06-20T06:31:17,2026-06-19T23:31:17,https://api.quant-aq.com/v1/devices/MOD-00618/data/710809080
1254.91,503.63,"{'lat': None, 'lon': None}","{'rh': 37.4, 'temp': 25.2, 'wd': 0.0, 'ws': 0.0, 'ws_scalar': 0.0}","{'gas': {'co': 13503, 'co2': 13265, 'no': 13591, 'no2': 13770, 'o3': 13750}, 'pm': {'pm1': 13215, 'pm10': 13217, 'pm25': 13216}}",4.28,8.23,22.57,1.26,1.44,1.36,710809275,37.4,MOD-00618,25.2,2026-06-20T06:30:17,2026-06-19T23:30:17,https://api.quant-aq.com/v1/devices/MOD-00618/data/710809077
1255.73,509.17,"{'lat': None, 'lon': None}","{'rh': 37.4, 'temp': 25.2, 'wd': 0.0, 'ws': 0.0, 'ws_scalar': 0.0}","{'gas': {'co': 13503, 'co2': 13265, 'no': 13591, 'no2': 13770, 'o3': 13750}, 'pm': {'pm1': 13215, 'pm10': 13217, 'pm25': 13216}}",4.27,8.85,22.3,1.19,1.74,1.24,710809272,37.4,MOD-00618,25.2,2026-06-20T06:29:17,2026-06-19T23:29:17,https://api.quant-aq.com/v1/devices/MOD-00618/data/710809071
1249.98,507.61,"{'lat': None, 'lon': None}","{'rh': 37.4, 'temp': 25.2, 'wd': 0.0, 'ws': 0.0, 'ws_scalar': 0.0}","{'gas': {'co': 13503, 'co2': 13265, 'no': 13591, 'no2': 13770, 'o3': 13750}, 'pm': {'pm1': 13215, 'pm10': 13217, 'pm25': 13216}}",4.27,7.78,22.57,0.88,0.92,0.92,710809266,37.4,MOD-00618,25.2,2026-06-20T06:28:17,2026-06-19T23:28:17,https://api.quant-aq.com/v1/devices/MOD-00618/data/710809065
1253.68,507.37,"{'lat': None, 'lon': None}","{'rh': 37.4, 'temp': 25.2, 'wd': 0.0, 'ws': 0.0, 'ws_scalar': 0.0}","{'gas': {'co': 13503, 'co2': 13265, 'no': 13591, 'no2': 13770, 'o3': 13750}, 'pm': {'pm1': 13215, 'pm10': 13217, 'pm25': 13216}}",4.27,7.05,22.57,1.41,1.48,1.48,710809265,37.4,MOD-00618,25.2,2026-06-20T06:27:17,2026-06-19T23:27:17,https://api.quant-aq.com/v1/devices/MOD-00618/data/710809064
1258.19,506.4,"{'lat': None, 'lon': None}","{'rh': 37.4, 'temp': 25.2, 'wd': 0.0, 'ws': 0.0, 'ws_scalar': 0.0}","{'gas': {'co': 13503, 'co2': 13265, 'no': 13591, 'no2': 13770, 'o3': 13750}, 'pm': {'pm1': 13215, 'pm10': 13217, 'pm25': 13216}}",4.28,7.78,22.57,1.53,6.58,1.62,710809267,37.4,MOD-00618,25.2,2026-06-20T06:26:17,2026-06-19T23:26:17,https://api.quant-aq.com/v1/devices/MOD-00618/data/710809066
1257.78,506.16,"{'lat': None, 'lon': None}","{'rh': 37.4, 'temp': 25.2, 'wd': 0.0, 'ws': 0.0, 'ws_scalar': 0.0}","{'gas': {'co': 13503, 'co2': 13265, 'no': 13591, 'no2': 13770, 'o3': 13750}, 'pm': {'pm1': 13215, 'pm10': 13217, 'pm25': 13216}}",4.27,7.05,22.3,1.37,1.51,1.47,710809264,37.4,MOD-00618,25.2,2026-06-20T06:25:17,2026-06-19T23:25:17,https://api.quant-aq.com/v1/devices/MOD-00618/data/710809063
1259.02,504.48,"{'lat': None, 'lon': None}","{'rh': 37.4, 'temp': 25.2, 'wd': 0.0, 'ws': 0.0, 'ws_scalar': 0.0}","{'gas': {'co': 13503, 'co2': 13265, 'no': 13591, 'no2': 13770, 'o3': 13750}, 'pm': {'pm1': 13215, 'pm10': 13217, 'pm25': 13216}}",4.27,7.05,22.02,1.38,2.0,1.48,710809263,37.4,MOD-00618,25.2,2026-06-20T06:24:17,2026-06-19T23:24:17,https://api.quant-aq.com/v1/devices/MOD-00618/data/710809062
1254.02,511.22,"{'lat': None, 'lon': None}","{'rh': 37.5, 'temp': 25.2, 'wd': 0.0, 'ws': 0.0, 'ws_scalar': 0.0}","{'gas': {'co': 13503, 'co2': 13265, 'no': 13591, 'no2': 13770, 'o3': 13750}, 'pm': {'pm1': 13215, 'pm10': 13217, 'pm25': 13216}}",4.28,7.79,22.81,1.44,2.06,1.49,710809164,37.5,MOD-00618,25.2,2026-06-20T06:23:17,2026-06-19T23:23:17,https://api.quant-aq.com/v1/devices/MOD-00618/data/710808963
1254.43,505.68,"{'lat': None, 'lon': None}","{'rh': 37.5, 'temp': 25.2, 'wd': 0.0, 'ws': 0.0, 'ws_scalar': 0.0}","{'gas': {'co': 13503, 'co2': 13265, 'no': 13591, 'no2': 13770, 'o3': 13750}, 'pm': {'pm1': 13215, 'pm10': 13217, 'pm25': 13216}}",4.28,7.79,22.81,1.25,1.44,1.27,710809160,37.5,MOD-00618,25.2,2026-06-20T06:22:17,2026-06-19T23:22:17,https://api.quant-aq.com/v1/devices/MOD-00618/data/710808959
1249.09,508.69,"{'lat': None, 'lon': None}","{'rh': 37.5, 'temp': 25.2, 'wd': 0.0, 'ws': 0.0, 'ws_scalar': 0.0}","{'gas': {'co': 13503, 'co2': 13265, 'no': 13591, 'no2': 13770, 'o3': 13750}, 'pm': {'pm1': 13215, 'pm10': 13217, 'pm25': 13216}}",4.27,7.8,22.81,1.52,2.09,1.54,710809162,37.5,MOD-00618,25.2,2026-06-20T06:21:17,2026-06-19T23:21:17,https://api.quant-aq.com/v1/devices/MOD-00618/data/710808961
1251.86,510.38,"{'lat': None, 'lon': None}","{'rh': 37.5, 'temp': 25.1, 'wd': 0.0, 'ws': 0.0, 'ws_scalar': 0.0}","{'gas': {'co': 13503, 'co2': 13265, 'no': 13591, 'no2': 13770, 'o3': 13750}, 'pm': {'pm1': 13215, 'pm10': 13217, 'pm25': 13216}}",4.27,8.87,22.79,1.13,1.24,1.2,710809161,37.5,MOD-00618,25.1,2026-06-20T06:20:17,2026-06-19T23:20:17,https://api.quant-aq.com/v1/devices/MOD-00618/data/710808960
1253.09,505.32,"{'lat': None, 'lon': None}","{'rh': 37.5, 'temp': 25.1, 'wd': 0.0, 'ws': 0.0, 'ws_scalar': 0.0}","{'gas': {'co': 13503, 'co2': 13265, 'no': 13591, 'no2': 13770, 'o3': 13750}, 'pm': {'pm1': 13215, 'pm10': 13217, 'pm25': 13216}}",4.27,8.83,22.79,1.19,1.85,1.3,710809163,37.5,MOD-00618,25.1,2026-06-20T06:19:17,2026-06-19T23:19:17,https://api.quant-aq.com/v1/devices/MOD-00618/data/710808962
1250.22,504.84,"{'lat': None, 'lon': None}","{'rh': 37.5, 'temp': 25.1, 'wd': 0.0, 'ws': 0.0, 'ws_scalar': 0.0}","{'gas': {'co': 13503, 'co2': 13265, 'no': 13591, 'no2': 13770, 'o3': 13750}, 'pm': {'pm1': 13215, 'pm10': 13217, 'pm25': 13216}}",4.27,8.87,21.97,1.42,1.53,1.49,710808830,37.5,MOD-00618,25.1,2026-06-20T06:18:17,2026-06-19T23:18:17,https://api.quant-aq.com/v1/devices/MOD-00618/data/710808629
1239.95,505.08,"{'lat': None, 'lon': None}","{'rh': 37.5, 'temp': 25.1, 'wd': 0.0, 'ws': 0.0, 'ws_scalar': 0.0}","{'gas': {'co': 13503, 'co2': 13265, 'no': 13591, 'no2': 13770, 'o3': 13750}, 'pm': {'pm1': 13215, 'pm10': 13217, 'pm25': 13216}}",4.27,8.83,22.52,1.3,1.4,1.36,710808832,37.5,MOD-00618,25.1,2026-06-20T06:17:17,2026-06-19T23:17:17,https://api.quant-aq.com/v1/devices/MOD-00618/data/710808631
1236.6,504.84,"{'lat': None, 'lon': None}","{'rh': 37.6, 'temp': 25.1, 'wd': 0.0, 'ws': 0.0, 'ws_scalar': 0.0}","{'gas': {'co': 13503, 'co2': 13265, 'no': 13591, 'no2': 13770, 'o3': 13750}, 'pm': {'pm1': 13215, 'pm10': 13217, 'pm25': 13216}}",4.27,8.83,22.76,1.52,1.57,1.57,710808831,37.6,MOD-00618,25.1,2026-06-20T06:16:17,2026-06-19T23:16:17,https://api.quant-aq.com/v1/devices/MOD-00618/data/710808630
1243.58,504.48,"{'lat': None, 'lon': None}","{'rh': 37.6, 'temp': 25.1, 'wd': 0.0, 'ws': 0.0, 'ws_scalar': 0.0}","{'gas': {'co': 13503, 'co2': 13265, 'no': 13591, 'no2': 13770, 'o3': 13750}, 'pm': {'pm1': 13215, 'pm10': 13217, 'pm25': 13216}}",4.27,11.52,22.48,1.42,2.02,1.49,710808833,37.6,MOD-00618,25.1,2026-06-20T06:15:17,2026-06-19T23:15:17,https://api.quant-aq.com/v1/devices/MOD-00618/data/710808632
1240.7,500.38,"{'lat': None, 'lon': None}","{'rh': 37.6, 'temp': 25.1, 'wd': 0.0, 'ws': 0.0, 'ws_scalar': 0.0}","{'gas': {'co': 13503, 'co2': 13265, 'no': 13591, 'no2': 13770, 'o3': 13750}, 'pm': {'pm1': 13215, 'pm10': 13217, 'pm25': 13216}}",4.27,11.52,22.48,1.49,1.62,1.62,710808834,37.6,MOD-00618,25.1,2026-06-20T06:14:17,2026-06-19T23:14:17,https://api.quant-aq.com/v1/devices/MOD-00618/data/710808633
1230.78,503.63,"{'lat': None, 'lon': None}","{'rh': 37.7, 'temp': 25.1, 'wd': 0.0, 'ws': 0.0, 'ws_scalar': 0.0}","{'gas': {'co': 13503, 'co2': 13265, 'no': 13591, 'no2': 13770, 'o3': 13750}, 'pm': {'pm1': 13215, 'pm10': 13217, 'pm25': 13216}}",4.27,8.83,23.0,1.67,1.85,1.76,710808792,37.7,MOD-00618,25.1,2026-06-20T06:13:17,2026-06-19T23:13:17,https://api.quant-aq.com/v1/devices/MOD-00618/data/710808591
1229.96,504.36,"{'lat': None, 'lon': None}","{'rh': 37.7, 'temp': 25.1, 'wd': 0.0, 'ws': 0.0, 'ws_scalar': 0.0}","{'gas': {'co': 13503, 'co2': 13265, 'no': 13591, 'no2': 13770, 'o3': 13750}, 'pm': {'pm1': 13215, 'pm10': 13217, 'pm25': 13216}}",4.27,8.86,22.72,1.42,6.61,1.47,710808791,37.7,MOD-00618,25.1,2026-06-20T06:12:17,2026-06-19T23:12:17,https://api.quant-aq.com/v1/devices/MOD-00618/data/710808590
1229.55,506.16,"{'lat': None, 'lon': None}","{'rh': 37.7, 'temp': 25.1, 'wd': 0.0, 'ws': 0.0, 'ws_scalar': 0.0}","{'gas': {'co': 13503, 'co2': 13265, 'no': 13591, 'no2': 13770, 'o3': 13750}, 'pm': {'pm1': 13215, 'pm10': 13217, 'pm25': 13216}}",4.28,8.83,23.0,1.01,1.14,1.1,710808790,37.7,MOD-00618,25.1,2026-06-20T06:11:17,2026-06-19T23:11:17,https://api.quant-aq.com/v1/devices/MOD-00618/data/710808589
1227.09,510.5,"{'lat': None, 'lon': None}","{'rh': 37.7, 'temp': 25.1, 'wd': 0.0, 'ws': 0.0, 'ws_scalar': 0.0}","{'gas': {'co': 13503, 'co2': 13265, 'no': 13591, 'no2': 13770, 'o3': 13750}, 'pm': {'pm1': 13215, 'pm10': 13217, 'pm25': 13216}}",4.27,10.84,22.72,1.05,1.29,1.12,710808789,37.7,MOD-00618,25.1,2026-06-20T06:10:17,2026-06-19T23:10:17,https://api.quant-aq.com/v1/devices/MOD-00618/data/710808587
1228.32,508.57,"{'lat': None, 'lon': None}","{'rh': 37.7, 'temp': 25.1, 'wd': 0.0, 'ws': 0.0, 'ws_scalar': 0.0}","{'gas': {'co': 13503, 'co2': 13265, 'no': 13591, 'no2': 13770, 'o3': 13750}, 'pm': {'pm1': 13215, 'pm10': 13217, 'pm25': 13216}}",4.27,11.65,23.0,1.52,2.11,1.59,710808788,37.7,MOD-00618,25.1,2026-06-20T06:09:17,2026-06-19T23:09:17,https://api.quant-aq.com/v1/devices/MOD-00618/data/710808588
1234.47,513.27,"{'lat': None, 'lon': None}","{'rh': 37.7, 'temp': 25.1, 'wd': 0.0, 'ws': 0.0, 'ws_scalar': 0.0}","{'gas': {'co': 13503, 'co2': 13265, 'no': 13591, 'no2': 13770, 'o3': 13750}, 'pm': {'pm1': 13215, 'pm10': 13217, 'pm25': 13216}}",4.27,10.84,23.0,1.39,1.65,1.47,710808712,37.7,MOD-00618,25.1,2026-06-20T06:08:17,2026-06-19T23:08:17,https://api.quant-aq.com/v1/devices/MOD-00618/data/710808511
1223.87,511.58,"{'lat': None, 'lon': None}","{'rh': 37.6, 'temp': 25.1, 'wd': 0.0, 'ws': 0.0, 'ws_scalar': 0.0}","{'gas': {'co': 13503, 'co2': 13265, 'no': 13591, 'no2': 13770, 'o3': 13750}, 'pm': {'pm1': 13215, 'pm10': 13217, 'pm25': 13216}}",4.27,8.83,22.21,1.21,1.27,1.27,710808716,37.6,MOD-00618,25.1,2026-06-20T06:07:17,2026-06-19T23:07:17,https://api.quant-aq.com/v1/devices/MOD-00618/data/710808514
1230.44,508.57,"{'lat': None, 'lon': None}","{'rh': 37.6, 'temp': 25.1, 'wd': 0.0, 'ws': 0.0, 'ws_scalar': 0.0}","{'gas': {'co': 13503, 'co2': 13265, 'no': 13591, 'no2': 13770, 'o3': 13750}, 'pm': {'pm1': 13215, 'pm10': 13217, 'pm25': 13216}}",4.27,8.9,22.48,1.21,1.46,1.24,710808713,37.6,MOD-00618,25.1,2026-06-20T06:06:17,2026-06-19T23:06:17,https://api.quant-aq.com/v1/devices/MOD-00618/data/710808512
1226.75,512.43,"{'lat': None, 'lon': None}","{'rh': 37.6, 'temp': 25.1, 'wd': 0.0, 'ws': 0.0, 'ws_scalar': 0.0}","{'gas': {'co': 13503, 'co2': 13265, 'no': 13591, 'no2': 13770, 'o3': 13750}, 'pm': {'pm1': 13215, 'pm10': 13217, 'pm25': 13216}}",4.28,8.83,22.48,1.33,1.58,1.4,710808714,37.6,MOD-00618,25.1,2026-06-20T06:05:17,2026-06-19T23:05:17,https://api.quant-aq.com/v1/devices/MOD-00618/data/710808513
1230.33,511.7,"{'lat': None, 'lon': None}","{'rh': 37.6, 'temp': 25.0, 'wd': 0.0, 'ws': 0.0, 'ws_scalar': 0.0}","{'gas': {'co': 13503, 'co2': 13265, 'no': 13591, 'no2': 13770, 'o3': 13750}, 'pm': {'pm1': 13215, 'pm10': 13217, 'pm25': 13216}}",4.27,11.4,22.46,1.15,1.74,1.21,710808715,37.6,MOD-00618,25.0,2026-06-20T06:04:17,2026-06-19T23:04:17,https://api.quant-aq.com/v1/devices/MOD-00618/data/710808515
1235.67,515.44,"{'lat': None, 'lon': None}","{'rh': 37.6, 'temp': 25.0, 'wd': 0.0, 'ws': 0.0, 'ws_scalar': 0.0}","{'gas': {'co': 13503, 'co2': 13265, 'no': 13591, 'no2': 13770, 'o3': 13750}, 'pm': {'pm1': 13215, 'pm10': 13217, 'pm25': 13216}}",4.27,11.52,22.46,1.25,1.29,1.29,710808682,37.6,MOD-00618,25.0,2026-06-20T06:03:17,2026-06-19T23:03:17,https://api.quant-aq.com/v1/devices/MOD-00618/data/710808479
1233.55,515.68,"{'lat': None, 'lon': None}","{'rh': 37.7, 'temp': 25.0, 'wd': 0.0, 'ws': 0.0, 'ws_scalar': 0.0}","{'gas': {'co': 13503, 'co2': 13265, 'no': 13591, 'no2': 13770, 'o3': 13750}, 'pm': {'pm1': 13215, 'pm10': 13217, 'pm25': 13216}}",4.27,11.3,22.43,0.83,0.88,0.88,710808681,37.7,MOD-00618,25.0,2026-06-20T06:02:17,2026-06-19T23:02:17,https://api.quant-aq.com/v1/devices/MOD-00618/data/710808482
1224.1,513.03,"{'lat': None, 'lon': None}","{'rh': 37.7, 'temp': 25.0, 'wd': 0.0, 'ws': 0.0, 'ws_scalar': 0.0}","{'gas': {'co': 13503, 'co2': 13265, 'no': 13591, 'no2': 13770, 'o3': 13750}, 'pm': {'pm1': 13215, 'pm10': 13217, 'pm25': 13216}}",4.27,11.3,22.43,1.09,11.1,1.18,710808683,37.7,MOD-00618,25.0,2026-06-20T06:01:17,2026-06-19T23:01:17,https://api.quant-aq.com/v1/devices/MOD-00618/data/710808489
1230.67,517.85,"{'lat': None, 'lon': None}","{'rh': 37.7, 'temp': 25.0, 'wd': 0.0, 'ws': 0.0, 'ws_scalar': 0.0}","{'gas': {'co': 13503, 'co2': 13265, 'no': 13591, 'no2': 13770, 'o3': 13750}, 'pm': {'pm1': 13215, 'pm10': 13217, 'pm25': 13216}}",4.27,11.3,22.43,1.25,1.42,1.34,710808680,37.7,MOD-00618,25.0,2026-06-20T06:00:17,2026-06-19T23:00:17,https://api.quant-aq.com/v1/devices/MOD-00618/data/710808480
1231.08,517.97,"{'lat': None, 'lon': None}","{'rh': 37.7, 'temp': 25.0, 'wd': 0.0, 'ws': 0.0, 'ws_scalar': 0.0}","{'gas': {'co': 13503, 'co2': 13265, 'no': 13591, 'no2': 13770, 'o3': 13750}, 'pm': {'pm1': 13215, 'pm10': 13217, 'pm25': 13216}}",4.27,11.41,22.7,1.45,1.67,1.51,710808679,37.7,MOD-00618,25.0,2026-06-20T05:59:17,2026-06-19T22:59:17,https://api.quant-aq.com/v1/devices/MOD-00618/data/710808478
1228.55,519.65,"{'lat': None, 'lon': None}","{'rh': 37.8, 'temp': 25.0, 'wd': 0.0, 'ws': 0.0, 'ws_scalar': 0.0}","{'gas': {'co': 13503, 'co2': 13265, 'no': 13591, 'no2': 13770, 'o3': 13750}, 'pm': {'pm1': 13215, 'pm10': 13217, 'pm25': 13216}}",4.27,10.75,22.67,0.96,3.25,1.04,710808646,37.8,MOD-00618,25.0,2026-06-20T05:58:17,2026-06-19T22:58:17,https://api.quant-aq.com/v1/devices/MOD-00618/data/710808445
1228.55,521.7,"{'lat': None, 'lon': None}","{'rh': 37.8, 'temp': 25.0, 'wd': 0.0, 'ws': 0.0, 'ws_scalar': 0.0}","{'gas': {'co': 13503, 'co2': 13265, 'no': 13591, 'no2': 13770, 'o3': 13750}, 'pm': {'pm1': 13215, 'pm10': 13217, 'pm25': 13216}}",4.27,10.88,22.4,1.02,12.73,1.07,710808642,37.8,MOD-00618,25.0,2026-06-20T05:57:17,2026-06-19T22:57:17,https://api.quant-aq.com/v1/devices/MOD-00618/data/710808441
1232.65,517.97,"{'lat': None, 'lon': None}","{'rh': 37.8, 'temp': 25.0, 'wd': 0.0, 'ws': 0.0, 'ws_scalar': 0.0}","{'gas': {'co': 13503, 'co2': 13265, 'no': 13591, 'no2': 13770, 'o3': 13750}, 'pm': {'pm1': 13215, 'pm10': 13217, 'pm25': 13216}}",4.27,11.64,22.13,0.99,1.22,1.09,710808644,37.8,MOD-00618,25.0,2026-06-20T05:56:17,2026-06-19T22:56:17,https://api.quant-aq.com/v1/devices/MOD-00618/data/710808442
1225.26,521.94,"{'lat': None, 'lon': None}","{'rh': 37.8, 'temp': 25.0, 'wd': 0.0, 'ws': 0.0, 'ws_scalar': 0.0}","{'gas': {'co': 13503, 'co2': 13265, 'no': 13591, 'no2': 13770, 'o3': 13750}, 'pm': {'pm1': 13215, 'pm10': 13217, 'pm25': 13216}}",4.27,11.52,22.4,0.99,8.25,1.03,710808643,37.8,MOD-00618,25.0,2026-06-20T05:55:17,2026-06-19T22:55:17,https://api.quant-aq.com/v1/devices/MOD-00618/data/710808443
1226.91,520.01,"{'lat': None, 'lon': None}","{'rh': 37.8, 'temp': 25.0, 'wd': 0.0, 'ws': 0.0, 'ws_scalar': 0.0}","{'gas': {'co': 13503, 'co2': 13265, 'no': 13591, 'no2': 13770, 'o3': 13750}, 'pm': {'pm1': 13215, 'pm10': 13217, 'pm25': 13216}}",4.27,10.88,22.67,0.8,0.84,0.84,710808645,37.8,MOD-00618,25.0,2026-06-20T05:54:17,2026-06-19T22:54:17,https://api.quant-aq.com/v1/devices/MOD-00618/data/710808444
1232.24,521.22,"{'lat': None, 'lon': None}","{'rh': 37.8, 'temp': 25.0, 'wd': 0.0, 'ws': 0.0, 'ws_scalar': 0.0}","{'gas': {'co': 13503, 'co2': 13265, 'no': 13591, 'no2': 13770, 'o3': 13750}, 'pm': {'pm1': 13215, 'pm10': 13217, 'pm25': 13216}}",4.28,10.88,22.13,0.96,1.05,1.01,710808629,37.8,MOD-00618,25.0,2026-06-20T05:53:17,2026-06-19T22:53:17,https://api.quant-aq.com/v1/devices/MOD-00618/data/710808428
1228.55,522.18,"{'lat': None, 'lon': None}","{'rh': 37.8, 'temp': 25.0, 'wd': 0.0, 'ws': 0.0, 'ws_scalar': 0.0}","{'gas': {'co': 13503, 'co2': 13265, 'no': 13591, 'no2': 13770, 'o3': 13750}, 'pm': {'pm1': 13215, 'pm10': 13217, 'pm25': 13216}}",4.27,10.75,22.67,0.86,5.29,0.91,710808628,37.8,MOD-00618,25.0,2026-06-20T05:52:17,2026-06-19T22:52:17,https://api.quant-aq.com/v1/devices/MOD-00618/data/710808427
1229.37,518.45,"{'lat': None, 'lon': None}","{'rh': 37.8, 'temp': 25.0, 'wd': 0.0, 'ws': 0.0, 'ws_scalar': 0.0}","{'gas': {'co': 13503, 'co2': 13265, 'no': 13591, 'no2': 13770, 'o3': 13750}, 'pm': {'pm1': 13215, 'pm10': 13217, 'pm25': 13216}}",4.27,8.35,22.13,1.01,1.04,1.04,710808627,37.8,MOD-00618,25.0,2026-06-20T05:51:17,2026-06-19T22:51:17,https://api.quant-aq.com/v1/devices/MOD-00618/data/710808425
1227.73,518.45,"{'lat': None, 'lon': None}","{'rh': 37.8, 'temp': 25.0, 'wd': 0.0, 'ws': 0.0, 'ws_scalar': 0.0}","{'gas': {'co': 13503, 'co2': 13265, 'no': 13591, 'no2': 13770, 'o3': 13750}, 'pm': {'pm1': 13215, 'pm10': 13217, 'pm25': 13216}}",4.27,8.35,22.95,0.8,0.89,0.84,710808626,37.8,MOD-00618,25.0,2026-06-20T05:50:17,2026-06-19T22:50:17,https://api.quant-aq.com/v1/devices/MOD-00618/data/710808426
1226.39,526.76,"{'lat': None, 'lon': None}","{'rh': 37.8, 'temp': 24.9, 'wd': 0.0, 'ws': 0.0, 'ws_scalar': 0.0}","{'gas': {'co': 13503, 'co2': 13265, 'no': 13591, 'no2': 13770, 'o3': 13750}, 'pm': {'pm1': 13215, 'pm10': 13217, 'pm25': 13216}}",4.27,10.9,22.65,1.11,1.12,1.12,710808625,37.8,MOD-00618,24.9,2026-06-20T05:49:17,2026-06-19T22:49:17,https://api.quant-aq.com/v1/devices/MOD-00618/data/710808424
1230.08,523.99,"{'lat': None, 'lon': None}","{'rh': 37.8, 'temp': 24.9, 'wd': 0.0, 'ws': 0.0, 'ws_scalar': 0.0}","{'gas': {'co': 13503, 'co2': 13265, 'no': 13591, 'no2': 13770, 'o3': 13750}, 'pm': {'pm1': 13215, 'pm10': 13217, 'pm25': 13216}}",4.27,11.77,22.38,1.06,1.61,1.09,710808563,37.8,MOD-00618,24.9,2026-06-20T05:48:17,2026-06-19T22:48:17,https://api.quant-aq.com/v1/devices/MOD-00618/data/710808362
1232.96,527.36,"{'lat': None, 'lon': None}","{'rh': 37.8, 'temp': 24.9, 'wd': 0.0, 'ws': 0.0, 'ws_scalar': 0.0}","{'gas': {'co': 13503, 'co2': 13265, 'no': 13591, 'no2': 13770, 'o3': 13750}, 'pm': {'pm1': 13215, 'pm10': 13217, 'pm25': 13216}}",4.27,10.76,22.38,0.79,0.87,0.83,710808561,37.8,MOD-00618,24.9,2026-06-20T05:47:17,2026-06-19T22:47:17,https://api.quant-aq.com/v1/devices/MOD-00618/data/710808360
1228.44,526.76,"{'lat': None, 'lon': None}","{'rh': 37.8, 'temp': 24.9, 'wd': 0.0, 'ws': 0.0, 'ws_scalar': 0.0}","{'gas': {'co': 13503, 'co2': 13265, 'no': 13591, 'no2': 13770, 'o3': 13750}, 'pm': {'pm1': 13215, 'pm10': 13217, 'pm25': 13216}}",4.28,10.76,21.83,1.15,1.77,1.24,710808560,37.8,MOD-00618,24.9,2026-06-20T05:46:17,2026-06-19T22:46:17,https://api.quant-aq.com/v1/devices/MOD-00618/data/710808359
1224.67,527.36,"{'lat': None, 'lon': None}","{'rh': 37.9, 'temp': 24.9, 'wd': 0.0, 'ws': 0.0, 'ws_scalar': 0.0}","{'gas': {'co': 13503, 'co2': 13265, 'no': 13591, 'no2': 13770, 'o3': 13750}, 'pm': {'pm1': 13215, 'pm10': 13217, 'pm25': 13216}}",4.28,10.86,22.07,0.79,1.65,0.81,710808559,37.9,MOD-00618,24.9,2026-06-20T05:45:17,2026-06-19T22:45:17,https://api.quant-aq.com/v1/devices/MOD-00618/data/710808358
1230.08,529.05,"{'lat': None, 'lon': None}","{'rh': 37.8, 'temp': 24.9, 'wd': 0.0, 'ws': 0.0, 'ws_scalar': 0.0}","{'gas': {'co': 13503, 'co2': 13265, 'no': 13591, 'no2': 13770, 'o3': 13750}, 'pm': {'pm1': 13215, 'pm10': 13217, 'pm25': 13216}}",4.27,10.9,22.93,0.9,3.31,0.98,710808562,37.8,MOD-00618,24.9,2026-06-20T05:44:17,2026-06-19T22:44:17,https://api.quant-aq.com/v1/devices/MOD-00618/data/710808361
1228.37,527.12,"{'lat': None, 'lon': None}","{'rh': 37.9, 'temp': 24.9, 'wd': 0.0, 'ws': 0.0, 'ws_scalar': 0.0}","{'gas': {'co': 13503, 'co2': 13265, 'no': 13591, 'no2': 13770, 'o3': 13750}, 'pm': {'pm1': 13215, 'pm10': 13217, 'pm25': 13216}}",4.27,11.5,22.35,1.22,1.94,1.26,710808554,37.9,MOD-00618,24.9,2026-06-20T05:43:17,2026-06-19T22:43:17,https://api.quant-aq.com/v1/devices/MOD-00618/data/710808355
1226.73,528.2,"{'lat': None, 'lon': None}","{'rh': 37.9, 'temp': 24.9, 'wd': 0.0, 'ws': 0.0, 'ws_scalar': 0.0}","{'gas': {'co': 13503, 'co2': 13265, 'no': 13591, 'no2': 13770, 'o3': 13750}, 'pm': {'pm1': 13215, 'pm10': 13217, 'pm25': 13216}}",4.27,11.5,23.17,0.85,1.47,0.92,710808552,37.9,MOD-00618,24.9,2026-06-20T05:42:17,2026-06-19T22:42:17,https://api.quant-aq.com/v1/devices/MOD-00618/data/710808352
1228.78,526.52,"{'lat': None, 'lon': None}","{'rh': 37.9, 'temp': 24.9, 'wd': 0.0, 'ws': 0.0, 'ws_scalar': 0.0}","{'gas': {'co': 13503, 'co2': 13265, 'no': 13591, 'no2': 13770, 'o3': 13750}, 'pm': {'pm1': 13215, 'pm10': 13217, 'pm25': 13216}}",4.27,10.86,22.89,1.1,8.82,1.15,710808558,37.9,MOD-00618,24.9,2026-06-20T05:41:17,2026-06-19T22:41:17,https://api.quant-aq.com/v1/devices/MOD-00618/data/710808357
1223.44,526.28,"{'lat': None, 'lon': None}","{'rh': 37.9, 'temp': 24.9, 'wd': 0.0, 'ws': 0.0, 'ws_scalar': 0.0}","{'gas': {'co': 13503, 'co2': 13265, 'no': 13591, 'no2': 13770, 'o3': 13750}, 'pm': {'pm1': 13215, 'pm10': 13217, 'pm25': 13216}}",4.27,11.62,22.35,1.02,3.04,1.07,710808556,37.9,MOD-00618,24.9,2026-06-20T05:40:18,2026-06-19T22:40:18,https://api.quant-aq.com/v1/devices/MOD-00618/data/710808354
1224.67,531.82,"{'lat': None, 'lon': None}","{'rh': 37.9, 'temp': 24.9, 'wd': 0.0, 'ws': 0.0, 'ws_scalar': 0.0}","{'gas': {'co': 13503, 'co2': 13265, 'no': 13591, 'no2': 13770, 'o3': 13750}, 'pm': {'pm1': 13215, 'pm10': 13217, 'pm25': 13216}}",4.27,11.5,22.35,1.05,1.1,1.1,710808557,37.9,MOD-00618,24.9,2026-06-20T05:39:18,2026-06-19T22:39:18,https://api.quant-aq.com/v1/devices/MOD-00618/data/710808356
1227.96,532.66,"{'lat': None, 'lon': None}","{'rh': 37.9, 'temp': 24.9, 'wd': 0.0, 'ws': 0.0, 'ws_scalar': 0.0}","{'gas': {'co': 13503, 'co2': 13265, 'no': 13591, 'no2': 13770, 'o3': 13750}, 'pm': {'pm1': 13215, 'pm10': 13217, 'pm25': 13216}}",4.27,10.86,22.07,0.91,3.69,1.06,710808532,37.9,MOD-00618,24.9,2026-06-20T05:38:18,2026-06-19T22:38:18,https://api.quant-aq.com/v1/devices/MOD-00618/data/710808331
1230.35,536.51,"{'lat': None, 'lon': None}","{'rh': 38.0, 'temp': 24.9, 'wd': 0.0, 'ws': 0.0, 'ws_scalar': 0.0}","{'gas': {'co': 13503, 'co2': 13265, 'no': 13591, 'no2': 13770, 'o3': 13750}, 'pm': {'pm1': 13215, 'pm10': 13217, 'pm25': 13216}}",3.38,11.71,22.32,1.01,7.07,1.15,710808533,38.0,MOD-00618,24.9,2026-06-20T05:37:18,2026-06-19T22:37:18,https://api.quant-aq.com/v1/devices/MOD-00618/data/710808333
1232.33,539.77,"{'lat': None, 'lon': None}","{'rh': 38.1, 'temp': 24.9, 'wd': 0.0, 'ws': 0.0, 'ws_scalar': 0.0}","{'gas': {'co': 13503, 'co2': 13265, 'no': 13591, 'no2': 13770, 'o3': 13750}, 'pm': {'pm1': 13215, 'pm10': 13217, 'pm25': 13216}}",3.39,11.94,23.38,0.84,6.34,0.89,710808535,38.1,MOD-00618,24.9,2026-06-20T05:36:18,2026-06-19T22:36:18,https://api.quant-aq.com/v1/devices/MOD-00618/data/710808334
1231.17,531.34,"{'lat': None, 'lon': None}","{'rh': 38.0, 'temp': 24.9, 'wd': 0.0, 'ws': 0.0, 'ws_scalar': 0.0}","{'gas': {'co': 13503, 'co2': 13265, 'no': 13591, 'no2': 13770, 'o3': 13750}, 'pm': {'pm1': 13215, 'pm10': 13217, 'pm25': 13216}}",3.38,12.1,22.32,0.95,1.42,1.03,710808534,38.0,MOD-00618,24.9,2026-06-20T05:35:18,2026-06-19T22:35:18,https://api.quant-aq.com/v1/devices/MOD-00618/data/710808332
1228.3,533.26,"{'lat': None, 'lon': None}","{'rh': 38.0, 'temp': 24.9, 'wd': 0.0, 'ws': 0.0, 'ws_scalar': 0.0}","{'gas': {'co': 13503, 'co2': 13265, 'no': 13591, 'no2': 13770, 'o3': 13750}, 'pm': {'pm1': 13215, 'pm10': 13217, 'pm25': 13216}}",4.28,10.82,22.86,1.3,1.54,1.45,710808531,38.0,MOD-00618,24.9,2026-06-20T05:34:18,2026-06-19T22:34:18,https://api.quant-aq.com/v1/devices/MOD-00618/data/710808329
1221.32,529.05,"{'lat': None, 'lon': None}","{'rh': 38.0, 'temp': 24.9, 'wd': 0.0, 'ws': 0.0, 'ws_scalar': 0.0}","{'gas': {'co': 13503, 'co2': 13265, 'no': 13591, 'no2': 13770, 'o3': 13750}, 'pm': {'pm1': 13215, 'pm10': 13217, 'pm25': 13216}}",3.38,11.71,22.59,0.99,1.13,1.05,710808489,38.0,MOD-00618,24.9,2026-06-20T05:33:18,2026-06-19T22:33:18,https://api.quant-aq.com/v1/devices/MOD-00618/data/710808288
1220.16,521.82,"{'lat': None, 'lon': None}","{'rh': 37.9, 'temp': 24.9, 'wd': 0.0, 'ws': 0.0, 'ws_scalar': 0.0}","{'gas': {'co': 13503, 'co2': 13265, 'no': 13591, 'no2': 13770, 'o3': 13750}, 'pm': {'pm1': 13215, 'pm10': 13217, 'pm25': 13216}}",4.27,9.85,23.17,0.89,0.94,0.94,710808493,37.9,MOD-00618,24.9,2026-06-20T05:32:18,2026-06-19T22:32:18,https://api.quant-aq.com/v1/devices/MOD-00618/data/710808292
1223.03,523.75,"{'lat': None, 'lon': None}","{'rh': 37.9, 'temp': 24.9, 'wd': 0.0, 'ws': 0.0, 'ws_scalar': 0.0}","{'gas': {'co': 13503, 'co2': 13265, 'no': 13591, 'no2': 13770, 'o3': 13750}, 'pm': {'pm1': 13215, 'pm10': 13217, 'pm25': 13216}}",4.27,10.86,22.62,1.1,1.25,1.17,710808490,37.9,MOD-00618,24.9,2026-06-20T05:31:18,2026-06-19T22:31:18,https://api.quant-aq.com/v1/devices/MOD-00618/data/710808289
1226.62,520.13,"{'lat': None, 'lon': None}","{'rh': 37.9, 'temp': 24.8, 'wd': 0.0, 'ws': 0.0, 'ws_scalar': 0.0}","{'gas': {'co': 13503, 'co2': 13265, 'no': 13591, 'no2': 13770, 'o3': 13750}, 'pm': {'pm1': 13215, 'pm10': 13217, 'pm25': 13216}}",4.27,11.63,22.33,1.11,1.14,1.14,710808492,37.9,MOD-00618,24.8,2026-06-20T05:30:18,2026-06-19T22:30:18,https://api.quant-aq.com/v1/devices/MOD-00618/data/710808291
1223.34,525.43,"{'lat': None, 'lon': None}","{'rh': 37.9, 'temp': 24.8, 'wd': 0.0, 'ws': 0.0, 'ws_scalar': 0.0}","{'gas': {'co': 13503, 'co2': 13265, 'no': 13591, 'no2': 13770, 'o3': 13750}, 'pm': {'pm1': 13215, 'pm10': 13217, 'pm25': 13216}}",4.27,11.75,22.06,1.15,1.15,1.15,710808491,37.9,MOD-00618,24.8,2026-06-20T05:29:18,2026-06-19T22:29:18,https://api.quant-aq.com/v1/devices/MOD-00618/data/710808290
1223.75,527.36,"{'lat': None, 'lon': None}","{'rh': 37.9, 'temp': 24.8, 'wd': 0.0, 'ws': 0.0, 'ws_scalar': 0.0}","{'gas': {'co': 13503, 'co2': 13265, 'no': 13591, 'no2': 13770, 'o3': 13750}, 'pm': {'pm1': 13215, 'pm10': 13217, 'pm25': 13216}}",4.27,10.96,22.6,1.05,1.06,1.06,710808484,37.9,MOD-00618,24.8,2026-06-20T05:28:18,2026-06-19T22:28:18,https://api.quant-aq.com/v1/devices/MOD-00618/data/710808282
1224.98,526.76,"{'lat': None, 'lon': None}","{'rh': 37.9, 'temp': 24.8, 'wd': 0.0, 'ws': 0.0, 'ws_scalar': 0.0}","{'gas': {'co': 13503, 'co2': 13265, 'no': 13591, 'no2': 13770, 'o3': 13750}, 'pm': {'pm1': 13215, 'pm10': 13217, 'pm25': 13216}}",4.27,11.63,23.15,0.9,0.94,0.94,710808481,37.9,MOD-00618,24.8,2026-06-20T05:27:18,2026-06-19T22:27:18,https://api.quant-aq.com/v1/devices/MOD-00618/data/710808281
1221.28,524.71,"{'lat': None, 'lon': None}","{'rh': 37.9, 'temp': 24.8, 'wd': 0.0, 'ws': 0.0, 'ws_scalar': 0.0}","{'gas': {'co': 13503, 'co2': 13265, 'no': 13591, 'no2': 13770, 'o3': 13750}, 'pm': {'pm1': 13215, 'pm10': 13217, 'pm25': 13216}}",4.27,11.63,22.06,1.01,1.1,1.05,710808483,37.9,MOD-00618,24.8,2026-06-20T05:26:18,2026-06-19T22:26:18,https://api.quant-aq.com/v1/devices/MOD-00618/data/710808283
1223.67,528.08,"{'lat': None, 'lon': None}","{'rh': 38.0, 'temp': 24.8, 'wd': 0.0, 'ws': 0.0, 'ws_scalar': 0.0}","{'gas': {'co': 13503, 'co2': 13265, 'no': 13591, 'no2': 13770, 'o3': 13750}, 'pm': {'pm1': 13215, 'pm10': 13217, 'pm25': 13216}}",3.38,10.91,22.02,1.01,1.07,1.07,710808482,38.0,MOD-00618,24.8,2026-06-20T05:25:18,2026-06-19T22:25:18,https://api.quant-aq.com/v1/devices/MOD-00618/data/710808280
1225.32,531.46,"{'lat': None, 'lon': None}","{'rh': 38.0, 'temp': 24.8, 'wd': 0.0, 'ws': 0.0, 'ws_scalar': 0.0}","{'gas': {'co': 13503, 'co2': 13265, 'no': 13591, 'no2': 13770, 'o3': 13750}, 'pm': {'pm1': 13215, 'pm10': 13217, 'pm25': 13216}}",3.39,10.91,22.57,1.28,1.36,1.32,710808480,38.0,MOD-00618,24.8,2026-06-20T05:24:18,2026-06-19T22:24:18,https://api.quant-aq.com/v1/devices/MOD-00618/data/710808279
1225.32,526.04,"{'lat': None, 'lon': None}","{'rh': 38.0, 'temp': 24.8, 'wd': 0.0, 'ws': 0.0, 'ws_scalar': 0.0}","{'gas': {'co': 13503, 'co2': 13265, 'no': 13591, 'no2': 13770, 'o3': 13750}, 'pm': {'pm1': 13215, 'pm10': 13217, 'pm25': 13216}}",3.38,11.1,22.3,0.95,0.97,0.97,710808472,38.0,MOD-00618,24.8,2026-06-20T05:23:18,2026-06-19T22:23:18,https://api.quant-aq.com/v1/devices/MOD-00618/data/710808271
1223.26,530.85,"{'lat': None, 'lon': None}","{'rh': 38.0, 'temp': 24.8, 'wd': 0.0, 'ws': 0.0, 'ws_scalar': 0.0}","{'gas': {'co': 13503, 'co2': 13265, 'no': 13591, 'no2': 13770, 'o3': 13750}, 'pm': {'pm1': 13215, 'pm10': 13217, 'pm25': 13216}}",3.38,10.91,22.57,0.84,0.86,0.86,710808474,38.0,MOD-00618,24.8,2026-06-20T05:22:18,2026-06-19T22:22:18,https://api.quant-aq.com/v1/devices/MOD-00618/data/710808273
1220.8,532.3,"{'lat': None, 'lon': None}","{'rh': 38.0, 'temp': 24.8, 'wd': 0.0, 'ws': 0.0, 'ws_scalar': 0.0}","{'gas': {'co': 13503, 'co2': 13265, 'no': 13591, 'no2': 13770, 'o3': 13750}, 'pm': {'pm1': 13215, 'pm10': 13217, 'pm25': 13216}}",3.38,11.25,22.3,0.94,0.99,0.99,710808471,38.0,MOD-00618,24.8,2026-06-20T05:21:18,2026-06-19T22:21:18,https://api.quant-aq.com/v1/devices/MOD-00618/data/710808270
1232.3,529.41,"{'lat': None, 'lon': None}","{'rh': 38.0, 'temp': 24.8, 'wd': 0.0, 'ws': 0.0, 'ws_scalar': 0.0}","{'gas': {'co': 13503, 'co2': 13265, 'no': 13591, 'no2': 13770, 'o3': 13750}, 'pm': {'pm1': 13215, 'pm10': 13217, 'pm25': 13216}}",3.38,10.91,22.57,0.82,0.87,0.87,710808475,38.0,MOD-00618,24.8,2026-06-20T05:20:18,2026-06-19T22:20:18,https://api.quant-aq.com/v1/devices/MOD-00618/data/710808274
1223.67,528.08,"{'lat': None, 'lon': None}","{'rh': 38.0, 'temp': 24.8, 'wd': 0.0, 'ws': 0.0, 'ws_scalar': 0.0}","{'gas': {'co': 13503, 'co2': 13265, 'no': 13591, 'no2': 13770, 'o3': 13750}, 'pm': {'pm1': 13215, 'pm10': 13217, 'pm25': 13216}}",3.38,11.1,22.02,0.91,1.01,0.97,710808473,38.0,MOD-00618,24.8,2026-06-20T05:19:18,2026-06-19T22:19:18,https://api.quant-aq.com/v1/devices/MOD-00618/data/710808272
1226.14,525.19,"{'lat': None, 'lon': None}","{'rh': 38.0, 'temp': 24.8, 'wd': 0.0, 'ws': 0.0, 'ws_scalar': 0.0}","{'gas': {'co': 13503, 'co2': 13265, 'no': 13591, 'no2': 13770, 'o3': 13750}, 'pm': {'pm1': 13215, 'pm10': 13217, 'pm25': 13216}}",3.33,11.1,22.57,0.81,0.86,0.86,710808462,38.0,MOD-00618,24.8,2026-06-20T05:18:18,2026-06-19T22:18:18,https://api.quant-aq.com/v1/devices/MOD-00618/data/710808261
1224.5,532.3,"{'lat': None, 'lon': None}","{'rh': 38.0, 'temp': 24.8, 'wd': 0.0, 'ws': 0.0, 'ws_scalar': 0.0}","{'gas': {'co': 13503, 'co2': 13265, 'no': 13591, 'no2': 13770, 'o3': 13750}, 'pm': {'pm1': 13215, 'pm10': 13217, 'pm25': 13216}}",3.39,11.1,23.12,0.98,1.01,1.01,710808461,38.0,MOD-00618,24.8,2026-06-20T05:17:18,2026-06-19T22:17:18,https://api.quant-aq.com/v1/devices/MOD-00618/data/710808260
1226.55,529.05,"{'lat': None, 'lon': None}","{'rh': 38.0, 'temp': 24.8, 'wd': 0.0, 'ws': 0.0, 'ws_scalar': 0.0}","{'gas': {'co': 13503, 'co2': 13265, 'no': 13591, 'no2': 13770, 'o3': 13750}, 'pm': {'pm1': 13215, 'pm10': 13217, 'pm25': 13216}}",3.39,11.1,22.57,0.97,1.0,1.0,710808459,38.0,MOD-00618,24.8,2026-06-20T05:16:18,2026-06-19T22:16:18,https://api.quant-aq.com/v1/devices/MOD-00618/data/710808258
1226.96,525.67,"{'lat': None, 'lon': None}","{'rh': 38.0, 'temp': 24.8, 'wd': 0.0, 'ws': 0.0, 'ws_scalar': 0.0}","{'gas': {'co': 13503, 'co2': 13265, 'no': 13591, 'no2': 13770, 'o3': 13750}, 'pm': {'pm1': 13215, 'pm10': 13217, 'pm25': 13216}}",3.38,10.91,22.57,0.83,0.93,0.89,710808460,38.0,MOD-00618,24.8,2026-06-20T05:15:18,2026-06-19T22:15:18,https://api.quant-aq.com/v1/devices/MOD-00618/data/710808259
1227.78,522.66,"{'lat': None, 'lon': None}","{'rh': 38.0, 'temp': 24.8, 'wd': 0.0, 'ws': 0.0, 'ws_scalar': 0.0}","{'gas': {'co': 13503, 'co2': 13265, 'no': 13591, 'no2': 13770, 'o3': 13750}, 'pm': {'pm1': 13215, 'pm10': 13217, 'pm25': 13216}}",3.39,10.91,23.12,0.97,1.0,1.0,710808458,38.0,MOD-00618,24.8,2026-06-20T05:14:18,2026-06-19T22:14:18,https://api.quant-aq.com/v1/devices/MOD-00618/data/710808257
1223.67,525.19,"{'lat': None, 'lon': None}","{'rh': 38.0, 'temp': 24.8, 'wd': 0.0, 'ws': 0.0, 'ws_scalar': 0.0}","{'gas': {'co': 13503, 'co2': 13265, 'no': 13591, 'no2': 13770, 'o3': 13750}, 'pm': {'pm1': 13215, 'pm10': 13217, 'pm25': 13216}}",3.38,11.1,22.3,0.92,0.96,0.96,710808444,38.0,MOD-00618,24.8,2026-06-20T05:13:18,2026-06-19T22:13:18,https://api.quant-aq.com/v1/devices/MOD-00618/data/710808244
1228.6,522.3,"{'lat': None, 'lon': None}","{'rh': 38.0, 'temp': 24.8, 'wd': 0.0, 'ws': 0.0, 'ws_scalar': 0.0}","{'gas': {'co': 13503, 'co2': 13265, 'no': 13591, 'no2': 13770, 'o3': 13750}, 'pm': {'pm1': 13215, 'pm10': 13217, 'pm25': 13216}}",3.39,11.1,22.84,0.72,0.74,0.74,710808443,38.0,MOD-00618,24.8,2026-06-20T05:12:18,2026-06-19T22:12:18,https://api.quant-aq.com/v1/devices/MOD-00618/data/710808242
1229.83,526.16,"{'lat': None, 'lon': None}","{'rh': 38.0, 'temp': 24.8, 'wd': 0.0, 'ws': 0.0, 'ws_scalar': 0.0}","{'gas': {'co': 13503, 'co2': 13265, 'no': 13591, 'no2': 13770, 'o3': 13750}, 'pm': {'pm1': 13215, 'pm10': 13217, 'pm25': 13216}}",3.38,10.91,22.3,0.93,0.95,0.95,710808438,38.0,MOD-00618,24.8,2026-06-20T05:11:18,2026-06-19T22:11:18,https://api.quant-aq.com/v1/devices/MOD-00618/data/710808240
1227.37,524.71,"{'lat': None, 'lon': None}","{'rh': 38.0, 'temp': 24.8, 'wd': 0.0, 'ws': 0.0, 'ws_scalar': 0.0}","{'gas': {'co': 13503, 'co2': 13265, 'no': 13591, 'no2': 13770, 'o3': 13750}, 'pm': {'pm1': 13215, 'pm10': 13217, 'pm25': 13216}}",3.38,11.25,22.3,0.91,0.92,0.92,710808440,38.0,MOD-00618,24.8,2026-06-20T05:10:18,2026-06-19T22:10:18,https://api.quant-aq.com/v1/devices/MOD-00618/data/710808238
1229.42,529.17,"{'lat': None, 'lon': None}","{'rh': 38.0, 'temp': 24.8, 'wd': 0.0, 'ws': 0.0, 'ws_scalar': 0.0}","{'gas': {'co': 13503, 'co2': 13265, 'no': 13591, 'no2': 13770, 'o3': 13750}, 'pm': {'pm1': 13215, 'pm10': 13217, 'pm25': 13216}}",3.38,11.25,22.57,0.83,0.85,0.85,710808442,38.0,MOD-00618,24.8,2026-06-20T05:09:18,2026-06-19T22:09:18,https://api.quant-aq.com/v1/devices/MOD-00618/data/710808241
1229.01,526.64,"{'lat': None, 'lon': None}","{'rh': 38.0, 'temp': 24.8, 'wd': 0.0, 'ws': 0.0, 'ws_scalar': 0.0}","{'gas': {'co': 13503, 'co2': 13265, 'no': 13591, 'no2': 13770, 'o3': 13750}, 'pm': {'pm1': 13215, 'pm10': 13217, 'pm25': 13216}}",3.38,11.1,22.57,0.91,0.97,0.97,710808385,38.0,MOD-00618,24.8,2026-06-20T05:08:18,2026-06-19T22:08:18,https://api.quant-aq.com/v1/devices/MOD-00618/data/710808183
1229.83,525.55,"{'lat': None, 'lon': None}","{'rh': 38.0, 'temp': 24.8, 'wd': 0.0, 'ws': 0.0, 'ws_scalar': 0.0}","{'gas': {'co': 13503, 'co2': 13265, 'no': 13591, 'no2': 13770, 'o3': 13750}, 'pm': {'pm1': 13215, 'pm10': 13217, 'pm25': 13216}}",3.39,9.86,22.84,1.04,1.07,1.07,710808383,38.0,MOD-00618,24.8,2026-06-20T05:07:18,2026-06-19T22:07:18,https://api.quant-aq.com/v1/devices/MOD-00618/data/710808182
1236.4,526.16,"{'lat': None, 'lon': None}","{'rh': 38.0, 'temp': 24.8, 'wd': 0.0, 'ws': 0.0, 'ws_scalar': 0.0}","{'gas': {'co': 13503, 'co2': 13265, 'no': 13591, 'no2': 13770, 'o3': 13750}, 'pm': {'pm1': 13215, 'pm10': 13217, 'pm25': 13216}}",3.38,11.1,22.02,0.89,1.11,0.93,710808387,38.0,MOD-00618,24.8,2026-06-20T05:06:18,2026-06-19T22:06:18,https://api.quant-aq.com/v1/devices/MOD-00618/data/710808187
1233.12,530.73,"{'lat': None, 'lon': None}","{'rh': 38.0, 'temp': 24.8, 'wd': 0.0, 'ws': 0.0, 'ws_scalar': 0.0}","{'gas': {'co': 13503, 'co2': 13265, 'no': 13591, 'no2': 13770, 'o3': 13750}, 'pm': {'pm1': 13215, 'pm10': 13217, 'pm25': 13216}}",3.38,11.1,22.84,0.6,0.62,0.62,710808386,38.0,MOD-00618,24.8,2026-06-20T05:05:18,2026-06-19T22:05:18,https://api.quant-aq.com/v1/devices/MOD-00618/data/710808185
1231.06,528.81,"{'lat': None, 'lon': None}","{'rh': 38.0, 'temp': 24.8, 'wd': 0.0, 'ws': 0.0, 'ws_scalar': 0.0}","{'gas': {'co': 13503, 'co2': 13265, 'no': 13591, 'no2': 13770, 'o3': 13750}, 'pm': {'pm1': 13215, 'pm10': 13217, 'pm25': 13216}}",3.39,11.25,22.57,0.73,0.74,0.74,710808384,38.0,MOD-00618,24.8,2026-06-20T05:04:18,2026-06-19T22:04:18,https://api.quant-aq.com/v1/devices/MOD-00618/data/710808184
1232.3,531.22,"{'lat': None, 'lon': None}","{'rh': 38.0, 'temp': 24.8, 'wd': 0.0, 'ws': 0.0, 'ws_scalar': 0.0}","{'gas': {'co': 13503, 'co2': 13265, 'no': 13591, 'no2': 13770, 'o3': 13750}, 'pm': {'pm1': 13215, 'pm10': 13217, 'pm25': 13216}}",3.38,11.1,22.84,0.95,0.97,0.97,710808357,38.0,MOD-00618,24.8,2026-06-20T05:03:18,2026-06-19T22:03:18,https://api.quant-aq.com/v1/devices/MOD-00618/data/710808157
1233.12,527.36,"{'lat': None, 'lon': None}","{'rh': 38.0, 'temp': 24.8, 'wd': 0.0, 'ws': 0.0, 'ws_scalar': 0.0}","{'gas': {'co': 13503, 'co2': 13265, 'no': 13591, 'no2': 13770, 'o3': 13750}, 'pm': {'pm1': 13215, 'pm10': 13217, 'pm25': 13216}}",3.39,11.4,22.84,0.76,0.78,0.78,710808360,38.0,MOD-00618,24.8,2026-06-20T05:02:18,2026-06-19T22:02:18,https://api.quant-aq.com/v1/devices/MOD-00618/data/710808160
1226.55,529.77,"{'lat': None, 'lon': None}","{'rh': 38.0, 'temp': 24.8, 'wd': 0.0, 'ws': 0.0, 'ws_scalar': 0.0}","{'gas': {'co': 13503, 'co2': 13265, 'no': 13591, 'no2': 13770, 'o3': 13750}, 'pm': {'pm1': 13215, 'pm10': 13217, 'pm25': 13216}}",3.38,10.76,23.12,0.97,1.0,1.0,710808362,38.0,MOD-00618,24.8,2026-06-20T05:01:18,2026-06-19T22:01:18,https://api.quant-aq.com/v1/devices/MOD-00618/data/710808162
1233.53,527.12,"{'lat': None, 'lon': None}","{'rh': 38.0, 'temp': 24.8, 'wd': 0.0, 'ws': 0.0, 'ws_scalar': 0.0}","{'gas': {'co': 13503, 'co2': 13265, 'no': 13591, 'no2': 13770, 'o3': 13750}, 'pm': {'pm1': 13215, 'pm10': 13217, 'pm25': 13216}}",3.38,11.1,22.3,0.92,0.98,0.98,710808364,38.0,MOD-00618,24.8,2026-06-20T05:00:18,2026-06-19T22:00:18,https://api.quant-aq.com/v1/devices/MOD-00618/data/710808163
1240.51,529.89,"{'lat': None, 'lon': None}","{'rh': 38.0, 'temp': 24.8, 'wd': 0.0, 'ws': 0.0, 'ws_scalar': 0.0}","{'gas': {'co': 13503, 'co2': 13265, 'no': 13591, 'no2': 13770, 'o3': 13750}, 'pm': {'pm1': 13215, 'pm10': 13217, 'pm25': 13216}}",3.38,11.1,22.3,0.99,0.99,0.99,710808358,38.0,MOD-00618,24.8,2026-06-20T04:59:18,2026-06-19T21:59:18,https://api.quant-aq.com/v1/devices/MOD-00618/data/710808159
1238.45,522.54,"{'lat': None, 'lon': None}","{'rh': 38.0, 'temp': 24.8, 'wd': 0.0, 'ws': 0.0, 'ws_scalar': 0.0}","{'gas': {'co': 13503, 'co2': 13265, 'no': 13591, 'no2': 13770, 'o3': 13750}, 'pm': {'pm1': 13215, 'pm10': 13217, 'pm25': 13216}}",3.38,11.1,22.84,0.92,0.94,0.94,710808324,38.0,MOD-00618,24.8,2026-06-20T04:58:18,2026-06-19T21:58:18,https://api.quant-aq.com/v1/devices/MOD-00618/data/710808123
1231.88,530.61,"{'lat': None, 'lon': None}","{'rh': 38.0, 'temp': 24.8, 'wd': 0.0, 'ws': 0.0, 'ws_scalar': 0.0}","{'gas': {'co': 13503, 'co2': 13265, 'no': 13591, 'no2': 13770, 'o3': 13750}, 'pm': {'pm1': 13215, 'pm10': 13217, 'pm25': 13216}}",3.38,11.25,22.57,1.11,1.14,1.14,710808323,38.0,MOD-00618,24.8,2026-06-20T04:57:18,2026-06-19T21:57:18,https://api.quant-aq.com/v1/devices/MOD-00618/data/710808122
1234.76,529.53,"{'lat': None, 'lon': None}","{'rh': 38.0, 'temp': 24.8, 'wd': 0.0, 'ws': 0.0, 'ws_scalar': 0.0}","{'gas': {'co': 13503, 'co2': 13265, 'no': 13591, 'no2': 13770, 'o3': 13750}, 'pm': {'pm1': 13215, 'pm10': 13217, 'pm25': 13216}}",3.38,11.4,22.3,0.86,0.88,0.88,710808326,38.0,MOD-00618,24.8,2026-06-20T04:56:18,2026-06-19T21:56:18,https://api.quant-aq.com/v1/devices/MOD-00618/data/710808124
1238.45,527.6,"{'lat': None, 'lon': None}","{'rh': 38.0, 'temp': 24.8, 'wd': 0.0, 'ws': 0.0, 'ws_scalar': 0.0}","{'gas': {'co': 13503, 'co2': 13265, 'no': 13591, 'no2': 13770, 'o3': 13750}, 'pm': {'pm1': 13215, 'pm10': 13217, 'pm25': 13216}}",3.38,10.91,22.84,1.19,1.22,1.22,710808325,38.0,MOD-00618,24.8,2026-06-20T04:55:18,2026-06-19T21:55:18,https://api.quant-aq.com/v1/devices/MOD-00618/data/710808125
1237.63,531.94,"{'lat': None, 'lon': None}","{'rh': 38.0, 'temp': 24.8, 'wd': 0.0, 'ws': 0.0, 'ws_scalar': 0.0}","{'gas': {'co': 13503, 'co2': 13265, 'no': 13591, 'no2': 13770, 'o3': 13750}, 'pm': {'pm1': 13215, 'pm10': 13217, 'pm25': 13216}}",3.38,11.4,22.3,0.81,0.86,0.86,710808327,38.0,MOD-00618,24.8,2026-06-20T04:54:18,2026-06-19T21:54:18,https://api.quant-aq.com/v1/devices/MOD-00618/data/710808126
1236.4,530.13,"{'lat': None, 'lon': None}","{'rh': 38.0, 'temp': 24.8, 'wd': 0.0, 'ws': 0.0, 'ws_scalar': 0.0}","{'gas': {'co': 13503, 'co2': 13265, 'no': 13591, 'no2': 13770, 'o3': 13750}, 'pm': {'pm1': 13215, 'pm10': 13217, 'pm25': 13216}}",3.38,10.76,22.84,0.99,1.03,1.03,710808293,38.0,MOD-00618,24.8,2026-06-20T04:53:18,2026-06-19T21:53:18,https://api.quant-aq.com/v1/devices/MOD-00618/data/710808092
1241.33,530.25,"{'lat': None, 'lon': None}","{'rh': 38.0, 'temp': 24.8, 'wd': 0.0, 'ws': 0.0, 'ws_scalar': 0.0}","{'gas': {'co': 13503, 'co2': 13265, 'no': 13591, 'no2': 13770, 'o3': 13750}, 'pm': {'pm1': 13215, 'pm10': 13217, 'pm25': 13216}}",3.38,11.4,22.3,0.96,1.02,1.02,710808290,38.0,MOD-00618,24.8,2026-06-20T04:52:18,2026-06-19T21:52:18,https://api.quant-aq.com/v1/devices/MOD-00618/data/710808090
1238.45,530.01,"{'lat': None, 'lon': None}","{'rh': 38.0, 'temp': 24.8, 'wd': 0.0, 'ws': 0.0, 'ws_scalar': 0.0}","{'gas': {'co': 13503, 'co2': 13265, 'no': 13591, 'no2': 13770, 'o3': 13750}, 'pm': {'pm1': 13215, 'pm10': 13217, 'pm25': 13216}}",3.38,11.1,22.84,1.0,1.04,1.04,710808292,38.0,MOD-00618,24.8,2026-06-20T04:51:18,2026-06-19T21:51:18,https://api.quant-aq.com/v1/devices/MOD-00618/data/710808091
1236.4,531.09,"{'lat': None, 'lon': None}","{'rh': 38.0, 'temp': 24.8, 'wd': 0.0, 'ws': 0.0, 'ws_scalar': 0.0}","{'gas': {'co': 13503, 'co2': 13265, 'no': 13591, 'no2': 13770, 'o3': 13750}, 'pm': {'pm1': 13215, 'pm10': 13217, 'pm25': 13216}}",3.38,11.1,22.57,0.76,0.78,0.78,710808291,38.0,MOD-00618,24.8,2026-06-20T04:50:18,2026-06-19T21:50:18,https://api.quant-aq.com/v1/devices/MOD-00618/data/710808089
1244.2,529.89,"{'lat': None, 'lon': None}","{'rh': 38.0, 'temp': 24.8, 'wd': 0.0, 'ws': 0.0, 'ws_scalar': 0.0}","{'gas': {'co': 13503, 'co2': 13265, 'no': 13591, 'no2': 13770, 'o3': 13750}, 'pm': {'pm1': 13215, 'pm10': 13217, 'pm25': 13216}}",3.38,10.76,22.57,0.96,0.99,0.99,710808289,38.0,MOD-00618,24.8,2026-06-20T04:49:17,2026-06-19T21:49:17,https://api.quant-aq.com/v1/devices/MOD-00618/data/710808088
1242.15,530.25,"{'lat': None, 'lon': None}","{'rh': 38.0, 'temp': 24.8, 'wd': 0.0, 'ws': 0.0, 'ws_scalar': 0.0}","{'gas': {'co': 13503, 'co2': 13265, 'no': 13591, 'no2': 13770, 'o3': 13750}, 'pm': {'pm1': 13215, 'pm10': 13217, 'pm25': 13216}}",3.38,11.25,22.57,1.02,1.05,1.05,710808284,38.0,MOD-00618,24.8,2026-06-20T04:48:17,2026-06-19T21:48:17,https://api.quant-aq.com/v1/devices/MOD-00618/data/710808083
1245.84,531.09,"{'lat': None, 'lon': None}","{'rh': 38.0, 'temp': 24.8, 'wd': 0.0, 'ws': 0.0, 'ws_scalar': 0.0}","{'gas': {'co': 13503, 'co2': 13265, 'no': 13591, 'no2': 13770, 'o3': 13750}, 'pm': {'pm1': 13215, 'pm10': 13217, 'pm25': 13216}}",3.38,10.76,22.57,0.8,0.84,0.84,710808282,38.0,MOD-00618,24.8,2026-06-20T04:47:17,2026-06-19T21:47:17,https://api.quant-aq.com/v1/devices/MOD-00618/data/710808082
1238.86,527.0,"{'lat': None, 'lon': None}","{'rh': 38.0, 'temp': 24.8, 'wd': 0.0, 'ws': 0.0, 'ws_scalar': 0.0}","{'gas': {'co': 13503, 'co2': 13265, 'no': 13591, 'no2': 13770, 'o3': 13750}, 'pm': {'pm1': 13215, 'pm10': 13217, 'pm25': 13216}}",3.38,10.91,23.12,0.88,0.89,0.89,710808283,38.0,MOD-00618,24.8,2026-06-20T04:46:17,2026-06-19T21:46:17,https://api.quant-aq.com/v1/devices/MOD-00618/data/710808081
1241.33,532.06,"{'lat': None, 'lon': None}","{'rh': 38.0, 'temp': 24.8, 'wd': 0.0, 'ws': 0.0, 'ws_scalar': 0.0}","{'gas': {'co': 13503, 'co2': 13265, 'no': 13591, 'no2': 13770, 'o3': 13750}, 'pm': {'pm1': 13215, 'pm10': 13217, 'pm25': 13216}}",3.38,11.25,22.3,0.72,0.81,0.76,710808281,38.0,MOD-00618,24.8,2026-06-20T04:45:17,2026-06-19T21:45:17,https://api.quant-aq.com/v1/devices/MOD-00618/data/710808080
1242.15,529.65,"{'lat': None, 'lon': None}","{'rh': 38.0, 'temp': 24.8, 'wd': 0.0, 'ws': 0.0, 'ws_scalar': 0.0}","{'gas': {'co': 13503, 'co2': 13265, 'no': 13591, 'no2': 13770, 'o3': 13750}, 'pm': {'pm1': 13215, 'pm10': 13217, 'pm25': 13216}}",3.38,11.1,22.57,0.92,0.93,0.93,710808280,38.0,MOD-00618,24.8,2026-06-20T04:44:17,2026-06-19T21:44:17,https://api.quant-aq.com/v1/devices/MOD-00618/data/710808079
1248.31,532.78,"{'lat': None, 'lon': None}","{'rh': 38.0, 'temp': 24.8, 'wd': 0.0, 'ws': 0.0, 'ws_scalar': 0.0}","{'gas': {'co': 13503, 'co2': 13265, 'no': 13591, 'no2': 13770, 'o3': 13750}, 'pm': {'pm1': 13215, 'pm10': 13217, 'pm25': 13216}}",3.38,11.1,22.57,1.1,1.12,1.12,710808267,38.0,MOD-00618,24.8,2026-06-20T04:43:17,2026-06-19T21:43:17,https://api.quant-aq.com/v1/devices/MOD-00618/data/710808066
1250.77,531.82,"{'lat': None, 'lon': None}","{'rh': 38.0, 'temp': 24.8, 'wd': 0.0, 'ws': 0.0, 'ws_scalar': 0.0}","{'gas': {'co': 13503, 'co2': 13265, 'no': 13591, 'no2': 13770, 'o3': 13750}, 'pm': {'pm1': 13215, 'pm10': 13217, 'pm25': 13216}}",3.38,11.25,22.57,0.82,0.84,0.84,710808265,38.0,MOD-00618,24.8,2026-06-20T04:42:17,2026-06-19T21:42:17,https://api.quant-aq.com/v1/devices/MOD-00618/data/710808064
1243.38,533.38,"{'lat': None, 'lon': None}","{'rh': 38.0, 'temp': 24.8, 'wd': 0.0, 'ws': 0.0, 'ws_scalar': 0.0}","{'gas': {'co': 13503, 'co2': 13265, 'no': 13591, 'no2': 13770, 'o3': 13750}, 'pm': {'pm1': 13215, 'pm10': 13217, 'pm25': 13216}}",3.38,11.1,22.84,0.83,0.87,0.87,710808266,38.0,MOD-00618,24.8,2026-06-20T04:41:17,2026-06-19T21:41:17,https://api.quant-aq.com/v1/devices/MOD-00618/data/710808065
1246.66,534.47,"{'lat': None, 'lon': None}","{'rh': 38.0, 'temp': 24.8, 'wd': 0.0, 'ws': 0.0, 'ws_scalar': 0.0}","{'gas': {'co': 13503, 'co2': 13265, 'no': 13591, 'no2': 13770, 'o3': 13750}, 'pm': {'pm1': 13215, 'pm10': 13217, 'pm25': 13216}}",3.38,11.25,22.57,0.93,0.96,0.96,710808264,38.0,MOD-00618,24.8,2026-06-20T04:40:17,2026-06-19T21:40:17,https://api.quant-aq.com/v1/devices/MOD-00618/data/710808063
1250.36,536.27,"{'lat': None, 'lon': None}","{'rh': 38.0, 'temp': 24.8, 'wd': 0.0, 'ws': 0.0, 'ws_scalar': 0.0}","{'gas': {'co': 13503, 'co2': 13265, 'no': 13591, 'no2': 13770, 'o3': 13750}, 'pm': {'pm1': 13215, 'pm10': 13217, 'pm25': 13216}}",3.38,11.25,22.3,0.79,0.81,0.81,710808263,38.0,MOD-00618,24.8,2026-06-20T04:39:17,2026-06-19T21:39:17,https://api.quant-aq.com/v1/devices/MOD-00618/data/710808062
1251.59,534.23,"{'lat': None, 'lon': None}","{'rh': 38.0, 'temp': 24.8, 'wd': 0.0, 'ws': 0.0, 'ws_scalar': 0.0}","{'gas': {'co': 13503, 'co2': 13265, 'no': 13591, 'no2': 13770, 'o3': 13750}, 'pm': {'pm1': 13215, 'pm10': 13217, 'pm25': 13216}}",3.38,10.91,22.57,0.6,0.61,0.61,710808241,38.0,MOD-00618,24.8,2026-06-20T04:38:17,2026-06-19T21:38:17,https://api.quant-aq.com/v1/devices/MOD-00618/data/710808041
1243.79,532.78,"{'lat': None, 'lon': None}","{'rh': 38.0, 'temp': 24.8, 'wd': 0.0, 'ws': 0.0, 'ws_scalar': 0.0}","{'gas': {'co': 13503, 'co2': 13265, 'no': 13591, 'no2': 13770, 'o3': 13750}, 'pm': {'pm1': 13215, 'pm10': 13217, 'pm25': 13216}}",3.38,11.25,23.39,1.1,1.13,1.13,710808242,38.0,MOD-00618,24.8,2026-06-20T04:37:17,2026-06-19T21:37:17,https://api.quant-aq.com/v1/devices/MOD-00618/data/710808040
1248.72,534.35,"{'lat': None, 'lon': None}","{'rh': 38.0, 'temp': 24.8, 'wd': 0.0, 'ws': 0.0, 'ws_scalar': 0.0}","{'gas': {'co': 13503, 'co2': 13265, 'no': 13591, 'no2': 13770, 'o3': 13750}, 'pm': {'pm1': 13215, 'pm10': 13217, 'pm25': 13216}}",3.38,11.1,22.84,0.96,1.49,0.98,710808240,38.0,MOD-00618,24.8,2026-06-20T04:36:17,2026-06-19T21:36:17,https://api.quant-aq.com/v1/devices/MOD-00618/data/710808039
1244.2,534.71,"{'lat': None, 'lon': None}","{'rh': 38.0, 'temp': 24.8, 'wd': 0.0, 'ws': 0.0, 'ws_scalar': 0.0}","{'gas': {'co': 13503, 'co2': 13265, 'no': 13591, 'no2': 13770, 'o3': 13750}, 'pm': {'pm1': 13215, 'pm10': 13217, 'pm25': 13216}}",3.38,10.76,22.57,1.08,1.1,1.1,710808239,38.0,MOD-00618,24.8,2026-06-20T04:35:17,2026-06-19T21:35:17,https://api.quant-aq.com/v1/devices/MOD-00618/data/710808038
1254.05,534.95,"{'lat': None, 'lon': None}","{'rh': 38.0, 'temp': 24.8, 'wd': 0.0, 'ws': 0.0, 'ws_scalar': 0.0}","{'gas': {'co': 13503, 'co2': 13265, 'no': 13591, 'no2': 13770, 'o3': 13750}, 'pm': {'pm1': 13215, 'pm10': 13217, 'pm25': 13216}}",3.38,11.1,22.57,0.82,0.82,0.82,710808238,38.0,MOD-00618,24.8,2026-06-20T04:34:17,2026-06-19T21:34:17,https://api.quant-aq.com/v1/devices/MOD-00618/data/710808037
1252.0,537.12,"{'lat': None, 'lon': None}","{'rh': 38.0, 'temp': 24.8, 'wd': 0.0, 'ws': 0.0, 'ws_scalar': 0.0}","{'gas': {'co': 13503, 'co2': 13265, 'no': 13591, 'no2': 13770, 'o3': 13750}, 'pm': {'pm1': 13215, 'pm10': 13217, 'pm25': 13216}}",3.38,11.4,22.57,1.04,1.05,1.05,710808202,38.0,MOD-00618,24.8,2026-06-20T04:33:17,2026-06-19T21:33:17,https://api.quant-aq.com/v1/devices/MOD-00618/data/710808001
1247.07,537.0,"{'lat': None, 'lon': None}","{'rh': 38.0, 'temp': 24.8, 'wd': 0.0, 'ws': 0.0, 'ws_scalar': 0.0}","{'gas': {'co': 13503, 'co2': 13265, 'no': 13591, 'no2': 13770, 'o3': 13750}, 'pm': {'pm1': 13215, 'pm10': 13217, 'pm25': 13216}}",3.38,10.91,22.84,0.93,0.93,0.93,710808200,38.0,MOD-00618,24.8,2026-06-20T04:32:17,2026-06-19T21:32:17,https://api.quant-aq.com/v1/devices/MOD-00618/data/710807999
1255.69,536.64,"{'lat': None, 'lon': None}","{'rh': 38.0, 'temp': 24.8, 'wd': 0.0, 'ws': 0.0, 'ws_scalar': 0.0}","{'gas': {'co': 13503, 'co2': 13265, 'no': 13591, 'no2': 13770, 'o3': 13750}, 'pm': {'pm1': 13215, 'pm10': 13217, 'pm25': 13216}}",3.38,11.1,22.84,0.94,1.01,0.97,710808201,38.0,MOD-00618,24.8,2026-06-20T04:31:17,2026-06-19T21:31:17,https://api.quant-aq.com/v1/devices/MOD-00618/data/710808000
1248.72,534.59,"{'lat': None, 'lon': None}","{'rh': 38.0, 'temp': 24.8, 'wd': 0.0, 'ws': 0.0, 'ws_scalar': 0.0}","{'gas': {'co': 13503, 'co2': 13265, 'no': 13591, 'no2': 13770, 'o3': 13750}, 'pm': {'pm1': 13215, 'pm10': 13217, 'pm25': 13216}}",3.38,11.1,23.12,0.77,0.78,0.78,710808199,38.0,MOD-00618,24.8,2026-06-20T04:30:17,2026-06-19T21:30:17,https://api.quant-aq.com/v1/devices/MOD-00618/data/710807998
1251.52,537.96,"{'lat': None, 'lon': None}","{'rh': 38.1, 'temp': 24.8, 'wd': 0.0, 'ws': 0.0, 'ws_scalar': 0.0}","{'gas': {'co': 13503, 'co2': 13265, 'no': 13591, 'no2': 13770, 'o3': 13750}, 'pm': {'pm1': 13215, 'pm10': 13217, 'pm25': 13216}}",3.38,10.91,22.81,0.81,0.87,0.87,710808203,38.1,MOD-00618,24.8,2026-06-20T04:29:17,2026-06-19T21:29:17,https://api.quant-aq.com/v1/devices/MOD-00618/data/710808002
1254.8,534.47,"{'lat': None, 'lon': None}","{'rh': 38.1, 'temp': 24.8, 'wd': 0.0, 'ws': 0.0, 'ws_scalar': 0.0}","{'gas': {'co': 13503, 'co2': 13265, 'no': 13591, 'no2': 13770, 'o3': 13750}, 'pm': {'pm1': 13215, 'pm10': 13217, 'pm25': 13216}}",3.38,11.19,23.09,0.83,0.85,0.85,710808173,38.1,MOD-00618,24.8,2026-06-20T04:28:17,2026-06-19T21:28:17,https://api.quant-aq.com/v1/devices/MOD-00618/data/710807972
1254.05,537.36,"{'lat': None, 'lon': None}","{'rh': 38.0, 'temp': 24.8, 'wd': 0.0, 'ws': 0.0, 'ws_scalar': 0.0}","{'gas': {'co': 13503, 'co2': 13265, 'no': 13591, 'no2': 13770, 'o3': 13750}, 'pm': {'pm1': 13215, 'pm10': 13217, 'pm25': 13216}}",3.38,11.1,22.57,0.88,0.92,0.92,710808172,38.0,MOD-00618,24.8,2026-06-20T04:27:17,2026-06-19T21:27:17,https://api.quant-aq.com/v1/devices/MOD-00618/data/710807971
1253.23,535.31,"{'lat': None, 'lon': None}","{'rh': 38.0, 'temp': 24.8, 'wd': 0.0, 'ws': 0.0, 'ws_scalar': 0.0}","{'gas': {'co': 13503, 'co2': 13265, 'no': 13591, 'no2': 13770, 'o3': 13750}, 'pm': {'pm1': 13215, 'pm10': 13217, 'pm25': 13216}}",3.38,11.25,22.3,0.92,0.97,0.97,710808171,38.0,MOD-00618,24.8,2026-06-20T04:26:17,2026-06-19T21:26:17,https://api.quant-aq.com/v1/devices/MOD-00618/data/710807970
1256.85,539.16,"{'lat': None, 'lon': None}","{'rh': 38.1, 'temp': 24.8, 'wd': 0.0, 'ws': 0.0, 'ws_scalar': 0.0}","{'gas': {'co': 13503, 'co2': 13265, 'no': 13591, 'no2': 13770, 'o3': 13750}, 'pm': {'pm1': 13215, 'pm10': 13217, 'pm25': 13216}}",3.38,9.99,23.36,0.77,0.79,0.79,710808174,38.1,MOD-00618,24.8,2026-06-20T04:25:17,2026-06-19T21:25:17,https://api.quant-aq.com/v1/devices/MOD-00618/data/710807973
1255.21,536.15,"{'lat': None, 'lon': None}","{'rh': 38.1, 'temp': 24.8, 'wd': 0.0, 'ws': 0.0, 'ws_scalar': 0.0}","{'gas': {'co': 13503, 'co2': 13265, 'no': 13591, 'no2': 13770, 'o3': 13750}, 'pm': {'pm1': 13215, 'pm10': 13217, 'pm25': 13216}}",3.38,9.99,22.81,1.01,1.09,1.05,710808170,38.1,MOD-00618,24.8,2026-06-20T04:24:17,2026-06-19T21:24:17,https://api.quant-aq.com/v1/devices/MOD-00618/data/710807969
1255.62,539.28,"{'lat': None, 'lon': None}","{'rh': 38.1, 'temp': 24.8, 'wd': 0.0, 'ws': 0.0, 'ws_scalar': 0.0}","{'gas': {'co': 13503, 'co2': 13265, 'no': 13591, 'no2': 13770, 'o3': 13750}, 'pm': {'pm1': 13215, 'pm10': 13217, 'pm25': 13216}}",3.38,11.35,22.26,0.95,0.96,0.96,710808156,38.1,MOD-00618,24.8,2026-06-20T04:23:17,2026-06-19T21:23:17,https://api.quant-aq.com/v1/devices/MOD-00618/data/710807955
1251.93,541.21,"{'lat': None, 'lon': None}","{'rh': 38.1, 'temp': 24.8, 'wd': 0.0, 'ws': 0.0, 'ws_scalar': 0.0}","{'gas': {'co': 13503, 'co2': 13265, 'no': 13591, 'no2': 13770, 'o3': 13750}, 'pm': {'pm1': 13215, 'pm10': 13217, 'pm25': 13216}}",3.38,11.19,23.36,0.79,0.88,0.84,710808155,38.1,MOD-00618,24.8,2026-06-20T04:22:17,2026-06-19T21:22:17,https://api.quant-aq.com/v1/devices/MOD-00618/data/710807954
1252.75,540.37,"{'lat': None, 'lon': None}","{'rh': 38.1, 'temp': 24.8, 'wd': 0.0, 'ws': 0.0, 'ws_scalar': 0.0}","{'gas': {'co': 13503, 'co2': 13265, 'no': 13591, 'no2': 13770, 'o3': 13750}, 'pm': {'pm1': 13215, 'pm10': 13217, 'pm25': 13216}}",3.38,11.19,22.26,0.84,0.85,0.85,710808157,38.1,MOD-00618,24.8,2026-06-20T04:21:17,2026-06-19T21:21:17,https://api.quant-aq.com/v1/devices/MOD-00618/data/710807956
1257.68,542.78,"{'lat': None, 'lon': None}","{'rh': 38.1, 'temp': 24.8, 'wd': 0.0, 'ws': 0.0, 'ws_scalar': 0.0}","{'gas': {'co': 13503, 'co2': 13265, 'no': 13591, 'no2': 13770, 'o3': 13750}, 'pm': {'pm1': 13215, 'pm10': 13217, 'pm25': 13216}}",3.38,10.91,22.54,0.74,0.78,0.78,710808154,38.1,MOD-00618,24.8,2026-06-20T04:20:17,2026-06-19T21:20:17,https://api.quant-aq.com/v1/devices/MOD-00618/data/710807953
1253.16,541.81,"{'lat': None, 'lon': None}","{'rh': 38.1, 'temp': 24.8, 'wd': 0.0, 'ws': 0.0, 'ws_scalar': 0.0}","{'gas': {'co': 13503, 'co2': 13265, 'no': 13591, 'no2': 13770, 'o3': 13750}, 'pm': {'pm1': 13215, 'pm10': 13217, 'pm25': 13216}}",3.38,11.05,22.54,1.06,1.09,1.09,710808153,38.1,MOD-00618,24.8,2026-06-20T04:19:17,2026-06-19T21:19:17,https://api.quant-aq.com/v1/devices/MOD-00618/data/710807952
1258.09,542.06,"{'lat': None, 'lon': None}","{'rh': 38.1, 'temp': 24.8, 'wd': 0.0, 'ws': 0.0, 'ws_scalar': 0.0}","{'gas': {'co': 13503, 'co2': 13265, 'no': 13591, 'no2': 13770, 'o3': 13750}, 'pm': {'pm1': 13215, 'pm10': 13217, 'pm25': 13216}}",3.38,11.35,22.54,0.81,0.82,0.82,710808141,38.1,MOD-00618,24.8,2026-06-20T04:18:17,2026-06-19T21:18:17,https://api.quant-aq.com/v1/devices/MOD-00618/data/710807944
1254.8,543.86,"{'lat': None, 'lon': None}","{'rh': 38.1, 'temp': 24.8, 'wd': 0.0, 'ws': 0.0, 'ws_scalar': 0.0}","{'gas': {'co': 13503, 'co2': 13265, 'no': 13591, 'no2': 13770, 'o3': 13750}, 'pm': {'pm1': 13215, 'pm10': 13217, 'pm25': 13216}}",3.38,11.19,22.81,0.58,0.6,0.6,710808138,38.1,MOD-00618,24.8,2026-06-20T04:17:17,2026-06-19T21:17:17,https://api.quant-aq.com/v1/devices/MOD-00618/data/710807940
1257.68,542.78,"{'lat': None, 'lon': None}","{'rh': 38.1, 'temp': 24.8, 'wd': 0.0, 'ws': 0.0, 'ws_scalar': 0.0}","{'gas': {'co': 13503, 'co2': 13265, 'no': 13591, 'no2': 13770, 'o3': 13750}, 'pm': {'pm1': 13215, 'pm10': 13217, 'pm25': 13216}}",3.38,11.19,22.54,0.62,0.63,0.63,710808139,38.1,MOD-00618,24.8,2026-06-20T04:16:17,2026-06-19T21:16:17,https://api.quant-aq.com/v1/devices/MOD-00618/data/710807942
1261.37,543.26,"{'lat': None, 'lon': None}","{'rh': 38.1, 'temp': 24.8, 'wd': 0.0, 'ws': 0.0, 'ws_scalar': 0.0}","{'gas': {'co': 13503, 'co2': 13265, 'no': 13591, 'no2': 13770, 'o3': 13750}, 'pm': {'pm1': 13215, 'pm10': 13217, 'pm25': 13216}}",3.38,10.91,22.54,0.8,0.89,0.85,710808136,38.1,MOD-00618,24.8,2026-06-20T04:15:17,2026-06-19T21:15:17,https://api.quant-aq.com/v1/devices/MOD-00618/data/710807936
1258.5,543.5,"{'lat': None, 'lon': None}","{'rh': 38.1, 'temp': 24.8, 'wd': 0.0, 'ws': 0.0, 'ws_scalar': 0.0}","{'gas': {'co': 13503, 'co2': 13265, 'no': 13591, 'no2': 13770, 'o3': 13750}, 'pm': {'pm1': 13215, 'pm10': 13217, 'pm25': 13216}}",3.38,11.05,22.54,0.5,0.53,0.53,710808137,38.1,MOD-00618,24.8,2026-06-20T04:14:17,2026-06-19T21:14:17,https://api.quant-aq.com/v1/devices/MOD-00618/data/710807939
1260.96,544.58,"{'lat': None, 'lon': None}","{'rh': 38.1, 'temp': 24.8, 'wd': 0.0, 'ws': 0.0, 'ws_scalar': 0.0}","{'gas': {'co': 13503, 'co2': 13265, 'no': 13591, 'no2': 13770, 'o3': 13750}, 'pm': {'pm1': 13215, 'pm10': 13217, 'pm25': 13216}}",3.38,11.19,22.54,0.59,0.63,0.63,710808088,38.1,MOD-00618,24.8,2026-06-20T04:13:17,2026-06-19T21:13:17,https://api.quant-aq.com/v1/devices/MOD-00618/data/710807890
1261.78,544.34,"{'lat': None, 'lon': None}","{'rh': 38.1, 'temp': 24.8, 'wd': 0.0, 'ws': 0.0, 'ws_scalar': 0.0}","{'gas': {'co': 13503, 'co2': 13265, 'no': 13591, 'no2': 13770, 'o3': 13750}, 'pm': {'pm1': 13215, 'pm10': 13217, 'pm25': 13216}}",3.38,11.19,22.81,0.71,2.65,0.73,710808089,38.1,MOD-00618,24.8,2026-06-20T04:12:17,2026-06-19T21:12:17,https://api.quant-aq.com/v1/devices/MOD-00618/data/710807887
1259.32,542.42,"{'lat': None, 'lon': None}","{'rh': 38.1, 'temp': 24.8, 'wd': 0.0, 'ws': 0.0, 'ws_scalar': 0.0}","{'gas': {'co': 13503, 'co2': 13265, 'no': 13591, 'no2': 13770, 'o3': 13750}, 'pm': {'pm1': 13215, 'pm10': 13217, 'pm25': 13216}}",3.38,11.35,22.81,0.72,0.88,0.8,710808085,38.1,MOD-00618,24.8,2026-06-20T04:11:17,2026-06-19T21:11:17,https://api.quant-aq.com/v1/devices/MOD-00618/data/710807885
1260.14,541.09,"{'lat': None, 'lon': None}","{'rh': 38.1, 'temp': 24.8, 'wd': 0.0, 'ws': 0.0, 'ws_scalar': 0.0}","{'gas': {'co': 13503, 'co2': 13265, 'no': 13591, 'no2': 13770, 'o3': 13750}, 'pm': {'pm1': 13215, 'pm10': 13217, 'pm25': 13216}}",3.38,11.19,22.54,0.67,0.67,0.67,710808084,38.1,MOD-00618,24.8,2026-06-20T04:10:17,2026-06-19T21:10:17,https://api.quant-aq.com/v1/devices/MOD-00618/data/710807883
1255.62,546.39,"{'lat': None, 'lon': None}","{'rh': 38.1, 'temp': 24.8, 'wd': 0.0, 'ws': 0.0, 'ws_scalar': 0.0}","{'gas': {'co': 13503, 'co2': 13265, 'no': 13591, 'no2': 13770, 'o3': 13750}, 'pm': {'pm1': 13215, 'pm10': 13217, 'pm25': 13216}}",3.38,11.05,23.09,0.62,0.71,0.67,710808083,38.1,MOD-00618,24.8,2026-06-20T04:09:17,2026-06-19T21:09:17,https://api.quant-aq.com/v1/devices/MOD-00618/data/710807882
1263.42,545.07,"{'lat': None, 'lon': None}","{'rh': 38.1, 'temp': 24.8, 'wd': 0.0, 'ws': 0.0, 'ws_scalar': 0.0}","{'gas': {'co': 13503, 'co2': 13265, 'no': 13591, 'no2': 13770, 'o3': 13750}, 'pm': {'pm1': 13215, 'pm10': 13217, 'pm25': 13216}}",3.38,11.19,22.54,0.74,0.76,0.76,710808009,38.1,MOD-00618,24.8,2026-06-20T04:08:17,2026-06-19T21:08:17,https://api.quant-aq.com/v1/devices/MOD-00618/data/710807808
1263.42,546.87,"{'lat': None, 'lon': None}","{'rh': 38.1, 'temp': 24.8, 'wd': 0.0, 'ws': 0.0, 'ws_scalar': 0.0}","{'gas': {'co': 13503, 'co2': 13265, 'no': 13591, 'no2': 13770, 'o3': 13750}, 'pm': {'pm1': 13215, 'pm10': 13217, 'pm25': 13216}}",3.38,11.19,22.54,0.43,0.45,0.45,710808010,38.1,MOD-00618,24.8,2026-06-20T04:07:17,2026-06-19T21:07:17,https://api.quant-aq.com/v1/devices/MOD-00618/data/710807809
1258.91,549.52,"{'lat': None, 'lon': None}","{'rh': 38.1, 'temp': 24.8, 'wd': 0.0, 'ws': 0.0, 'ws_scalar': 0.0}","{'gas': {'co': 13503, 'co2': 13265, 'no': 13591, 'no2': 13770, 'o3': 13750}, 'pm': {'pm1': 13215, 'pm10': 13217, 'pm25': 13216}}",3.38,11.05,23.09,0.55,0.59,0.59,710808006,38.1,MOD-00618,24.8,2026-06-20T04:06:17,2026-06-19T21:06:17,https://api.quant-aq.com/v1/devices/MOD-00618/data/710807805
1261.37,547.96,"{'lat': None, 'lon': None}","{'rh': 38.1, 'temp': 24.8, 'wd': 0.0, 'ws': 0.0, 'ws_scalar': 0.0}","{'gas': {'co': 13503, 'co2': 13265, 'no': 13591, 'no2': 13770, 'o3': 13750}, 'pm': {'pm1': 13215, 'pm10': 13217, 'pm25': 13216}}",3.37,11.19,22.26,0.9,0.92,0.92,710808007,38.1,MOD-00618,24.8,2026-06-20T04:05:17,2026-06-19T21:05:17,https://api.quant-aq.com/v1/devices/MOD-00618/data/710807806
1260.14,546.75,"{'lat': None, 'lon': None}","{'rh': 38.1, 'temp': 24.8, 'wd': 0.0, 'ws': 0.0, 'ws_scalar': 0.0}","{'gas': {'co': 13503, 'co2': 13265, 'no': 13591, 'no2': 13770, 'o3': 13750}, 'pm': {'pm1': 13215, 'pm10': 13217, 'pm25': 13216}}",3.38,10.91,22.54,0.63,0.63,0.63,710808008,38.1,MOD-00618,24.8,2026-06-20T04:04:17,2026-06-19T21:04:17,https://api.quant-aq.com/v1/devices/MOD-00618/data/710807807
1268.35,547.23,"{'lat': None, 'lon': None}","{'rh': 38.1, 'temp': 24.8, 'wd': 0.0, 'ws': 0.0, 'ws_scalar': 0.0}","{'gas': {'co': 13503, 'co2': 13265, 'no': 13591, 'no2': 13770, 'o3': 13750}, 'pm': {'pm1': 13215, 'pm10': 13217, 'pm25': 13216}}",3.38,11.19,22.54,0.6,0.63,0.63,710807988,38.1,MOD-00618,24.8,2026-06-20T04:03:17,2026-06-19T21:03:17,https://api.quant-aq.com/v1/devices/MOD-00618/data/710807787
1260.55,547.72,"{'lat': None, 'lon': None}","{'rh': 38.1, 'temp': 24.8, 'wd': 0.0, 'ws': 0.0, 'ws_scalar': 0.0}","{'gas': {'co': 13503, 'co2': 13265, 'no': 13591, 'no2': 13770, 'o3': 13750}, 'pm': {'pm1': 13215, 'pm10': 13217, 'pm25': 13216}}",3.38,11.19,22.54,0.56,0.56,0.56,710807989,38.1,MOD-00618,24.8,2026-06-20T04:02:17,2026-06-19T21:02:17,https://api.quant-aq.com/v1/devices/MOD-00618/data/710807789
1259.73,548.32,"{'lat': None, 'lon': None}","{'rh': 38.1, 'temp': 24.8, 'wd': 0.0, 'ws': 0.0, 'ws_scalar': 0.0}","{'gas': {'co': 13503, 'co2': 13265, 'no': 13591, 'no2': 13770, 'o3': 13750}, 'pm': {'pm1': 13215, 'pm10': 13217, 'pm25': 13216}}",3.38,11.05,22.81,0.61,0.63,0.63,710807992,38.1,MOD-00618,24.8,2026-06-20T04:01:17,2026-06-19T21:01:17,https://api.quant-aq.com/v1/devices/MOD-00618/data/710807791
1256.78,550.12,"{'lat': None, 'lon': None}","{'rh': 38.2, 'temp': 24.8, 'wd': 0.0, 'ws': 0.0, 'ws_scalar': 0.0}","{'gas': {'co': 13503, 'co2': 13265, 'no': 13591, 'no2': 13770, 'o3': 13750}, 'pm': {'pm1': 13215, 'pm10': 13217, 'pm25': 13216}}",3.38,11.14,22.78,0.6,0.71,0.67,710807990,38.2,MOD-00618,24.8,2026-06-20T04:00:17,2026-06-19T21:00:17,https://api.quant-aq.com/v1/devices/MOD-00618/data/710807788
1263.35,551.69,"{'lat': None, 'lon': None}","{'rh': 38.2, 'temp': 24.8, 'wd': 0.0, 'ws': 0.0, 'ws_scalar': 0.0}","{'gas': {'co': 13503, 'co2': 13265, 'no': 13591, 'no2': 13770, 'o3': 13750}, 'pm': {'pm1': 13215, 'pm10': 13217, 'pm25': 13216}}",3.38,11.14,22.51,0.77,0.95,0.78,710807991,38.2,MOD-00618,24.8,2026-06-20T03:59:17,2026-06-19T20:59:17,https://api.quant-aq.com/v1/devices/MOD-00618/data/710807790
1266.71,550.0,"{'lat': None, 'lon': None}","{'rh': 38.1, 'temp': 24.8, 'wd': 0.0, 'ws': 0.0, 'ws_scalar': 0.0}","{'gas': {'co': 13503, 'co2': 13265, 'no': 13591, 'no2': 13770, 'o3': 13750}, 'pm': {'pm1': 13215, 'pm10': 13217, 'pm25': 13216}}",3.38,11.05,22.54,0.71,0.85,0.81,710807973,38.1,MOD-00618,24.8,2026-06-20T03:58:17,2026-06-19T20:58:17,https://api.quant-aq.com/v1/devices/MOD-00618/data/710807771
1259.25,550.49,"{'lat': None, 'lon': None}","{'rh': 38.2, 'temp': 24.8, 'wd': 0.0, 'ws': 0.0, 'ws_scalar': 0.0}","{'gas': {'co': 13503, 'co2': 13265, 'no': 13591, 'no2': 13770, 'o3': 13750}, 'pm': {'pm1': 13215, 'pm10': 13217, 'pm25': 13216}}",3.38,11.14,22.78,0.62,0.62,0.62,710807971,38.2,MOD-00618,24.8,2026-06-20T03:57:17,2026-06-19T20:57:17,https://api.quant-aq.com/v1/devices/MOD-00618/data/710807769
1260.89,549.76,"{'lat': None, 'lon': None}","{'rh': 38.2, 'temp': 24.8, 'wd': 0.0, 'ws': 0.0, 'ws_scalar': 0.0}","{'gas': {'co': 13503, 'co2': 13265, 'no': 13591, 'no2': 13770, 'o3': 13750}, 'pm': {'pm1': 13215, 'pm10': 13217, 'pm25': 13216}}",3.38,10.99,22.51,0.78,0.79,0.79,710807970,38.2,MOD-00618,24.8,2026-06-20T03:56:17,2026-06-19T20:56:17,https://api.quant-aq.com/v1/devices/MOD-00618/data/710807770
1262.94,550.37,"{'lat': None, 'lon': None}","{'rh': 38.2, 'temp': 24.8, 'wd': 0.0, 'ws': 0.0, 'ws_scalar': 0.0}","{'gas': {'co': 13503, 'co2': 13265, 'no': 13591, 'no2': 13770, 'o3': 13750}, 'pm': {'pm1': 13215, 'pm10': 13217, 'pm25': 13216}}",3.38,11.99,22.23,0.85,0.86,0.86,710807972,38.2,MOD-00618,24.8,2026-06-20T03:55:17,2026-06-19T20:55:17,https://api.quant-aq.com/v1/devices/MOD-00618/data/710807772
1266.71,551.09,"{'lat': None, 'lon': None}","{'rh': 38.1, 'temp': 24.8, 'wd': 0.0, 'ws': 0.0, 'ws_scalar': 0.0}","{'gas': {'co': 13503, 'co2': 13265, 'no': 13591, 'no2': 13770, 'o3': 13750}, 'pm': {'pm1': 13215, 'pm10': 13217, 'pm25': 13216}}",3.37,11.35,22.81,0.65,0.69,0.69,710807974,38.1,MOD-00618,24.8,2026-06-20T03:54:17,2026-06-19T20:54:17,https://api.quant-aq.com/v1/devices/MOD-00618/data/710807773
1260.07,551.57,"{'lat': None, 'lon': None}","{'rh': 38.2, 'temp': 24.8, 'wd': 0.0, 'ws': 0.0, 'ws_scalar': 0.0}","{'gas': {'co': 13503, 'co2': 13265, 'no': 13591, 'no2': 13770, 'o3': 13750}, 'pm': {'pm1': 13215, 'pm10': 13217, 'pm25': 13216}}",3.38,10.85,22.78,1.01,1.06,1.06,710807907,38.2,MOD-00618,24.8,2026-06-20T03:53:17,2026-06-19T20:53:17,https://api.quant-aq.com/v1/devices/MOD-00618/data/710807705
1266.23,552.53,"{'lat': None, 'lon': None}","{'rh': 38.2, 'temp': 24.8, 'wd': 0.0, 'ws': 0.0, 'ws_scalar': 0.0}","{'gas': {'co': 13503, 'co2': 13265, 'no': 13591, 'no2': 13770, 'o3': 13750}, 'pm': {'pm1': 13215, 'pm10': 13217, 'pm25': 13216}}",3.37,10.85,22.78,0.65,0.67,0.67,710807908,38.2,MOD-00618,24.8,2026-06-20T03:52:17,2026-06-19T20:52:17,https://api.quant-aq.com/v1/devices/MOD-00618/data/710807708
1267.05,552.53,"{'lat': None, 'lon': None}","{'rh': 38.2, 'temp': 24.8, 'wd': 0.0, 'ws': 0.0, 'ws_scalar': 0.0}","{'gas': {'co': 13503, 'co2': 13265, 'no': 13591, 'no2': 13770, 'o3': 13750}, 'pm': {'pm1': 13215, 'pm10': 13217, 'pm25': 13216}}",3.38,10.99,22.78,0.48,0.5,0.5,710807906,38.2,MOD-00618,24.8,2026-06-20T03:51:17,2026-06-19T20:51:17,https://api.quant-aq.com/v1/devices/MOD-00618/data/710807706
1264.58,552.29,"{'lat': None, 'lon': None}","{'rh': 38.2, 'temp': 24.8, 'wd': 0.0, 'ws': 0.0, 'ws_scalar': 0.0}","{'gas': {'co': 13503, 'co2': 13265, 'no': 13591, 'no2': 13770, 'o3': 13750}, 'pm': {'pm1': 13215, 'pm10': 13217, 'pm25': 13216}}",3.37,12.22,23.05,0.67,0.68,0.68,710807910,38.2,MOD-00618,24.8,2026-06-20T03:50:17,2026-06-19T20:50:17,https://api.quant-aq.com/v1/devices/MOD-00618/data/710807709
1259.25,554.7,"{'lat': None, 'lon': None}","{'rh': 38.2, 'temp': 24.8, 'wd': 0.0, 'ws': 0.0, 'ws_scalar': 0.0}","{'gas': {'co': 13503, 'co2': 13265, 'no': 13591, 'no2': 13770, 'o3': 13750}, 'pm': {'pm1': 13215, 'pm10': 13217, 'pm25': 13216}}",3.37,10.99,22.51,0.68,0.7,0.7,710807909,38.2,MOD-00618,24.8,2026-06-20T03:49:17,2026-06-19T20:49:17,https://api.quant-aq.com/v1/devices/MOD-00618/data/710807707
1261.3,552.41,"{'lat': None, 'lon': None}","{'rh': 38.2, 'temp': 24.8, 'wd': 0.0, 'ws': 0.0, 'ws_scalar': 0.0}","{'gas': {'co': 13503, 'co2': 13265, 'no': 13591, 'no2': 13770, 'o3': 13750}, 'pm': {'pm1': 13215, 'pm10': 13217, 'pm25': 13216}}",3.38,11.14,22.51,0.71,0.76,0.76,710807896,38.2,MOD-00618,24.8,2026-06-20T03:48:17,2026-06-19T20:48:17,https://api.quant-aq.com/v1/devices/MOD-00618/data/710807693
1264.17,553.14,"{'lat': None, 'lon': None}","{'rh': 38.2, 'temp': 24.8, 'wd': 0.0, 'ws': 0.0, 'ws_scalar': 0.0}","{'gas': {'co': 13503, 'co2': 13265, 'no': 13591, 'no2': 13770, 'o3': 13750}, 'pm': {'pm1': 13215, 'pm10': 13217, 'pm25': 13216}}",3.38,10.99,22.51,0.94,0.96,0.96,710807893,38.2,MOD-00618,24.8,2026-06-20T03:47:17,2026-06-19T20:47:17,https://api.quant-aq.com/v1/devices/MOD-00618/data/710807692
1265.81,551.69,"{'lat': None, 'lon': None}","{'rh': 38.2, 'temp': 24.8, 'wd': 0.0, 'ws': 0.0, 'ws_scalar': 0.0}","{'gas': {'co': 13503, 'co2': 13265, 'no': 13591, 'no2': 13770, 'o3': 13750}, 'pm': {'pm1': 13215, 'pm10': 13217, 'pm25': 13216}}",3.38,10.99,23.05,0.7,0.78,0.74,710807895,38.2,MOD-00618,24.8,2026-06-20T03:46:17,2026-06-19T20:46:17,https://api.quant-aq.com/v1/devices/MOD-00618/data/710807697
1266.23,558.32,"{'lat': None, 'lon': None}","{'rh': 38.2, 'temp': 24.8, 'wd': 0.0, 'ws': 0.0, 'ws_scalar': 0.0}","{'gas': {'co': 13503, 'co2': 13265, 'no': 13591, 'no2': 13770, 'o3': 13750}, 'pm': {'pm1': 13215, 'pm10': 13217, 'pm25': 13216}}",3.38,11.99,22.51,0.93,0.94,0.94,710807894,38.2,MOD-00618,24.8,2026-06-20T03:45:17,2026-06-19T20:45:17,https://api.quant-aq.com/v1/devices/MOD-00618/data/710807694
1262.12,556.15,"{'lat': None, 'lon': None}","{'rh': 38.2, 'temp': 24.8, 'wd': 0.0, 'ws': 0.0, 'ws_scalar': 0.0}","{'gas': {'co': 13503, 'co2': 13265, 'no': 13591, 'no2': 13770, 'o3': 13750}, 'pm': {'pm1': 13215, 'pm10': 13217, 'pm25': 13216}}",3.38,10.99,22.23,0.45,0.98,0.48,710807897,38.2,MOD-00618,24.8,2026-06-20T03:44:17,2026-06-19T20:44:17,https://api.quant-aq.com/v1/devices/MOD-00618/data/710807696
1260.89,559.4,"{'lat': None, 'lon': None}","{'rh': 38.2, 'temp': 24.8, 'wd': 0.0, 'ws': 0.0, 'ws_scalar': 0.0}","{'gas': {'co': 13503, 'co2': 13265, 'no': 13591, 'no2': 13770, 'o3': 13750}, 'pm': {'pm1': 13215, 'pm10': 13217, 'pm25': 13216}}",3.38,11.14,23.05,0.59,0.65,0.65,710807880,38.2,MOD-00618,24.8,2026-06-20T03:43:17,2026-06-19T20:43:17,https://api.quant-aq.com/v1/devices/MOD-00618/data/710807679
1266.71,555.55,"{'lat': None, 'lon': None}","{'rh': 38.1, 'temp': 24.8, 'wd': 0.0, 'ws': 0.0, 'ws_scalar': 0.0}","{'gas': {'co': 13503, 'co2': 13265, 'no': 13591, 'no2': 13770, 'o3': 13750}, 'pm': {'pm1': 13215, 'pm10': 13217, 'pm25': 13216}}",3.37,11.19,22.54,0.51,0.59,0.55,710807878,38.1,MOD-00618,24.8,2026-06-20T03:42:17,2026-06-19T20:42:17,https://api.quant-aq.com/v1/devices/MOD-00618/data/710807677
1264.17,554.82,"{'lat': None, 'lon': None}","{'rh': 38.2, 'temp': 24.8, 'wd': 0.0, 'ws': 0.0, 'ws_scalar': 0.0}","{'gas': {'co': 13503, 'co2': 13265, 'no': 13591, 'no2': 13770, 'o3': 13750}, 'pm': {'pm1': 13215, 'pm10': 13217, 'pm25': 13216}}",3.37,11.14,22.51,0.84,0.86,0.86,710807879,38.2,MOD-00618,24.8,2026-06-20T03:41:17,2026-06-19T20:41:17,https://api.quant-aq.com/v1/devices/MOD-00618/data/710807678
1263.76,552.53,"{'lat': None, 'lon': None}","{'rh': 38.2, 'temp': 24.8, 'wd': 0.0, 'ws': 0.0, 'ws_scalar': 0.0}","{'gas': {'co': 13503, 'co2': 13265, 'no': 13591, 'no2': 13770, 'o3': 13750}, 'pm': {'pm1': 13215, 'pm10': 13217, 'pm25': 13216}}",3.38,11.14,22.51,0.51,0.55,0.55,710807877,38.2,MOD-00618,24.8,2026-06-20T03:40:17,2026-06-19T20:40:17,https://api.quant-aq.com/v1/devices/MOD-00618/data/710807676
1265.81,556.27,"{'lat': None, 'lon': None}","{'rh': 38.2, 'temp': 24.8, 'wd': 0.0, 'ws': 0.0, 'ws_scalar': 0.0}","{'gas': {'co': 13503, 'co2': 13265, 'no': 13591, 'no2': 13770, 'o3': 13750}, 'pm': {'pm1': 13215, 'pm10': 13217, 'pm25': 13216}}",3.38,11.99,22.51,0.53,0.54,0.54,710807876,38.2,MOD-00618,24.8,2026-06-20T03:39:17,2026-06-19T20:39:17,https://api.quant-aq.com/v1/devices/MOD-00618/data/710807675
1266.64,556.75,"{'lat': None, 'lon': None}","{'rh': 38.2, 'temp': 24.8, 'wd': 0.0, 'ws': 0.0, 'ws_scalar': 0.0}","{'gas': {'co': 13503, 'co2': 13265, 'no': 13591, 'no2': 13770, 'o3': 13750}, 'pm': {'pm1': 13215, 'pm10': 13217, 'pm25': 13216}}",3.38,11.14,22.78,0.82,0.83,0.83,710807867,38.2,MOD-00618,24.8,2026-06-20T03:38:17,2026-06-19T20:38:17,https://api.quant-aq.com/v1/devices/MOD-00618/data/710807666
1264.17,558.8,"{'lat': None, 'lon': None}","{'rh': 38.2, 'temp': 24.8, 'wd': 0.0, 'ws': 0.0, 'ws_scalar': 0.0}","{'gas': {'co': 13503, 'co2': 13265, 'no': 13591, 'no2': 13770, 'o3': 13750}, 'pm': {'pm1': 13215, 'pm10': 13217, 'pm25': 13216}}",3.37,10.99,22.51,0.6,0.61,0.61,710807866,38.2,MOD-00618,24.8,2026-06-20T03:37:17,2026-06-19T20:37:17,https://api.quant-aq.com/v1/devices/MOD-00618/data/710807665
1267.87,557.95,"{'lat': None, 'lon': None}","{'rh': 38.2, 'temp': 24.8, 'wd': 0.0, 'ws': 0.0, 'ws_scalar': 0.0}","{'gas': {'co': 13503, 'co2': 13265, 'no': 13591, 'no2': 13770, 'o3': 13750}, 'pm': {'pm1': 13215, 'pm10': 13217, 'pm25': 13216}}",3.38,10.99,23.05,0.76,0.77,0.77,710807865,38.2,MOD-00618,24.8,2026-06-20T03:36:17,2026-06-19T20:36:17,https://api.quant-aq.com/v1/devices/MOD-00618/data/710807662
1267.05,561.93,"{'lat': None, 'lon': None}","{'rh': 38.2, 'temp': 24.8, 'wd': 0.0, 'ws': 0.0, 'ws_scalar': 0.0}","{'gas': {'co': 13503, 'co2': 13265, 'no': 13591, 'no2': 13770, 'o3': 13750}, 'pm': {'pm1': 13215, 'pm10': 13217, 'pm25': 13216}}",3.38,10.99,22.51,0.56,0.59,0.59,710807864,38.2,MOD-00618,24.8,2026-06-20T03:35:17,2026-06-19T20:35:17,https://api.quant-aq.com/v1/devices/MOD-00618/data/710807664
1269.92,558.07,"{'lat': None, 'lon': None}","{'rh': 38.2, 'temp': 24.8, 'wd': 0.0, 'ws': 0.0, 'ws_scalar': 0.0}","{'gas': {'co': 13503, 'co2': 13265, 'no': 13591, 'no2': 13770, 'o3': 13750}, 'pm': {'pm1': 13215, 'pm10': 13217, 'pm25': 13216}}",3.38,11.99,22.51,0.8,0.83,0.83,710807863,38.2,MOD-00618,24.8,2026-06-20T03:34:17,2026-06-19T20:34:17,https://api.quant-aq.com/v1/devices/MOD-00618/data/710807663
1262.12,558.32,"{'lat': None, 'lon': None}","{'rh': 38.2, 'temp': 24.8, 'wd': 0.0, 'ws': 0.0, 'ws_scalar': 0.0}","{'gas': {'co': 13503, 'co2': 13265, 'no': 13591, 'no2': 13770, 'o3': 13750}, 'pm': {'pm1': 13215, 'pm10': 13217, 'pm25': 13216}}",3.38,11.99,22.23,0.62,0.63,0.63,710807855,38.2,MOD-00618,24.8,2026-06-20T03:33:17,2026-06-19T20:33:17,https://api.quant-aq.com/v1/devices/MOD-00618/data/710807654
1266.23,559.28,"{'lat': None, 'lon': None}","{'rh': 38.2, 'temp': 24.8, 'wd': 0.0, 'ws': 0.0, 'ws_scalar': 0.0}","{'gas': {'co': 13503, 'co2': 13265, 'no': 13591, 'no2': 13770, 'o3': 13750}, 'pm': {'pm1': 13215, 'pm10': 13217, 'pm25': 13216}}",3.37,11.99,22.78,0.57,0.59,0.59,710807854,38.2,MOD-00618,24.8,2026-06-20T03:32:17,2026-06-19T20:32:17,https://api.quant-aq.com/v1/devices/MOD-00618/data/710807653
1264.58,559.28,"{'lat': None, 'lon': None}","{'rh': 38.2, 'temp': 24.8, 'wd': 0.0, 'ws': 0.0, 'ws_scalar': 0.0}","{'gas': {'co': 13503, 'co2': 13265, 'no': 13591, 'no2': 13770, 'o3': 13750}, 'pm': {'pm1': 13215, 'pm10': 13217, 'pm25': 13216}}",3.37,10.85,22.23,0.61,0.64,0.64,710807851,38.2,MOD-00618,24.8,2026-06-20T03:31:17,2026-06-19T20:31:17,https://api.quant-aq.com/v1/devices/MOD-00618/data/710807651
1264.17,557.95,"{'lat': None, 'lon': None}","{'rh': 38.2, 'temp': 24.8, 'wd': 0.0, 'ws': 0.0, 'ws_scalar': 0.0}","{'gas': {'co': 13503, 'co2': 13265, 'no': 13591, 'no2': 13770, 'o3': 13750}, 'pm': {'pm1': 13215, 'pm10': 13217, 'pm25': 13216}}",3.37,11.99,22.78,0.54,0.57,0.57,710807853,38.2,MOD-00618,24.8,2026-06-20T03:30:17,2026-06-19T20:30:17,https://api.quant-aq.com/v1/devices/MOD-00618/data/710807652
1269.1,560.12,"{'lat': None, 'lon': None}","{'rh': 38.2, 'temp': 24.8, 'wd': 0.0, 'ws': 0.0, 'ws_scalar': 0.0}","{'gas': {'co': 13503, 'co2': 13265, 'no': 13591, 'no2': 13770, 'o3': 13750}, 'pm': {'pm1': 13215, 'pm10': 13217, 'pm25': 13216}}",3.37,10.99,22.78,0.68,0.69,0.69,710807852,38.2,MOD-00618,24.8,2026-06-20T03:29:17,2026-06-19T20:29:17,https://api.quant-aq.com/v1/devices/MOD-00618/data/710807650
1259.66,559.16,"{'lat': None, 'lon': None}","{'rh': 38.2, 'temp': 24.8, 'wd': 0.0, 'ws': 0.0, 'ws_scalar': 0.0}","{'gas': {'co': 13503, 'co2': 13265, 'no': 13591, 'no2': 13770, 'o3': 13750}, 'pm': {'pm1': 13215, 'pm10': 13217, 'pm25': 13216}}",3.37,11.14,22.78,0.51,0.55,0.55,710807809,38.2,MOD-00618,24.8,2026-06-20T03:28:17,2026-06-19T20:28:17,https://api.quant-aq.com/v1/devices/MOD-00618/data/710807608
1264.99,560.72,"{'lat': None, 'lon': None}","{'rh': 38.2, 'temp': 24.8, 'wd': 0.0, 'ws': 0.0, 'ws_scalar': 0.0}","{'gas': {'co': 13503, 'co2': 13265, 'no': 13591, 'no2': 13770, 'o3': 13750}, 'pm': {'pm1': 13215, 'pm10': 13217, 'pm25': 13216}}",3.37,11.14,23.05,0.49,0.51,0.51,710807811,38.2,MOD-00618,24.8,2026-06-20T03:27:17,2026-06-19T20:27:17,https://api.quant-aq.com/v1/devices/MOD-00618/data/710807610
1267.05,558.32,"{'lat': None, 'lon': None}","{'rh': 38.2, 'temp': 24.8, 'wd': 0.0, 'ws': 0.0, 'ws_scalar': 0.0}","{'gas': {'co': 13503, 'co2': 13265, 'no': 13591, 'no2': 13770, 'o3': 13750}, 'pm': {'pm1': 13215, 'pm10': 13217, 'pm25': 13216}}",3.37,11.14,22.78,0.72,0.77,0.77,710807810,38.2,MOD-00618,24.8,2026-06-20T03:26:17,2026-06-19T20:26:17,https://api.quant-aq.com/v1/devices/MOD-00618/data/710807609
1267.46,561.33,"{'lat': None, 'lon': None}","{'rh': 38.2, 'temp': 24.8, 'wd': 0.0, 'ws': 0.0, 'ws_scalar': 0.0}","{'gas': {'co': 13503, 'co2': 13265, 'no': 13591, 'no2': 13770, 'o3': 13750}, 'pm': {'pm1': 13215, 'pm10': 13217, 'pm25': 13216}}",3.37,10.99,23.05,0.52,0.6,0.6,710807808,38.2,MOD-00618,24.8,2026-06-20T03:25:17,2026-06-19T20:25:17,https://api.quant-aq.com/v1/devices/MOD-00618/data/710807607
1264.58,557.59,"{'lat': None, 'lon': None}","{'rh': 38.2, 'temp': 24.8, 'wd': 0.0, 'ws': 0.0, 'ws_scalar': 0.0}","{'gas': {'co': 13503, 'co2': 13265, 'no': 13591, 'no2': 13770, 'o3': 13750}, 'pm': {'pm1': 13215, 'pm10': 13217, 'pm25': 13216}}",3.37,12.1,22.51,0.67,0.67,0.67,710807812,38.2,MOD-00618,24.8,2026-06-20T03:24:17,2026-06-19T20:24:17,https://api.quant-aq.com/v1/devices/MOD-00618/data/710807611
1259.59,559.88,"{'lat': None, 'lon': None}","{'rh': 38.3, 'temp': 24.8, 'wd': 0.0, 'ws': 0.0, 'ws_scalar': 0.0}","{'gas': {'co': 13503, 'co2': 13265, 'no': 13591, 'no2': 13770, 'o3': 13750}, 'pm': {'pm1': 13215, 'pm10': 13217, 'pm25': 13216}}",3.37,11.93,22.75,0.72,0.73,0.73,710807788,38.3,MOD-00618,24.8,2026-06-20T03:23:17,2026-06-19T20:23:17,https://api.quant-aq.com/v1/devices/MOD-00618/data/710807587
1269.85,558.68,"{'lat': None, 'lon': None}","{'rh': 38.3, 'temp': 24.8, 'wd': 0.0, 'ws': 0.0, 'ws_scalar': 0.0}","{'gas': {'co': 13503, 'co2': 13265, 'no': 13591, 'no2': 13770, 'o3': 13750}, 'pm': {'pm1': 13215, 'pm10': 13217, 'pm25': 13216}}",3.37,9.95,23.02,0.81,0.88,0.88,710807787,38.3,MOD-00618,24.8,2026-06-20T03:22:17,2026-06-19T20:22:17,https://api.quant-aq.com/v1/devices/MOD-00618/data/710807586
1270.26,559.88,"{'lat': None, 'lon': None}","{'rh': 38.3, 'temp': 24.8, 'wd': 0.0, 'ws': 0.0, 'ws_scalar': 0.0}","{'gas': {'co': 13503, 'co2': 13265, 'no': 13591, 'no2': 13770, 'o3': 13750}, 'pm': {'pm1': 13215, 'pm10': 13217, 'pm25': 13216}}",3.37,11.93,23.02,0.66,0.67,0.67,710807784,38.3,MOD-00618,24.8,2026-06-20T03:21:17,2026-06-19T20:21:17,https://api.quant-aq.com/v1/devices/MOD-00618/data/710807583
1268.21,557.47,"{'lat': None, 'lon': None}","{'rh': 38.3, 'temp': 24.8, 'wd': 0.0, 'ws': 0.0, 'ws_scalar': 0.0}","{'gas': {'co': 13503, 'co2': 13265, 'no': 13591, 'no2': 13770, 'o3': 13750}, 'pm': {'pm1': 13215, 'pm10': 13217, 'pm25': 13216}}",3.37,11.93,22.75,0.57,0.63,0.63,710807786,38.3,MOD-00618,24.8,2026-06-20T03:20:17,2026-06-19T20:20:17,https://api.quant-aq.com/v1/devices/MOD-00618/data/710807585
1267.39,560.12,"{'lat': None, 'lon': None}","{'rh': 38.3, 'temp': 24.8, 'wd': 0.0, 'ws': 0.0, 'ws_scalar': 0.0}","{'gas': {'co': 13503, 'co2': 13265, 'no': 13591, 'no2': 13770, 'o3': 13750}, 'pm': {'pm1': 13215, 'pm10': 13217, 'pm25': 13216}}",3.37,10.78,22.75,0.51,0.53,0.53,710807785,38.3,MOD-00618,24.8,2026-06-20T03:19:17,2026-06-19T20:19:17,https://api.quant-aq.com/v1/devices/MOD-00618/data/710807584
1266.98,559.76,"{'lat': None, 'lon': None}","{'rh': 38.3, 'temp': 24.8, 'wd': 0.0, 'ws': 0.0, 'ws_scalar': 0.0}","{'gas': {'co': 13503, 'co2': 13265, 'no': 13591, 'no2': 13770, 'o3': 13750}, 'pm': {'pm1': 13215, 'pm10': 13217, 'pm25': 13216}}",3.37,11.93,23.02,0.66,0.67,0.67,710807755,38.3,MOD-00618,24.8,2026-06-20T03:18:17,2026-06-19T20:18:17,https://api.quant-aq.com/v1/devices/MOD-00618/data/710807555
1266.98,561.45,"{'lat': None, 'lon': None}","{'rh': 38.3, 'temp': 24.8, 'wd': 0.0, 'ws': 0.0, 'ws_scalar': 0.0}","{'gas': {'co': 13503, 'co2': 13265, 'no': 13591, 'no2': 13770, 'o3': 13750}, 'pm': {'pm1': 13215, 'pm10': 13217, 'pm25': 13216}}",3.37,11.84,22.75,0.7,0.72,0.72,710807756,38.3,MOD-00618,24.8,2026-06-20T03:17:17,2026-06-19T20:17:17,https://api.quant-aq.com/v1/devices/MOD-00618/data/710807554
1266.56,562.29,"{'lat': None, 'lon': None}","{'rh': 38.3, 'temp': 24.8, 'wd': 0.0, 'ws': 0.0, 'ws_scalar': 0.0}","{'gas': {'co': 13503, 'co2': 13265, 'no': 13591, 'no2': 13770, 'o3': 13750}, 'pm': {'pm1': 13215, 'pm10': 13217, 'pm25': 13216}}",3.37,11.93,22.75,0.55,0.59,0.59,710807757,38.3,MOD-00618,24.8,2026-06-20T03:16:17,2026-06-19T20:16:17,https://api.quant-aq.com/v1/devices/MOD-00618/data/710807556
1264.92,563.13,"{'lat': None, 'lon': None}","{'rh': 38.3, 'temp': 24.8, 'wd': 0.0, 'ws': 0.0, 'ws_scalar': 0.0}","{'gas': {'co': 13503, 'co2': 13265, 'no': 13591, 'no2': 13770, 'o3': 13750}, 'pm': {'pm1': 13215, 'pm10': 13217, 'pm25': 13216}}",3.37,11.93,22.75,0.88,0.9,0.9,710807753,38.3,MOD-00618,24.8,2026-06-20T03:15:17,2026-06-19T20:15:17,https://api.quant-aq.com/v1/devices/MOD-00618/data/710807553
1266.15,559.64,"{'lat': None, 'lon': None}","{'rh': 38.3, 'temp': 24.8, 'wd': 0.0, 'ws': 0.0, 'ws_scalar': 0.0}","{'gas': {'co': 13503, 'co2': 13265, 'no': 13591, 'no2': 13770, 'o3': 13750}, 'pm': {'pm1': 13215, 'pm10': 13217, 'pm25': 13216}}",3.37,12.03,23.02,0.56,0.57,0.57,710807754,38.3,MOD-00618,24.8,2026-06-20T03:14:17,2026-06-19T20:14:17,https://api.quant-aq.com/v1/devices/MOD-00618/data/710807552
1267.8,561.69,"{'lat': None, 'lon': None}","{'rh': 38.3, 'temp': 24.8, 'wd': 0.0, 'ws': 0.0, 'ws_scalar': 0.0}","{'gas': {'co': 13503, 'co2': 13265, 'no': 13591, 'no2': 13770, 'o3': 13750}, 'pm': {'pm1': 13215, 'pm10': 13217, 'pm25': 13216}}",3.37,10.78,23.3,0.57,0.59,0.59,710807736,38.3,MOD-00618,24.8,2026-06-20T03:13:17,2026-06-19T20:13:17,https://api.quant-aq.com/v1/devices/MOD-00618/data/710807535
1265.23,560.72,"{'lat': None, 'lon': None}","{'rh': 38.3, 'temp': 24.7, 'wd': 0.0, 'ws': 0.0, 'ws_scalar': 0.0}","{'gas': {'co': 13503, 'co2': 13265, 'no': 13591, 'no2': 13770, 'o3': 13750}, 'pm': {'pm1': 13215, 'pm10': 13217, 'pm25': 13216}}",3.37,12.67,22.46,0.53,0.6,0.6,710807740,38.3,MOD-00618,24.7,2026-06-20T03:12:17,2026-06-19T20:12:17,https://api.quant-aq.com/v1/devices/MOD-00618/data/710807539
1268.62,564.7,"{'lat': None, 'lon': None}","{'rh': 38.3, 'temp': 24.8, 'wd': 0.0, 'ws': 0.0, 'ws_scalar': 0.0}","{'gas': {'co': 13503, 'co2': 13265, 'no': 13591, 'no2': 13770, 'o3': 13750}, 'pm': {'pm1': 13215, 'pm10': 13217, 'pm25': 13216}}",3.37,10.78,22.75,0.7,0.7,0.7,710807737,38.3,MOD-00618,24.8,2026-06-20T03:11:17,2026-06-19T20:11:17,https://api.quant-aq.com/v1/devices/MOD-00618/data/710807536
1266.05,561.21,"{'lat': None, 'lon': None}","{'rh': 38.3, 'temp': 24.7, 'wd': 0.0, 'ws': 0.0, 'ws_scalar': 0.0}","{'gas': {'co': 13503, 'co2': 13265, 'no': 13591, 'no2': 13770, 'o3': 13750}, 'pm': {'pm1': 13215, 'pm10': 13217, 'pm25': 13216}}",3.37,12.67,23.28,0.66,0.67,0.67,710807739,38.3,MOD-00618,24.7,2026-06-20T03:10:17,2026-06-19T20:10:17,https://api.quant-aq.com/v1/devices/MOD-00618/data/710807538
1268.92,562.29,"{'lat': None, 'lon': None}","{'rh': 38.3, 'temp': 24.7, 'wd': 0.0, 'ws': 0.0, 'ws_scalar': 0.0}","{'gas': {'co': 13503, 'co2': 13265, 'no': 13591, 'no2': 13770, 'o3': 13750}, 'pm': {'pm1': 13215, 'pm10': 13217, 'pm25': 13216}}",3.37,12.67,22.46,0.48,0.59,0.55,710807738,38.3,MOD-00618,24.7,2026-06-20T03:09:17,2026-06-19T20:09:17,https://api.quant-aq.com/v1/devices/MOD-00618/data/710807537
1268.21,562.53,"{'lat': None, 'lon': None}","{'rh': 38.3, 'temp': 24.8, 'wd': 0.0, 'ws': 0.0, 'ws_scalar': 0.0}","{'gas': {'co': 13503, 'co2': 13265, 'no': 13591, 'no2': 13770, 'o3': 13750}, 'pm': {'pm1': 13215, 'pm10': 13217, 'pm25': 13216}}",3.37,12.03,23.02,0.61,0.62,0.62,710807723,38.3,MOD-00618,24.8,2026-06-20T03:08:17,2026-06-19T20:08:17,https://api.quant-aq.com/v1/devices/MOD-00618/data/710807522
1267.39,566.14,"{'lat': None, 'lon': None}","{'rh': 38.3, 'temp': 24.8, 'wd': 0.0, 'ws': 0.0, 'ws_scalar': 0.0}","{'gas': {'co': 13503, 'co2': 13265, 'no': 13591, 'no2': 13770, 'o3': 13750}, 'pm': {'pm1': 13215, 'pm10': 13217, 'pm25': 13216}}",3.37,11.93,23.3,0.71,0.78,0.74,710807727,38.3,MOD-00618,24.8,2026-06-20T03:07:17,2026-06-19T20:07:17,https://api.quant-aq.com/v1/devices/MOD-00618/data/710807526
1266.05,560.12,"{'lat': None, 'lon': None}","{'rh': 38.3, 'temp': 24.7, 'wd': 0.0, 'ws': 0.0, 'ws_scalar': 0.0}","{'gas': {'co': 13503, 'co2': 13265, 'no': 13591, 'no2': 13770, 'o3': 13750}, 'pm': {'pm1': 13215, 'pm10': 13217, 'pm25': 13216}}",3.37,12.67,23.28,0.57,0.58,0.58,710807725,38.3,MOD-00618,24.7,2026-06-20T03:06:17,2026-06-19T20:06:17,https://api.quant-aq.com/v1/devices/MOD-00618/data/710807523
1268.92,563.13,"{'lat': None, 'lon': None}","{'rh': 38.3, 'temp': 24.7, 'wd': 0.0, 'ws': 0.0, 'ws_scalar': 0.0}","{'gas': {'co': 13503, 'co2': 13265, 'no': 13591, 'no2': 13770, 'o3': 13750}, 'pm': {'pm1': 13215, 'pm10': 13217, 'pm25': 13216}}",3.37,11.14,22.73,0.83,0.84,0.84,710807726,38.3,MOD-00618,24.7,2026-06-20T03:05:17,2026-06-19T20:05:17,https://api.quant-aq.com/v1/devices/MOD-00618/data/710807525
1270.15,561.81,"{'lat': None, 'lon': None}","{'rh': 38.3, 'temp': 24.7, 'wd': 0.0, 'ws': 0.0, 'ws_scalar': 0.0}","{'gas': {'co': 13503, 'co2': 13265, 'no': 13591, 'no2': 13770, 'o3': 13750}, 'pm': {'pm1': 13215, 'pm10': 13217, 'pm25': 13216}}",3.37,12.0,23.01,0.78,0.78,0.78,710807724,38.3,MOD-00618,24.7,2026-06-20T03:04:17,2026-06-19T20:04:17,https://api.quant-aq.com/v1/devices/MOD-00618/data/710807524
1268.92,563.49,"{'lat': None, 'lon': None}","{'rh': 38.3, 'temp': 24.7, 'wd': 0.0, 'ws': 0.0, 'ws_scalar': 0.0}","{'gas': {'co': 13503, 'co2': 13265, 'no': 13591, 'no2': 13770, 'o3': 13750}, 'pm': {'pm1': 13215, 'pm10': 13217, 'pm25': 13216}}",3.37,12.0,23.28,0.68,0.7,0.7,710807709,38.3,MOD-00618,24.7,2026-06-20T03:03:17,2026-06-19T20:03:17,https://api.quant-aq.com/v1/devices/MOD-00618/data/710807508
1271.79,560.6,"{'lat': None, 'lon': None}","{'rh': 38.3, 'temp': 24.7, 'wd': 0.0, 'ws': 0.0, 'ws_scalar': 0.0}","{'gas': {'co': 13503, 'co2': 13265, 'no': 13591, 'no2': 13770, 'o3': 13750}, 'pm': {'pm1': 13215, 'pm10': 13217, 'pm25': 13216}}",3.37,12.56,23.01,0.53,0.55,0.55,710807711,38.3,MOD-00618,24.7,2026-06-20T03:02:17,2026-06-19T20:02:17,https://api.quant-aq.com/v1/devices/MOD-00618/data/710807510
1270.97,563.37,"{'lat': None, 'lon': None}","{'rh': 38.3, 'temp': 24.7, 'wd': 0.0, 'ws': 0.0, 'ws_scalar': 0.0}","{'gas': {'co': 13503, 'co2': 13265, 'no': 13591, 'no2': 13770, 'o3': 13750}, 'pm': {'pm1': 13215, 'pm10': 13217, 'pm25': 13216}}",3.37,12.56,22.73,0.7,0.7,0.7,710807713,38.3,MOD-00618,24.7,2026-06-20T03:01:17,2026-06-19T20:01:17,https://api.quant-aq.com/v1/devices/MOD-00618/data/710807512
1267.69,564.34,"{'lat': None, 'lon': None}","{'rh': 38.3, 'temp': 24.7, 'wd': 0.0, 'ws': 0.0, 'ws_scalar': 0.0}","{'gas': {'co': 13503, 'co2': 13265, 'no': 13591, 'no2': 13770, 'o3': 13750}, 'pm': {'pm1': 13215, 'pm10': 13217, 'pm25': 13216}}",3.37,12.0,23.01,0.59,0.62,0.62,710807712,38.3,MOD-00618,24.7,2026-06-20T03:00:17,2026-06-19T20:00:17,https://api.quant-aq.com/v1/devices/MOD-00618/data/710807511
1272.2,563.86,"{'lat': None, 'lon': None}","{'rh': 38.3, 'temp': 24.7, 'wd': 0.0, 'ws': 0.0, 'ws_scalar': 0.0}","{'gas': {'co': 13503, 'co2': 13265, 'no': 13591, 'no2': 13770, 'o3': 13750}, 'pm': {'pm1': 13215, 'pm10': 13217, 'pm25': 13216}}",3.37,12.0,23.01,0.81,0.83,0.83,710807710,38.3,MOD-00618,24.7,2026-06-20T02:59:17,2026-06-19T19:59:17,https://api.quant-aq.com/v1/devices/MOD-00618/data/710807509
1268.1,563.37,"{'lat': None, 'lon': None}","{'rh': 38.3, 'temp': 24.7, 'wd': 0.0, 'ws': 0.0, 'ws_scalar': 0.0}","{'gas': {'co': 13503, 'co2': 13265, 'no': 13591, 'no2': 13770, 'o3': 13750}, 'pm': {'pm1': 13215, 'pm10': 13217, 'pm25': 13216}}",3.37,12.0,23.83,0.7,0.71,0.71,710807700,38.3,MOD-00618,24.7,2026-06-20T02:58:17,2026-06-19T19:58:17,https://api.quant-aq.com/v1/devices/MOD-00618/data/710807499
1270.15,564.34,"{'lat': None, 'lon': None}","{'rh': 38.3, 'temp': 24.7, 'wd': 0.0, 'ws': 0.0, 'ws_scalar': 0.0}","{'gas': {'co': 13503, 'co2': 13265, 'no': 13591, 'no2': 13770, 'o3': 13750}, 'pm': {'pm1': 13215, 'pm10': 13217, 'pm25': 13216}}",3.37,12.56,22.18,0.73,0.74,0.74,710807703,38.3,MOD-00618,24.7,2026-06-20T02:57:17,2026-06-19T19:57:17,https://api.quant-aq.com/v1/devices/MOD-00618/data/710807500
1274.26,563.74,"{'lat': None, 'lon': None}","{'rh': 38.3, 'temp': 24.7, 'wd': 0.0, 'ws': 0.0, 'ws_scalar': 0.0}","{'gas': {'co': 13503, 'co2': 13265, 'no': 13591, 'no2': 13770, 'o3': 13750}, 'pm': {'pm1': 13215, 'pm10': 13217, 'pm25': 13216}}",3.37,12.67,23.83,0.75,0.75,0.75,710807702,38.3,MOD-00618,24.7,2026-06-20T02:56:17,2026-06-19T19:56:17,https://api.quant-aq.com/v1/devices/MOD-00618/data/710807502
1271.38,564.7,"{'lat': None, 'lon': None}","{'rh': 38.3, 'temp': 24.7, 'wd': 0.0, 'ws': 0.0, 'ws_scalar': 0.0}","{'gas': {'co': 13503, 'co2': 13265, 'no': 13591, 'no2': 13770, 'o3': 13750}, 'pm': {'pm1': 13215, 'pm10': 13217, 'pm25': 13216}}",3.37,12.0,23.28,0.52,0.53,0.53,710807704,38.3,MOD-00618,24.7,2026-06-20T02:55:17,2026-06-19T19:55:17,https://api.quant-aq.com/v1/devices/MOD-00618/data/710807503
1271.79,562.89,"{'lat': None, 'lon': None}","{'rh': 38.3, 'temp': 24.7, 'wd': 0.0, 'ws': 0.0, 'ws_scalar': 0.0}","{'gas': {'co': 13503, 'co2': 13265, 'no': 13591, 'no2': 13770, 'o3': 13750}, 'pm': {'pm1': 13215, 'pm10': 13217, 'pm25': 13216}}",3.37,12.67,23.01,0.37,0.41,0.41,710807701,38.3,MOD-00618,24.7,2026-06-20T02:54:17,2026-06-19T19:54:17,https://api.quant-aq.com/v1/devices/MOD-00618/data/710807501
1275.49,564.58,"{'lat': None, 'lon': None}","{'rh': 38.3, 'temp': 24.7, 'wd': 0.0, 'ws': 0.0, 'ws_scalar': 0.0}","{'gas': {'co': 13503, 'co2': 13265, 'no': 13591, 'no2': 13770, 'o3': 13750}, 'pm': {'pm1': 13215, 'pm10': 13217, 'pm25': 13216}}",3.37,12.56,23.55,0.55,0.55,0.55,710807684,38.3,MOD-00618,24.7,2026-06-20T02:53:17,2026-06-19T19:53:17,https://api.quant-aq.com/v1/devices/MOD-00618/data/710807482
1275.83,563.49,"{'lat': None, 'lon': None}","{'rh': 38.4, 'temp': 24.7, 'wd': 0.0, 'ws': 0.0, 'ws_scalar': 0.0}","{'gas': {'co': 13503, 'co2': 13265, 'no': 13591, 'no2': 13770, 'o3': 13750}, 'pm': {'pm1': 13215, 'pm10': 13217, 'pm25': 13216}}",3.37,12.46,23.52,0.47,0.54,0.5,710807685,38.4,MOD-00618,24.7,2026-06-20T02:52:17,2026-06-19T19:52:17,https://api.quant-aq.com/v1/devices/MOD-00618/data/710807484
1267.28,567.35,"{'lat': None, 'lon': None}","{'rh': 38.3, 'temp': 24.7, 'wd': 0.0, 'ws': 0.0, 'ws_scalar': 0.0}","{'gas': {'co': 13503, 'co2': 13265, 'no': 13591, 'no2': 13770, 'o3': 13750}, 'pm': {'pm1': 13215, 'pm10': 13217, 'pm25': 13216}}",3.37,12.56,23.01,0.67,0.67,0.67,710807682,38.3,MOD-00618,24.7,2026-06-20T02:51:17,2026-06-19T19:51:17,https://api.quant-aq.com/v1/devices/MOD-00618/data/710807481
1276.24,568.31,"{'lat': None, 'lon': None}","{'rh': 38.4, 'temp': 24.7, 'wd': 0.0, 'ws': 0.0, 'ws_scalar': 0.0}","{'gas': {'co': 13503, 'co2': 13265, 'no': 13591, 'no2': 13770, 'o3': 13750}, 'pm': {'pm1': 13215, 'pm10': 13217, 'pm25': 13216}}",3.37,10.92,23.52,0.6,0.62,0.62,710807683,38.4,MOD-00618,24.7,2026-06-20T02:50:17,2026-06-19T19:50:17,https://api.quant-aq.com/v1/devices/MOD-00618/data/710807483
1271.79,566.51,"{'lat': None, 'lon': None}","{'rh': 38.3, 'temp': 24.7, 'wd': 0.0, 'ws': 0.0, 'ws_scalar': 0.0}","{'gas': {'co': 13503, 'co2': 13265, 'no': 13591, 'no2': 13770, 'o3': 13750}, 'pm': {'pm1': 13215, 'pm10': 13217, 'pm25': 13216}}",3.37,12.56,22.73,0.56,0.57,0.57,710807686,38.3,MOD-00618,24.7,2026-06-20T02:49:17,2026-06-19T19:49:17,https://api.quant-aq.com/v1/devices/MOD-00618/data/710807485
1279.18,569.28,"{'lat': None, 'lon': None}","{'rh': 38.3, 'temp': 24.7, 'wd': 0.0, 'ws': 0.0, 'ws_scalar': 0.0}","{'gas': {'co': 13503, 'co2': 13265, 'no': 13591, 'no2': 13770, 'o3': 13750}, 'pm': {'pm1': 13215, 'pm10': 13217, 'pm25': 13216}}",3.37,11.14,23.55,0.57,0.58,0.58,710807658,38.3,MOD-00618,24.7,2026-06-20T02:48:17,2026-06-19T19:48:17,https://api.quant-aq.com/v1/devices/MOD-00618/data/710807459
1281.24,568.43,"{'lat': None, 'lon': None}","{'rh': 38.3, 'temp': 24.7, 'wd': 0.0, 'ws': 0.0, 'ws_scalar': 0.0}","{'gas': {'co': 13503, 'co2': 13265, 'no': 13591, 'no2': 13770, 'o3': 13750}, 'pm': {'pm1': 13215, 'pm10': 13217, 'pm25': 13216}}",3.37,12.56,23.01,0.93,0.97,0.97,710807654,38.3,MOD-00618,24.7,2026-06-20T02:47:17,2026-06-19T19:47:17,https://api.quant-aq.com/v1/devices/MOD-00618/data/710807453
1278.7,565.9,"{'lat': None, 'lon': None}","{'rh': 38.4, 'temp': 24.7, 'wd': 0.0, 'ws': 0.0, 'ws_scalar': 0.0}","{'gas': {'co': 13503, 'co2': 13265, 'no': 13591, 'no2': 13770, 'o3': 13750}, 'pm': {'pm1': 13215, 'pm10': 13217, 'pm25': 13216}}",3.36,12.82,23.25,0.57,0.64,0.59,710807657,38.4,MOD-00618,24.7,2026-06-20T02:46:17,2026-06-19T19:46:17,https://api.quant-aq.com/v1/devices/MOD-00618/data/710807456
1277.88,567.71,"{'lat': None, 'lon': None}","{'rh': 38.4, 'temp': 24.7, 'wd': 0.0, 'ws': 0.0, 'ws_scalar': 0.0}","{'gas': {'co': 13503, 'co2': 13265, 'no': 13591, 'no2': 13770, 'o3': 13750}, 'pm': {'pm1': 13215, 'pm10': 13217, 'pm25': 13216}}",3.37,10.92,23.8,0.54,0.55,0.55,710807656,38.4,MOD-00618,24.7,2026-06-20T02:45:17,2026-06-19T19:45:17,https://api.quant-aq.com/v1/devices/MOD-00618/data/710807455
1283.63,566.75,"{'lat': None, 'lon': None}","{'rh': 38.4, 'temp': 24.7, 'wd': 0.0, 'ws': 0.0, 'ws_scalar': 0.0}","{'gas': {'co': 13503, 'co2': 13265, 'no': 13591, 'no2': 13770, 'o3': 13750}, 'pm': {'pm1': 13215, 'pm10': 13217, 'pm25': 13216}}",3.37,12.67,23.25,0.72,0.74,0.74,710807655,38.4,MOD-00618,24.7,2026-06-20T02:44:17,2026-06-19T19:44:17,https://api.quant-aq.com/v1/devices/MOD-00618/data/710807454
1281.99,568.43,"{'lat': None, 'lon': None}","{'rh': 38.4, 'temp': 24.7, 'wd': 0.0, 'ws': 0.0, 'ws_scalar': 0.0}","{'gas': {'co': 13503, 'co2': 13265, 'no': 13591, 'no2': 13770, 'o3': 13750}, 'pm': {'pm1': 13215, 'pm10': 13217, 'pm25': 13216}}",3.37,12.46,22.7,0.5,0.51,0.51,710807626,38.4,MOD-00618,24.7,2026-06-20T02:43:17,2026-06-19T19:43:17,https://api.quant-aq.com/v1/devices/MOD-00618/data/710807425
1283.29,567.11,"{'lat': None, 'lon': None}","{'rh': 38.3, 'temp': 24.7, 'wd': 0.0, 'ws': 0.0, 'ws_scalar': 0.0}","{'gas': {'co': 13503, 'co2': 13265, 'no': 13591, 'no2': 13770, 'o3': 13750}, 'pm': {'pm1': 13215, 'pm10': 13217, 'pm25': 13216}}",3.37,12.67,23.55,0.57,0.59,0.59,710807628,38.3,MOD-00618,24.7,2026-06-20T02:42:17,2026-06-19T19:42:17,https://api.quant-aq.com/v1/devices/MOD-00618/data/710807428
1284.86,567.59,"{'lat': None, 'lon': None}","{'rh': 38.4, 'temp': 24.7, 'wd': 0.0, 'ws': 0.0, 'ws_scalar': 0.0}","{'gas': {'co': 13503, 'co2': 13265, 'no': 13591, 'no2': 13770, 'o3': 13750}, 'pm': {'pm1': 13215, 'pm10': 13217, 'pm25': 13216}}",3.37,11.93,23.8,0.51,0.52,0.52,710807629,38.4,MOD-00618,24.7,2026-06-20T02:41:17,2026-06-19T19:41:17,https://api.quant-aq.com/v1/devices/MOD-00618/data/710807427
1283.22,566.51,"{'lat': None, 'lon': None}","{'rh': 38.4, 'temp': 24.7, 'wd': 0.0, 'ws': 0.0, 'ws_scalar': 0.0}","{'gas': {'co': 13503, 'co2': 13265, 'no': 13591, 'no2': 13770, 'o3': 13750}, 'pm': {'pm1': 13215, 'pm10': 13217, 'pm25': 13216}}",3.37,11.93,23.25,0.76,0.77,0.77,710807630,38.4,MOD-00618,24.7,2026-06-20T02:40:17,2026-06-19T19:40:17,https://api.quant-aq.com/v1/devices/MOD-00618/data/710807429
1291.02,567.71,"{'lat': None, 'lon': None}","{'rh': 38.4, 'temp': 24.7, 'wd': 0.0, 'ws': 0.0, 'ws_scalar': 0.0}","{'gas': {'co': 13503, 'co2': 13265, 'no': 13591, 'no2': 13770, 'o3': 13750}, 'pm': {'pm1': 13215, 'pm10': 13217, 'pm25': 13216}}",3.37,12.67,23.25,0.55,0.59,0.59,710807627,38.4,MOD-00618,24.7,2026-06-20T02:39:17,2026-06-19T19:39:17,https://api.quant-aq.com/v1/devices/MOD-00618/data/710807426
1286.5,567.71,"{'lat': None, 'lon': None}","{'rh': 38.4, 'temp': 24.7, 'wd': 0.0, 'ws': 0.0, 'ws_scalar': 0.0}","{'gas': {'co': 13503, 'co2': 13265, 'no': 13591, 'no2': 13770, 'o3': 13750}, 'pm': {'pm1': 13215, 'pm10': 13217, 'pm25': 13216}}",3.37,12.46,23.8,0.53,0.54,0.54,710807621,38.4,MOD-00618,24.7,2026-06-20T02:38:17,2026-06-19T19:38:17,https://api.quant-aq.com/v1/devices/MOD-00618/data/710807420
1294.64,570.6,"{'lat': None, 'lon': None}","{'rh': 38.5, 'temp': 24.7, 'wd': 0.0, 'ws': 0.0, 'ws_scalar': 0.0}","{'gas': {'co': 13503, 'co2': 13265, 'no': 13591, 'no2': 13770, 'o3': 13750}, 'pm': {'pm1': 13215, 'pm10': 13217, 'pm25': 13216}}",3.37,12.37,23.77,0.49,0.53,0.53,710807619,38.5,MOD-00618,24.7,2026-06-20T02:37:17,2026-06-19T19:37:17,https://api.quant-aq.com/v1/devices/MOD-00618/data/710807418
1289.71,567.71,"{'lat': None, 'lon': None}","{'rh': 38.5, 'temp': 24.7, 'wd': 0.0, 'ws': 0.0, 'ws_scalar': 0.0}","{'gas': {'co': 13503, 'co2': 13265, 'no': 13591, 'no2': 13770, 'o3': 13750}, 'pm': {'pm1': 13215, 'pm10': 13217, 'pm25': 13216}}",3.37,12.44,23.49,0.55,0.55,0.55,710807620,38.5,MOD-00618,24.7,2026-06-20T02:36:17,2026-06-19T19:36:17,https://api.quant-aq.com/v1/devices/MOD-00618/data/710807419
1291.84,570.0,"{'lat': None, 'lon': None}","{'rh': 38.4, 'temp': 24.7, 'wd': 0.0, 'ws': 0.0, 'ws_scalar': 0.0}","{'gas': {'co': 13503, 'co2': 13265, 'no': 13591, 'no2': 13770, 'o3': 13750}, 'pm': {'pm1': 13215, 'pm10': 13217, 'pm25': 13216}}",3.37,11.93,23.52,0.58,0.64,0.6,710807618,38.4,MOD-00618,24.7,2026-06-20T02:35:17,2026-06-19T19:35:17,https://api.quant-aq.com/v1/devices/MOD-00618/data/710807416
1296.69,567.83,"{'lat': None, 'lon': None}","{'rh': 38.5, 'temp': 24.7, 'wd': 0.0, 'ws': 0.0, 'ws_scalar': 0.0}","{'gas': {'co': 13503, 'co2': 13265, 'no': 13591, 'no2': 13770, 'o3': 13750}, 'pm': {'pm1': 13215, 'pm10': 13217, 'pm25': 13216}}",3.36,12.54,23.77,0.54,0.55,0.55,710807617,38.5,MOD-00618,24.7,2026-06-20T02:34:17,2026-06-19T19:34:17,https://api.quant-aq.com/v1/devices/MOD-00618/data/710807417
1297.92,565.66,"{'lat': None, 'lon': None}","{'rh': 38.5, 'temp': 24.7, 'wd': 0.0, 'ws': 0.0, 'ws_scalar': 0.0}","{'gas': {'co': 13503, 'co2': 13265, 'no': 13591, 'no2': 13770, 'o3': 13750}, 'pm': {'pm1': 13215, 'pm10': 13217, 'pm25': 13216}}",3.37,12.37,23.77,0.44,0.44,0.44,710807146,38.5,MOD-00618,24.7,2026-06-20T02:33:17,2026-06-19T19:33:17,https://api.quant-aq.com/v1/devices/MOD-00618/data/710806945
1305.31,570.0,"{'lat': None, 'lon': None}","{'rh': 38.5, 'temp': 24.7, 'wd': 0.0, 'ws': 0.0, 'ws_scalar': 0.0}","{'gas': {'co': 13503, 'co2': 13265, 'no': 13591, 'no2': 13770, 'o3': 13750}, 'pm': {'pm1': 13215, 'pm10': 13217, 'pm25': 13216}}",3.36,12.32,23.77,0.64,0.65,0.65,710807143,38.5,MOD-00618,24.7,2026-06-20T02:32:17,2026-06-19T19:32:17,https://api.quant-aq.com/v1/devices/MOD-00618/data/710806942
1302.85,568.91,"{'lat': None, 'lon': None}","{'rh': 38.5, 'temp': 24.7, 'wd': 0.0, 'ws': 0.0, 'ws_scalar': 0.0}","{'gas': {'co': 13503, 'co2': 13265, 'no': 13591, 'no2': 13770, 'o3': 13750}, 'pm': {'pm1': 13215, 'pm10': 13217, 'pm25': 13216}}",3.37,12.44,23.77,0.65,0.66,0.66,710807144,38.5,MOD-00618,24.7,2026-06-20T02:31:17,2026-06-19T19:31:17,https://api.quant-aq.com/v1/devices/MOD-00618/data/710806943
1306.54,571.32,"{'lat': None, 'lon': None}","{'rh': 38.5, 'temp': 24.7, 'wd': 0.0, 'ws': 0.0, 'ws_scalar': 0.0}","{'gas': {'co': 13503, 'co2': 13265, 'no': 13591, 'no2': 13770, 'o3': 13750}, 'pm': {'pm1': 13215, 'pm10': 13217, 'pm25': 13216}}",3.37,12.54,23.77,0.39,0.4,0.4,710807145,38.5,MOD-00618,24.7,2026-06-20T02:30:17,2026-06-19T19:30:17,https://api.quant-aq.com/v1/devices/MOD-00618/data/710806944
1304.08,570.36,"{'lat': None, 'lon': None}","{'rh': 38.5, 'temp': 24.7, 'wd': 0.0, 'ws': 0.0, 'ws_scalar': 0.0}","{'gas': {'co': 13503, 'co2': 13265, 'no': 13591, 'no2': 13770, 'o3': 13750}, 'pm': {'pm1': 13215, 'pm10': 13217, 'pm25': 13216}}",3.36,12.44,24.04,0.6,0.61,0.61,710807142,38.5,MOD-00618,24.7,2026-06-20T02:29:17,2026-06-19T19:29:17,https://api.quant-aq.com/v1/devices/MOD-00618/data/710806941
1307.78,563.49,"{'lat': None, 'lon': None}","{'rh': 38.5, 'temp': 24.7, 'wd': 0.0, 'ws': 0.0, 'ws_scalar': 0.0}","{'gas': {'co': 13503, 'co2': 13265, 'no': 13591, 'no2': 13770, 'o3': 13750}, 'pm': {'pm1': 13215, 'pm10': 13217, 'pm25': 13216}}",3.36,12.32,23.77,0.45,0.47,0.47,710807114,38.5,MOD-00618,24.7,2026-06-20T02:28:17,2026-06-19T19:28:17,https://api.quant-aq.com/v1/devices/MOD-00618/data/710806913
1308.94,571.56,"{'lat': None, 'lon': None}","{'rh': 38.6, 'temp': 24.7, 'wd': 0.0, 'ws': 0.0, 'ws_scalar': 0.0}","{'gas': {'co': 13503, 'co2': 13265, 'no': 13591, 'no2': 13770, 'o3': 13750}, 'pm': {'pm1': 13215, 'pm10': 13217, 'pm25': 13216}}",3.37,12.45,24.01,0.41,0.42,0.42,710807112,38.6,MOD-00618,24.7,2026-06-20T02:27:17,2026-06-19T19:27:17,https://api.quant-aq.com/v1/devices/MOD-00618/data/710806911
1319.2,566.99,"{'lat': None, 'lon': None}","{'rh': 38.6, 'temp': 24.7, 'wd': 0.0, 'ws': 0.0, 'ws_scalar': 0.0}","{'gas': {'co': 13503, 'co2': 13265, 'no': 13591, 'no2': 13770, 'o3': 13750}, 'pm': {'pm1': 13215, 'pm10': 13217, 'pm25': 13216}}",3.37,12.45,23.46,0.6,0.61,0.61,710807116,38.6,MOD-00618,24.7,2026-06-20T02:26:17,2026-06-19T19:26:17,https://api.quant-aq.com/v1/devices/MOD-00618/data/710806915
1319.54,568.91,"{'lat': None, 'lon': None}","{'rh': 38.7, 'temp': 24.7, 'wd': 0.0, 'ws': 0.0, 'ws_scalar': 0.0}","{'gas': {'co': 13503, 'co2': 13265, 'no': 13591, 'no2': 13770, 'o3': 13750}, 'pm': {'pm1': 13215, 'pm10': 13217, 'pm25': 13216}}",3.36,11.97,24.25,0.43,0.46,0.46,710807113,38.7,MOD-00618,24.7,2026-06-20T02:25:17,2026-06-19T19:25:17,https://api.quant-aq.com/v1/devices/MOD-00618/data/710806912
1320.36,568.91,"{'lat': None, 'lon': None}","{'rh': 38.7, 'temp': 24.7, 'wd': 0.0, 'ws': 0.0, 'ws_scalar': 0.0}","{'gas': {'co': 13503, 'co2': 13265, 'no': 13591, 'no2': 13770, 'o3': 13750}, 'pm': {'pm1': 13215, 'pm10': 13217, 'pm25': 13216}}",3.36,11.88,24.25,0.39,0.39,0.39,710807115,38.7,MOD-00618,24.7,2026-06-20T02:24:17,2026-06-19T19:24:17,https://api.quant-aq.com/v1/devices/MOD-00618/data/710806914
1319.2,568.79,"{'lat': None, 'lon': None}","{'rh': 38.6, 'temp': 24.7, 'wd': 0.0, 'ws': 0.0, 'ws_scalar': 0.0}","{'gas': {'co': 13503, 'co2': 13265, 'no': 13591, 'no2': 13770, 'o3': 13750}, 'pm': {'pm1': 13215, 'pm10': 13217, 'pm25': 13216}}",3.36,12.45,23.73,0.7,0.7,0.7,710807100,38.6,MOD-00618,24.7,2026-06-20T02:23:17,2026-06-19T19:23:17,https://api.quant-aq.com/v1/devices/MOD-00618/data/710806899
1327.41,568.55,"{'lat': None, 'lon': None}","{'rh': 38.6, 'temp': 24.7, 'wd': 0.0, 'ws': 0.0, 'ws_scalar': 0.0}","{'gas': {'co': 13503, 'co2': 13265, 'no': 13591, 'no2': 13770, 'o3': 13750}, 'pm': {'pm1': 13215, 'pm10': 13217, 'pm25': 13216}}",3.36,12.37,24.29,0.38,0.38,0.38,710807101,38.6,MOD-00618,24.7,2026-06-20T02:22:17,2026-06-19T19:22:17,https://api.quant-aq.com/v1/devices/MOD-00618/data/710806900
1332.82,569.28,"{'lat': None, 'lon': None}","{'rh': 38.5, 'temp': 24.7, 'wd': 0.0, 'ws': 0.0, 'ws_scalar': 0.0}","{'gas': {'co': 13503, 'co2': 13265, 'no': 13591, 'no2': 13770, 'o3': 13750}, 'pm': {'pm1': 13215, 'pm10': 13217, 'pm25': 13216}}",3.37,12.37,24.59,0.39,0.4,0.4,710807102,38.5,MOD-00618,24.7,2026-06-20T02:21:17,2026-06-19T19:21:17,https://api.quant-aq.com/v1/devices/MOD-00618/data/710806901
1329.46,568.43,"{'lat': None, 'lon': None}","{'rh': 38.6, 'temp': 24.7, 'wd': 0.0, 'ws': 0.0, 'ws_scalar': 0.0}","{'gas': {'co': 13503, 'co2': 13265, 'no': 13591, 'no2': 13770, 'o3': 13750}, 'pm': {'pm1': 13215, 'pm10': 13217, 'pm25': 13216}}",3.36,12.31,24.56,0.49,0.5,0.5,710807103,38.6,MOD-00618,24.7,2026-06-20T02:20:17,2026-06-19T19:20:17,https://api.quant-aq.com/v1/devices/MOD-00618/data/710806902
1333.98,569.16,"{'lat': None, 'lon': None}","{'rh': 38.6, 'temp': 24.7, 'wd': 0.0, 'ws': 0.0, 'ws_scalar': 0.0}","{'gas': {'co': 13503, 'co2': 13265, 'no': 13591, 'no2': 13770, 'o3': 13750}, 'pm': {'pm1': 13215, 'pm10': 13217, 'pm25': 13216}}",3.36,12.37,24.56,0.41,0.42,0.42,710807099,38.6,MOD-00618,24.7,2026-06-20T02:19:17,2026-06-19T19:19:17,https://api.quant-aq.com/v1/devices/MOD-00618/data/710806898
1333.57,567.47,"{'lat': None, 'lon': None}","{'rh': 38.6, 'temp': 24.7, 'wd': 0.0, 'ws': 0.0, 'ws_scalar': 0.0}","{'gas': {'co': 13503, 'co2': 13265, 'no': 13591, 'no2': 13770, 'o3': 13750}, 'pm': {'pm1': 13215, 'pm10': 13217, 'pm25': 13216}}",3.36,12.37,24.56,0.59,0.6,0.6,710807072,38.6,MOD-00618,24.7,2026-06-20T02:18:17,2026-06-19T19:18:17,https://api.quant-aq.com/v1/devices/MOD-00618/data/710806871
1341.85,572.17,"{'lat': None, 'lon': None}","{'rh': 38.5, 'temp': 24.7, 'wd': 0.0, 'ws': 0.0, 'ws_scalar': 0.0}","{'gas': {'co': 13503, 'co2': 13265, 'no': 13591, 'no2': 13770, 'o3': 13750}, 'pm': {'pm1': 13215, 'pm10': 13217, 'pm25': 13216}}",3.36,12.54,24.32,0.7,0.72,0.72,710807071,38.5,MOD-00618,24.7,2026-06-20T02:17:17,2026-06-19T19:17:17,https://api.quant-aq.com/v1/devices/MOD-00618/data/710806870
1346.77,574.82,"{'lat': None, 'lon': None}","{'rh': 38.5, 'temp': 24.7, 'wd': 0.0, 'ws': 0.0, 'ws_scalar': 0.0}","{'gas': {'co': 13503, 'co2': 13265, 'no': 13591, 'no2': 13770, 'o3': 13750}, 'pm': {'pm1': 13215, 'pm10': 13217, 'pm25': 13216}}",3.36,12.44,24.04,0.5,0.51,0.51,710807070,38.5,MOD-00618,24.7,2026-06-20T02:16:17,2026-06-19T19:16:17,https://api.quant-aq.com/v1/devices/MOD-00618/data/710806869
1346.29,571.32,"{'lat': None, 'lon': None}","{'rh': 38.6, 'temp': 24.7, 'wd': 0.0, 'ws': 0.0, 'ws_scalar': 0.0}","{'gas': {'co': 13503, 'co2': 13265, 'no': 13591, 'no2': 13770, 'o3': 13750}, 'pm': {'pm1': 13215, 'pm10': 13217, 'pm25': 13216}}",3.36,12.45,24.84,0.46,0.47,0.47,710807069,38.6,MOD-00618,24.7,2026-06-20T02:15:17,2026-06-19T19:15:17,https://api.quant-aq.com/v1/devices/MOD-00618/data/710806868
1351.29,570.36,"{'lat': None, 'lon': None}","{'rh': 38.5, 'temp': 24.7, 'wd': 0.0, 'ws': 0.0, 'ws_scalar': 0.0}","{'gas': {'co': 13503, 'co2': 13265, 'no': 13591, 'no2': 13770, 'o3': 13750}, 'pm': {'pm1': 13215, 'pm10': 13217, 'pm25': 13216}}",3.36,12.66,24.04,0.46,0.46,0.46,710807068,38.5,MOD-00618,24.7,2026-06-20T02:14:17,2026-06-19T19:14:17,https://api.quant-aq.com/v1/devices/MOD-00618/data/710806867
1357.11,571.68,"{'lat': None, 'lon': None}","{'rh': 38.4, 'temp': 24.7, 'wd': 0.0, 'ws': 0.0, 'ws_scalar': 0.0}","{'gas': {'co': 13503, 'co2': 13265, 'no': 13591, 'no2': 13770, 'o3': 13750}, 'pm': {'pm1': 13215, 'pm10': 13217, 'pm25': 13216}}",3.36,12.46,24.35,0.67,0.71,0.71,710807027,38.4,MOD-00618,24.7,2026-06-20T02:13:17,2026-06-19T19:13:17,https://api.quant-aq.com/v1/devices/MOD-00618/data/710806826
1367.78,570.6,"{'lat': None, 'lon': None}","{'rh': 38.4, 'temp': 24.7, 'wd': 0.0, 'ws': 0.0, 'ws_scalar': 0.0}","{'gas': {'co': 13503, 'co2': 13265, 'no': 13591, 'no2': 13770, 'o3': 13750}, 'pm': {'pm1': 13215, 'pm10': 13217, 'pm25': 13216}}",3.36,10.92,24.9,0.75,0.75,0.75,710807028,38.4,MOD-00618,24.7,2026-06-20T02:12:17,2026-06-19T19:12:17,https://api.quant-aq.com/v1/devices/MOD-00618/data/710806827
1358.45,576.38,"{'lat': None, 'lon': None}","{'rh': 38.4, 'temp': 24.8, 'wd': 0.0, 'ws': 0.0, 'ws_scalar': 0.0}","{'gas': {'co': 13503, 'co2': 13265, 'no': 13591, 'no2': 13770, 'o3': 13750}, 'pm': {'pm1': 13215, 'pm10': 13217, 'pm25': 13216}}",3.36,12.62,24.36,0.58,0.6,0.6,710807024,38.4,MOD-00618,24.8,2026-06-20T02:11:17,2026-06-19T19:11:17,https://api.quant-aq.com/v1/devices/MOD-00618/data/710806823
1371.58,570.12,"{'lat': None, 'lon': None}","{'rh': 38.4, 'temp': 24.8, 'wd': 0.0, 'ws': 0.0, 'ws_scalar': 0.0}","{'gas': {'co': 13503, 'co2': 13265, 'no': 13591, 'no2': 13770, 'o3': 13750}, 'pm': {'pm1': 13215, 'pm10': 13217, 'pm25': 13216}}",3.36,12.62,24.36,0.8,0.81,0.81,710807026,38.4,MOD-00618,24.8,2026-06-20T02:10:17,2026-06-19T19:10:17,https://api.quant-aq.com/v1/devices/MOD-00618/data/710806824
1372.33,572.77,"{'lat': None, 'lon': None}","{'rh': 38.5, 'temp': 24.8, 'wd': 0.0, 'ws': 0.0, 'ws_scalar': 0.0}","{'gas': {'co': 13503, 'co2': 13265, 'no': 13591, 'no2': 13770, 'o3': 13750}, 'pm': {'pm1': 13215, 'pm10': 13217, 'pm25': 13216}}",3.36,12.52,24.88,0.41,0.41,0.41,710807025,38.5,MOD-00618,24.8,2026-06-20T02:09:17,2026-06-19T19:09:17,https://api.quant-aq.com/v1/devices/MOD-00618/data/710806825
1373.57,570.84,"{'lat': None, 'lon': None}","{'rh': 38.5, 'temp': 24.8, 'wd': 0.0, 'ws': 0.0, 'ws_scalar': 0.0}","{'gas': {'co': 13503, 'co2': 13265, 'no': 13591, 'no2': 13770, 'o3': 13750}, 'pm': {'pm1': 13215, 'pm10': 13217, 'pm25': 13216}}",3.36,12.36,24.61,0.61,0.63,0.63,710807014,38.5,MOD-00618,24.8,2026-06-20T02:08:17,2026-06-19T19:08:17,https://api.quant-aq.com/v1/devices/MOD-00618/data/710806813
1374.73,568.91,"{'lat': None, 'lon': None}","{'rh': 38.6, 'temp': 24.8, 'wd': 0.0, 'ws': 0.0, 'ws_scalar': 0.0}","{'gas': {'co': 13503, 'co2': 13265, 'no': 13591, 'no2': 13770, 'o3': 13750}, 'pm': {'pm1': 13215, 'pm10': 13217, 'pm25': 13216}}",3.36,12.43,25.68,0.65,0.66,0.66,710807015,38.6,MOD-00618,24.8,2026-06-20T02:07:17,2026-06-19T19:07:17,https://api.quant-aq.com/v1/devices/MOD-00618/data/710806814
1381.29,569.16,"{'lat': None, 'lon': None}","{'rh': 38.6, 'temp': 24.8, 'wd': 0.0, 'ws': 0.0, 'ws_scalar': 0.0}","{'gas': {'co': 13503, 'co2': 13265, 'no': 13591, 'no2': 13770, 'o3': 13750}, 'pm': {'pm1': 13215, 'pm10': 13217, 'pm25': 13216}}",3.36,12.5,24.85,0.67,0.67,0.67,710807012,38.6,MOD-00618,24.8,2026-06-20T02:06:17,2026-06-19T19:06:17,https://api.quant-aq.com/v1/devices/MOD-00618/data/710806811
1384.65,570.72,"{'lat': None, 'lon': None}","{'rh': 38.5, 'temp': 24.8, 'wd': 0.0, 'ws': 0.0, 'ws_scalar': 0.0}","{'gas': {'co': 13503, 'co2': 13265, 'no': 13591, 'no2': 13770, 'o3': 13750}, 'pm': {'pm1': 13215, 'pm10': 13217, 'pm25': 13216}}",3.36,12.69,24.88,0.67,0.67,0.67,710807011,38.5,MOD-00618,24.8,2026-06-20T02:05:17,2026-06-19T19:05:17,https://api.quant-aq.com/v1/devices/MOD-00618/data/710806810
1395.32,572.77,"{'lat': None, 'lon': None}","{'rh': 38.5, 'temp': 24.8, 'wd': 0.0, 'ws': 0.0, 'ws_scalar': 0.0}","{'gas': {'co': 13503, 'co2': 13265, 'no': 13591, 'no2': 13770, 'o3': 13750}, 'pm': {'pm1': 13215, 'pm10': 13217, 'pm25': 13216}}",3.36,12.52,25.43,0.47,0.48,0.48,710807009,38.5,MOD-00618,24.8,2026-06-20T02:04:17,2026-06-19T19:04:17,https://api.quant-aq.com/v1/devices/MOD-00618/data/710806809
1392.04,568.91,"{'lat': None, 'lon': None}","{'rh': 38.5, 'temp': 24.8, 'wd': 0.0, 'ws': 0.0, 'ws_scalar': 0.0}","{'gas': {'co': 13503, 'co2': 13265, 'no': 13591, 'no2': 13770, 'o3': 13750}, 'pm': {'pm1': 13215, 'pm10': 13217, 'pm25': 13216}}",3.36,12.52,25.43,0.57,0.58,0.58,710806998,38.5,MOD-00618,24.8,2026-06-20T02:03:17,2026-06-19T19:03:17,https://api.quant-aq.com/v1/devices/MOD-00618/data/710806797
1397.04,573.01,"{'lat': None, 'lon': None}","{'rh': 38.4, 'temp': 24.8, 'wd': 0.0, 'ws': 0.0, 'ws_scalar': 0.0}","{'gas': {'co': 13503, 'co2': 13265, 'no': 13591, 'no2': 13770, 'o3': 13750}, 'pm': {'pm1': 13215, 'pm10': 13217, 'pm25': 13216}}",3.36,12.96,25.46,0.78,0.79,0.79,710806994,38.4,MOD-00618,24.8,2026-06-20T02:02:17,2026-06-19T19:02:17,https://api.quant-aq.com/v1/devices/MOD-00618/data/710806794
1400.46,576.62,"{'lat': None, 'lon': None}","{'rh': 38.2, 'temp': 24.8, 'wd': 0.0, 'ws': 0.0, 'ws_scalar': 0.0}","{'gas': {'co': 13503, 'co2': 13265, 'no': 13591, 'no2': 13770, 'o3': 13750}, 'pm': {'pm1': 13215, 'pm10': 13217, 'pm25': 13216}}",3.36,12.22,25.25,0.45,0.45,0.45,710806996,38.2,MOD-00618,24.8,2026-06-20T02:01:17,2026-06-19T19:01:17,https://api.quant-aq.com/v1/devices/MOD-00618/data/710806796
1405.94,575.18,"{'lat': None, 'lon': None}","{'rh': 38.0, 'temp': 24.8, 'wd': 0.0, 'ws': 0.0, 'ws_scalar': 0.0}","{'gas': {'co': 13503, 'co2': 13265, 'no': 13591, 'no2': 13770, 'o3': 13750}, 'pm': {'pm1': 13215, 'pm10': 13217, 'pm25': 13216}}",3.29,18.57,25.31,0.69,0.69,0.69,710806997,38.0,MOD-00618,24.8,2026-06-20T02:00:17,2026-06-19T19:00:17,https://api.quant-aq.com/v1/devices/MOD-00618/data/710806795
1414.29,583.37,"{'lat': None, 'lon': None}","{'rh': 37.8, 'temp': 24.8, 'wd': 0.0, 'ws': 0.0, 'ws_scalar': 0.0}","{'gas': {'co': 13503, 'co2': 13265, 'no': 13591, 'no2': 13770, 'o3': 13750}, 'pm': {'pm1': 13215, 'pm10': 13217, 'pm25': 13216}}",3.3,19.86,25.37,0.45,0.46,0.46,710806995,37.8,MOD-00618,24.8,2026-06-20T01:59:17,2026-06-19T18:59:17,https://api.quant-aq.com/v1/devices/MOD-00618/data/710806793
1421.41,582.4,"{'lat': None, 'lon': None}","{'rh': 37.6, 'temp': 24.8, 'wd': 0.0, 'ws': 0.0, 'ws_scalar': 0.0}","{'gas': {'co': 13503, 'co2': 13265, 'no': 13591, 'no2': 13770, 'o3': 13750}, 'pm': {'pm1': 13215, 'pm10': 13217, 'pm25': 13216}}",3.29,11.91,25.16,0.5,0.51,0.51,710806976,37.6,MOD-00618,24.8,2026-06-20T01:58:17,2026-06-19T18:58:17,https://api.quant-aq.com/v1/devices/MOD-00618/data/710806775
1425.32,585.78,"{'lat': None, 'lon': None}","{'rh': 37.3, 'temp': 24.8, 'wd': 0.0, 'ws': 0.0, 'ws_scalar': 0.0}","{'gas': {'co': 13503, 'co2': 13265, 'no': 13591, 'no2': 13770, 'o3': 13750}, 'pm': {'pm1': 13215, 'pm10': 13217, 'pm25': 13216}}",3.23,21.57,25.25,0.77,0.79,0.79,710806974,37.3,MOD-00618,24.8,2026-06-20T01:57:17,2026-06-19T18:57:17,https://api.quant-aq.com/v1/devices/MOD-00618/data/710806773
1423.89,586.62,"{'lat': None, 'lon': None}","{'rh': 37.0, 'temp': 24.8, 'wd': 0.0, 'ws': 0.0, 'ws_scalar': 0.0}","{'gas': {'co': 13503, 'co2': 13265, 'no': 13591, 'no2': 13770, 'o3': 13750}, 'pm': {'pm1': 13215, 'pm10': 13217, 'pm25': 13216}}",3.23,20.61,24.8,0.79,0.8,0.8,710806975,37.0,MOD-00618,24.8,2026-06-20T01:56:17,2026-06-19T18:56:17,https://api.quant-aq.com/v1/devices/MOD-00618/data/710806774
1441.45,587.22,"{'lat': None, 'lon': None}","{'rh': 36.7, 'temp': 24.9, 'wd': 0.0, 'ws': 0.0, 'ws_scalar': 0.0}","{'gas': {'co': 13503, 'co2': 13265, 'no': 13591, 'no2': 13770, 'o3': 13750}, 'pm': {'pm1': 13215, 'pm10': 13217, 'pm25': 13216}}",3.16,12.78,24.37,0.66,0.66,0.66,710806972,36.7,MOD-00618,24.9,2026-06-20T01:55:17,2026-06-19T18:55:17,https://api.quant-aq.com/v1/devices/MOD-00618/data/710806771
1449.74,589.39,"{'lat': None, 'lon': None}","{'rh': 36.6, 'temp': 24.9, 'wd': 0.0, 'ws': 0.0, 'ws_scalar': 0.0}","{'gas': {'co': 13503, 'co2': 13265, 'no': 13591, 'no2': 13770, 'o3': 13750}, 'pm': {'pm1': 13215, 'pm10': 13217, 'pm25': 13216}}",4.18,12.01,24.4,0.49,0.49,0.49,710806973,36.6,MOD-00618,24.9,2026-06-20T01:54:17,2026-06-19T18:54:17,https://api.quant-aq.com/v1/devices/MOD-00618/data/710806772
1457.46,588.91,"{'lat': None, 'lon': None}","{'rh': 36.7, 'temp': 24.9, 'wd': 0.0, 'ws': 0.0, 'ws_scalar': 0.0}","{'gas': {'co': 13503, 'co2': 13265, 'no': 13591, 'no2': 13770, 'o3': 13750}, 'pm': {'pm1': 13215, 'pm10': 13217, 'pm25': 13216}}",4.19,11.52,24.37,0.54,0.56,0.56,710806962,36.7,MOD-00618,24.9,2026-06-20T01:53:17,2026-06-19T18:53:17,https://api.quant-aq.com/v1/devices/MOD-00618/data/710806762
1463.55,592.4,"{'lat': None, 'lon': None}","{'rh': 36.8, 'temp': 24.9, 'wd': 0.0, 'ws': 0.0, 'ws_scalar': 0.0}","{'gas': {'co': 13503, 'co2': 13265, 'no': 13591, 'no2': 13770, 'o3': 13750}, 'pm': {'pm1': 13215, 'pm10': 13217, 'pm25': 13216}}",4.19,11.84,24.88,0.5,0.5,0.5,710806959,36.8,MOD-00618,24.9,2026-06-20T01:52:17,2026-06-19T18:52:17,https://api.quant-aq.com/v1/devices/MOD-00618/data/710806758
1472.99,593.97,"{'lat': None, 'lon': None}","{'rh': 36.8, 'temp': 24.9, 'wd': 0.0, 'ws': 0.0, 'ws_scalar': 0.0}","{'gas': {'co': 13503, 'co2': 13265, 'no': 13591, 'no2': 13770, 'o3': 13750}, 'pm': {'pm1': 13215, 'pm10': 13217, 'pm25': 13216}}",4.19,11.93,24.34,0.67,0.68,0.68,710806961,36.8,MOD-00618,24.9,2026-06-20T01:51:17,2026-06-19T18:51:17,https://api.quant-aq.com/v1/devices/MOD-00618/data/710806760
1479.08,599.15,"{'lat': None, 'lon': None}","{'rh': 36.9, 'temp': 24.9, 'wd': 0.0, 'ws': 0.0, 'ws_scalar': 0.0}","{'gas': {'co': 13503, 'co2': 13265, 'no': 13591, 'no2': 13770, 'o3': 13750}, 'pm': {'pm1': 13215, 'pm10': 13217, 'pm25': 13216}}",4.19,11.71,24.58,0.48,0.51,0.51,710806960,36.9,MOD-00618,24.9,2026-06-20T01:50:17,2026-06-19T18:50:17,https://api.quant-aq.com/v1/devices/MOD-00618/data/710806759
1492.97,593.24,"{'lat': None, 'lon': None}","{'rh': 37.0, 'temp': 24.9, 'wd': 0.0, 'ws': 0.0, 'ws_scalar': 0.0}","{'gas': {'co': 13503, 'co2': 13265, 'no': 13591, 'no2': 13770, 'o3': 13750}, 'pm': {'pm1': 13215, 'pm10': 13217, 'pm25': 13216}}",4.19,12.35,24.27,0.6,0.67,0.63,710806963,37.0,MOD-00618,24.9,2026-06-20T01:49:17,2026-06-19T18:49:17,https://api.quant-aq.com/v1/devices/MOD-00618/data/710806761
1500.21,601.19,"{'lat': None, 'lon': None}","{'rh': 37.2, 'temp': 24.9, 'wd': 0.0, 'ws': 0.0, 'ws_scalar': 0.0}","{'gas': {'co': 13503, 'co2': 13265, 'no': 13591, 'no2': 13770, 'o3': 13750}, 'pm': {'pm1': 13215, 'pm10': 13217, 'pm25': 13216}}",4.2,12.33,24.75,0.59,0.6,0.6,710806939,37.2,MOD-00618,24.9,2026-06-20T01:48:17,2026-06-19T18:48:17,https://api.quant-aq.com/v1/devices/MOD-00618/data/710806738
1510.4,600.83,"{'lat': None, 'lon': None}","{'rh': 37.3, 'temp': 24.9, 'wd': 0.0, 'ws': 0.0, 'ws_scalar': 0.0}","{'gas': {'co': 13503, 'co2': 13265, 'no': 13591, 'no2': 13770, 'o3': 13750}, 'pm': {'pm1': 13215, 'pm10': 13217, 'pm25': 13216}}",4.2,10.78,23.91,0.56,0.56,0.56,710806938,37.3,MOD-00618,24.9,2026-06-20T01:47:17,2026-06-19T18:47:17,https://api.quant-aq.com/v1/devices/MOD-00618/data/710806737
1516.49,601.56,"{'lat': None, 'lon': None}","{'rh': 37.4, 'temp': 24.9, 'wd': 0.0, 'ws': 0.0, 'ws_scalar': 0.0}","{'gas': {'co': 13503, 'co2': 13265, 'no': 13591, 'no2': 13770, 'o3': 13750}, 'pm': {'pm1': 13215, 'pm10': 13217, 'pm25': 13216}}",3.24,9.34,24.42,0.58,0.72,0.63,710806937,37.4,MOD-00618,24.9,2026-06-20T01:46:17,2026-06-19T18:46:17,https://api.quant-aq.com/v1/devices/MOD-00618/data/710806735
1525.86,604.33,"{'lat': None, 'lon': None}","{'rh': 37.5, 'temp': 24.9, 'wd': 0.0, 'ws': 0.0, 'ws_scalar': 0.0}","{'gas': {'co': 13503, 'co2': 13265, 'no': 13591, 'no2': 13770, 'o3': 13750}, 'pm': {'pm1': 13215, 'pm10': 13217, 'pm25': 13216}}",4.26,8.62,24.93,0.4,0.48,0.43,710806936,37.5,MOD-00618,24.9,2026-06-20T01:45:17,2026-06-19T18:45:17,https://api.quant-aq.com/v1/devices/MOD-00618/data/710806736
1534.34,604.69,"{'lat': None, 'lon': None}","{'rh': 37.7, 'temp': 24.9, 'wd': 0.0, 'ws': 0.0, 'ws_scalar': 0.0}","{'gas': {'co': 13503, 'co2': 13265, 'no': 13591, 'no2': 13770, 'o3': 13750}, 'pm': {'pm1': 13215, 'pm10': 13217, 'pm25': 13216}}",3.3,11.92,24.6,0.65,0.66,0.66,710806935,37.7,MOD-00618,24.9,2026-06-20T01:44:17,2026-06-19T18:44:17,https://api.quant-aq.com/v1/devices/MOD-00618/data/710806734
1545.28,608.06,"{'lat': None, 'lon': None}","{'rh': 37.9, 'temp': 24.9, 'wd': 0.0, 'ws': 0.0, 'ws_scalar': 0.0}","{'gas': {'co': 13503, 'co2': 13265, 'no': 13591, 'no2': 13770, 'o3': 13750}, 'pm': {'pm1': 13215, 'pm10': 13217, 'pm25': 13216}}",3.36,11.62,24.54,0.6,0.62,0.62,710806910,37.9,MOD-00618,24.9,2026-06-20T01:43:17,2026-06-19T18:43:17,https://api.quant-aq.com/v1/devices/MOD-00618/data/710806709
1551.82,611.07,"{'lat': None, 'lon': None}","{'rh': 38.1, 'temp': 25.0, 'wd': 0.0, 'ws': 0.0, 'ws_scalar': 0.0}","{'gas': {'co': 13503, 'co2': 13265, 'no': 13591, 'no2': 13770, 'o3': 13750}, 'pm': {'pm1': 13215, 'pm10': 13217, 'pm25': 13216}}",3.36,12.05,24.22,0.88,0.95,0.91,710806909,38.1,MOD-00618,25.0,2026-06-20T01:42:17,2026-06-19T18:42:17,https://api.quant-aq.com/v1/devices/MOD-00618/data/710806708
1561.94,616.85,"{'lat': None, 'lon': None}","{'rh': 38.3, 'temp': 25.0, 'wd': 0.0, 'ws': 0.0, 'ws_scalar': 0.0}","{'gas': {'co': 13503, 'co2': 13265, 'no': 13591, 'no2': 13770, 'o3': 13750}, 'pm': {'pm1': 13215, 'pm10': 13217, 'pm25': 13216}}",3.36,11.73,24.43,0.65,0.84,0.66,710806907,38.3,MOD-00618,25.0,2026-06-20T01:41:17,2026-06-19T18:41:17,https://api.quant-aq.com/v1/devices/MOD-00618/data/710806706
1572.06,615.05,"{'lat': None, 'lon': None}","{'rh': 38.5, 'temp': 25.0, 'wd': 0.0, 'ws': 0.0, 'ws_scalar': 0.0}","{'gas': {'co': 13503, 'co2': 13265, 'no': 13591, 'no2': 13770, 'o3': 13750}, 'pm': {'pm1': 13215, 'pm10': 13217, 'pm25': 13216}}",3.32,11.84,24.37,0.87,0.87,0.87,710806908,38.5,MOD-00618,25.0,2026-06-20T01:40:17,2026-06-19T18:40:17,https://api.quant-aq.com/v1/devices/MOD-00618/data/710806707
1574.79,618.42,"{'lat': None, 'lon': None}","{'rh': 38.7, 'temp': 25.0, 'wd': 0.0, 'ws': 0.0, 'ws_scalar': 0.0}","{'gas': {'co': 13503, 'co2': 13265, 'no': 13591, 'no2': 13770, 'o3': 13750}, 'pm': {'pm1': 13215, 'pm10': 13217, 'pm25': 13216}}",3.32,12.58,24.85,0.85,0.86,0.86,710806906,38.7,MOD-00618,25.0,2026-06-20T01:39:17,2026-06-19T18:39:17,https://api.quant-aq.com/v1/devices/MOD-00618/data/710806703
1582.11,617.45,"{'lat': None, 'lon': None}","{'rh': 38.8, 'temp': 25.0, 'wd': 0.0, 'ws': 0.0, 'ws_scalar': 0.0}","{'gas': {'co': 13503, 'co2': 13265, 'no': 13591, 'no2': 13770, 'o3': 13750}, 'pm': {'pm1': 13215, 'pm10': 13217, 'pm25': 13216}}",3.32,12.5,24.55,0.74,0.78,0.78,710806887,38.8,MOD-00618,25.0,2026-06-20T01:38:17,2026-06-19T18:38:17,https://api.quant-aq.com/v1/devices/MOD-00618/data/710806686
1589.76,622.15,"{'lat': None, 'lon': None}","{'rh': 39.0, 'temp': 25.0, 'wd': 0.0, 'ws': 0.0, 'ws_scalar': 0.0}","{'gas': {'co': 13503, 'co2': 13265, 'no': 13591, 'no2': 13770, 'o3': 13750}, 'pm': {'pm1': 13215, 'pm10': 13217, 'pm25': 13216}}",3.32,12.43,24.76,0.71,0.79,0.75,710806886,39.0,MOD-00618,25.0,2026-06-20T01:37:17,2026-06-19T18:37:17,https://api.quant-aq.com/v1/devices/MOD-00618/data/710806685
1597.49,627.21,"{'lat': None, 'lon': None}","{'rh': 39.1, 'temp': 25.0, 'wd': 0.0, 'ws': 0.0, 'ws_scalar': 0.0}","{'gas': {'co': 13503, 'co2': 13265, 'no': 13591, 'no2': 13770, 'o3': 13750}, 'pm': {'pm1': 13215, 'pm10': 13217, 'pm25': 13216}}",3.36,10.75,25.55,0.51,0.53,0.53,710806888,39.1,MOD-00618,25.0,2026-06-20T01:36:17,2026-06-19T18:36:17,https://api.quant-aq.com/v1/devices/MOD-00618/data/710806687
1599.47,629.14,"{'lat': None, 'lon': None}","{'rh': 39.2, 'temp': 25.0, 'wd': 0.0, 'ws': 0.0, 'ws_scalar': 0.0}","{'gas': {'co': 13503, 'co2': 13265, 'no': 13591, 'no2': 13770, 'o3': 13750}, 'pm': {'pm1': 13215, 'pm10': 13217, 'pm25': 13216}}",3.36,10.39,25.8,0.59,1.09,0.59,710806884,39.2,MOD-00618,25.0,2026-06-20T01:35:17,2026-06-19T18:35:17,https://api.quant-aq.com/v1/devices/MOD-00618/data/710806683
1608.92,626.49,"{'lat': None, 'lon': None}","{'rh': 39.2, 'temp': 25.0, 'wd': 0.0, 'ws': 0.0, 'ws_scalar': 0.0}","{'gas': {'co': 13503, 'co2': 13265, 'no': 13591, 'no2': 13770, 'o3': 13750}, 'pm': {'pm1': 13215, 'pm10': 13217, 'pm25': 13216}}",3.35,10.39,25.25,0.65,0.67,0.67,710806885,39.2,MOD-00618,25.0,2026-06-20T01:34:17,2026-06-19T18:34:17,https://api.quant-aq.com/v1/devices/MOD-00618/data/710806684
1618.77,631.79,"{'lat': None, 'lon': None}","{'rh': 39.2, 'temp': 25.0, 'wd': 0.0, 'ws': 0.0, 'ws_scalar': 0.0}","{'gas': {'co': 13503, 'co2': 13265, 'no': 13591, 'no2': 13770, 'o3': 13750}, 'pm': {'pm1': 13215, 'pm10': 13217, 'pm25': 13216}}",3.36,10.39,25.52,0.72,0.77,0.77,710806865,39.2,MOD-00618,25.0,2026-06-20T01:33:17,2026-06-19T18:33:17,https://api.quant-aq.com/v1/devices/MOD-00618/data/710806665
1621.64,633.23,"{'lat': None, 'lon': None}","{'rh': 39.2, 'temp': 25.0, 'wd': 0.0, 'ws': 0.0, 'ws_scalar': 0.0}","{'gas': {'co': 13503, 'co2': 13265, 'no': 13591, 'no2': 13770, 'o3': 13750}, 'pm': {'pm1': 13215, 'pm10': 13217, 'pm25': 13216}}",3.36,10.26,25.8,0.73,0.77,0.77,710806864,39.2,MOD-00618,25.0,2026-06-20T01:32:17,2026-06-19T18:32:17,https://api.quant-aq.com/v1/devices/MOD-00618/data/710806663
1628.21,635.64,"{'lat': None, 'lon': None}","{'rh': 39.2, 'temp': 25.0, 'wd': 0.0, 'ws': 0.0, 'ws_scalar': 0.0}","{'gas': {'co': 13503, 'co2': 13265, 'no': 13591, 'no2': 13770, 'o3': 13750}, 'pm': {'pm1': 13215, 'pm10': 13217, 'pm25': 13216}}",3.36,10.39,25.52,0.77,0.87,0.83,710806863,39.2,MOD-00618,25.0,2026-06-20T01:31:17,2026-06-19T18:31:17,https://api.quant-aq.com/v1/devices/MOD-00618/data/710806662
1627.39,638.17,"{'lat': None, 'lon': None}","{'rh': 39.2, 'temp': 25.0, 'wd': 0.0, 'ws': 0.0, 'ws_scalar': 0.0}","{'gas': {'co': 13503, 'co2': 13265, 'no': 13591, 'no2': 13770, 'o3': 13750}, 'pm': {'pm1': 13215, 'pm10': 13217, 'pm25': 13216}}",3.36,10.39,25.25,0.76,0.89,0.81,710806866,39.2,MOD-00618,25.0,2026-06-20T01:30:17,2026-06-19T18:30:17,https://api.quant-aq.com/v1/devices/MOD-00618/data/710806664
1638.06,639.38,"{'lat': None, 'lon': None}","{'rh': 39.2, 'temp': 25.0, 'wd': 0.0, 'ws': 0.0, 'ws_scalar': 0.0}","{'gas': {'co': 13503, 'co2': 13265, 'no': 13591, 'no2': 13770, 'o3': 13750}, 'pm': {'pm1': 13215, 'pm10': 13217, 'pm25': 13216}}",3.36,10.34,25.25,0.6,0.63,0.63,710806867,39.2,MOD-00618,25.0,2026-06-20T01:29:17,2026-06-19T18:29:17,https://api.quant-aq.com/v1/devices/MOD-00618/data/710806666
1636.42,643.23,"{'lat': None, 'lon': None}","{'rh': 39.2, 'temp': 25.0, 'wd': 0.0, 'ws': 0.0, 'ws_scalar': 0.0}","{'gas': {'co': 13503, 'co2': 13265, 'no': 13591, 'no2': 13770, 'o3': 13750}, 'pm': {'pm1': 13215, 'pm10': 13217, 'pm25': 13216}}",3.36,10.34,25.8,0.76,0.95,0.78,710806838,39.2,MOD-00618,25.0,2026-06-20T01:28:17,2026-06-19T18:28:17,https://api.quant-aq.com/v1/devices/MOD-00618/data/710806637
1638.95,648.29,"{'lat': None, 'lon': None}","{'rh': 39.1, 'temp': 25.0, 'wd': 0.0, 'ws': 0.0, 'ws_scalar': 0.0}","{'gas': {'co': 13503, 'co2': 13265, 'no': 13591, 'no2': 13770, 'o3': 13750}, 'pm': {'pm1': 13215, 'pm10': 13217, 'pm25': 13216}}",3.35,10.75,25.83,0.93,0.95,0.95,710806840,39.1,MOD-00618,25.0,2026-06-20T01:27:17,2026-06-19T18:27:17,https://api.quant-aq.com/v1/devices/MOD-00618/data/710806638
1646.07,649.49,"{'lat': None, 'lon': None}","{'rh': 38.9, 'temp': 25.0, 'wd': 0.0, 'ws': 0.0, 'ws_scalar': 0.0}","{'gas': {'co': 13503, 'co2': 13265, 'no': 13591, 'no2': 13770, 'o3': 13750}, 'pm': {'pm1': 13215, 'pm10': 13217, 'pm25': 13216}}",3.32,12.49,25.34,0.72,11.2,0.77,710806842,38.9,MOD-00618,25.0,2026-06-20T01:26:17,2026-06-19T18:26:17,https://api.quant-aq.com/v1/devices/MOD-00618/data/710806640
1650.25,653.47,"{'lat': None, 'lon': None}","{'rh': 38.8, 'temp': 25.0, 'wd': 0.0, 'ws': 0.0, 'ws_scalar': 0.0}","{'gas': {'co': 13503, 'co2': 13265, 'no': 13591, 'no2': 13770, 'o3': 13750}, 'pm': {'pm1': 13215, 'pm10': 13217, 'pm25': 13216}}",3.32,13.15,25.37,0.79,1.01,0.84,710806839,38.8,MOD-00618,25.0,2026-06-20T01:25:17,2026-06-19T18:25:17,https://api.quant-aq.com/v1/devices/MOD-00618/data/710806639
1649.02,652.99,"{'lat': None, 'lon': None}","{'rh': 38.8, 'temp': 25.0, 'wd': 0.0, 'ws': 0.0, 'ws_scalar': 0.0}","{'gas': {'co': 13503, 'co2': 13265, 'no': 13591, 'no2': 13770, 'o3': 13750}, 'pm': {'pm1': 13215, 'pm10': 13217, 'pm25': 13216}}",3.32,12.55,24.82,0.68,2.38,0.74,710806841,38.8,MOD-00618,25.0,2026-06-20T01:24:17,2026-06-19T18:24:17,https://api.quant-aq.com/v1/devices/MOD-00618/data/710806641
1653.68,658.53,"{'lat': None, 'lon': None}","{'rh': 38.6, 'temp': 25.0, 'wd': 0.0, 'ws': 0.0, 'ws_scalar': 0.0}","{'gas': {'co': 13503, 'co2': 13265, 'no': 13591, 'no2': 13770, 'o3': 13750}, 'pm': {'pm1': 13215, 'pm10': 13217, 'pm25': 13216}}",3.35,12.57,25.43,0.7,6.53,0.75,710806834,38.6,MOD-00618,25.0,2026-06-20T01:23:17,2026-06-19T18:23:17,https://api.quant-aq.com/v1/devices/MOD-00618/data/710806633
1649.37,661.54,"{'lat': None, 'lon': None}","{'rh': 38.3, 'temp': 25.0, 'wd': 0.0, 'ws': 0.0, 'ws_scalar': 0.0}","{'gas': {'co': 13503, 'co2': 13265, 'no': 13591, 'no2': 13770, 'o3': 13750}, 'pm': {'pm1': 13215, 'pm10': 13217, 'pm25': 13216}}",3.32,12.05,25.52,0.63,0.89,0.7,710806835,38.3,MOD-00618,25.0,2026-06-20T01:22:17,2026-06-19T18:22:17,https://api.quant-aq.com/v1/devices/MOD-00618/data/710806634
1656.42,661.06,"{'lat': None, 'lon': None}","{'rh': 38.2, 'temp': 25.0, 'wd': 0.0, 'ws': 0.0, 'ws_scalar': 0.0}","{'gas': {'co': 13503, 'co2': 13265, 'no': 13591, 'no2': 13770, 'o3': 13750}, 'pm': {'pm1': 13215, 'pm10': 13217, 'pm25': 13216}}",3.35,22.5,25.01,0.49,0.65,0.56,710806833,38.2,MOD-00618,25.0,2026-06-20T01:21:17,2026-06-19T18:21:17,https://api.quant-aq.com/v1/devices/MOD-00618/data/710806632
1657.8,667.2,"{'lat': None, 'lon': None}","{'rh': 38.0, 'temp': 25.0, 'wd': 0.0, 'ws': 0.0, 'ws_scalar': 0.0}","{'gas': {'co': 13503, 'co2': 13265, 'no': 13591, 'no2': 13770, 'o3': 13750}, 'pm': {'pm1': 13215, 'pm10': 13217, 'pm25': 13216}}",3.35,19.85,24.79,0.81,1.72,0.85,710806837,38.0,MOD-00618,25.0,2026-06-20T01:20:17,2026-06-19T18:20:17,https://api.quant-aq.com/v1/devices/MOD-00618/data/710806636
1657.12,668.4,"{'lat': None, 'lon': None}","{'rh': 37.8, 'temp': 25.0, 'wd': 0.0, 'ws': 0.0, 'ws_scalar': 0.0}","{'gas': {'co': 13503, 'co2': 13265, 'no': 13591, 'no2': 13770, 'o3': 13750}, 'pm': {'pm1': 13215, 'pm10': 13217, 'pm25': 13216}}",3.29,22.28,24.86,0.8,1.55,0.94,710806836,37.8,MOD-00618,25.0,2026-06-20T01:19:17,2026-06-19T18:19:17,https://api.quant-aq.com/v1/devices/MOD-00618/data/710806635
1653.57,665.27,"{'lat': None, 'lon': None}","{'rh': 37.6, 'temp': 25.0, 'wd': 0.0, 'ws': 0.0, 'ws_scalar': 0.0}","{'gas': {'co': 13503, 'co2': 13265, 'no': 13591, 'no2': 13770, 'o3': 13750}, 'pm': {'pm1': 13215, 'pm10': 13217, 'pm25': 13216}}",3.29,20.8,25.19,0.56,3.2,0.66,710806827,37.6,MOD-00618,25.0,2026-06-20T01:18:17,2026-06-19T18:18:17,https://api.quant-aq.com/v1/devices/MOD-00618/data/710806626
1650.5,673.1,"{'lat': None, 'lon': None}","{'rh': 37.3, 'temp': 25.0, 'wd': 0.0, 'ws': 0.0, 'ws_scalar': 0.0}","{'gas': {'co': 13503, 'co2': 13265, 'no': 13591, 'no2': 13770, 'o3': 13750}, 'pm': {'pm1': 13215, 'pm10': 13217, 'pm25': 13216}}",3.23,21.58,24.74,0.64,0.68,0.68,710806825,37.3,MOD-00618,25.0,2026-06-20T01:17:17,2026-06-19T18:17:17,https://api.quant-aq.com/v1/devices/MOD-00618/data/710806624
1655.63,678.04,"{'lat': None, 'lon': None}","{'rh': 37.0, 'temp': 25.0, 'wd': 0.0, 'ws': 0.0, 'ws_scalar': 0.0}","{'gas': {'co': 13503, 'co2': 13265, 'no': 13591, 'no2': 13770, 'o3': 13750}, 'pm': {'pm1': 13215, 'pm10': 13217, 'pm25': 13216}}",4.19,12.39,24.83,0.74,3.23,0.75,710806826,37.0,MOD-00618,25.0,2026-06-20T01:16:17,2026-06-19T18:16:17,https://api.quant-aq.com/v1/devices/MOD-00618/data/710806625
1656.19,681.65,"{'lat': None, 'lon': None}","{'rh': 36.8, 'temp': 25.0, 'wd': 0.0, 'ws': 0.0, 'ws_scalar': 0.0}","{'gas': {'co': 13503, 'co2': 13265, 'no': 13591, 'no2': 13770, 'o3': 13750}, 'pm': {'pm1': 13215, 'pm10': 13217, 'pm25': 13216}}",3.16,21.21,24.9,0.59,0.82,0.64,710806824,36.8,MOD-00618,25.0,2026-06-20T01:15:17,2026-06-19T18:15:17,https://api.quant-aq.com/v1/devices/MOD-00618/data/710806622
1645.32,680.93,"{'lat': None, 'lon': None}","{'rh': 36.5, 'temp': 25.0, 'wd': 0.0, 'ws': 0.0, 'ws_scalar': 0.0}","{'gas': {'co': 13503, 'co2': 13265, 'no': 13591, 'no2': 13770, 'o3': 13750}, 'pm': {'pm1': 13215, 'pm10': 13217, 'pm25': 13216}}",3.57,11.66,24.99,0.64,1.27,0.7,710806823,36.5,MOD-00618,25.0,2026-06-20T01:14:17,2026-06-19T18:14:17,https://api.quant-aq.com/v1/devices/MOD-00618/data/710806623
1641.76,679.12,"{'lat': None, 'lon': None}","{'rh': 36.3, 'temp': 25.0, 'wd': 0.0, 'ws': 0.0, 'ws_scalar': 0.0}","{'gas': {'co': 13503, 'co2': 13265, 'no': 13591, 'no2': 13770, 'o3': 13750}, 'pm': {'pm1': 13215, 'pm10': 13217, 'pm25': 13216}}",3.57,12.54,24.24,0.87,8.44,1.02,710806812,36.3,MOD-00618,25.0,2026-06-20T01:13:17,2026-06-19T18:13:17,https://api.quant-aq.com/v1/devices/MOD-00618/data/710806611
1646.49,686.71,"{'lat': None, 'lon': None}","{'rh': 36.0, 'temp': 25.0, 'wd': 0.0, 'ws': 0.0, 'ws_scalar': 0.0}","{'gas': {'co': 13503, 'co2': 13265, 'no': 13591, 'no2': 13770, 'o3': 13750}, 'pm': {'pm1': 13215, 'pm10': 13217, 'pm25': 13216}}",3.56,13.5,24.34,0.72,2.22,0.91,710806808,36.0,MOD-00618,25.0,2026-06-20T01:12:17,2026-06-19T18:12:17,https://api.quant-aq.com/v1/devices/MOD-00618/data/710806607
1631.45,690.56,"{'lat': None, 'lon': None}","{'rh': 35.8, 'temp': 25.0, 'wd': 0.0, 'ws': 0.0, 'ws_scalar': 0.0}","{'gas': {'co': 13503, 'co2': 13265, 'no': 13591, 'no2': 13770, 'o3': 13750}, 'pm': {'pm1': 13215, 'pm10': 13217, 'pm25': 13216}}",3.56,13.97,24.13,0.87,1.55,0.98,710806811,35.8,MOD-00618,25.0,2026-06-20T01:11:17,2026-06-19T18:11:17,https://api.quant-aq.com/v1/devices/MOD-00618/data/710806610
1627.34,690.93,"{'lat': None, 'lon': None}","{'rh': 35.8, 'temp': 25.0, 'wd': 0.0, 'ws': 0.0, 'ws_scalar': 0.0}","{'gas': {'co': 13503, 'co2': 13265, 'no': 13591, 'no2': 13770, 'o3': 13750}, 'pm': {'pm1': 13215, 'pm10': 13217, 'pm25': 13216}}",3.56,19.38,23.59,0.63,1.95,0.81,710806810,35.8,MOD-00618,25.0,2026-06-20T01:10:17,2026-06-19T18:10:17,https://api.quant-aq.com/v1/devices/MOD-00618/data/710806609
1615.85,694.18,"{'lat': None, 'lon': None}","{'rh': 35.8, 'temp': 25.0, 'wd': 0.0, 'ws': 0.0, 'ws_scalar': 0.0}","{'gas': {'co': 13503, 'co2': 13265, 'no': 13591, 'no2': 13770, 'o3': 13750}, 'pm': {'pm1': 13215, 'pm10': 13217, 'pm25': 13216}}",3.56,13.71,24.13,0.84,6.98,0.98,710806809,35.8,MOD-00618,25.0,2026-06-20T01:09:17,2026-06-19T18:09:17,https://api.quant-aq.com/v1/devices/MOD-00618/data/710806608
1603.46,700.32,"{'lat': None, 'lon': None}","{'rh': 35.9, 'temp': 25.0, 'wd': 0.0, 'ws': 0.0, 'ws_scalar': 0.0}","{'gas': {'co': 13503, 'co2': 13265, 'no': 13591, 'no2': 13770, 'o3': 13750}, 'pm': {'pm1': 13215, 'pm10': 13217, 'pm25': 13216}}",3.57,13.36,23.83,0.92,2.55,1.09,710806778,35.9,MOD-00618,25.0,2026-06-20T01:08:17,2026-06-19T18:08:17,https://api.quant-aq.com/v1/devices/MOD-00618/data/710806577
1582.86,701.16,"{'lat': None, 'lon': None}","{'rh': 36.0, 'temp': 25.0, 'wd': 0.0, 'ws': 0.0, 'ws_scalar': 0.0}","{'gas': {'co': 13503, 'co2': 13265, 'no': 13591, 'no2': 13770, 'o3': 13750}, 'pm': {'pm1': 13215, 'pm10': 13217, 'pm25': 13216}}",3.57,12.99,23.8,0.67,4.69,0.84,710806781,36.0,MOD-00618,25.0,2026-06-20T01:07:17,2026-06-19T18:07:17,https://api.quant-aq.com/v1/devices/MOD-00618/data/710806580
1561.45,704.3,"{'lat': None, 'lon': None}","{'rh': 36.1, 'temp': 25.0, 'wd': 0.0, 'ws': 0.0, 'ws_scalar': 0.0}","{'gas': {'co': 13503, 'co2': 13265, 'no': 13591, 'no2': 13770, 'o3': 13750}, 'pm': {'pm1': 13215, 'pm10': 13217, 'pm25': 13216}}",3.57,12.8,24.03,0.57,10.06,0.82,710806775,36.1,MOD-00618,25.0,2026-06-20T01:06:17,2026-06-19T18:06:17,https://api.quant-aq.com/v1/devices/MOD-00618/data/710806575
1537.64,711.64,"{'lat': None, 'lon': None}","{'rh': 36.1, 'temp': 25.0, 'wd': 0.0, 'ws': 0.0, 'ws_scalar': 0.0}","{'gas': {'co': 13503, 'co2': 13265, 'no': 13591, 'no2': 13770, 'o3': 13750}, 'pm': {'pm1': 13215, 'pm10': 13217, 'pm25': 13216}}",3.56,12.82,24.3,0.8,12.15,1.16,710806779,36.1,MOD-00618,25.0,2026-06-20T01:05:17,2026-06-19T18:05:17,https://api.quant-aq.com/v1/devices/MOD-00618/data/710806578
1513.76,716.34,"{'lat': None, 'lon': None}","{'rh': 36.2, 'temp': 25.0, 'wd': 0.0, 'ws': 0.0, 'ws_scalar': 0.0}","{'gas': {'co': 13503, 'co2': 13265, 'no': 13591, 'no2': 13770, 'o3': 13750}, 'pm': {'pm1': 13215, 'pm10': 13217, 'pm25': 13216}}",3.57,12.55,24.27,0.8,13.89,1.06,710806760,36.2,MOD-00618,25.0,2026-06-20T01:04:17,2026-06-19T18:04:17,https://api.quant-aq.com/v1/devices/MOD-00618/data/710806559
1482.9,718.63,"{'lat': None, 'lon': None}","{'rh': 36.3, 'temp': 25.0, 'wd': 0.0, 'ws': 0.0, 'ws_scalar': 0.0}","{'gas': {'co': 13503, 'co2': 13265, 'no': 13591, 'no2': 13770, 'o3': 13750}, 'pm': {'pm1': 13215, 'pm10': 13217, 'pm25': 13216}}",3.57,11.74,23.97,0.73,7.66,1.05,710806759,36.3,MOD-00618,25.0,2026-06-20T01:03:17,2026-06-19T18:03:17,https://api.quant-aq.com/v1/devices/MOD-00618/data/710806558
1449.57,722.36,"{'lat': None, 'lon': None}","{'rh': 36.4, 'temp': 25.0, 'wd': 0.0, 'ws': 0.0, 'ws_scalar': 0.0}","{'gas': {'co': 13503, 'co2': 13265, 'no': 13591, 'no2': 13770, 'o3': 13750}, 'pm': {'pm1': 13215, 'pm10': 13217, 'pm25': 13216}}",3.54,11.67,23.67,1.36,25.74,1.8,710806758,36.4,MOD-00618,25.0,2026-06-20T01:02:17,2026-06-19T18:02:17,https://api.quant-aq.com/v1/devices/MOD-00618/data/710806557
1417.82,729.95,"{'lat': None, 'lon': None}","{'rh': 36.6, 'temp': 25.0, 'wd': 0.0, 'ws': 0.0, 'ws_scalar': 0.0}","{'gas': {'co': 13503, 'co2': 13265, 'no': 13591, 'no2': 13770, 'o3': 13750}, 'pm': {'pm1': 13215, 'pm10': 13217, 'pm25': 13216}}",4.18,11.68,24.15,0.77,12.78,1.23,710806757,36.6,MOD-00618,25.0,2026-06-20T01:01:17,2026-06-19T18:01:17,https://api.quant-aq.com/v1/devices/MOD-00618/data/710806556
1388.75,732.0,"{'lat': None, 'lon': None}","{'rh': 36.5, 'temp': 25.0, 'wd': 0.0, 'ws': 0.0, 'ws_scalar': 0.0}","{'gas': {'co': 13503, 'co2': 13265, 'no': 13591, 'no2': 13770, 'o3': 13750}, 'pm': {'pm1': 13215, 'pm10': 13217, 'pm25': 13216}}",3.54,11.6,24.45,0.74,14.25,1.16,710806756,36.5,MOD-00618,25.0,2026-06-20T01:00:17,2026-06-19T18:00:17,https://api.quant-aq.com/v1/devices/MOD-00618/data/710806555
1364.83,738.02,"{'lat': None, 'lon': None}","{'rh': 36.8, 'temp': 25.1, 'wd': 0.0, 'ws': 0.0, 'ws_scalar': 0.0}","{'gas': {'co': 13503, 'co2': 13265, 'no': 13591, 'no2': 13770, 'o3': 13750}, 'pm': {'pm1': 13215, 'pm10': 13217, 'pm25': 13216}}",4.19,12.36,24.1,0.58,32.24,1.28,710806753,36.8,MOD-00618,25.1,2026-06-20T00:59:17,2026-06-19T17:59:17,https://api.quant-aq.com/v1/devices/MOD-00618/data/710806553
1351.43,731.64,"{'lat': None, 'lon': None}","{'rh': 36.6, 'temp': 25.1, 'wd': 0.0, 'ws': 0.0, 'ws_scalar': 0.0}","{'gas': {'co': 13503, 'co2': 13265, 'no': 13591, 'no2': 13770, 'o3': 13750}, 'pm': {'pm1': 13215, 'pm10': 13217, 'pm25': 13216}}",4.18,11.62,24.16,0.89,40.72,1.65,710806754,36.6,MOD-00618,25.1,2026-06-20T00:58:17,2026-06-19T17:58:17,https://api.quant-aq.com/v1/devices/MOD-00618/data/710806552
1346.91,733.8,"{'lat': None, 'lon': None}","{'rh': 36.6, 'temp': 25.1, 'wd': 0.0, 'ws': 0.0, 'ws_scalar': 0.0}","{'gas': {'co': 13503, 'co2': 13265, 'no': 13591, 'no2': 13770, 'o3': 13750}, 'pm': {'pm1': 13215, 'pm10': 13217, 'pm25': 13216}}",4.18,11.54,23.89,0.86,24.06,1.35,710806755,36.6,MOD-00618,25.1,2026-06-20T00:57:17,2026-06-19T17:57:17,https://api.quant-aq.com/v1/devices/MOD-00618/data/710806554
1343.56,742.6,"{'lat': None, 'lon': None}","{'rh': 36.7, 'temp': 25.1, 'wd': 0.0, 'ws': 0.0, 'ws_scalar': 0.0}","{'gas': {'co': 13503, 'co2': 13265, 'no': 13591, 'no2': 13770, 'o3': 13750}, 'pm': {'pm1': 13215, 'pm10': 13217, 'pm25': 13216}}",4.19,11.69,24.94,0.88,13.79,1.42,710806732,36.7,MOD-00618,25.1,2026-06-20T00:56:17,2026-06-19T17:56:17,https://api.quant-aq.com/v1/devices/MOD-00618/data/710806531
1344.45,728.38,"{'lat': None, 'lon': None}","{'rh': 36.6, 'temp': 25.1, 'wd': 0.0, 'ws': 0.0, 'ws_scalar': 0.0}","{'gas': {'co': 13503, 'co2': 13265, 'no': 13591, 'no2': 13770, 'o3': 13750}, 'pm': {'pm1': 13215, 'pm10': 13217, 'pm25': 13216}}",3.54,11.7,23.89,0.73,12.78,1.23,710806733,36.6,MOD-00618,25.1,2026-06-20T00:55:17,2026-06-19T17:55:17,https://api.quant-aq.com/v1/devices/MOD-00618/data/710806532
1339.86,729.59,"{'lat': None, 'lon': None}","{'rh': 36.7, 'temp': 25.1, 'wd': 0.0, 'ws': 0.0, 'ws_scalar': 0.0}","{'gas': {'co': 13503, 'co2': 13265, 'no': 13591, 'no2': 13770, 'o3': 13750}, 'pm': {'pm1': 13215, 'pm10': 13217, 'pm25': 13216}}",4.19,11.69,24.13,0.97,8.8,1.34,710806735,36.7,MOD-00618,25.1,2026-06-20T00:54:17,2026-06-19T17:54:17,https://api.quant-aq.com/v1/devices/MOD-00618/data/710806533
1340.61,736.33,"{'lat': None, 'lon': None}","{'rh': 36.8, 'temp': 25.1, 'wd': 0.0, 'ws': 0.0, 'ws_scalar': 0.0}","{'gas': {'co': 13503, 'co2': 13265, 'no': 13591, 'no2': 13770, 'o3': 13750}, 'pm': {'pm1': 13215, 'pm10': 13217, 'pm25': 13216}}",4.19,11.44,24.1,0.99,15.44,1.25,710806734,36.8,MOD-00618,25.1,2026-06-20T00:53:17,2026-06-19T17:53:17,https://api.quant-aq.com/v1/devices/MOD-00618/data/710806534
1345.47,744.16,"{'lat': None, 'lon': None}","{'rh': 36.9, 'temp': 25.1, 'wd': 0.0, 'ws': 0.0, 'ws_scalar': 0.0}","{'gas': {'co': 13503, 'co2': 13265, 'no': 13591, 'no2': 13770, 'o3': 13750}, 'pm': {'pm1': 13215, 'pm10': 13217, 'pm25': 13216}}",4.19,11.9,24.34,0.88,20.67,1.53,710806714,36.9,MOD-00618,25.1,2026-06-20T00:52:17,2026-06-19T17:52:17,https://api.quant-aq.com/v1/devices/MOD-00618/data/710806514
1339.31,753.08,"{'lat': None, 'lon': None}","{'rh': 36.9, 'temp': 25.1, 'wd': 0.0, 'ws': 0.0, 'ws_scalar': 0.0}","{'gas': {'co': 13503, 'co2': 13265, 'no': 13591, 'no2': 13770, 'o3': 13750}, 'pm': {'pm1': 13215, 'pm10': 13217, 'pm25': 13216}}",4.19,11.9,23.8,0.79,19.68,1.41,710806716,36.9,MOD-00618,25.1,2026-06-20T00:51:17,2026-06-19T17:51:17,https://api.quant-aq.com/v1/devices/MOD-00618/data/710806515
1340.61,752.71,"{'lat': None, 'lon': None}","{'rh': 36.8, 'temp': 25.1, 'wd': 0.0, 'ws': 0.0, 'ws_scalar': 0.0}","{'gas': {'co': 13503, 'co2': 13265, 'no': 13591, 'no2': 13770, 'o3': 13750}, 'pm': {'pm1': 13215, 'pm10': 13217, 'pm25': 13216}}",4.19,11.44,23.83,0.87,8.4,1.5,710806715,36.8,MOD-00618,25.1,2026-06-20T00:50:17,2026-06-19T17:50:17,https://api.quant-aq.com/v1/devices/MOD-00618/data/710806513
1336.37,749.1,"{'lat': None, 'lon': None}","{'rh': 37.0, 'temp': 25.1, 'wd': 0.0, 'ws': 0.0, 'ws_scalar': 0.0}","{'gas': {'co': 13503, 'co2': 13265, 'no': 13591, 'no2': 13770, 'o3': 13750}, 'pm': {'pm1': 13215, 'pm10': 13217, 'pm25': 13216}}",4.19,10.85,24.04,1.05,17.39,1.7,710806713,37.0,MOD-00618,25.1,2026-06-20T00:49:17,2026-06-19T17:49:17,https://api.quant-aq.com/v1/devices/MOD-00618/data/710806512
1330.07,750.18,"{'lat': None, 'lon': None}","{'rh': 37.2, 'temp': 25.1, 'wd': 0.0, 'ws': 0.0, 'ws_scalar': 0.0}","{'gas': {'co': 13503, 'co2': 13265, 'no': 13591, 'no2': 13770, 'o3': 13750}, 'pm': {'pm1': 13215, 'pm10': 13217, 'pm25': 13216}}",4.2,10.79,23.97,1.09,39.58,1.64,710806695,37.2,MOD-00618,25.1,2026-06-20T00:48:17,2026-06-19T17:48:17,https://api.quant-aq.com/v1/devices/MOD-00618/data/710806494
1332.12,754.52,"{'lat': None, 'lon': None}","{'rh': 37.2, 'temp': 25.1, 'wd': 0.0, 'ws': 0.0, 'ws_scalar': 0.0}","{'gas': {'co': 13503, 'co2': 13265, 'no': 13591, 'no2': 13770, 'o3': 13750}, 'pm': {'pm1': 13215, 'pm10': 13217, 'pm25': 13216}}",4.2,9.38,24.24,0.74,15.76,1.48,710806696,37.2,MOD-00618,25.1,2026-06-20T00:47:17,2026-06-19T17:47:17,https://api.quant-aq.com/v1/devices/MOD-00618/data/710806495
1325.82,769.09,"{'lat': None, 'lon': None}","{'rh': 37.4, 'temp': 25.1, 'wd': 0.0, 'ws': 0.0, 'ws_scalar': 0.0}","{'gas': {'co': 13503, 'co2': 13265, 'no': 13591, 'no2': 13770, 'o3': 13750}, 'pm': {'pm1': 13215, 'pm10': 13217, 'pm25': 13216}}",4.2,7.61,24.18,0.81,37.57,1.62,710806697,37.4,MOD-00618,25.1,2026-06-20T00:46:17,2026-06-19T17:46:17,https://api.quant-aq.com/v1/devices/MOD-00618/data/710806496
1319.32,759.94,"{'lat': None, 'lon': None}","{'rh': 37.3, 'temp': 25.1, 'wd': 0.0, 'ws': 0.0, 'ws_scalar': 0.0}","{'gas': {'co': 13503, 'co2': 13265, 'no': 13591, 'no2': 13770, 'o3': 13750}, 'pm': {'pm1': 13215, 'pm10': 13217, 'pm25': 13216}}",4.2,7.47,24.21,0.77,34.52,1.44,710806698,37.3,MOD-00618,25.1,2026-06-20T00:45:17,2026-06-19T17:45:17,https://api.quant-aq.com/v1/devices/MOD-00618/data/710806497
1307.76,768.01,"{'lat': None, 'lon': None}","{'rh': 37.4, 'temp': 25.1, 'wd': 0.0, 'ws': 0.0, 'ws_scalar': 0.0}","{'gas': {'co': 13503, 'co2': 13265, 'no': 13591, 'no2': 13770, 'o3': 13750}, 'pm': {'pm1': 13215, 'pm10': 13217, 'pm25': 13216}}",4.2,8.84,24.18,0.66,29.24,1.44,710806684,37.4,MOD-00618,25.1,2026-06-20T00:44:17,2026-06-19T17:44:17,https://api.quant-aq.com/v1/devices/MOD-00618/data/710806483
1302.01,755.48,"{'lat': None, 'lon': None}","{'rh': 37.4, 'temp': 25.1, 'wd': 0.0, 'ws': 0.0, 'ws_scalar': 0.0}","{'gas': {'co': 13503, 'co2': 13265, 'no': 13591, 'no2': 13770, 'o3': 13750}, 'pm': {'pm1': 13215, 'pm10': 13217, 'pm25': 13216}}",4.2,8.84,24.45,1.1,16.57,1.57,710806682,37.4,MOD-00618,25.1,2026-06-20T00:43:17,2026-06-19T17:43:17,https://api.quant-aq.com/v1/devices/MOD-00618/data/710806482
1291.82,739.34,"{'lat': None, 'lon': None}","{'rh': 37.3, 'temp': 25.1, 'wd': 0.0, 'ws': 0.0, 'ws_scalar': 0.0}","{'gas': {'co': 13503, 'co2': 13265, 'no': 13591, 'no2': 13770, 'o3': 13750}, 'pm': {'pm1': 13215, 'pm10': 13217, 'pm25': 13216}}",4.2,8.49,24.21,0.88,16.67,1.31,710806683,37.3,MOD-00618,25.1,2026-06-20T00:42:17,2026-06-19T17:42:17,https://api.quant-aq.com/v1/devices/MOD-00618/data/710806481
1292.57,733.56,"{'lat': None, 'lon': None}","{'rh': 37.4, 'temp': 25.1, 'wd': 0.0, 'ws': 0.0, 'ws_scalar': 0.0}","{'gas': {'co': 13503, 'co2': 13265, 'no': 13591, 'no2': 13770, 'o3': 13750}, 'pm': {'pm1': 13215, 'pm10': 13217, 'pm25': 13216}}",4.2,9.3,24.18,0.73,22.71,1.15,710806681,37.4,MOD-00618,25.1,2026-06-20T00:41:17,2026-06-19T17:41:17,https://api.quant-aq.com/v1/devices/MOD-00618/data/710806480
1272.86,733.2,"{'lat': None, 'lon': None}","{'rh': 37.4, 'temp': 25.1, 'wd': 0.0, 'ws': 0.0, 'ws_scalar': 0.0}","{'gas': {'co': 13503, 'co2': 13265, 'no': 13591, 'no2': 13770, 'o3': 13750}, 'pm': {'pm1': 13215, 'pm10': 13217, 'pm25': 13216}}",4.2,8.84,23.91,0.49,28.22,0.89,710806660,37.4,MOD-00618,25.1,2026-06-20T00:40:17,2026-06-19T17:40:17,https://api.quant-aq.com/v1/devices/MOD-00618/data/710806459
1261.3,731.64,"{'lat': None, 'lon': None}","{'rh': 37.5, 'temp': 25.1, 'wd': 0.0, 'ws': 0.0, 'ws_scalar': 0.0}","{'gas': {'co': 13503, 'co2': 13265, 'no': 13591, 'no2': 13770, 'o3': 13750}, 'pm': {'pm1': 13215, 'pm10': 13217, 'pm25': 13216}}",4.26,7.64,24.15,0.9,19.17,1.43,710806661,37.5,MOD-00618,25.1,2026-06-20T00:39:17,2026-06-19T17:39:17,https://api.quant-aq.com/v1/devices/MOD-00618/data/710806460
1255.89,738.5,"{'lat': None, 'lon': None}","{'rh': 37.6, 'temp': 25.1, 'wd': 0.0, 'ws': 0.0, 'ws_scalar': 0.0}","{'gas': {'co': 13503, 'co2': 13265, 'no': 13591, 'no2': 13770, 'o3': 13750}, 'pm': {'pm1': 13215, 'pm10': 13217, 'pm25': 13216}}",4.26,8.83,24.39,1.0,20.17,1.3,710806659,37.6,MOD-00618,25.1,2026-06-20T00:38:17,2026-06-19T17:38:17,https://api.quant-aq.com/v1/devices/MOD-00618/data/710806458
1236.53,748.38,"{'lat': None, 'lon': None}","{'rh': 37.7, 'temp': 25.1, 'wd': 0.0, 'ws': 0.0, 'ws_scalar': 0.0}","{'gas': {'co': 13503, 'co2': 13265, 'no': 13591, 'no2': 13770, 'o3': 13750}, 'pm': {'pm1': 13215, 'pm10': 13217, 'pm25': 13216}}",3.26,7.93,24.09,0.71,33.0,1.46,710806662,37.7,MOD-00618,25.1,2026-06-20T00:37:17,2026-06-19T17:37:17,https://api.quant-aq.com/v1/devices/MOD-00618/data/710806461
1228.96,741.03,"{'lat': None, 'lon': None}","{'rh': 37.8, 'temp': 25.0, 'wd': 0.0, 'ws': 0.0, 'ws_scalar': 0.0}","{'gas': {'co': 13503, 'co2': 13265, 'no': 13591, 'no2': 13770, 'o3': 13750}, 'pm': {'pm1': 13215, 'pm10': 13217, 'pm25': 13216}}",3.36,11.76,24.31,0.74,9.35,1.29,710806643,37.8,MOD-00618,25.0,2026-06-20T00:36:17,2026-06-19T17:36:17,https://api.quant-aq.com/v1/devices/MOD-00618/data/710806447
1219.93,727.66,"{'lat': None, 'lon': None}","{'rh': 37.8, 'temp': 25.0, 'wd': 0.0, 'ws': 0.0, 'ws_scalar': 0.0}","{'gas': {'co': 13503, 'co2': 13265, 'no': 13591, 'no2': 13770, 'o3': 13750}, 'pm': {'pm1': 13215, 'pm10': 13217, 'pm25': 13216}}",3.35,10.75,24.04,0.87,11.71,1.25,710806640,37.8,MOD-00618,25.0,2026-06-20T00:35:17,2026-06-19T17:35:17,https://api.quant-aq.com/v1/devices/MOD-00618/data/710806441
1215.82,729.11,"{'lat': None, 'lon': None}","{'rh': 37.8, 'temp': 25.0, 'wd': 0.0, 'ws': 0.0, 'ws_scalar': 0.0}","{'gas': {'co': 13503, 'co2': 13265, 'no': 13591, 'no2': 13770, 'o3': 13750}, 'pm': {'pm1': 13215, 'pm10': 13217, 'pm25': 13216}}",3.36,10.75,24.58,0.77,10.38,1.11,710806646,37.8,MOD-00618,25.0,2026-06-20T00:34:17,2026-06-19T17:34:17,https://api.quant-aq.com/v1/devices/MOD-00618/data/710806442
1212.4,728.63,"{'lat': None, 'lon': None}","{'rh': 38.0, 'temp': 25.0, 'wd': 0.0, 'ws': 0.0, 'ws_scalar': 0.0}","{'gas': {'co': 13503, 'co2': 13265, 'no': 13591, 'no2': 13770, 'o3': 13750}, 'pm': {'pm1': 13215, 'pm10': 13217, 'pm25': 13216}}",3.36,11.58,24.25,0.96,21.71,1.41,710806649,38.0,MOD-00618,25.0,2026-06-20T00:33:17,2026-06-19T17:33:17,https://api.quant-aq.com/v1/devices/MOD-00618/data/710806449
1208.7,728.5,"{'lat': None, 'lon': None}","{'rh': 38.0, 'temp': 25.0, 'wd': 0.0, 'ws': 0.0, 'ws_scalar': 0.0}","{'gas': {'co': 13503, 'co2': 13265, 'no': 13591, 'no2': 13770, 'o3': 13750}, 'pm': {'pm1': 13215, 'pm10': 13217, 'pm25': 13216}}",3.36,11.45,23.97,1.0,14.32,1.43,710806413,38.0,MOD-00618,25.0,2026-06-20T00:32:17,2026-06-19T17:32:17,https://api.quant-aq.com/v1/devices/MOD-00618/data/710806211
1209.04,738.86,"{'lat': None, 'lon': None}","{'rh': 38.1, 'temp': 25.0, 'wd': 0.0, 'ws': 0.0, 'ws_scalar': 0.0}","{'gas': {'co': 13503, 'co2': 13265, 'no': 13591, 'no2': 13770, 'o3': 13750}, 'pm': {'pm1': 13215, 'pm10': 13217, 'pm25': 13216}}",3.36,11.3,24.49,1.27,15.82,1.77,710806414,38.1,MOD-00618,25.0,2026-06-20T00:31:17,2026-06-19T17:31:17,https://api.quant-aq.com/v1/devices/MOD-00618/data/710806214
1211.77,738.14,"{'lat': None, 'lon': None}","{'rh': 38.3, 'temp': 25.0, 'wd': 0.0, 'ws': 0.0, 'ws_scalar': 0.0}","{'gas': {'co': 13503, 'co2': 13265, 'no': 13591, 'no2': 13770, 'o3': 13750}, 'pm': {'pm1': 13215, 'pm10': 13217, 'pm25': 13216}}",3.36,11.63,24.98,0.8,12.0,1.23,710806415,38.3,MOD-00618,25.0,2026-06-20T00:30:17,2026-06-19T17:30:17,https://api.quant-aq.com/v1/devices/MOD-00618/data/710806213
1207.67,727.42,"{'lat': None, 'lon': None}","{'rh': 38.3, 'temp': 25.0, 'wd': 0.0, 'ws': 0.0, 'ws_scalar': 0.0}","{'gas': {'co': 13503, 'co2': 13265, 'no': 13591, 'no2': 13770, 'o3': 13750}, 'pm': {'pm1': 13215, 'pm10': 13217, 'pm25': 13216}}",3.36,11.84,24.15,0.89,4.15,1.13,710806412,38.3,MOD-00618,25.0,2026-06-20T00:29:17,2026-06-19T17:29:17,https://api.quant-aq.com/v1/devices/MOD-00618/data/710806212
1202.67,728.14,"{'lat': None, 'lon': None}","{'rh': 38.4, 'temp': 25.0, 'wd': 0.0, 'ws': 0.0, 'ws_scalar': 0.0}","{'gas': {'co': 13503, 'co2': 13265, 'no': 13591, 'no2': 13770, 'o3': 13750}, 'pm': {'pm1': 13215, 'pm10': 13217, 'pm25': 13216}}",3.36,11.69,24.4,0.67,8.5,0.89,710806398,38.4,MOD-00618,25.0,2026-06-20T00:28:17,2026-06-19T17:28:17,https://api.quant-aq.com/v1/devices/MOD-00618/data/710806197
1206.22,729.59,"{'lat': None, 'lon': None}","{'rh': 38.6, 'temp': 25.0, 'wd': 0.0, 'ws': 0.0, 'ws_scalar': 0.0}","{'gas': {'co': 13503, 'co2': 13265, 'no': 13591, 'no2': 13770, 'o3': 13750}, 'pm': {'pm1': 13215, 'pm10': 13217, 'pm25': 13216}}",3.33,10.67,25.16,0.97,15.05,1.21,710806399,38.6,MOD-00618,25.0,2026-06-20T00:27:17,2026-06-19T17:27:17,https://api.quant-aq.com/v1/devices/MOD-00618/data/710806198
1210.33,732.72,"{'lat': None, 'lon': None}","{'rh': 38.6, 'temp': 25.0, 'wd': 0.0, 'ws': 0.0, 'ws_scalar': 0.0}","{'gas': {'co': 13503, 'co2': 13265, 'no': 13591, 'no2': 13770, 'o3': 13750}, 'pm': {'pm1': 13215, 'pm10': 13217, 'pm25': 13216}}",3.33,10.67,24.33,0.81,3.29,1.06,710806396,38.6,MOD-00618,25.0,2026-06-20T00:26:17,2026-06-19T17:26:17,https://api.quant-aq.com/v1/devices/MOD-00618/data/710806195
1202.8,743.68,"{'lat': None, 'lon': None}","{'rh': 38.8, 'temp': 25.0, 'wd': 0.0, 'ws': 0.0, 'ws_scalar': 0.0}","{'gas': {'co': 13503, 'co2': 13265, 'no': 13591, 'no2': 13770, 'o3': 13750}, 'pm': {'pm1': 13215, 'pm10': 13217, 'pm25': 13216}}",3.32,11.48,25.1,0.95,15.09,1.3,710806397,38.8,MOD-00618,25.0,2026-06-20T00:25:17,2026-06-19T17:25:17,https://api.quant-aq.com/v1/devices/MOD-00618/data/710806196
1203.4,766.69,"{'lat': None, 'lon': None}","{'rh': 39.1, 'temp': 25.0, 'wd': 0.0, 'ws': 0.0, 'ws_scalar': 0.0}","{'gas': {'co': 13503, 'co2': 13265, 'no': 13591, 'no2': 13770, 'o3': 13750}, 'pm': {'pm1': 13215, 'pm10': 13217, 'pm25': 13216}}",3.36,9.72,24.73,0.6,22.4,0.83,710806386,39.1,MOD-00618,25.0,2026-06-20T00:24:17,2026-06-19T17:24:17,https://api.quant-aq.com/v1/devices/MOD-00618/data/710806185
1204.57,785.23,"{'lat': None, 'lon': None}","{'rh': 39.2, 'temp': 25.0, 'wd': 0.0, 'ws': 0.0, 'ws_scalar': 0.0}","{'gas': {'co': 13503, 'co2': 13265, 'no': 13591, 'no2': 13770, 'o3': 13750}, 'pm': {'pm1': 13215, 'pm10': 13217, 'pm25': 13216}}",3.36,10.13,24.97,0.73,12.34,1.11,710806387,39.2,MOD-00618,25.0,2026-06-20T00:23:17,2026-06-19T17:23:17,https://api.quant-aq.com/v1/devices/MOD-00618/data/710806186
1199.16,791.74,"{'lat': None, 'lon': None}","{'rh': 39.3, 'temp': 25.0, 'wd': 0.0, 'ws': 0.0, 'ws_scalar': 0.0}","{'gas': {'co': 13503, 'co2': 13265, 'no': 13591, 'no2': 13770, 'o3': 13750}, 'pm': {'pm1': 13215, 'pm10': 13217, 'pm25': 13216}}",3.36,11.15,25.22,1.07,37.6,1.4,710806385,39.3,MOD-00618,25.0,2026-06-20T00:22:17,2026-06-19T17:22:17,https://api.quant-aq.com/v1/devices/MOD-00618/data/710806184
1195.46,782.22,"{'lat': None, 'lon': None}","{'rh': 39.3, 'temp': 25.0, 'wd': 0.0, 'ws': 0.0, 'ws_scalar': 0.0}","{'gas': {'co': 13503, 'co2': 13265, 'no': 13591, 'no2': 13770, 'o3': 13750}, 'pm': {'pm1': 13215, 'pm10': 13217, 'pm25': 13216}}",3.36,10.26,25.22,0.83,49.14,1.16,710806384,39.3,MOD-00618,25.0,2026-06-20T00:21:17,2026-06-19T17:21:17,https://api.quant-aq.com/v1/devices/MOD-00618/data/710806183
1190.54,765.0,"{'lat': None, 'lon': None}","{'rh': 39.3, 'temp': 25.0, 'wd': 0.0, 'ws': 0.0, 'ws_scalar': 0.0}","{'gas': {'co': 13503, 'co2': 13265, 'no': 13591, 'no2': 13770, 'o3': 13750}, 'pm': {'pm1': 13215, 'pm10': 13217, 'pm25': 13216}}",3.36,11.16,25.77,1.11,29.25,1.38,710806355,39.3,MOD-00618,25.0,2026-06-20T00:20:17,2026-06-19T17:20:17,https://api.quant-aq.com/v1/devices/MOD-00618/data/710806153
1189.38,776.32,"{'lat': None, 'lon': None}","{'rh': 39.2, 'temp': 25.0, 'wd': 0.0, 'ws': 0.0, 'ws_scalar': 0.0}","{'gas': {'co': 13503, 'co2': 13265, 'no': 13591, 'no2': 13770, 'o3': 13750}, 'pm': {'pm1': 13215, 'pm10': 13217, 'pm25': 13216}}",3.36,10.26,25.52,0.75,20.39,1.02,710806356,39.2,MOD-00618,25.0,2026-06-20T00:19:17,2026-06-19T17:19:17,https://api.quant-aq.com/v1/devices/MOD-00618/data/710806155
1188.93,795.83,"{'lat': None, 'lon': None}","{'rh': 39.1, 'temp': 24.9, 'wd': 0.0, 'ws': 0.0, 'ws_scalar': 0.0}","{'gas': {'co': 13503, 'co2': 13265, 'no': 13591, 'no2': 13770, 'o3': 13750}, 'pm': {'pm1': 13215, 'pm10': 13217, 'pm25': 13216}}",3.36,10.71,25.26,1.08,34.29,1.36,710806354,39.1,MOD-00618,24.9,2026-06-20T00:18:17,2026-06-19T17:18:17,https://api.quant-aq.com/v1/devices/MOD-00618/data/710806154
1184.41,805.35,"{'lat': None, 'lon': None}","{'rh': 39.1, 'temp': 24.9, 'wd': 0.0, 'ws': 0.0, 'ws_scalar': 0.0}","{'gas': {'co': 13503, 'co2': 13265, 'no': 13591, 'no2': 13770, 'o3': 13750}, 'pm': {'pm1': 13215, 'pm10': 13217, 'pm25': 13216}}",3.36,12.37,24.99,0.85,29.27,1.28,710806353,39.1,MOD-00618,24.9,2026-06-20T00:17:17,2026-06-19T17:17:17,https://api.quant-aq.com/v1/devices/MOD-00618/data/710806152
1178.4,795.11,"{'lat': None, 'lon': None}","{'rh': 38.9, 'temp': 24.9, 'wd': 0.0, 'ws': 0.0, 'ws_scalar': 0.0}","{'gas': {'co': 13503, 'co2': 13265, 'no': 13591, 'no2': 13770, 'o3': 13750}, 'pm': {'pm1': 13215, 'pm10': 13217, 'pm25': 13216}}",3.36,12.49,25.6,1.01,10.61,1.51,710806340,38.9,MOD-00618,24.9,2026-06-20T00:16:17,2026-06-19T17:16:17,https://api.quant-aq.com/v1/devices/MOD-00618/data/710806138
1175.18,791.5,"{'lat': None, 'lon': None}","{'rh': 38.8, 'temp': 24.9, 'wd': 0.0, 'ws': 0.0, 'ws_scalar': 0.0}","{'gas': {'co': 13503, 'co2': 13265, 'no': 13591, 'no2': 13770, 'o3': 13750}, 'pm': {'pm1': 13215, 'pm10': 13217, 'pm25': 13216}}",3.36,12.48,25.63,0.86,26.24,1.34,710806339,38.8,MOD-00618,24.9,2026-06-20T00:15:17,2026-06-19T17:15:17,https://api.quant-aq.com/v1/devices/MOD-00618/data/710806139
1166.78,780.66,"{'lat': None, 'lon': None}","{'rh': 38.5, 'temp': 24.9, 'wd': 0.0, 'ws': 0.0, 'ws_scalar': 0.0}","{'gas': {'co': 13503, 'co2': 13265, 'no': 13591, 'no2': 13770, 'o3': 13750}, 'pm': {'pm1': 13215, 'pm10': 13217, 'pm25': 13216}}",3.35,12.47,25.72,0.72,12.77,1.23,710806338,38.5,MOD-00618,24.9,2026-06-20T00:14:17,2026-06-19T17:14:17,https://api.quant-aq.com/v1/devices/MOD-00618/data/710806137
1165.62,780.66,"{'lat': None, 'lon': None}","{'rh': 38.4, 'temp': 24.9, 'wd': 0.0, 'ws': 0.0, 'ws_scalar': 0.0}","{'gas': {'co': 13503, 'co2': 13265, 'no': 13591, 'no2': 13770, 'o3': 13750}, 'pm': {'pm1': 13215, 'pm10': 13217, 'pm25': 13216}}",3.36,11.98,26.03,0.65,16.4,1.11,710806337,38.4,MOD-00618,24.9,2026-06-20T00:13:17,2026-06-19T17:13:17,https://api.quant-aq.com/v1/devices/MOD-00618/data/710806136
1163.37,776.8,"{'lat': None, 'lon': None}","{'rh': 38.1, 'temp': 24.9, 'wd': 0.0, 'ws': 0.0, 'ws_scalar': 0.0}","{'gas': {'co': 13503, 'co2': 13265, 'no': 13591, 'no2': 13770, 'o3': 13750}, 'pm': {'pm1': 13215, 'pm10': 13217, 'pm25': 13216}}",3.35,12.17,25.3,0.61,18.94,1.08,710806326,38.1,MOD-00618,24.9,2026-06-20T00:12:17,2026-06-19T17:12:17,https://api.quant-aq.com/v1/devices/MOD-00618/data/710806125
1155.78,779.33,"{'lat': None, 'lon': None}","{'rh': 37.8, 'temp': 24.9, 'wd': 0.0, 'ws': 0.0, 'ws_scalar': 0.0}","{'gas': {'co': 13503, 'co2': 13265, 'no': 13591, 'no2': 13770, 'o3': 13750}, 'pm': {'pm1': 13215, 'pm10': 13217, 'pm25': 13216}}",3.29,19.43,25.93,0.91,15.53,1.19,710806325,37.8,MOD-00618,24.9,2026-06-20T00:11:17,2026-06-19T17:11:17,https://api.quant-aq.com/v1/devices/MOD-00618/data/710806124
1157.64,775.96,"{'lat': None, 'lon': None}","{'rh': 37.5, 'temp': 24.9, 'wd': 0.0, 'ws': 0.0, 'ws_scalar': 0.0}","{'gas': {'co': 13503, 'co2': 13265, 'no': 13591, 'no2': 13770, 'o3': 13750}, 'pm': {'pm1': 13215, 'pm10': 13217, 'pm25': 13216}}",3.29,19.36,25.48,0.87,11.99,1.41,710806324,37.5,MOD-00618,24.9,2026-06-20T00:10:17,2026-06-19T17:10:17,https://api.quant-aq.com/v1/devices/MOD-00618/data/710806123
1157.03,783.55,"{'lat': None, 'lon': None}","{'rh': 37.2, 'temp': 24.9, 'wd': 0.0, 'ws': 0.0, 'ws_scalar': 0.0}","{'gas': {'co': 13503, 'co2': 13265, 'no': 13591, 'no2': 13770, 'o3': 13750}, 'pm': {'pm1': 13215, 'pm10': 13217, 'pm25': 13216}}",3.23,12.28,25.03,0.7,8.69,1.18,710806323,37.2,MOD-00618,24.9,2026-06-20T00:09:17,2026-06-19T17:09:17,https://api.quant-aq.com/v1/devices/MOD-00618/data/710806122
1155.67,783.43,"{'lat': None, 'lon': None}","{'rh': 36.8, 'temp': 24.9, 'wd': 0.0, 'ws': 0.0, 'ws_scalar': 0.0}","{'gas': {'co': 13503, 'co2': 13265, 'no': 13591, 'no2': 13770, 'o3': 13750}, 'pm': {'pm1': 13215, 'pm10': 13217, 'pm25': 13216}}",4.19,11.93,24.61,0.62,12.37,1.04,710806311,36.8,MOD-00618,24.9,2026-06-20T00:08:17,2026-06-19T17:08:17,https://api.quant-aq.com/v1/devices/MOD-00618/data/710806110
1159.92,775.12,"{'lat': None, 'lon': None}","{'rh': 36.6, 'temp': 24.9, 'wd': 0.0, 'ws': 0.0, 'ws_scalar': 0.0}","{'gas': {'co': 13503, 'co2': 13265, 'no': 13591, 'no2': 13770, 'o3': 13750}, 'pm': {'pm1': 13215, 'pm10': 13217, 'pm25': 13216}}",3.16,12.04,24.13,1.08,23.28,1.61,710806310,36.6,MOD-00618,24.9,2026-06-20T00:07:17,2026-06-19T17:07:17,https://api.quant-aq.com/v1/devices/MOD-00618/data/710806109
1154.17,777.16,"{'lat': None, 'lon': None}","{'rh': 36.6, 'temp': 24.9, 'wd': 0.0, 'ws': 0.0, 'ws_scalar': 0.0}","{'gas': {'co': 13503, 'co2': 13265, 'no': 13591, 'no2': 13770, 'o3': 13750}, 'pm': {'pm1': 13215, 'pm10': 13217, 'pm25': 13216}}",3.54,12.01,24.13,0.78,14.86,1.39,710806313,36.6,MOD-00618,24.9,2026-06-20T00:06:17,2026-06-19T17:06:17,https://api.quant-aq.com/v1/devices/MOD-00618/data/710806112
1155.06,780.54,"{'lat': None, 'lon': None}","{'rh': 36.5, 'temp': 24.9, 'wd': 0.0, 'ws': 0.0, 'ws_scalar': 0.0}","{'gas': {'co': 13503, 'co2': 13265, 'no': 13591, 'no2': 13770, 'o3': 13750}, 'pm': {'pm1': 13215, 'pm10': 13217, 'pm25': 13216}}",3.57,11.97,24.97,0.68,50.24,1.25,710806312,36.5,MOD-00618,24.9,2026-06-20T00:05:17,2026-06-19T17:05:17,https://api.quant-aq.com/v1/devices/MOD-00618/data/710806111
1160.95,776.44,"{'lat': None, 'lon': None}","{'rh': 36.3, 'temp': 24.9, 'wd': 0.0, 'ws': 0.0, 'ws_scalar': 0.0}","{'gas': {'co': 13503, 'co2': 13265, 'no': 13591, 'no2': 13770, 'o3': 13750}, 'pm': {'pm1': 13215, 'pm10': 13217, 'pm25': 13216}}",3.57,12.45,24.49,1.19,18.89,1.87,710806279,36.3,MOD-00618,24.9,2026-06-20T00:04:17,2026-06-19T17:04:17,https://api.quant-aq.com/v1/devices/MOD-00618/data/710806078
1160.95,769.94,"{'lat': None, 'lon': None}","{'rh': 36.3, 'temp': 24.9, 'wd': 0.0, 'ws': 0.0, 'ws_scalar': 0.0}","{'gas': {'co': 13503, 'co2': 13265, 'no': 13591, 'no2': 13770, 'o3': 13750}, 'pm': {'pm1': 13215, 'pm10': 13217, 'pm25': 13216}}",3.57,12.45,24.49,0.78,19.49,1.28,710806281,36.3,MOD-00618,24.9,2026-06-20T00:03:17,2026-06-19T17:03:17,https://api.quant-aq.com/v1/devices/MOD-00618/data/710806080
1158.08,767.53,"{'lat': None, 'lon': None}","{'rh': 36.3, 'temp': 24.9, 'wd': 0.0, 'ws': 0.0, 'ws_scalar': 0.0}","{'gas': {'co': 13503, 'co2': 13265, 'no': 13591, 'no2': 13770, 'o3': 13750}, 'pm': {'pm1': 13215, 'pm10': 13217, 'pm25': 13216}}",3.58,12.45,24.22,0.87,29.51,1.26,710806280,36.3,MOD-00618,24.9,2026-06-20T00:02:17,2026-06-19T17:02:17,https://api.quant-aq.com/v1/devices/MOD-00618/data/710806079
1160.54,774.88,"{'lat': None, 'lon': None}","{'rh': 36.3, 'temp': 24.9, 'wd': 0.0, 'ws': 0.0, 'ws_scalar': 0.0}","{'gas': {'co': 13503, 'co2': 13265, 'no': 13591, 'no2': 13770, 'o3': 13750}, 'pm': {'pm1': 13215, 'pm10': 13217, 'pm25': 13216}}",3.57,12.45,23.95,1.17,12.27,1.63,710806282,36.3,MOD-00618,24.9,2026-06-20T00:01:17,2026-06-19T17:01:17,https://api.quant-aq.com/v1/devices/MOD-00618/data/710806081
