co,co2,geo,met,model,no,no2,o3,pm1,pm10,pm25,raw_data_id,rh,sn,temp,timestamp,timestamp_local,url
384.17,477.0,"{'lat': None, 'lon': None}","{'rh': 35.0, 'temp': 28.0, 'wd': 0.0, 'ws': 0.0, 'ws_scalar': 0.0}","{'gas': {'co': 18172, 'co2': 13279, 'no': 18173, 'no2': 18174, 'o3': 18175}, 'pm': {'pm1': 13254, 'pm10': 13256, 'pm25': 13255}}",2.18,35.67,15.43,3.96,4.84,4.42,723018171,35.0,MOD-00631,28.0,2026-07-05T23:51:04,2026-07-05T16:51:04,https://api.quant-aq.com/v1/devices/MOD-00631/data/723017969
295.18,473.27,"{'lat': None, 'lon': None}","{'rh': 35.0, 'temp': 28.0, 'wd': 0.0, 'ws': 0.0, 'ws_scalar': 0.0}","{'gas': {'co': 18172, 'co2': 13279, 'no': 18173, 'no2': 18174, 'o3': 18175}, 'pm': {'pm1': 13254, 'pm10': 13256, 'pm25': 13255}}",2.29,24.98,16.96,3.78,5.34,4.18,723018172,35.0,MOD-00631,28.0,2026-07-05T23:50:04,2026-07-05T16:50:04,https://api.quant-aq.com/v1/devices/MOD-00631/data/723017971
291.48,469.29,"{'lat': None, 'lon': None}","{'rh': 35.0, 'temp': 28.0, 'wd': 0.0, 'ws': 0.0, 'ws_scalar': 0.0}","{'gas': {'co': 18172, 'co2': 13279, 'no': 18173, 'no2': 18174, 'o3': 18175}, 'pm': {'pm1': 13254, 'pm10': 13256, 'pm25': 13255}}",2.22,36.91,15.76,3.59,11.17,3.98,723018170,35.0,MOD-00631,28.0,2026-07-05T23:49:04,2026-07-05T16:49:04,https://api.quant-aq.com/v1/devices/MOD-00631/data/723017970
281.78,472.06,"{'lat': None, 'lon': None}","{'rh': 34.8, 'temp': 28.0, 'wd': 0.0, 'ws': 0.0, 'ws_scalar': 0.0}","{'gas': {'co': 18172, 'co2': 13279, 'no': 18173, 'no2': 18174, 'o3': 18175}, 'pm': {'pm1': 13254, 'pm10': 13256, 'pm25': 13255}}",2.24,28.13,16.39,3.71,4.52,3.98,723018173,34.8,MOD-00631,28.0,2026-07-05T23:48:04,2026-07-05T16:48:04,https://api.quant-aq.com/v1/devices/MOD-00631/data/723017972
279.45,470.14,"{'lat': None, 'lon': None}","{'rh': 35.2, 'temp': 28.0, 'wd': 0.0, 'ws': 0.0, 'ws_scalar': 0.0}","{'gas': {'co': 18172, 'co2': 13279, 'no': 18173, 'no2': 18174, 'o3': 18175}, 'pm': {'pm1': 13254, 'pm10': 13256, 'pm25': 13255}}",2.52,33.59,18.28,3.51,4.69,3.77,723015981,35.2,MOD-00631,28.0,2026-07-05T23:47:04,2026-07-05T16:47:04,https://api.quant-aq.com/v1/devices/MOD-00631/data/723015780
268.98,471.7,"{'lat': None, 'lon': None}","{'rh': 34.5, 'temp': 28.1, 'wd': 0.0, 'ws': 0.0, 'ws_scalar': 0.0}","{'gas': {'co': 18172, 'co2': 13279, 'no': 18173, 'no2': 18174, 'o3': 18175}, 'pm': {'pm1': 13254, 'pm10': 13256, 'pm25': 13255}}",2.7,27.0,17.9,3.58,6.5,3.86,723015979,34.5,MOD-00631,28.1,2026-07-05T23:46:04,2026-07-05T16:46:04,https://api.quant-aq.com/v1/devices/MOD-00631/data/723015779
274.25,472.55,"{'lat': None, 'lon': None}","{'rh': 34.0, 'temp': 28.1, 'wd': 0.0, 'ws': 0.0, 'ws_scalar': 0.0}","{'gas': {'co': 18172, 'co2': 13279, 'no': 18173, 'no2': 18174, 'o3': 18175}, 'pm': {'pm1': 13254, 'pm10': 13256, 'pm25': 13255}}",2.74,18.39,19.13,2.99,4.07,3.29,723015980,34.0,MOD-00631,28.1,2026-07-05T23:45:04,2026-07-05T16:45:04,https://api.quant-aq.com/v1/devices/MOD-00631/data/723015778
275.41,470.5,"{'lat': None, 'lon': None}","{'rh': 34.1, 'temp': 28.1, 'wd': 0.0, 'ws': 0.0, 'ws_scalar': 0.0}","{'gas': {'co': 18172, 'co2': 13279, 'no': 18173, 'no2': 18174, 'o3': 18175}, 'pm': {'pm1': 13254, 'pm10': 13256, 'pm25': 13255}}",2.75,23.95,18.63,3.51,13.7,3.73,723015978,34.1,MOD-00631,28.1,2026-07-05T23:44:04,2026-07-05T16:44:04,https://api.quant-aq.com/v1/devices/MOD-00631/data/723015775
267.69,470.26,"{'lat': None, 'lon': None}","{'rh': 34.0, 'temp': 28.1, 'wd': 0.0, 'ws': 0.0, 'ws_scalar': 0.0}","{'gas': {'co': 18172, 'co2': 13279, 'no': 18173, 'no2': 18174, 'o3': 18175}, 'pm': {'pm1': 13254, 'pm10': 13256, 'pm25': 13255}}",2.74,16.86,20.74,3.36,6.27,3.68,723013809,34.0,MOD-00631,28.1,2026-07-05T23:43:04,2026-07-05T16:43:04,https://api.quant-aq.com/v1/devices/MOD-00631/data/723013608
266.05,472.31,"{'lat': None, 'lon': None}","{'rh': 34.0, 'temp': 28.1, 'wd': 0.0, 'ws': 0.0, 'ws_scalar': 0.0}","{'gas': {'co': 18172, 'co2': 13279, 'no': 18173, 'no2': 18174, 'o3': 18175}, 'pm': {'pm1': 13254, 'pm10': 13256, 'pm25': 13255}}",2.77,16.26,19.5,3.44,4.94,3.76,723013808,34.0,MOD-00631,28.1,2026-07-05T23:42:04,2026-07-05T16:42:04,https://api.quant-aq.com/v1/devices/MOD-00631/data/723013607
271.9,468.21,"{'lat': None, 'lon': None}","{'rh': 34.0, 'temp': 28.2, 'wd': 0.0, 'ws': 0.0, 'ws_scalar': 0.0}","{'gas': {'co': 18172, 'co2': 13279, 'no': 18173, 'no2': 18174, 'o3': 18175}, 'pm': {'pm1': 13254, 'pm10': 13256, 'pm25': 13255}}",2.85,18.47,19.57,3.65,4.71,3.98,723013806,34.0,MOD-00631,28.2,2026-07-05T23:41:04,2026-07-05T16:41:04,https://api.quant-aq.com/v1/devices/MOD-00631/data/723013605
268.08,470.26,"{'lat': None, 'lon': None}","{'rh': 33.6, 'temp': 28.2, 'wd': 0.0, 'ws': 0.0, 'ws_scalar': 0.0}","{'gas': {'co': 18172, 'co2': 13279, 'no': 18173, 'no2': 18174, 'o3': 18175}, 'pm': {'pm1': 13254, 'pm10': 13256, 'pm25': 13255}}",2.77,27.44,19.44,3.7,4.49,3.9,723013807,33.6,MOD-00631,28.2,2026-07-05T23:40:04,2026-07-05T16:40:04,https://api.quant-aq.com/v1/devices/MOD-00631/data/723013606
275.73,470.26,"{'lat': None, 'lon': None}","{'rh': 33.8, 'temp': 28.2, 'wd': 0.0, 'ws': 0.0, 'ws_scalar': 0.0}","{'gas': {'co': 18172, 'co2': 13279, 'no': 18173, 'no2': 18174, 'o3': 18175}, 'pm': {'pm1': 13254, 'pm10': 13256, 'pm25': 13255}}",2.78,22.93,18.76,3.7,4.87,4.12,723011581,33.8,MOD-00631,28.2,2026-07-05T23:39:04,2026-07-05T16:39:04,https://api.quant-aq.com/v1/devices/MOD-00631/data/723011379
260.22,467.85,"{'lat': None, 'lon': None}","{'rh': 33.7, 'temp': 28.2, 'wd': 0.0, 'ws': 0.0, 'ws_scalar': 0.0}","{'gas': {'co': 18172, 'co2': 13279, 'no': 18173, 'no2': 18174, 'o3': 18175}, 'pm': {'pm1': 13254, 'pm10': 13256, 'pm25': 13255}}",2.93,17.2,20.75,2.97,3.47,3.2,723011578,33.7,MOD-00631,28.2,2026-07-05T23:38:04,2026-07-05T16:38:04,https://api.quant-aq.com/v1/devices/MOD-00631/data/723011377
277.43,471.94,"{'lat': None, 'lon': None}","{'rh': 33.3, 'temp': 28.3, 'wd': 0.0, 'ws': 0.0, 'ws_scalar': 0.0}","{'gas': {'co': 18172, 'co2': 13279, 'no': 18173, 'no2': 18174, 'o3': 18175}, 'pm': {'pm1': 13254, 'pm10': 13256, 'pm25': 13255}}",2.85,18.42,19.74,3.19,3.69,3.47,723011579,33.3,MOD-00631,28.3,2026-07-05T23:37:04,2026-07-05T16:37:04,https://api.quant-aq.com/v1/devices/MOD-00631/data/723011378
272.1,471.1,"{'lat': None, 'lon': None}","{'rh': 33.3, 'temp': 28.3, 'wd': 0.0, 'ws': 0.0, 'ws_scalar': 0.0}","{'gas': {'co': 18172, 'co2': 13279, 'no': 18173, 'no2': 18174, 'o3': 18175}, 'pm': {'pm1': 13254, 'pm10': 13256, 'pm25': 13255}}",2.81,15.23,19.9,3.37,3.71,3.63,723011580,33.3,MOD-00631,28.3,2026-07-05T23:36:04,2026-07-05T16:36:04,https://api.quant-aq.com/v1/devices/MOD-00631/data/723011380
277.63,469.78,"{'lat': None, 'lon': None}","{'rh': 33.6, 'temp': 28.3, 'wd': 0.0, 'ws': 0.0, 'ws_scalar': 0.0}","{'gas': {'co': 18172, 'co2': 13279, 'no': 18173, 'no2': 18174, 'o3': 18175}, 'pm': {'pm1': 13254, 'pm10': 13256, 'pm25': 13255}}",2.81,17.35,19.84,3.04,3.68,3.28,723009401,33.6,MOD-00631,28.3,2026-07-05T23:35:04,2026-07-05T16:35:04,https://api.quant-aq.com/v1/devices/MOD-00631/data/723009200
277.08,474.59,"{'lat': None, 'lon': None}","{'rh': 33.8, 'temp': 28.3, 'wd': 0.0, 'ws': 0.0, 'ws_scalar': 0.0}","{'gas': {'co': 18172, 'co2': 13279, 'no': 18173, 'no2': 18174, 'o3': 18175}, 'pm': {'pm1': 13254, 'pm10': 13256, 'pm25': 13255}}",2.8,23.01,19.21,3.06,3.59,3.32,723009400,33.8,MOD-00631,28.3,2026-07-05T23:34:04,2026-07-05T16:34:04,https://api.quant-aq.com/v1/devices/MOD-00631/data/723009199
268.26,469.29,"{'lat': None, 'lon': None}","{'rh': 33.5, 'temp': 28.3, 'wd': 0.0, 'ws': 0.0, 'ws_scalar': 0.0}","{'gas': {'co': 18172, 'co2': 13279, 'no': 18173, 'no2': 18174, 'o3': 18175}, 'pm': {'pm1': 13254, 'pm10': 13256, 'pm25': 13255}}",2.8,18.23,19.72,3.25,5.87,3.41,723009398,33.5,MOD-00631,28.3,2026-07-05T23:33:04,2026-07-05T16:33:04,https://api.quant-aq.com/v1/devices/MOD-00631/data/723009195
272.44,469.66,"{'lat': None, 'lon': None}","{'rh': 33.4, 'temp': 28.3, 'wd': 0.0, 'ws': 0.0, 'ws_scalar': 0.0}","{'gas': {'co': 18172, 'co2': 13279, 'no': 18173, 'no2': 18174, 'o3': 18175}, 'pm': {'pm1': 13254, 'pm10': 13256, 'pm25': 13255}}",2.91,17.52,20.31,2.74,5.57,3.03,723009399,33.4,MOD-00631,28.3,2026-07-05T23:32:04,2026-07-05T16:32:04,https://api.quant-aq.com/v1/devices/MOD-00631/data/723009197
271.87,470.86,"{'lat': None, 'lon': None}","{'rh': 33.2, 'temp': 28.4, 'wd': 0.0, 'ws': 0.0, 'ws_scalar': 0.0}","{'gas': {'co': 18172, 'co2': 13279, 'no': 18173, 'no2': 18174, 'o3': 18175}, 'pm': {'pm1': 13254, 'pm10': 13256, 'pm25': 13255}}",2.96,15.32,19.89,3.2,4.65,3.51,723007208,33.2,MOD-00631,28.4,2026-07-05T23:31:04,2026-07-05T16:31:04,https://api.quant-aq.com/v1/devices/MOD-00631/data/723007007
262.91,470.38,"{'lat': None, 'lon': None}","{'rh': 33.1, 'temp': 28.4, 'wd': 0.0, 'ws': 0.0, 'ws_scalar': 0.0}","{'gas': {'co': 18172, 'co2': 13279, 'no': 18173, 'no2': 18174, 'o3': 18175}, 'pm': {'pm1': 13254, 'pm10': 13256, 'pm25': 13255}}",2.92,20.93,19.04,3.0,5.03,3.17,723007209,33.1,MOD-00631,28.4,2026-07-05T23:30:04,2026-07-05T16:30:04,https://api.quant-aq.com/v1/devices/MOD-00631/data/723007008
276.04,468.69,"{'lat': None, 'lon': None}","{'rh': 33.1, 'temp': 28.4, 'wd': 0.0, 'ws': 0.0, 'ws_scalar': 0.0}","{'gas': {'co': 18172, 'co2': 13279, 'no': 18173, 'no2': 18174, 'o3': 18175}, 'pm': {'pm1': 13254, 'pm10': 13256, 'pm25': 13255}}",2.96,19.66,20.07,3.35,4.8,3.71,723007207,33.1,MOD-00631,28.4,2026-07-05T23:29:04,2026-07-05T16:29:04,https://api.quant-aq.com/v1/devices/MOD-00631/data/723007006
264.13,467.25,"{'lat': None, 'lon': None}","{'rh': 32.7, 'temp': 28.5, 'wd': 0.0, 'ws': 0.0, 'ws_scalar': 0.0}","{'gas': {'co': 18172, 'co2': 13279, 'no': 18173, 'no2': 18174, 'o3': 18175}, 'pm': {'pm1': 13254, 'pm10': 13256, 'pm25': 13255}}",3.01,14.03,21.66,2.63,4.19,2.86,723007203,32.7,MOD-00631,28.5,2026-07-05T23:28:04,2026-07-05T16:28:04,https://api.quant-aq.com/v1/devices/MOD-00631/data/723007005
268.43,469.54,"{'lat': None, 'lon': None}","{'rh': 33.0, 'temp': 28.5, 'wd': 0.0, 'ws': 0.0, 'ws_scalar': 0.0}","{'gas': {'co': 18172, 'co2': 13279, 'no': 18173, 'no2': 18174, 'o3': 18175}, 'pm': {'pm1': 13254, 'pm10': 13256, 'pm25': 13255}}",3.01,14.42,21.51,2.45,5.26,2.7,723004987,33.0,MOD-00631,28.5,2026-07-05T23:27:04,2026-07-05T16:27:04,https://api.quant-aq.com/v1/devices/MOD-00631/data/723004787
273.9,473.27,"{'lat': None, 'lon': None}","{'rh': 32.8, 'temp': 28.5, 'wd': 0.0, 'ws': 0.0, 'ws_scalar': 0.0}","{'gas': {'co': 18172, 'co2': 13279, 'no': 18173, 'no2': 18174, 'o3': 18175}, 'pm': {'pm1': 13254, 'pm10': 13256, 'pm25': 13255}}",3.01,15.51,21.28,2.81,5.44,3.07,723004985,32.8,MOD-00631,28.5,2026-07-05T23:26:04,2026-07-05T16:26:04,https://api.quant-aq.com/v1/devices/MOD-00631/data/723004784
265.4,469.41,"{'lat': None, 'lon': None}","{'rh': 32.8, 'temp': 28.6, 'wd': 0.0, 'ws': 0.0, 'ws_scalar': 0.0}","{'gas': {'co': 18172, 'co2': 13279, 'no': 18173, 'no2': 18174, 'o3': 18175}, 'pm': {'pm1': 13254, 'pm10': 13256, 'pm25': 13255}}",3.0,14.02,20.72,2.69,6.67,2.81,723004988,32.8,MOD-00631,28.6,2026-07-05T23:25:04,2026-07-05T16:25:04,https://api.quant-aq.com/v1/devices/MOD-00631/data/723004786
277.22,467.49,"{'lat': None, 'lon': None}","{'rh': 32.9, 'temp': 28.6, 'wd': 0.0, 'ws': 0.0, 'ws_scalar': 0.0}","{'gas': {'co': 18172, 'co2': 13279, 'no': 18173, 'no2': 18174, 'o3': 18175}, 'pm': {'pm1': 13254, 'pm10': 13256, 'pm25': 13255}}",3.0,13.49,22.21,3.14,6.41,3.42,723004986,32.9,MOD-00631,28.6,2026-07-05T23:24:04,2026-07-05T16:24:04,https://api.quant-aq.com/v1/devices/MOD-00631/data/723004785
278.65,466.16,"{'lat': None, 'lon': None}","{'rh': 33.2, 'temp': 28.6, 'wd': 0.0, 'ws': 0.0, 'ws_scalar': 0.0}","{'gas': {'co': 18172, 'co2': 13279, 'no': 18173, 'no2': 18174, 'o3': 18175}, 'pm': {'pm1': 13254, 'pm10': 13256, 'pm25': 13255}}",3.01,14.88,21.82,2.86,3.31,3.04,723002825,33.2,MOD-00631,28.6,2026-07-05T23:23:04,2026-07-05T16:23:04,https://api.quant-aq.com/v1/devices/MOD-00631/data/723002624
275.3,469.29,"{'lat': None, 'lon': None}","{'rh': 33.3, 'temp': 28.6, 'wd': 0.0, 'ws': 0.0, 'ws_scalar': 0.0}","{'gas': {'co': 18172, 'co2': 13279, 'no': 18173, 'no2': 18174, 'o3': 18175}, 'pm': {'pm1': 13254, 'pm10': 13256, 'pm25': 13255}}",2.99,15.85,21.56,3.24,4.12,3.48,723002824,33.3,MOD-00631,28.6,2026-07-05T23:22:04,2026-07-05T16:22:04,https://api.quant-aq.com/v1/devices/MOD-00631/data/723002623
277.8,467.97,"{'lat': None, 'lon': None}","{'rh': 33.4, 'temp': 28.7, 'wd': 0.0, 'ws': 0.0, 'ws_scalar': 0.0}","{'gas': {'co': 18172, 'co2': 13279, 'no': 18173, 'no2': 18174, 'o3': 18175}, 'pm': {'pm1': 13254, 'pm10': 13256, 'pm25': 13255}}",3.06,14.83,22.7,3.49,4.89,3.85,723002823,33.4,MOD-00631,28.7,2026-07-05T23:21:04,2026-07-05T16:21:04,https://api.quant-aq.com/v1/devices/MOD-00631/data/723002622
274.66,466.16,"{'lat': None, 'lon': None}","{'rh': 33.2, 'temp': 28.7, 'wd': 0.0, 'ws': 0.0, 'ws_scalar': 0.0}","{'gas': {'co': 18172, 'co2': 13279, 'no': 18173, 'no2': 18174, 'o3': 18175}, 'pm': {'pm1': 13254, 'pm10': 13256, 'pm25': 13255}}",3.05,14.41,21.47,3.0,6.9,3.51,723002822,33.2,MOD-00631,28.7,2026-07-05T23:20:04,2026-07-05T16:20:04,https://api.quant-aq.com/v1/devices/MOD-00631/data/723002621
282.31,466.52,"{'lat': None, 'lon': None}","{'rh': 33.4, 'temp': 28.7, 'wd': 0.0, 'ws': 0.0, 'ws_scalar': 0.0}","{'gas': {'co': 18172, 'co2': 13279, 'no': 18173, 'no2': 18174, 'o3': 18175}, 'pm': {'pm1': 13254, 'pm10': 13256, 'pm25': 13255}}",3.04,16.98,20.84,3.37,9.81,3.71,723000656,33.4,MOD-00631,28.7,2026-07-05T23:19:04,2026-07-05T16:19:04,https://api.quant-aq.com/v1/devices/MOD-00631/data/723000455
289.08,465.32,"{'lat': None, 'lon': None}","{'rh': 33.1, 'temp': 28.7, 'wd': 0.0, 'ws': 0.0, 'ws_scalar': 0.0}","{'gas': {'co': 18172, 'co2': 13279, 'no': 18173, 'no2': 18174, 'o3': 18175}, 'pm': {'pm1': 13254, 'pm10': 13256, 'pm25': 13255}}",3.06,14.95,21.35,3.27,4.32,3.53,723000655,33.1,MOD-00631,28.7,2026-07-05T23:18:04,2026-07-05T16:18:04,https://api.quant-aq.com/v1/devices/MOD-00631/data/723000454
315.09,464.72,"{'lat': None, 'lon': None}","{'rh': 33.6, 'temp': 28.8, 'wd': 0.0, 'ws': 0.0, 'ws_scalar': 0.0}","{'gas': {'co': 18172, 'co2': 13279, 'no': 18173, 'no2': 18174, 'o3': 18175}, 'pm': {'pm1': 13254, 'pm10': 13256, 'pm25': 13255}}",2.93,16.89,19.9,3.54,11.8,3.79,723000654,33.6,MOD-00631,28.8,2026-07-05T23:17:04,2026-07-05T16:17:04,https://api.quant-aq.com/v1/devices/MOD-00631/data/723000453
301.63,471.94,"{'lat': None, 'lon': None}","{'rh': 33.5, 'temp': 28.8, 'wd': 0.0, 'ws': 0.0, 'ws_scalar': 0.0}","{'gas': {'co': 18172, 'co2': 13279, 'no': 18173, 'no2': 18174, 'o3': 18175}, 'pm': {'pm1': 13254, 'pm10': 13256, 'pm25': 13255}}",2.95,20.56,19.41,3.85,5.25,4.22,723000653,33.5,MOD-00631,28.8,2026-07-05T23:16:04,2026-07-05T16:16:04,https://api.quant-aq.com/v1/devices/MOD-00631/data/723000452
264.84,462.91,"{'lat': None, 'lon': None}","{'rh': 32.9, 'temp': 28.9, 'wd': 0.0, 'ws': 0.0, 'ws_scalar': 0.0}","{'gas': {'co': 18172, 'co2': 13279, 'no': 18173, 'no2': 18174, 'o3': 18175}, 'pm': {'pm1': 13254, 'pm10': 13256, 'pm25': 13255}}",3.01,16.59,21.43,3.33,4.38,3.52,722998419,32.9,MOD-00631,28.9,2026-07-05T23:15:04,2026-07-05T16:15:04,https://api.quant-aq.com/v1/devices/MOD-00631/data/722998217
258.56,464.72,"{'lat': None, 'lon': None}","{'rh': 32.5, 'temp': 28.9, 'wd': 0.0, 'ws': 0.0, 'ws_scalar': 0.0}","{'gas': {'co': 18172, 'co2': 13279, 'no': 18173, 'no2': 18174, 'o3': 18175}, 'pm': {'pm1': 13254, 'pm10': 13256, 'pm25': 13255}}",2.81,13.66,20.83,3.63,4.55,3.82,722998420,32.5,MOD-00631,28.9,2026-07-05T23:14:04,2026-07-05T16:14:04,https://api.quant-aq.com/v1/devices/MOD-00631/data/722998219
283.81,465.92,"{'lat': None, 'lon': None}","{'rh': 32.9, 'temp': 29.0, 'wd': 0.0, 'ws': 0.0, 'ws_scalar': 0.0}","{'gas': {'co': 18172, 'co2': 13279, 'no': 18173, 'no2': 18174, 'o3': 18175}, 'pm': {'pm1': 13254, 'pm10': 13256, 'pm25': 13255}}",2.84,16.59,20.05,3.6,4.63,3.9,722998417,32.9,MOD-00631,29.0,2026-07-05T23:13:04,2026-07-05T16:13:04,https://api.quant-aq.com/v1/devices/MOD-00631/data/722998216
285.11,463.39,"{'lat': None, 'lon': None}","{'rh': 32.8, 'temp': 29.0, 'wd': 0.0, 'ws': 0.0, 'ws_scalar': 0.0}","{'gas': {'co': 18172, 'co2': 13279, 'no': 18173, 'no2': 18174, 'o3': 18175}, 'pm': {'pm1': 13254, 'pm10': 13256, 'pm25': 13255}}",2.8,16.6,20.06,3.56,6.82,3.78,722998418,32.8,MOD-00631,29.0,2026-07-05T23:12:04,2026-07-05T16:12:04,https://api.quant-aq.com/v1/devices/MOD-00631/data/722998218
271.69,467.61,"{'lat': None, 'lon': None}","{'rh': 32.8, 'temp': 29.1, 'wd': 0.0, 'ws': 0.0, 'ws_scalar': 0.0}","{'gas': {'co': 18172, 'co2': 13279, 'no': 18173, 'no2': 18174, 'o3': 18175}, 'pm': {'pm1': 13254, 'pm10': 13256, 'pm25': 13255}}",2.84,17.18,19.47,3.62,4.91,4.04,722996226,32.8,MOD-00631,29.1,2026-07-05T23:11:04,2026-07-05T16:11:04,https://api.quant-aq.com/v1/devices/MOD-00631/data/722996026
280.37,463.03,"{'lat': None, 'lon': None}","{'rh': 32.7, 'temp': 29.1, 'wd': 0.0, 'ws': 0.0, 'ws_scalar': 0.0}","{'gas': {'co': 18172, 'co2': 13279, 'no': 18173, 'no2': 18174, 'o3': 18175}, 'pm': {'pm1': 13254, 'pm10': 13256, 'pm25': 13255}}",2.79,15.09,20.42,3.52,5.12,3.81,722996225,32.7,MOD-00631,29.1,2026-07-05T23:10:04,2026-07-05T16:10:04,https://api.quant-aq.com/v1/devices/MOD-00631/data/722996027
285.6,465.56,"{'lat': None, 'lon': None}","{'rh': 33.0, 'temp': 29.2, 'wd': 0.0, 'ws': 0.0, 'ws_scalar': 0.0}","{'gas': {'co': 18172, 'co2': 13279, 'no': 18173, 'no2': 18174, 'o3': 18175}, 'pm': {'pm1': 13254, 'pm10': 13256, 'pm25': 13255}}",2.86,17.82,19.77,3.95,6.56,4.28,722996223,33.0,MOD-00631,29.2,2026-07-05T23:09:04,2026-07-05T16:09:04,https://api.quant-aq.com/v1/devices/MOD-00631/data/722996022
316.09,466.52,"{'lat': None, 'lon': None}","{'rh': 32.8, 'temp': 29.2, 'wd': 0.0, 'ws': 0.0, 'ws_scalar': 0.0}","{'gas': {'co': 18172, 'co2': 13279, 'no': 18173, 'no2': 18174, 'o3': 18175}, 'pm': {'pm1': 13254, 'pm10': 13256, 'pm25': 13255}}",2.76,15.56,21.19,3.65,9.28,3.89,722996224,32.8,MOD-00631,29.2,2026-07-05T23:08:04,2026-07-05T16:08:04,https://api.quant-aq.com/v1/devices/MOD-00631/data/722996023
283.52,467.37,"{'lat': None, 'lon': None}","{'rh': 33.2, 'temp': 29.3, 'wd': 0.0, 'ws': 0.0, 'ws_scalar': 0.0}","{'gas': {'co': 18172, 'co2': 13279, 'no': 18173, 'no2': 18174, 'o3': 18175}, 'pm': {'pm1': 13254, 'pm10': 13256, 'pm25': 13255}}",2.97,15.03,20.82,3.49,4.47,3.7,722994013,33.2,MOD-00631,29.3,2026-07-05T23:07:04,2026-07-05T16:07:04,https://api.quant-aq.com/v1/devices/MOD-00631/data/722993813
286.68,466.76,"{'lat': None, 'lon': None}","{'rh': 32.8, 'temp': 29.3, 'wd': 0.0, 'ws': 0.0, 'ws_scalar': 0.0}","{'gas': {'co': 18172, 'co2': 13279, 'no': 18173, 'no2': 18174, 'o3': 18175}, 'pm': {'pm1': 13254, 'pm10': 13256, 'pm25': 13255}}",2.98,16.57,20.93,3.35,4.33,3.59,722994015,32.8,MOD-00631,29.3,2026-07-05T23:06:04,2026-07-05T16:06:04,https://api.quant-aq.com/v1/devices/MOD-00631/data/722993814
281.04,462.67,"{'lat': None, 'lon': None}","{'rh': 32.8, 'temp': 29.4, 'wd': 0.0, 'ws': 0.0, 'ws_scalar': 0.0}","{'gas': {'co': 18172, 'co2': 13279, 'no': 18173, 'no2': 18174, 'o3': 18175}, 'pm': {'pm1': 13254, 'pm10': 13256, 'pm25': 13255}}",2.96,14.61,21.87,3.41,4.02,3.68,722994014,32.8,MOD-00631,29.4,2026-07-05T23:05:04,2026-07-05T16:05:04,https://api.quant-aq.com/v1/devices/MOD-00631/data/722993812
278.78,461.1,"{'lat': None, 'lon': None}","{'rh': 33.1, 'temp': 29.4, 'wd': 0.0, 'ws': 0.0, 'ws_scalar': 0.0}","{'gas': {'co': 18172, 'co2': 13279, 'no': 18173, 'no2': 18174, 'o3': 18175}, 'pm': {'pm1': 13254, 'pm10': 13256, 'pm25': 13255}}",2.99,11.77,23.05,3.45,15.87,3.72,722994012,33.1,MOD-00631,29.4,2026-07-05T23:04:04,2026-07-05T16:04:04,https://api.quant-aq.com/v1/devices/MOD-00631/data/722993811
272.06,460.62,"{'lat': None, 'lon': None}","{'rh': 32.9, 'temp': 29.5, 'wd': 0.0, 'ws': 0.0, 'ws_scalar': 0.0}","{'gas': {'co': 18172, 'co2': 13279, 'no': 18173, 'no2': 18174, 'o3': 18175}, 'pm': {'pm1': 13254, 'pm10': 13256, 'pm25': 13255}}",3.03,13.2,24.05,3.19,6.09,3.43,722991818,32.9,MOD-00631,29.5,2026-07-05T23:03:04,2026-07-05T16:03:04,https://api.quant-aq.com/v1/devices/MOD-00631/data/722991617
288.47,463.15,"{'lat': None, 'lon': None}","{'rh': 32.9, 'temp': 29.5, 'wd': 0.0, 'ws': 0.0, 'ws_scalar': 0.0}","{'gas': {'co': 18172, 'co2': 13279, 'no': 18173, 'no2': 18174, 'o3': 18175}, 'pm': {'pm1': 13254, 'pm10': 13256, 'pm25': 13255}}",3.03,11.82,23.96,3.06,4.15,3.32,722991816,32.9,MOD-00631,29.5,2026-07-05T23:02:04,2026-07-05T16:02:04,https://api.quant-aq.com/v1/devices/MOD-00631/data/722991616
302.92,460.02,"{'lat': None, 'lon': None}","{'rh': 33.5, 'temp': 29.6, 'wd': 0.0, 'ws': 0.0, 'ws_scalar': 0.0}","{'gas': {'co': 18172, 'co2': 13279, 'no': 18173, 'no2': 18174, 'o3': 18175}, 'pm': {'pm1': 13254, 'pm10': 13256, 'pm25': 13255}}",2.92,13.59,24.78,3.64,5.32,3.96,722991815,33.5,MOD-00631,29.6,2026-07-05T23:01:04,2026-07-05T16:01:04,https://api.quant-aq.com/v1/devices/MOD-00631/data/722991614
290.46,463.27,"{'lat': None, 'lon': None}","{'rh': 34.3, 'temp': 29.6, 'wd': 0.0, 'ws': 0.0, 'ws_scalar': 0.0}","{'gas': {'co': 18172, 'co2': 13279, 'no': 18173, 'no2': 18174, 'o3': 18175}, 'pm': {'pm1': 13254, 'pm10': 13256, 'pm25': 13255}}",3.07,15.71,22.74,2.94,6.88,3.2,722991817,34.3,MOD-00631,29.6,2026-07-05T23:00:04,2026-07-05T16:00:04,https://api.quant-aq.com/v1/devices/MOD-00631/data/722991615
299.67,461.47,"{'lat': None, 'lon': None}","{'rh': 34.2, 'temp': 29.7, 'wd': 0.0, 'ws': 0.0, 'ws_scalar': 0.0}","{'gas': {'co': 18172, 'co2': 13279, 'no': 18173, 'no2': 18174, 'o3': 18175}, 'pm': {'pm1': 13254, 'pm10': 13256, 'pm25': 13255}}",3.07,16.28,23.98,3.34,14.19,3.63,722989646,34.2,MOD-00631,29.7,2026-07-05T22:59:04,2026-07-05T15:59:04,https://api.quant-aq.com/v1/devices/MOD-00631/data/722989444
282.72,463.15,"{'lat': None, 'lon': None}","{'rh': 33.8, 'temp': 29.7, 'wd': 0.0, 'ws': 0.0, 'ws_scalar': 0.0}","{'gas': {'co': 18172, 'co2': 13279, 'no': 18173, 'no2': 18174, 'o3': 18175}, 'pm': {'pm1': 13254, 'pm10': 13256, 'pm25': 13255}}",3.1,14.96,24.38,3.29,4.12,3.57,722989647,33.8,MOD-00631,29.7,2026-07-05T22:58:04,2026-07-05T15:58:04,https://api.quant-aq.com/v1/devices/MOD-00631/data/722989446
304.84,464.6,"{'lat': None, 'lon': None}","{'rh': 34.0, 'temp': 29.8, 'wd': 0.0, 'ws': 0.0, 'ws_scalar': 0.0}","{'gas': {'co': 18172, 'co2': 13279, 'no': 18173, 'no2': 18174, 'o3': 18175}, 'pm': {'pm1': 13254, 'pm10': 13256, 'pm25': 13255}}",3.0,15.39,24.68,3.37,6.56,3.71,722989645,34.0,MOD-00631,29.8,2026-07-05T22:57:04,2026-07-05T15:57:04,https://api.quant-aq.com/v1/devices/MOD-00631/data/722989445
306.11,462.19,"{'lat': None, 'lon': None}","{'rh': 34.1, 'temp': 29.9, 'wd': 0.0, 'ws': 0.0, 'ws_scalar': 0.0}","{'gas': {'co': 18172, 'co2': 13279, 'no': 18173, 'no2': 18174, 'o3': 18175}, 'pm': {'pm1': 13254, 'pm10': 13256, 'pm25': 13255}}",2.68,17.5,23.71,4.12,6.99,4.48,722989644,34.1,MOD-00631,29.9,2026-07-05T22:56:04,2026-07-05T15:56:04,https://api.quant-aq.com/v1/devices/MOD-00631/data/722989443
295.71,460.02,"{'lat': None, 'lon': None}","{'rh': 34.3, 'temp': 29.9, 'wd': 0.0, 'ws': 0.0, 'ws_scalar': 0.0}","{'gas': {'co': 18172, 'co2': 13279, 'no': 18173, 'no2': 18174, 'o3': 18175}, 'pm': {'pm1': 13254, 'pm10': 13256, 'pm25': 13255}}",3.11,16.29,24.86,3.54,9.7,3.9,722987442,34.3,MOD-00631,29.9,2026-07-05T22:55:04,2026-07-05T15:55:04,https://api.quant-aq.com/v1/devices/MOD-00631/data/722987241
292.61,460.5,"{'lat': None, 'lon': None}","{'rh': 34.2, 'temp': 30.0, 'wd': 0.0, 'ws': 0.0, 'ws_scalar': 0.0}","{'gas': {'co': 18172, 'co2': 13279, 'no': 18173, 'no2': 18174, 'o3': 18175}, 'pm': {'pm1': 13254, 'pm10': 13256, 'pm25': 13255}}",3.12,16.34,24.85,3.42,8.09,3.74,722987441,34.2,MOD-00631,30.0,2026-07-05T22:54:04,2026-07-05T15:54:04,https://api.quant-aq.com/v1/devices/MOD-00631/data/722987240
283.59,458.21,"{'lat': None, 'lon': None}","{'rh': 34.2, 'temp': 30.0, 'wd': 0.0, 'ws': 0.0, 'ws_scalar': 0.0}","{'gas': {'co': 18172, 'co2': 13279, 'no': 18173, 'no2': 18174, 'o3': 18175}, 'pm': {'pm1': 13254, 'pm10': 13256, 'pm25': 13255}}",3.09,16.34,24.85,3.04,3.45,3.36,722987440,34.2,MOD-00631,30.0,2026-07-05T22:53:04,2026-07-05T15:53:04,https://api.quant-aq.com/v1/devices/MOD-00631/data/722987239
285.68,459.66,"{'lat': None, 'lon': None}","{'rh': 34.3, 'temp': 30.1, 'wd': 0.0, 'ws': 0.0, 'ws_scalar': 0.0}","{'gas': {'co': 18172, 'co2': 13279, 'no': 18173, 'no2': 18174, 'o3': 18175}, 'pm': {'pm1': 13254, 'pm10': 13256, 'pm25': 13255}}",3.18,16.85,24.25,3.57,4.95,3.92,722987439,34.3,MOD-00631,30.1,2026-07-05T22:52:04,2026-07-05T15:52:04,https://api.quant-aq.com/v1/devices/MOD-00631/data/722987238
279.67,462.43,"{'lat': None, 'lon': None}","{'rh': 34.1, 'temp': 30.1, 'wd': 0.0, 'ws': 0.0, 'ws_scalar': 0.0}","{'gas': {'co': 18172, 'co2': 13279, 'no': 18173, 'no2': 18174, 'o3': 18175}, 'pm': {'pm1': 13254, 'pm10': 13256, 'pm25': 13255}}",3.11,16.37,25.76,3.51,15.58,3.97,722985013,34.1,MOD-00631,30.1,2026-07-05T22:51:04,2026-07-05T15:51:04,https://api.quant-aq.com/v1/devices/MOD-00631/data/722984811
275.82,460.62,"{'lat': None, 'lon': None}","{'rh': 33.9, 'temp': 30.2, 'wd': 0.0, 'ws': 0.0, 'ws_scalar': 0.0}","{'gas': {'co': 18172, 'co2': 13279, 'no': 18173, 'no2': 18174, 'o3': 18175}, 'pm': {'pm1': 13254, 'pm10': 13256, 'pm25': 13255}}",3.13,14.55,26.26,3.88,4.7,4.3,722985014,33.9,MOD-00631,30.2,2026-07-05T22:50:04,2026-07-05T15:50:04,https://api.quant-aq.com/v1/devices/MOD-00631/data/722984813
280.44,458.21,"{'lat': None, 'lon': None}","{'rh': 33.9, 'temp': 30.3, 'wd': 0.0, 'ws': 0.0, 'ws_scalar': 0.0}","{'gas': {'co': 18172, 'co2': 13279, 'no': 18173, 'no2': 18174, 'o3': 18175}, 'pm': {'pm1': 13254, 'pm10': 13256, 'pm25': 13255}}",3.11,17.51,25.5,3.09,4.79,3.29,722985015,33.9,MOD-00631,30.3,2026-07-05T22:49:04,2026-07-05T15:49:04,https://api.quant-aq.com/v1/devices/MOD-00631/data/722984814
271.56,463.63,"{'lat': None, 'lon': None}","{'rh': 33.7, 'temp': 30.3, 'wd': 0.0, 'ws': 0.0, 'ws_scalar': 0.0}","{'gas': {'co': 18172, 'co2': 13279, 'no': 18173, 'no2': 18174, 'o3': 18175}, 'pm': {'pm1': 13254, 'pm10': 13256, 'pm25': 13255}}",3.08,15.93,26.8,3.85,6.23,4.29,722985012,33.7,MOD-00631,30.3,2026-07-05T22:48:04,2026-07-05T15:48:04,https://api.quant-aq.com/v1/devices/MOD-00631/data/722984812
301.41,458.45,"{'lat': None, 'lon': None}","{'rh': 33.4, 'temp': 30.4, 'wd': 0.0, 'ws': 0.0, 'ws_scalar': 0.0}","{'gas': {'co': 18172, 'co2': 13279, 'no': 18173, 'no2': 18174, 'o3': 18175}, 'pm': {'pm1': 13254, 'pm10': 13256, 'pm25': 13255}}",3.03,20.82,26.4,3.55,4.87,3.87,722982802,33.4,MOD-00631,30.4,2026-07-05T22:47:04,2026-07-05T15:47:04,https://api.quant-aq.com/v1/devices/MOD-00631/data/722982601
279.75,463.03,"{'lat': None, 'lon': None}","{'rh': 33.3, 'temp': 30.4, 'wd': 0.0, 'ws': 0.0, 'ws_scalar': 0.0}","{'gas': {'co': 18172, 'co2': 13279, 'no': 18173, 'no2': 18174, 'o3': 18175}, 'pm': {'pm1': 13254, 'pm10': 13256, 'pm25': 13255}}",3.07,13.68,26.52,3.46,6.6,3.8,722982803,33.3,MOD-00631,30.4,2026-07-05T22:46:04,2026-07-05T15:46:04,https://api.quant-aq.com/v1/devices/MOD-00631/data/722982602
283.0,460.26,"{'lat': None, 'lon': None}","{'rh': 33.5, 'temp': 30.5, 'wd': 0.0, 'ws': 0.0, 'ws_scalar': 0.0}","{'gas': {'co': 18172, 'co2': 13279, 'no': 18173, 'no2': 18174, 'o3': 18175}, 'pm': {'pm1': 13254, 'pm10': 13256, 'pm25': 13255}}",3.13,17.42,25.97,3.51,4.3,3.89,722982800,33.5,MOD-00631,30.5,2026-07-05T22:45:04,2026-07-05T15:45:04,https://api.quant-aq.com/v1/devices/MOD-00631/data/722982599
277.45,459.66,"{'lat': None, 'lon': None}","{'rh': 32.8, 'temp': 30.6, 'wd': 0.0, 'ws': 0.0, 'ws_scalar': 0.0}","{'gas': {'co': 18172, 'co2': 13279, 'no': 18173, 'no2': 18174, 'o3': 18175}, 'pm': {'pm1': 13254, 'pm10': 13256, 'pm25': 13255}}",3.2,12.32,26.45,3.07,4.96,3.37,722982801,32.8,MOD-00631,30.6,2026-07-05T22:44:04,2026-07-05T15:44:04,https://api.quant-aq.com/v1/devices/MOD-00631/data/722982600
287.63,462.19,"{'lat': None, 'lon': None}","{'rh': 32.9, 'temp': 30.6, 'wd': 0.0, 'ws': 0.0, 'ws_scalar': 0.0}","{'gas': {'co': 18172, 'co2': 13279, 'no': 18173, 'no2': 18174, 'o3': 18175}, 'pm': {'pm1': 13254, 'pm10': 13256, 'pm25': 13255}}",3.09,15.34,25.58,3.18,3.75,3.52,722980594,32.9,MOD-00631,30.6,2026-07-05T22:43:04,2026-07-05T15:43:04,https://api.quant-aq.com/v1/devices/MOD-00631/data/722980393
274.44,462.07,"{'lat': None, 'lon': None}","{'rh': 33.0, 'temp': 30.6, 'wd': 0.0, 'ws': 0.0, 'ws_scalar': 0.0}","{'gas': {'co': 18172, 'co2': 13279, 'no': 18173, 'no2': 18174, 'o3': 18175}, 'pm': {'pm1': 13254, 'pm10': 13256, 'pm25': 13255}}",3.17,14.5,26.73,3.23,5.01,3.58,722980593,33.0,MOD-00631,30.6,2026-07-05T22:42:04,2026-07-05T15:42:04,https://api.quant-aq.com/v1/devices/MOD-00631/data/722980392
277.56,456.29,"{'lat': None, 'lon': None}","{'rh': 32.8, 'temp': 30.7, 'wd': 0.0, 'ws': 0.0, 'ws_scalar': 0.0}","{'gas': {'co': 18172, 'co2': 13279, 'no': 18173, 'no2': 18174, 'o3': 18175}, 'pm': {'pm1': 13254, 'pm10': 13256, 'pm25': 13255}}",3.21,12.74,26.31,3.09,4.16,3.42,722980595,32.8,MOD-00631,30.7,2026-07-05T22:41:04,2026-07-05T15:41:04,https://api.quant-aq.com/v1/devices/MOD-00631/data/722980394
273.73,460.5,"{'lat': None, 'lon': None}","{'rh': 33.0, 'temp': 30.7, 'wd': 0.0, 'ws': 0.0, 'ws_scalar': 0.0}","{'gas': {'co': 18172, 'co2': 13279, 'no': 18173, 'no2': 18174, 'o3': 18175}, 'pm': {'pm1': 13254, 'pm10': 13256, 'pm25': 13255}}",3.18,15.76,25.44,3.41,4.09,3.77,722980592,33.0,MOD-00631,30.7,2026-07-05T22:40:04,2026-07-05T15:40:04,https://api.quant-aq.com/v1/devices/MOD-00631/data/722980391
262.35,455.8,"{'lat': None, 'lon': None}","{'rh': 33.0, 'temp': 30.8, 'wd': 0.0, 'ws': 0.0, 'ws_scalar': 0.0}","{'gas': {'co': 18172, 'co2': 13279, 'no': 18173, 'no2': 18174, 'o3': 18175}, 'pm': {'pm1': 13254, 'pm10': 13256, 'pm25': 13255}}",3.16,13.61,26.95,3.13,14.74,3.67,722978525,33.0,MOD-00631,30.8,2026-07-05T22:39:04,2026-07-05T15:39:04,https://api.quant-aq.com/v1/devices/MOD-00631/data/722978322
266.11,458.57,"{'lat': None, 'lon': None}","{'rh': 32.9, 'temp': 30.8, 'wd': 0.0, 'ws': 0.0, 'ws_scalar': 0.0}","{'gas': {'co': 18172, 'co2': 13279, 'no': 18173, 'no2': 18174, 'o3': 18175}, 'pm': {'pm1': 13254, 'pm10': 13256, 'pm25': 13255}}",3.28,12.74,27.66,3.13,7.52,3.43,722978524,32.9,MOD-00631,30.8,2026-07-05T22:38:04,2026-07-05T15:38:04,https://api.quant-aq.com/v1/devices/MOD-00631/data/722978324
296.57,457.01,"{'lat': None, 'lon': None}","{'rh': 32.9, 'temp': 30.9, 'wd': 0.0, 'ws': 0.0, 'ws_scalar': 0.0}","{'gas': {'co': 18172, 'co2': 13279, 'no': 18173, 'no2': 18174, 'o3': 18175}, 'pm': {'pm1': 13254, 'pm10': 13256, 'pm25': 13255}}",3.21,16.55,25.63,3.26,4.83,3.75,722978523,32.9,MOD-00631,30.9,2026-07-05T22:37:04,2026-07-05T15:37:04,https://api.quant-aq.com/v1/devices/MOD-00631/data/722978323
271.7,459.06,"{'lat': None, 'lon': None}","{'rh': 32.7, 'temp': 30.9, 'wd': 0.0, 'ws': 0.0, 'ws_scalar': 0.0}","{'gas': {'co': 18172, 'co2': 13279, 'no': 18173, 'no2': 18174, 'o3': 18175}, 'pm': {'pm1': 13254, 'pm10': 13256, 'pm25': 13255}}",3.22,15.61,25.89,3.4,6.86,3.72,722978522,32.7,MOD-00631,30.9,2026-07-05T22:36:04,2026-07-05T15:36:04,https://api.quant-aq.com/v1/devices/MOD-00631/data/722978321
263.21,456.17,"{'lat': None, 'lon': None}","{'rh': 32.1, 'temp': 31.0, 'wd': 0.0, 'ws': 0.0, 'ws_scalar': 0.0}","{'gas': {'co': 18172, 'co2': 13279, 'no': 18173, 'no2': 18174, 'o3': 18175}, 'pm': {'pm1': 13254, 'pm10': 13256, 'pm25': 13255}}",3.31,11.78,27.94,3.26,4.73,3.64,722976262,32.1,MOD-00631,31.0,2026-07-05T22:35:04,2026-07-05T15:35:04,https://api.quant-aq.com/v1/devices/MOD-00631/data/722976061
274.83,454.12,"{'lat': None, 'lon': None}","{'rh': 31.9, 'temp': 31.0, 'wd': 0.0, 'ws': 0.0, 'ws_scalar': 0.0}","{'gas': {'co': 18172, 'co2': 13279, 'no': 18173, 'no2': 18174, 'o3': 18175}, 'pm': {'pm1': 13254, 'pm10': 13256, 'pm25': 13255}}",3.11,10.99,26.84,3.08,3.9,3.44,722976263,31.9,MOD-00631,31.0,2026-07-05T22:34:04,2026-07-05T15:34:04,https://api.quant-aq.com/v1/devices/MOD-00631/data/722976062
276.02,456.29,"{'lat': None, 'lon': None}","{'rh': 32.7, 'temp': 31.1, 'wd': 0.0, 'ws': 0.0, 'ws_scalar': 0.0}","{'gas': {'co': 18172, 'co2': 13279, 'no': 18173, 'no2': 18174, 'o3': 18175}, 'pm': {'pm1': 13254, 'pm10': 13256, 'pm25': 13255}}",3.21,13.09,26.15,3.05,4.5,3.46,722976258,32.7,MOD-00631,31.1,2026-07-05T22:33:04,2026-07-05T15:33:04,https://api.quant-aq.com/v1/devices/MOD-00631/data/722976057
262.22,457.01,"{'lat': None, 'lon': None}","{'rh': 32.5, 'temp': 31.1, 'wd': 0.0, 'ws': 0.0, 'ws_scalar': 0.0}","{'gas': {'co': 18172, 'co2': 13279, 'no': 18173, 'no2': 18174, 'o3': 18175}, 'pm': {'pm1': 13254, 'pm10': 13256, 'pm25': 13255}}",3.25,11.06,28.61,3.38,9.78,3.8,722976261,32.5,MOD-00631,31.1,2026-07-05T22:32:04,2026-07-05T15:32:04,https://api.quant-aq.com/v1/devices/MOD-00631/data/722976058
274.84,454.24,"{'lat': None, 'lon': None}","{'rh': 32.2, 'temp': 31.2, 'wd': 0.0, 'ws': 0.0, 'ws_scalar': 0.0}","{'gas': {'co': 18172, 'co2': 13279, 'no': 18173, 'no2': 18174, 'o3': 18175}, 'pm': {'pm1': 13254, 'pm10': 13256, 'pm25': 13255}}",3.23,15.32,25.44,3.32,4.61,3.69,722974077,32.2,MOD-00631,31.2,2026-07-05T22:31:04,2026-07-05T15:31:04,https://api.quant-aq.com/v1/devices/MOD-00631/data/722973875
275.04,454.84,"{'lat': None, 'lon': None}","{'rh': 32.5, 'temp': 31.2, 'wd': 0.0, 'ws': 0.0, 'ws_scalar': 0.0}","{'gas': {'co': 18172, 'co2': 13279, 'no': 18173, 'no2': 18174, 'o3': 18175}, 'pm': {'pm1': 13254, 'pm10': 13256, 'pm25': 13255}}",3.16,12.22,26.4,3.04,6.82,3.39,722974076,32.5,MOD-00631,31.2,2026-07-05T22:30:04,2026-07-05T15:30:04,https://api.quant-aq.com/v1/devices/MOD-00631/data/722973876
278.73,450.87,"{'lat': None, 'lon': None}","{'rh': 32.5, 'temp': 31.2, 'wd': 0.0, 'ws': 0.0, 'ws_scalar': 0.0}","{'gas': {'co': 18172, 'co2': 13279, 'no': 18173, 'no2': 18174, 'o3': 18175}, 'pm': {'pm1': 13254, 'pm10': 13256, 'pm25': 13255}}",3.23,13.44,26.03,3.1,4.57,3.44,722974078,32.5,MOD-00631,31.2,2026-07-05T22:29:04,2026-07-05T15:29:04,https://api.quant-aq.com/v1/devices/MOD-00631/data/722973877
270.3,452.79,"{'lat': None, 'lon': None}","{'rh': 32.4, 'temp': 31.3, 'wd': 0.0, 'ws': 0.0, 'ws_scalar': 0.0}","{'gas': {'co': 18172, 'co2': 13279, 'no': 18173, 'no2': 18174, 'o3': 18175}, 'pm': {'pm1': 13254, 'pm10': 13256, 'pm25': 13255}}",3.21,12.59,26.73,3.08,11.41,3.26,722974079,32.4,MOD-00631,31.3,2026-07-05T22:28:04,2026-07-05T15:28:04,https://api.quant-aq.com/v1/devices/MOD-00631/data/722973878
273.85,456.17,"{'lat': None, 'lon': None}","{'rh': 32.6, 'temp': 31.3, 'wd': 0.0, 'ws': 0.0, 'ws_scalar': 0.0}","{'gas': {'co': 18172, 'co2': 13279, 'no': 18173, 'no2': 18174, 'o3': 18175}, 'pm': {'pm1': 13254, 'pm10': 13256, 'pm25': 13255}}",3.25,13.84,25.89,2.71,5.76,3.04,722971863,32.6,MOD-00631,31.3,2026-07-05T22:27:04,2026-07-05T15:27:04,https://api.quant-aq.com/v1/devices/MOD-00631/data/722971662
276.83,450.5,"{'lat': None, 'lon': None}","{'rh': 32.6, 'temp': 31.4, 'wd': 0.0, 'ws': 0.0, 'ws_scalar': 0.0}","{'gas': {'co': 18172, 'co2': 13279, 'no': 18173, 'no2': 18174, 'o3': 18175}, 'pm': {'pm1': 13254, 'pm10': 13256, 'pm25': 13255}}",3.24,14.22,25.75,2.99,16.54,3.36,722971862,32.6,MOD-00631,31.4,2026-07-05T22:26:04,2026-07-05T15:26:04,https://api.quant-aq.com/v1/devices/MOD-00631/data/722971661
272.39,451.47,"{'lat': None, 'lon': None}","{'rh': 32.5, 'temp': 31.4, 'wd': 0.0, 'ws': 0.0, 'ws_scalar': 0.0}","{'gas': {'co': 18172, 'co2': 13279, 'no': 18173, 'no2': 18174, 'o3': 18175}, 'pm': {'pm1': 13254, 'pm10': 13256, 'pm25': 13255}}",3.18,12.99,26.13,2.85,7.44,3.42,722971860,32.5,MOD-00631,31.4,2026-07-05T22:25:04,2026-07-05T15:25:04,https://api.quant-aq.com/v1/devices/MOD-00631/data/722971660
287.15,451.95,"{'lat': None, 'lon': None}","{'rh': 32.5, 'temp': 31.4, 'wd': 0.0, 'ws': 0.0, 'ws_scalar': 0.0}","{'gas': {'co': 18172, 'co2': 13279, 'no': 18173, 'no2': 18174, 'o3': 18175}, 'pm': {'pm1': 13254, 'pm10': 13256, 'pm25': 13255}}",3.22,12.99,26.58,2.69,4.94,3.34,722971861,32.5,MOD-00631,31.4,2026-07-05T22:24:04,2026-07-05T15:24:04,https://api.quant-aq.com/v1/devices/MOD-00631/data/722971659
294.38,450.99,"{'lat': None, 'lon': None}","{'rh': 32.3, 'temp': 31.5, 'wd': 0.0, 'ws': 0.0, 'ws_scalar': 0.0}","{'gas': {'co': 18172, 'co2': 13279, 'no': 18173, 'no2': 18174, 'o3': 18175}, 'pm': {'pm1': 13254, 'pm10': 13256, 'pm25': 13255}}",3.2,11.38,25.71,2.88,3.85,3.25,722969704,32.3,MOD-00631,31.5,2026-07-05T22:23:04,2026-07-05T15:23:04,https://api.quant-aq.com/v1/devices/MOD-00631/data/722969505
287.39,452.31,"{'lat': None, 'lon': None}","{'rh': 32.9, 'temp': 31.5, 'wd': 0.0, 'ws': 0.0, 'ws_scalar': 0.0}","{'gas': {'co': 18172, 'co2': 13279, 'no': 18173, 'no2': 18174, 'o3': 18175}, 'pm': {'pm1': 13254, 'pm10': 13256, 'pm25': 13255}}",3.22,15.07,25.47,2.56,4.06,2.86,722969706,32.9,MOD-00631,31.5,2026-07-05T22:22:04,2026-07-05T15:22:04,https://api.quant-aq.com/v1/devices/MOD-00631/data/722969503
277.42,452.79,"{'lat': None, 'lon': None}","{'rh': 32.5, 'temp': 31.5, 'wd': 0.0, 'ws': 0.0, 'ws_scalar': 0.0}","{'gas': {'co': 18172, 'co2': 13279, 'no': 18173, 'no2': 18174, 'o3': 18175}, 'pm': {'pm1': 13254, 'pm10': 13256, 'pm25': 13255}}",3.23,13.37,25.99,2.79,3.68,3.26,722969703,32.5,MOD-00631,31.5,2026-07-05T22:21:04,2026-07-05T15:21:04,https://api.quant-aq.com/v1/devices/MOD-00631/data/722969502
276.71,453.52,"{'lat': None, 'lon': None}","{'rh': 32.5, 'temp': 31.6, 'wd': 0.0, 'ws': 0.0, 'ws_scalar': 0.0}","{'gas': {'co': 18172, 'co2': 13279, 'no': 18173, 'no2': 18174, 'o3': 18175}, 'pm': {'pm1': 13254, 'pm10': 13256, 'pm25': 13255}}",3.22,14.91,23.66,2.55,3.44,3.03,722969705,32.5,MOD-00631,31.6,2026-07-05T22:20:04,2026-07-05T15:20:04,https://api.quant-aq.com/v1/devices/MOD-00631/data/722969504
289.16,449.06,"{'lat': None, 'lon': None}","{'rh': 32.3, 'temp': 31.6, 'wd': 0.0, 'ws': 0.0, 'ws_scalar': 0.0}","{'gas': {'co': 18172, 'co2': 13279, 'no': 18173, 'no2': 18174, 'o3': 18175}, 'pm': {'pm1': 13254, 'pm10': 13256, 'pm25': 13255}}",3.17,14.84,24.13,2.69,4.05,3.04,722967496,32.3,MOD-00631,31.6,2026-07-05T22:19:04,2026-07-05T15:19:04,https://api.quant-aq.com/v1/devices/MOD-00631/data/722967295
269.75,448.22,"{'lat': None, 'lon': None}","{'rh': 31.9, 'temp': 31.6, 'wd': 0.0, 'ws': 0.0, 'ws_scalar': 0.0}","{'gas': {'co': 18172, 'co2': 13279, 'no': 18173, 'no2': 18174, 'o3': 18175}, 'pm': {'pm1': 13254, 'pm10': 13256, 'pm25': 13255}}",3.24,12.06,26.4,3.02,3.74,3.37,722967495,31.9,MOD-00631,31.6,2026-07-05T22:18:04,2026-07-05T15:18:04,https://api.quant-aq.com/v1/devices/MOD-00631/data/722967294
265.83,451.23,"{'lat': None, 'lon': None}","{'rh': 31.8, 'temp': 31.7, 'wd': 0.0, 'ws': 0.0, 'ws_scalar': 0.0}","{'gas': {'co': 18172, 'co2': 13279, 'no': 18173, 'no2': 18174, 'o3': 18175}, 'pm': {'pm1': 13254, 'pm10': 13256, 'pm25': 13255}}",3.12,12.4,24.44,2.56,4.26,2.92,722967497,31.8,MOD-00631,31.7,2026-07-05T22:17:04,2026-07-05T15:17:04,https://api.quant-aq.com/v1/devices/MOD-00631/data/722967296
259.89,448.22,"{'lat': None, 'lon': None}","{'rh': 31.5, 'temp': 31.7, 'wd': 0.0, 'ws': 0.0, 'ws_scalar': 0.0}","{'gas': {'co': 18172, 'co2': 13279, 'no': 18173, 'no2': 18174, 'o3': 18175}, 'pm': {'pm1': 13254, 'pm10': 13256, 'pm25': 13255}}",3.19,10.91,25.41,2.53,4.06,2.95,722967494,31.5,MOD-00631,31.7,2026-07-05T22:16:04,2026-07-05T15:16:04,https://api.quant-aq.com/v1/devices/MOD-00631/data/722967293
262.69,445.2,"{'lat': None, 'lon': None}","{'rh': 31.6, 'temp': 31.7, 'wd': 0.0, 'ws': 0.0, 'ws_scalar': 0.0}","{'gas': {'co': 18172, 'co2': 13279, 'no': 18173, 'no2': 18174, 'o3': 18175}, 'pm': {'pm1': 13254, 'pm10': 13256, 'pm25': 13255}}",3.15,11.63,25.62,2.5,3.56,2.87,722965316,31.6,MOD-00631,31.7,2026-07-05T22:15:04,2026-07-05T15:15:04,https://api.quant-aq.com/v1/devices/MOD-00631/data/722965116
301.24,445.33,"{'lat': None, 'lon': None}","{'rh': 31.6, 'temp': 31.7, 'wd': 0.0, 'ws': 0.0, 'ws_scalar': 0.0}","{'gas': {'co': 18172, 'co2': 13279, 'no': 18173, 'no2': 18174, 'o3': 18175}, 'pm': {'pm1': 13254, 'pm10': 13256, 'pm25': 13255}}",3.17,11.63,23.79,2.62,4.46,2.99,722965317,31.6,MOD-00631,31.7,2026-07-05T22:14:04,2026-07-05T15:14:04,https://api.quant-aq.com/v1/devices/MOD-00631/data/722965115
295.95,450.87,"{'lat': None, 'lon': None}","{'rh': 31.7, 'temp': 31.8, 'wd': 0.0, 'ws': 0.0, 'ws_scalar': 0.0}","{'gas': {'co': 18172, 'co2': 13279, 'no': 18173, 'no2': 18174, 'o3': 18175}, 'pm': {'pm1': 13254, 'pm10': 13256, 'pm25': 13255}}",3.08,13.11,23.74,2.79,5.08,3.16,722965315,31.7,MOD-00631,31.8,2026-07-05T22:13:04,2026-07-05T15:13:04,https://api.quant-aq.com/v1/devices/MOD-00631/data/722965114
271.89,446.77,"{'lat': None, 'lon': None}","{'rh': 31.5, 'temp': 31.8, 'wd': 0.0, 'ws': 0.0, 'ws_scalar': 0.0}","{'gas': {'co': 18172, 'co2': 13279, 'no': 18173, 'no2': 18174, 'o3': 18175}, 'pm': {'pm1': 13254, 'pm10': 13256, 'pm25': 13255}}",3.13,11.25,24.82,2.92,4.74,3.42,722965311,31.5,MOD-00631,31.8,2026-07-05T22:12:04,2026-07-05T15:12:04,https://api.quant-aq.com/v1/devices/MOD-00631/data/722965112
258.57,448.7,"{'lat': None, 'lon': None}","{'rh': 31.2, 'temp': 31.8, 'wd': 0.0, 'ws': 0.0, 'ws_scalar': 0.0}","{'gas': {'co': 18172, 'co2': 13279, 'no': 18173, 'no2': 18174, 'o3': 18175}, 'pm': {'pm1': 13254, 'pm10': 13256, 'pm25': 13255}}",3.15,11.56,24.27,2.58,4.43,2.99,722963158,31.2,MOD-00631,31.8,2026-07-05T22:11:04,2026-07-05T15:11:04,https://api.quant-aq.com/v1/devices/MOD-00631/data/722962957
306.81,446.29,"{'lat': None, 'lon': None}","{'rh': 31.0, 'temp': 31.9, 'wd': 0.0, 'ws': 0.0, 'ws_scalar': 0.0}","{'gas': {'co': 18172, 'co2': 13279, 'no': 18173, 'no2': 18174, 'o3': 18175}, 'pm': {'pm1': 13254, 'pm10': 13256, 'pm25': 13255}}",3.09,13.28,23.2,2.8,4.91,3.08,722963157,31.0,MOD-00631,31.9,2026-07-05T22:10:04,2026-07-05T15:10:04,https://api.quant-aq.com/v1/devices/MOD-00631/data/722962955
295.53,446.77,"{'lat': None, 'lon': None}","{'rh': 30.7, 'temp': 31.9, 'wd': 0.0, 'ws': 0.0, 'ws_scalar': 0.0}","{'gas': {'co': 18172, 'co2': 13279, 'no': 18173, 'no2': 18174, 'o3': 18175}, 'pm': {'pm1': 13254, 'pm10': 13256, 'pm25': 13255}}",3.12,10.53,24.21,2.42,4.58,2.87,722963155,30.7,MOD-00631,31.9,2026-07-05T22:09:04,2026-07-05T15:09:04,https://api.quant-aq.com/v1/devices/MOD-00631/data/722962954
278.58,450.14,"{'lat': None, 'lon': None}","{'rh': 30.9, 'temp': 31.9, 'wd': 0.0, 'ws': 0.0, 'ws_scalar': 0.0}","{'gas': {'co': 18172, 'co2': 13279, 'no': 18173, 'no2': 18174, 'o3': 18175}, 'pm': {'pm1': 13254, 'pm10': 13256, 'pm25': 13255}}",3.16,10.86,24.52,2.6,6.3,2.99,722963156,30.9,MOD-00631,31.9,2026-07-05T22:08:04,2026-07-05T15:08:04,https://api.quant-aq.com/v1/devices/MOD-00631/data/722962956
283.43,446.17,"{'lat': None, 'lon': None}","{'rh': 31.0, 'temp': 31.9, 'wd': 0.0, 'ws': 0.0, 'ws_scalar': 0.0}","{'gas': {'co': 18172, 'co2': 13279, 'no': 18173, 'no2': 18174, 'o3': 18175}, 'pm': {'pm1': 13254, 'pm10': 13256, 'pm25': 13255}}",3.04,9.93,24.89,2.66,5.54,2.9,722961044,31.0,MOD-00631,31.9,2026-07-05T22:07:04,2026-07-05T15:07:04,https://api.quant-aq.com/v1/devices/MOD-00631/data/722960843
292.78,449.42,"{'lat': None, 'lon': None}","{'rh': 31.7, 'temp': 31.9, 'wd': 0.0, 'ws': 0.0, 'ws_scalar': 0.0}","{'gas': {'co': 18172, 'co2': 13279, 'no': 18173, 'no2': 18174, 'o3': 18175}, 'pm': {'pm1': 13254, 'pm10': 13256, 'pm25': 13255}}",3.07,12.35,23.06,2.7,4.03,3.01,722961047,31.7,MOD-00631,31.9,2026-07-05T22:06:04,2026-07-05T15:06:04,https://api.quant-aq.com/v1/devices/MOD-00631/data/722960848
308.62,445.33,"{'lat': None, 'lon': None}","{'rh': 31.5, 'temp': 32.0, 'wd': 0.0, 'ws': 0.0, 'ws_scalar': 0.0}","{'gas': {'co': 18172, 'co2': 13279, 'no': 18173, 'no2': 18174, 'o3': 18175}, 'pm': {'pm1': 13254, 'pm10': 13256, 'pm25': 13255}}",3.09,13.03,24.64,3.06,4.92,3.29,722961046,31.5,MOD-00631,32.0,2026-07-05T22:05:04,2026-07-05T15:05:04,https://api.quant-aq.com/v1/devices/MOD-00631/data/722960842
427.0,446.17,"{'lat': None, 'lon': None}","{'rh': 31.7, 'temp': 32.0, 'wd': 0.0, 'ws': 0.0, 'ws_scalar': 0.0}","{'gas': {'co': 18172, 'co2': 13279, 'no': 18173, 'no2': 18174, 'o3': 18175}, 'pm': {'pm1': 13254, 'pm10': 13256, 'pm25': 13255}}",3.03,13.8,22.1,2.51,6.85,3.07,722961042,31.7,MOD-00631,32.0,2026-07-05T22:04:04,2026-07-05T15:04:04,https://api.quant-aq.com/v1/devices/MOD-00631/data/722960845
485.91,447.73,"{'lat': None, 'lon': None}","{'rh': 31.9, 'temp': 32.0, 'wd': 0.0, 'ws': 0.0, 'ws_scalar': 0.0}","{'gas': {'co': 18172, 'co2': 13279, 'no': 18173, 'no2': 18174, 'o3': 18175}, 'pm': {'pm1': 13254, 'pm10': 13256, 'pm25': 13255}}",3.01,14.22,21.96,2.41,14.42,2.87,722958777,31.9,MOD-00631,32.0,2026-07-05T22:03:04,2026-07-05T15:03:04,https://api.quant-aq.com/v1/devices/MOD-00631/data/722958576
322.9,451.11,"{'lat': None, 'lon': None}","{'rh': 31.6, 'temp': 32.0, 'wd': 0.0, 'ws': 0.0, 'ws_scalar': 0.0}","{'gas': {'co': 18172, 'co2': 13279, 'no': 18173, 'no2': 18174, 'o3': 18175}, 'pm': {'pm1': 13254, 'pm10': 13256, 'pm25': 13255}}",3.18,9.94,25.29,3.01,4.75,3.55,722958779,31.6,MOD-00631,32.0,2026-07-05T22:02:04,2026-07-05T15:02:04,https://api.quant-aq.com/v1/devices/MOD-00631/data/722958578
299.66,450.99,"{'lat': None, 'lon': None}","{'rh': 31.4, 'temp': 32.0, 'wd': 0.0, 'ws': 0.0, 'ws_scalar': 0.0}","{'gas': {'co': 18172, 'co2': 13279, 'no': 18173, 'no2': 18174, 'o3': 18175}, 'pm': {'pm1': 13254, 'pm10': 13256, 'pm25': 13255}}",3.18,13.72,22.12,3.13,3.91,3.47,722958778,31.4,MOD-00631,32.0,2026-07-05T22:01:04,2026-07-05T15:01:04,https://api.quant-aq.com/v1/devices/MOD-00631/data/722958577
266.99,450.26,"{'lat': None, 'lon': None}","{'rh': 31.2, 'temp': 32.0, 'wd': 0.0, 'ws': 0.0, 'ws_scalar': 0.0}","{'gas': {'co': 18172, 'co2': 13279, 'no': 18173, 'no2': 18174, 'o3': 18175}, 'pm': {'pm1': 13254, 'pm10': 13256, 'pm25': 13255}}",3.2,10.87,24.49,3.06,4.55,3.42,722958776,31.2,MOD-00631,32.0,2026-07-05T22:00:04,2026-07-05T15:00:04,https://api.quant-aq.com/v1/devices/MOD-00631/data/722958575
270.21,452.55,"{'lat': None, 'lon': None}","{'rh': 31.3, 'temp': 32.0, 'wd': 0.0, 'ws': 0.0, 'ws_scalar': 0.0}","{'gas': {'co': 18172, 'co2': 13279, 'no': 18173, 'no2': 18174, 'o3': 18175}, 'pm': {'pm1': 13254, 'pm10': 13256, 'pm25': 13255}}",3.18,13.69,23.5,2.77,3.29,3.04,722956584,31.3,MOD-00631,32.0,2026-07-05T21:59:04,2026-07-05T14:59:04,https://api.quant-aq.com/v1/devices/MOD-00631/data/722956382
265.99,454.36,"{'lat': None, 'lon': None}","{'rh': 31.3, 'temp': 31.9, 'wd': 0.0, 'ws': 0.0, 'ws_scalar': 0.0}","{'gas': {'co': 18172, 'co2': 13279, 'no': 18173, 'no2': 18174, 'o3': 18175}, 'pm': {'pm1': 13254, 'pm10': 13256, 'pm25': 13255}}",3.32,11.92,24.12,2.72,4.09,3.15,722956585,31.3,MOD-00631,31.9,2026-07-05T21:58:04,2026-07-05T14:58:04,https://api.quant-aq.com/v1/devices/MOD-00631/data/722956384
280.49,452.55,"{'lat': None, 'lon': None}","{'rh': 31.1, 'temp': 31.9, 'wd': 0.0, 'ws': 0.0, 'ws_scalar': 0.0}","{'gas': {'co': 18172, 'co2': 13279, 'no': 18173, 'no2': 18174, 'o3': 18175}, 'pm': {'pm1': 13254, 'pm10': 13256, 'pm25': 13255}}",3.26,13.65,23.07,2.53,4.48,3.0,722956583,31.1,MOD-00631,31.9,2026-07-05T21:57:04,2026-07-05T14:57:04,https://api.quant-aq.com/v1/devices/MOD-00631/data/722956383
274.0,449.3,"{'lat': None, 'lon': None}","{'rh': 31.0, 'temp': 31.9, 'wd': 0.0, 'ws': 0.0, 'ws_scalar': 0.0}","{'gas': {'co': 18172, 'co2': 13279, 'no': 18173, 'no2': 18174, 'o3': 18175}, 'pm': {'pm1': 13254, 'pm10': 13256, 'pm25': 13255}}",3.24,14.32,22.37,2.87,4.38,3.23,722956582,31.0,MOD-00631,31.9,2026-07-05T21:56:04,2026-07-05T14:56:04,https://api.quant-aq.com/v1/devices/MOD-00631/data/722956381
266.56,452.79,"{'lat': None, 'lon': None}","{'rh': 30.5, 'temp': 31.9, 'wd': 0.0, 'ws': 0.0, 'ws_scalar': 0.0}","{'gas': {'co': 18172, 'co2': 13279, 'no': 18173, 'no2': 18174, 'o3': 18175}, 'pm': {'pm1': 13254, 'pm10': 13256, 'pm25': 13255}}",3.28,12.5,23.94,2.48,3.42,2.78,722954442,30.5,MOD-00631,31.9,2026-07-05T21:55:04,2026-07-05T14:55:04,https://api.quant-aq.com/v1/devices/MOD-00631/data/722954242
282.35,454.72,"{'lat': None, 'lon': None}","{'rh': 30.2, 'temp': 31.9, 'wd': 0.0, 'ws': 0.0, 'ws_scalar': 0.0}","{'gas': {'co': 18172, 'co2': 13279, 'no': 18173, 'no2': 18174, 'o3': 18175}, 'pm': {'pm1': 13254, 'pm10': 13256, 'pm25': 13255}}",3.18,10.23,25.73,2.16,4.84,2.38,722954445,30.2,MOD-00631,31.9,2026-07-05T21:54:04,2026-07-05T14:54:04,https://api.quant-aq.com/v1/devices/MOD-00631/data/722954244
280.02,453.27,"{'lat': None, 'lon': None}","{'rh': 30.6, 'temp': 31.9, 'wd': 0.0, 'ws': 0.0, 'ws_scalar': 0.0}","{'gas': {'co': 18172, 'co2': 13279, 'no': 18173, 'no2': 18174, 'o3': 18175}, 'pm': {'pm1': 13254, 'pm10': 13256, 'pm25': 13255}}",3.29,13.19,23.68,2.42,4.38,2.85,722954443,30.6,MOD-00631,31.9,2026-07-05T21:53:04,2026-07-05T14:53:04,https://api.quant-aq.com/v1/devices/MOD-00631/data/722954241
298.55,454.12,"{'lat': None, 'lon': None}","{'rh': 30.5, 'temp': 31.9, 'wd': 0.0, 'ws': 0.0, 'ws_scalar': 0.0}","{'gas': {'co': 18172, 'co2': 13279, 'no': 18173, 'no2': 18174, 'o3': 18175}, 'pm': {'pm1': 13254, 'pm10': 13256, 'pm25': 13255}}",3.18,9.94,24.47,2.79,3.76,3.21,722954444,30.5,MOD-00631,31.9,2026-07-05T21:52:04,2026-07-05T14:52:04,https://api.quant-aq.com/v1/devices/MOD-00631/data/722954243
284.88,449.3,"{'lat': None, 'lon': None}","{'rh': 31.7, 'temp': 31.8, 'wd': 0.0, 'ws': 0.0, 'ws_scalar': 0.0}","{'gas': {'co': 18172, 'co2': 13279, 'no': 18173, 'no2': 18174, 'o3': 18175}, 'pm': {'pm1': 13254, 'pm10': 13256, 'pm25': 13255}}",3.24,14.21,22.45,2.43,4.08,2.79,722952244,31.7,MOD-00631,31.8,2026-07-05T21:51:04,2026-07-05T14:51:04,https://api.quant-aq.com/v1/devices/MOD-00631/data/722952044
280.17,451.23,"{'lat': None, 'lon': None}","{'rh': 31.4, 'temp': 31.8, 'wd': 0.0, 'ws': 0.0, 'ws_scalar': 0.0}","{'gas': {'co': 18172, 'co2': 13279, 'no': 18173, 'no2': 18174, 'o3': 18175}, 'pm': {'pm1': 13254, 'pm10': 13256, 'pm25': 13255}}",3.22,15.52,21.98,2.52,7.96,2.76,722952246,31.4,MOD-00631,31.8,2026-07-05T21:50:04,2026-07-05T14:50:04,https://api.quant-aq.com/v1/devices/MOD-00631/data/722952046
269.64,448.58,"{'lat': None, 'lon': None}","{'rh': 31.2, 'temp': 31.8, 'wd': 0.0, 'ws': 0.0, 'ws_scalar': 0.0}","{'gas': {'co': 18172, 'co2': 13279, 'no': 18173, 'no2': 18174, 'o3': 18175}, 'pm': {'pm1': 13254, 'pm10': 13256, 'pm25': 13255}}",3.25,14.05,22.49,2.6,3.27,2.93,722952242,31.2,MOD-00631,31.8,2026-07-05T21:49:04,2026-07-05T14:49:04,https://api.quant-aq.com/v1/devices/MOD-00631/data/722952041
257.75,451.47,"{'lat': None, 'lon': None}","{'rh': 31.2, 'temp': 31.8, 'wd': 0.0, 'ws': 0.0, 'ws_scalar': 0.0}","{'gas': {'co': 18172, 'co2': 13279, 'no': 18173, 'no2': 18174, 'o3': 18175}, 'pm': {'pm1': 13254, 'pm10': 13256, 'pm25': 13255}}",3.26,15.44,22.0,2.95,5.69,3.23,722952248,31.2,MOD-00631,31.8,2026-07-05T21:48:04,2026-07-05T14:48:04,https://api.quant-aq.com/v1/devices/MOD-00631/data/722952048
268.4,450.99,"{'lat': None, 'lon': None}","{'rh': 30.8, 'temp': 31.9, 'wd': 0.0, 'ws': 0.0, 'ws_scalar': 0.0}","{'gas': {'co': 18172, 'co2': 13279, 'no': 18173, 'no2': 18174, 'o3': 18175}, 'pm': {'pm1': 13254, 'pm10': 13256, 'pm25': 13255}}",3.34,13.24,24.12,3.03,5.24,3.34,722950049,30.8,MOD-00631,31.9,2026-07-05T21:47:04,2026-07-05T14:47:04,https://api.quant-aq.com/v1/devices/MOD-00631/data/722949849
253.02,446.41,"{'lat': None, 'lon': None}","{'rh': 30.5, 'temp': 31.9, 'wd': 0.0, 'ws': 0.0, 'ws_scalar': 0.0}","{'gas': {'co': 18172, 'co2': 13279, 'no': 18173, 'no2': 18174, 'o3': 18175}, 'pm': {'pm1': 13254, 'pm10': 13256, 'pm25': 13255}}",3.31,12.5,24.39,2.52,3.18,2.85,722950048,30.5,MOD-00631,31.9,2026-07-05T21:46:04,2026-07-05T14:46:04,https://api.quant-aq.com/v1/devices/MOD-00631/data/722949847
258.01,450.75,"{'lat': None, 'lon': None}","{'rh': 30.4, 'temp': 31.9, 'wd': 0.0, 'ws': 0.0, 'ws_scalar': 0.0}","{'gas': {'co': 18172, 'co2': 13279, 'no': 18173, 'no2': 18174, 'o3': 18175}, 'pm': {'pm1': 13254, 'pm10': 13256, 'pm25': 13255}}",3.3,12.15,24.98,2.91,9.84,3.25,722950050,30.4,MOD-00631,31.9,2026-07-05T21:45:04,2026-07-05T14:45:04,https://api.quant-aq.com/v1/devices/MOD-00631/data/722949848
254.39,451.47,"{'lat': None, 'lon': None}","{'rh': 30.3, 'temp': 31.9, 'wd': 0.0, 'ws': 0.0, 'ws_scalar': 0.0}","{'gas': {'co': 18172, 'co2': 13279, 'no': 18173, 'no2': 18174, 'o3': 18175}, 'pm': {'pm1': 13254, 'pm10': 13256, 'pm25': 13255}}",3.37,11.47,24.78,3.32,4.26,3.49,722950051,30.3,MOD-00631,31.9,2026-07-05T21:44:04,2026-07-05T14:44:04,https://api.quant-aq.com/v1/devices/MOD-00631/data/722949850
247.83,448.46,"{'lat': None, 'lon': None}","{'rh': 30.3, 'temp': 31.9, 'wd': 0.0, 'ws': 0.0, 'ws_scalar': 0.0}","{'gas': {'co': 18172, 'co2': 13279, 'no': 18173, 'no2': 18174, 'o3': 18175}, 'pm': {'pm1': 13254, 'pm10': 13256, 'pm25': 13255}}",3.27,12.14,24.53,3.14,4.57,3.46,722947893,30.3,MOD-00631,31.9,2026-07-05T21:43:04,2026-07-05T14:43:04,https://api.quant-aq.com/v1/devices/MOD-00631/data/722947692
240.63,452.07,"{'lat': None, 'lon': None}","{'rh': 30.2, 'temp': 32.0, 'wd': 0.0, 'ws': 0.0, 'ws_scalar': 0.0}","{'gas': {'co': 18172, 'co2': 13279, 'no': 18173, 'no2': 18174, 'o3': 18175}, 'pm': {'pm1': 13254, 'pm10': 13256, 'pm25': 13255}}",3.34,11.47,24.32,3.54,6.17,3.9,722947894,30.2,MOD-00631,32.0,2026-07-05T21:42:04,2026-07-05T14:42:04,https://api.quant-aq.com/v1/devices/MOD-00631/data/722947693
241.59,451.83,"{'lat': None, 'lon': None}","{'rh': 30.0, 'temp': 32.0, 'wd': 0.0, 'ws': 0.0, 'ws_scalar': 0.0}","{'gas': {'co': 18172, 'co2': 13279, 'no': 18173, 'no2': 18174, 'o3': 18175}, 'pm': {'pm1': 13254, 'pm10': 13256, 'pm25': 13255}}",3.35,10.54,24.7,2.68,6.34,3.03,722947892,30.0,MOD-00631,32.0,2026-07-05T21:41:04,2026-07-05T14:41:04,https://api.quant-aq.com/v1/devices/MOD-00631/data/722947691
238.38,451.71,"{'lat': None, 'lon': None}","{'rh': 29.9, 'temp': 32.0, 'wd': 0.0, 'ws': 0.0, 'ws_scalar': 0.0}","{'gas': {'co': 18172, 'co2': 13279, 'no': 18173, 'no2': 18174, 'o3': 18175}, 'pm': {'pm1': 13254, 'pm10': 13256, 'pm25': 13255}}",3.34,10.85,24.58,2.71,4.07,2.99,722947891,29.9,MOD-00631,32.0,2026-07-05T21:40:04,2026-07-05T14:40:04,https://api.quant-aq.com/v1/devices/MOD-00631/data/722947690
242.87,445.93,"{'lat': None, 'lon': None}","{'rh': 29.5, 'temp': 32.1, 'wd': 0.0, 'ws': 0.0, 'ws_scalar': 0.0}","{'gas': {'co': 18172, 'co2': 13279, 'no': 18173, 'no2': 18174, 'o3': 18175}, 'pm': {'pm1': 13254, 'pm10': 13256, 'pm25': 13255}}",3.27,10.6,26.09,2.57,5.96,2.86,722945686,29.5,MOD-00631,32.1,2026-07-05T21:39:04,2026-07-05T14:39:04,https://api.quant-aq.com/v1/devices/MOD-00631/data/722945485
227.91,449.18,"{'lat': None, 'lon': None}","{'rh': 29.2, 'temp': 32.1, 'wd': 0.0, 'ws': 0.0, 'ws_scalar': 0.0}","{'gas': {'co': 18172, 'co2': 13279, 'no': 18173, 'no2': 18174, 'o3': 18175}, 'pm': {'pm1': 13254, 'pm10': 13256, 'pm25': 13255}}",3.35,9.63,24.78,3.08,3.77,3.25,722945685,29.2,MOD-00631,32.1,2026-07-05T21:38:04,2026-07-05T14:38:04,https://api.quant-aq.com/v1/devices/MOD-00631/data/722945484
252.43,449.9,"{'lat': None, 'lon': None}","{'rh': 28.9, 'temp': 32.2, 'wd': 0.0, 'ws': 0.0, 'ws_scalar': 0.0}","{'gas': {'co': 18172, 'co2': 13279, 'no': 18173, 'no2': 18174, 'o3': 18175}, 'pm': {'pm1': 13254, 'pm10': 13256, 'pm25': 13255}}",3.28,9.16,25.62,2.84,5.43,3.05,722945683,28.9,MOD-00631,32.2,2026-07-05T21:37:04,2026-07-05T14:37:04,https://api.quant-aq.com/v1/devices/MOD-00631/data/722945482
248.17,444.72,"{'lat': None, 'lon': None}","{'rh': 28.7, 'temp': 32.3, 'wd': 0.0, 'ws': 0.0, 'ws_scalar': 0.0}","{'gas': {'co': 18172, 'co2': 13279, 'no': 18173, 'no2': 18174, 'o3': 18175}, 'pm': {'pm1': 13254, 'pm10': 13256, 'pm25': 13255}}",3.19,9.63,24.92,2.84,4.14,3.13,722945684,28.7,MOD-00631,32.3,2026-07-05T21:36:04,2026-07-05T14:36:04,https://api.quant-aq.com/v1/devices/MOD-00631/data/722945483
224.22,445.69,"{'lat': None, 'lon': None}","{'rh': 28.5, 'temp': 32.4, 'wd': 0.0, 'ws': 0.0, 'ws_scalar': 0.0}","{'gas': {'co': 18172, 'co2': 13279, 'no': 18173, 'no2': 18174, 'o3': 18175}, 'pm': {'pm1': 13254, 'pm10': 13256, 'pm25': 13255}}",3.2,8.98,26.0,2.75,4.93,3.02,722943535,28.5,MOD-00631,32.4,2026-07-05T21:35:04,2026-07-05T14:35:04,https://api.quant-aq.com/v1/devices/MOD-00631/data/722943334
232.54,444.6,"{'lat': None, 'lon': None}","{'rh': 28.5, 'temp': 32.5, 'wd': 0.0, 'ws': 0.0, 'ws_scalar': 0.0}","{'gas': {'co': 18172, 'co2': 13279, 'no': 18173, 'no2': 18174, 'o3': 18175}, 'pm': {'pm1': 13254, 'pm10': 13256, 'pm25': 13255}}",3.27,9.14,24.95,2.85,3.37,3.04,722943536,28.5,MOD-00631,32.5,2026-07-05T21:34:04,2026-07-05T14:34:04,https://api.quant-aq.com/v1/devices/MOD-00631/data/722943335
250.31,446.89,"{'lat': None, 'lon': None}","{'rh': 28.3, 'temp': 32.5, 'wd': 0.0, 'ws': 0.0, 'ws_scalar': 0.0}","{'gas': {'co': 18172, 'co2': 13279, 'no': 18173, 'no2': 18174, 'o3': 18175}, 'pm': {'pm1': 13254, 'pm10': 13256, 'pm25': 13255}}",3.22,9.12,24.63,2.26,6.12,2.53,722943534,28.3,MOD-00631,32.5,2026-07-05T21:33:04,2026-07-05T14:33:04,https://api.quant-aq.com/v1/devices/MOD-00631/data/722943333
224.73,442.19,"{'lat': None, 'lon': None}","{'rh': 28.1, 'temp': 32.6, 'wd': 0.0, 'ws': 0.0, 'ws_scalar': 0.0}","{'gas': {'co': 18172, 'co2': 13279, 'no': 18173, 'no2': 18174, 'o3': 18175}, 'pm': {'pm1': 13254, 'pm10': 13256, 'pm25': 13255}}",3.21,9.06,25.34,2.36,4.75,2.54,722943533,28.1,MOD-00631,32.6,2026-07-05T21:32:04,2026-07-05T14:32:04,https://api.quant-aq.com/v1/devices/MOD-00631/data/722943332
221.22,441.23,"{'lat': None, 'lon': None}","{'rh': 28.0, 'temp': 32.7, 'wd': 0.0, 'ws': 0.0, 'ws_scalar': 0.0}","{'gas': {'co': 18172, 'co2': 13279, 'no': 18173, 'no2': 18174, 'o3': 18175}, 'pm': {'pm1': 13254, 'pm10': 13256, 'pm25': 13255}}",3.19,9.17,26.24,2.77,3.0,2.96,722941317,28.0,MOD-00631,32.7,2026-07-05T21:31:04,2026-07-05T14:31:04,https://api.quant-aq.com/v1/devices/MOD-00631/data/722941117
196.59,442.43,"{'lat': None, 'lon': None}","{'rh': 27.6, 'temp': 32.8, 'wd': 0.0, 'ws': 0.0, 'ws_scalar': 0.0}","{'gas': {'co': 18172, 'co2': 13279, 'no': 18173, 'no2': 18174, 'o3': 18175}, 'pm': {'pm1': 13254, 'pm10': 13256, 'pm25': 13255}}",3.24,9.15,25.72,2.71,7.75,2.9,722941319,27.6,MOD-00631,32.8,2026-07-05T21:30:04,2026-07-05T14:30:04,https://api.quant-aq.com/v1/devices/MOD-00631/data/722941118
207.02,437.01,"{'lat': None, 'lon': None}","{'rh': 27.5, 'temp': 32.9, 'wd': 0.0, 'ws': 0.0, 'ws_scalar': 0.0}","{'gas': {'co': 18172, 'co2': 13279, 'no': 18173, 'no2': 18174, 'o3': 18175}, 'pm': {'pm1': 13254, 'pm10': 13256, 'pm25': 13255}}",3.18,9.04,27.33,2.71,11.42,2.93,722941318,27.5,MOD-00631,32.9,2026-07-05T21:29:04,2026-07-05T14:29:04,https://api.quant-aq.com/v1/devices/MOD-00631/data/722941116
210.79,439.91,"{'lat': None, 'lon': None}","{'rh': 27.4, 'temp': 32.9, 'wd': 0.0, 'ws': 0.0, 'ws_scalar': 0.0}","{'gas': {'co': 18172, 'co2': 13279, 'no': 18173, 'no2': 18174, 'o3': 18175}, 'pm': {'pm1': 13254, 'pm10': 13256, 'pm25': 13255}}",3.21,9.55,27.3,2.76,3.59,2.97,722941316,27.4,MOD-00631,32.9,2026-07-05T21:28:04,2026-07-05T14:28:04,https://api.quant-aq.com/v1/devices/MOD-00631/data/722941115
199.62,437.14,"{'lat': None, 'lon': None}","{'rh': 27.1, 'temp': 33.0, 'wd': 0.0, 'ws': 0.0, 'ws_scalar': 0.0}","{'gas': {'co': 18172, 'co2': 13279, 'no': 18173, 'no2': 18174, 'o3': 18175}, 'pm': {'pm1': 13254, 'pm10': 13256, 'pm25': 13255}}",3.19,8.92,28.63,2.77,5.52,3.02,722939166,27.1,MOD-00631,33.0,2026-07-05T21:27:04,2026-07-05T14:27:04,https://api.quant-aq.com/v1/devices/MOD-00631/data/722938965
209.72,437.14,"{'lat': None, 'lon': None}","{'rh': 26.9, 'temp': 33.1, 'wd': 0.0, 'ws': 0.0, 'ws_scalar': 0.0}","{'gas': {'co': 18172, 'co2': 13279, 'no': 18173, 'no2': 18174, 'o3': 18175}, 'pm': {'pm1': 13254, 'pm10': 13256, 'pm25': 13255}}",3.28,8.92,29.67,2.48,10.7,2.69,722939165,26.9,MOD-00631,33.1,2026-07-05T21:26:04,2026-07-05T14:26:04,https://api.quant-aq.com/v1/devices/MOD-00631/data/722938963
210.31,440.03,"{'lat': None, 'lon': None}","{'rh': 26.8, 'temp': 33.2, 'wd': 0.0, 'ws': 0.0, 'ws_scalar': 0.0}","{'gas': {'co': 18172, 'co2': 13279, 'no': 18173, 'no2': 18174, 'o3': 18175}, 'pm': {'pm1': 13254, 'pm10': 13256, 'pm25': 13255}}",3.21,8.87,29.33,2.99,3.35,3.18,722939163,26.8,MOD-00631,33.2,2026-07-05T21:25:04,2026-07-05T14:25:04,https://api.quant-aq.com/v1/devices/MOD-00631/data/722938962
210.99,437.38,"{'lat': None, 'lon': None}","{'rh': 27.0, 'temp': 33.2, 'wd': 0.0, 'ws': 0.0, 'ws_scalar': 0.0}","{'gas': {'co': 18172, 'co2': 13279, 'no': 18173, 'no2': 18174, 'o3': 18175}, 'pm': {'pm1': 13254, 'pm10': 13256, 'pm25': 13255}}",3.15,9.2,30.31,3.21,7.7,3.5,722939164,27.0,MOD-00631,33.2,2026-07-05T21:24:04,2026-07-05T14:24:04,https://api.quant-aq.com/v1/devices/MOD-00631/data/722938964
213.49,437.26,"{'lat': None, 'lon': None}","{'rh': 27.1, 'temp': 33.3, 'wd': 0.0, 'ws': 0.0, 'ws_scalar': 0.0}","{'gas': {'co': 18172, 'co2': 13279, 'no': 18173, 'no2': 18174, 'o3': 18175}, 'pm': {'pm1': 13254, 'pm10': 13256, 'pm25': 13255}}",3.19,9.84,28.77,2.73,4.19,3.0,722936962,27.1,MOD-00631,33.3,2026-07-05T21:23:04,2026-07-05T14:23:04,https://api.quant-aq.com/v1/devices/MOD-00631/data/722936761
212.06,442.31,"{'lat': None, 'lon': None}","{'rh': 26.8, 'temp': 33.3, 'wd': 0.0, 'ws': 0.0, 'ws_scalar': 0.0}","{'gas': {'co': 18172, 'co2': 13279, 'no': 18173, 'no2': 18174, 'o3': 18175}, 'pm': {'pm1': 13254, 'pm10': 13256, 'pm25': 13255}}",3.19,9.35,30.32,3.25,3.7,3.41,722936965,26.8,MOD-00631,33.3,2026-07-05T21:22:04,2026-07-05T14:22:04,https://api.quant-aq.com/v1/devices/MOD-00631/data/722936764
219.03,439.06,"{'lat': None, 'lon': None}","{'rh': 26.8, 'temp': 33.3, 'wd': 0.0, 'ws': 0.0, 'ws_scalar': 0.0}","{'gas': {'co': 18172, 'co2': 13279, 'no': 18173, 'no2': 18174, 'o3': 18175}, 'pm': {'pm1': 13254, 'pm10': 13256, 'pm25': 13255}}",3.19,9.49,30.65,3.04,4.21,3.3,722936964,26.8,MOD-00631,33.3,2026-07-05T21:21:04,2026-07-05T14:21:04,https://api.quant-aq.com/v1/devices/MOD-00631/data/722936763
217.98,439.54,"{'lat': None, 'lon': None}","{'rh': 26.7, 'temp': 33.4, 'wd': 0.0, 'ws': 0.0, 'ws_scalar': 0.0}","{'gas': {'co': 18172, 'co2': 13279, 'no': 18173, 'no2': 18174, 'o3': 18175}, 'pm': {'pm1': 13254, 'pm10': 13256, 'pm25': 13255}}",3.17,9.15,31.93,3.1,14.54,3.23,722936963,26.7,MOD-00631,33.4,2026-07-05T21:20:04,2026-07-05T14:20:04,https://api.quant-aq.com/v1/devices/MOD-00631/data/722936762
208.55,436.05,"{'lat': None, 'lon': None}","{'rh': 26.7, 'temp': 33.4, 'wd': 0.0, 'ws': 0.0, 'ws_scalar': 0.0}","{'gas': {'co': 18172, 'co2': 13279, 'no': 18173, 'no2': 18174, 'o3': 18175}, 'pm': {'pm1': 13254, 'pm10': 13256, 'pm25': 13255}}",3.21,9.85,29.49,3.18,3.74,3.33,722934739,26.7,MOD-00631,33.4,2026-07-05T21:19:04,2026-07-05T14:19:04,https://api.quant-aq.com/v1/devices/MOD-00631/data/722934538
235.55,438.94,"{'lat': None, 'lon': None}","{'rh': 26.8, 'temp': 33.4, 'wd': 0.0, 'ws': 0.0, 'ws_scalar': 0.0}","{'gas': {'co': 18172, 'co2': 13279, 'no': 18173, 'no2': 18174, 'o3': 18175}, 'pm': {'pm1': 13254, 'pm10': 13256, 'pm25': 13255}}",3.17,9.54,32.46,3.88,15.17,4.11,722934740,26.8,MOD-00631,33.4,2026-07-05T21:18:04,2026-07-05T14:18:04,https://api.quant-aq.com/v1/devices/MOD-00631/data/722934539
232.61,443.04,"{'lat': None, 'lon': None}","{'rh': 26.9, 'temp': 33.4, 'wd': 0.0, 'ws': 0.0, 'ws_scalar': 0.0}","{'gas': {'co': 18172, 'co2': 13279, 'no': 18173, 'no2': 18174, 'o3': 18175}, 'pm': {'pm1': 13254, 'pm10': 13256, 'pm25': 13255}}",3.23,9.76,32.21,3.94,4.57,4.15,722934738,26.9,MOD-00631,33.4,2026-07-05T21:17:04,2026-07-05T14:17:04,https://api.quant-aq.com/v1/devices/MOD-00631/data/722934537
228.16,438.58,"{'lat': None, 'lon': None}","{'rh': 26.8, 'temp': 33.4, 'wd': 0.0, 'ws': 0.0, 'ws_scalar': 0.0}","{'gas': {'co': 18172, 'co2': 13279, 'no': 18173, 'no2': 18174, 'o3': 18175}, 'pm': {'pm1': 13254, 'pm10': 13256, 'pm25': 13255}}",3.17,9.54,32.92,3.51,3.81,3.66,722934737,26.8,MOD-00631,33.4,2026-07-05T21:16:04,2026-07-05T14:16:04,https://api.quant-aq.com/v1/devices/MOD-00631/data/722934536
235.41,435.21,"{'lat': None, 'lon': None}","{'rh': 27.0, 'temp': 33.4, 'wd': 0.0, 'ws': 0.0, 'ws_scalar': 0.0}","{'gas': {'co': 18172, 'co2': 13279, 'no': 18173, 'no2': 18174, 'o3': 18175}, 'pm': {'pm1': 13254, 'pm10': 13256, 'pm25': 13255}}",3.17,9.83,32.53,3.49,21.21,3.77,722932540,27.0,MOD-00631,33.4,2026-07-05T21:15:04,2026-07-05T14:15:04,https://api.quant-aq.com/v1/devices/MOD-00631/data/722932339
223.92,440.39,"{'lat': None, 'lon': None}","{'rh': 27.0, 'temp': 33.4, 'wd': 0.0, 'ws': 0.0, 'ws_scalar': 0.0}","{'gas': {'co': 18172, 'co2': 13279, 'no': 18173, 'no2': 18174, 'o3': 18175}, 'pm': {'pm1': 13254, 'pm10': 13256, 'pm25': 13255}}",3.17,9.95,31.5,3.32,4.84,3.45,722932539,27.0,MOD-00631,33.4,2026-07-05T21:14:04,2026-07-05T14:14:04,https://api.quant-aq.com/v1/devices/MOD-00631/data/722932338
219.0,440.15,"{'lat': None, 'lon': None}","{'rh': 27.0, 'temp': 33.4, 'wd': 0.0, 'ws': 0.0, 'ws_scalar': 0.0}","{'gas': {'co': 18172, 'co2': 13279, 'no': 18173, 'no2': 18174, 'o3': 18175}, 'pm': {'pm1': 13254, 'pm10': 13256, 'pm25': 13255}}",3.19,9.83,30.71,3.66,5.28,3.9,722932541,27.0,MOD-00631,33.4,2026-07-05T21:13:04,2026-07-05T14:13:04,https://api.quant-aq.com/v1/devices/MOD-00631/data/722932340
223.58,439.78,"{'lat': None, 'lon': None}","{'rh': 26.9, 'temp': 33.4, 'wd': 0.0, 'ws': 0.0, 'ws_scalar': 0.0}","{'gas': {'co': 18172, 'co2': 13279, 'no': 18173, 'no2': 18174, 'o3': 18175}, 'pm': {'pm1': 13254, 'pm10': 13256, 'pm25': 13255}}",3.18,8.64,33.19,3.73,4.76,3.97,722932538,26.9,MOD-00631,33.4,2026-07-05T21:12:04,2026-07-05T14:12:04,https://api.quant-aq.com/v1/devices/MOD-00631/data/722932336
216.95,439.66,"{'lat': None, 'lon': None}","{'rh': 27.0, 'temp': 33.4, 'wd': 0.0, 'ws': 0.0, 'ws_scalar': 0.0}","{'gas': {'co': 18172, 'co2': 13279, 'no': 18173, 'no2': 18174, 'o3': 18175}, 'pm': {'pm1': 13254, 'pm10': 13256, 'pm25': 13255}}",3.22,10.19,29.88,3.32,3.76,3.54,722930420,27.0,MOD-00631,33.4,2026-07-05T21:11:04,2026-07-05T14:11:04,https://api.quant-aq.com/v1/devices/MOD-00631/data/722930219
236.5,440.99,"{'lat': None, 'lon': None}","{'rh': 27.2, 'temp': 33.4, 'wd': 0.0, 'ws': 0.0, 'ws_scalar': 0.0}","{'gas': {'co': 18172, 'co2': 13279, 'no': 18173, 'no2': 18174, 'o3': 18175}, 'pm': {'pm1': 13254, 'pm10': 13256, 'pm25': 13255}}",3.21,9.72,30.24,3.4,6.35,3.83,722930417,27.2,MOD-00631,33.4,2026-07-05T21:10:04,2026-07-05T14:10:04,https://api.quant-aq.com/v1/devices/MOD-00631/data/722930216
225.01,439.66,"{'lat': None, 'lon': None}","{'rh': 27.2, 'temp': 33.4, 'wd': 0.0, 'ws': 0.0, 'ws_scalar': 0.0}","{'gas': {'co': 18172, 'co2': 13279, 'no': 18173, 'no2': 18174, 'o3': 18175}, 'pm': {'pm1': 13254, 'pm10': 13256, 'pm25': 13255}}",3.21,9.6,30.36,3.36,3.83,3.51,722930419,27.2,MOD-00631,33.4,2026-07-05T21:09:04,2026-07-05T14:09:04,https://api.quant-aq.com/v1/devices/MOD-00631/data/722930218
245.04,442.8,"{'lat': None, 'lon': None}","{'rh': 27.3, 'temp': 33.4, 'wd': 0.0, 'ws': 0.0, 'ws_scalar': 0.0}","{'gas': {'co': 18172, 'co2': 13279, 'no': 18173, 'no2': 18174, 'o3': 18175}, 'pm': {'pm1': 13254, 'pm10': 13256, 'pm25': 13255}}",3.17,10.48,30.28,3.2,5.99,3.41,722930418,27.3,MOD-00631,33.4,2026-07-05T21:08:04,2026-07-05T14:08:04,https://api.quant-aq.com/v1/devices/MOD-00631/data/722930217
231.71,437.38,"{'lat': None, 'lon': None}","{'rh': 27.0, 'temp': 33.4, 'wd': 0.0, 'ws': 0.0, 'ws_scalar': 0.0}","{'gas': {'co': 18172, 'co2': 13279, 'no': 18173, 'no2': 18174, 'o3': 18175}, 'pm': {'pm1': 13254, 'pm10': 13256, 'pm25': 13255}}",3.24,9.83,31.62,3.58,4.07,3.88,722928125,27.0,MOD-00631,33.4,2026-07-05T21:07:04,2026-07-05T14:07:04,https://api.quant-aq.com/v1/devices/MOD-00631/data/722927924
214.49,437.14,"{'lat': None, 'lon': None}","{'rh': 27.0, 'temp': 33.4, 'wd': 0.0, 'ws': 0.0, 'ws_scalar': 0.0}","{'gas': {'co': 18172, 'co2': 13279, 'no': 18173, 'no2': 18174, 'o3': 18175}, 'pm': {'pm1': 13254, 'pm10': 13256, 'pm25': 13255}}",3.22,9.44,31.99,3.41,7.12,3.71,722928128,27.0,MOD-00631,33.4,2026-07-05T21:06:04,2026-07-05T14:06:04,https://api.quant-aq.com/v1/devices/MOD-00631/data/722927926
229.73,441.59,"{'lat': None, 'lon': None}","{'rh': 26.9, 'temp': 33.4, 'wd': 0.0, 'ws': 0.0, 'ws_scalar': 0.0}","{'gas': {'co': 18172, 'co2': 13279, 'no': 18173, 'no2': 18174, 'o3': 18175}, 'pm': {'pm1': 13254, 'pm10': 13256, 'pm25': 13255}}",3.2,10.24,30.8,3.68,5.84,3.85,722928126,26.9,MOD-00631,33.4,2026-07-05T21:05:04,2026-07-05T14:05:04,https://api.quant-aq.com/v1/devices/MOD-00631/data/722927927
228.02,442.92,"{'lat': None, 'lon': None}","{'rh': 27.0, 'temp': 33.4, 'wd': 0.0, 'ws': 0.0, 'ws_scalar': 0.0}","{'gas': {'co': 18172, 'co2': 13279, 'no': 18173, 'no2': 18174, 'o3': 18175}, 'pm': {'pm1': 13254, 'pm10': 13256, 'pm25': 13255}}",3.21,9.83,30.71,3.66,6.19,3.91,722928127,27.0,MOD-00631,33.4,2026-07-05T21:04:04,2026-07-05T14:04:04,https://api.quant-aq.com/v1/devices/MOD-00631/data/722927925
221.73,437.98,"{'lat': None, 'lon': None}","{'rh': 27.2, 'temp': 33.4, 'wd': 0.0, 'ws': 0.0, 'ws_scalar': 0.0}","{'gas': {'co': 18172, 'co2': 13279, 'no': 18173, 'no2': 18174, 'o3': 18175}, 'pm': {'pm1': 13254, 'pm10': 13256, 'pm25': 13255}}",3.23,9.96,30.9,3.89,5.96,4.12,722925949,27.2,MOD-00631,33.4,2026-07-05T21:03:04,2026-07-05T14:03:04,https://api.quant-aq.com/v1/devices/MOD-00631/data/722925750
241.31,439.78,"{'lat': None, 'lon': None}","{'rh': 27.2, 'temp': 33.3, 'wd': 0.0, 'ws': 0.0, 'ws_scalar': 0.0}","{'gas': {'co': 18172, 'co2': 13279, 'no': 18173, 'no2': 18174, 'o3': 18175}, 'pm': {'pm1': 13254, 'pm10': 13256, 'pm25': 13255}}",3.22,10.36,29.97,3.75,6.48,3.92,722925948,27.2,MOD-00631,33.3,2026-07-05T21:02:04,2026-07-05T14:02:04,https://api.quant-aq.com/v1/devices/MOD-00631/data/722925747
240.9,441.47,"{'lat': None, 'lon': None}","{'rh': 27.2, 'temp': 33.3, 'wd': 0.0, 'ws': 0.0, 'ws_scalar': 0.0}","{'gas': {'co': 18172, 'co2': 13279, 'no': 18173, 'no2': 18174, 'o3': 18175}, 'pm': {'pm1': 13254, 'pm10': 13256, 'pm25': 13255}}",3.2,10.24,31.46,3.67,4.83,3.92,722925950,27.2,MOD-00631,33.3,2026-07-05T21:01:04,2026-07-05T14:01:04,https://api.quant-aq.com/v1/devices/MOD-00631/data/722925748
265.84,444.72,"{'lat': None, 'lon': None}","{'rh': 27.3, 'temp': 33.3, 'wd': 0.0, 'ws': 0.0, 'ws_scalar': 0.0}","{'gas': {'co': 18172, 'co2': 13279, 'no': 18173, 'no2': 18174, 'o3': 18175}, 'pm': {'pm1': 13254, 'pm10': 13256, 'pm25': 13255}}",3.24,9.95,30.79,4.35,6.86,4.52,722925951,27.3,MOD-00631,33.3,2026-07-05T21:00:04,2026-07-05T14:00:04,https://api.quant-aq.com/v1/devices/MOD-00631/data/722925749
238.37,440.03,"{'lat': None, 'lon': None}","{'rh': 27.3, 'temp': 33.3, 'wd': 0.0, 'ws': 0.0, 'ws_scalar': 0.0}","{'gas': {'co': 18172, 'co2': 13279, 'no': 18173, 'no2': 18174, 'o3': 18175}, 'pm': {'pm1': 13254, 'pm10': 13256, 'pm25': 13255}}",3.21,10.07,30.66,3.64,9.23,3.81,722923792,27.3,MOD-00631,33.3,2026-07-05T20:59:04,2026-07-05T13:59:04,https://api.quant-aq.com/v1/devices/MOD-00631/data/722923590
229.98,446.17,"{'lat': None, 'lon': None}","{'rh': 27.4, 'temp': 33.2, 'wd': 0.0, 'ws': 0.0, 'ws_scalar': 0.0}","{'gas': {'co': 18172, 'co2': 13279, 'no': 18173, 'no2': 18174, 'o3': 18175}, 'pm': {'pm1': 13254, 'pm10': 13256, 'pm25': 13255}}",3.25,10.06,30.09,3.91,8.42,4.2,722923793,27.4,MOD-00631,33.2,2026-07-05T20:58:04,2026-07-05T13:58:04,https://api.quant-aq.com/v1/devices/MOD-00631/data/722923592
240.65,446.65,"{'lat': None, 'lon': None}","{'rh': 27.4, 'temp': 33.2, 'wd': 0.0, 'ws': 0.0, 'ws_scalar': 0.0}","{'gas': {'co': 18172, 'co2': 13279, 'no': 18173, 'no2': 18174, 'o3': 18175}, 'pm': {'pm1': 13254, 'pm10': 13256, 'pm25': 13255}}",3.21,10.59,29.59,3.65,5.88,3.85,722923791,27.4,MOD-00631,33.2,2026-07-05T20:57:04,2026-07-05T13:57:04,https://api.quant-aq.com/v1/devices/MOD-00631/data/722923591
236.61,442.43,"{'lat': None, 'lon': None}","{'rh': 27.3, 'temp': 33.2, 'wd': 0.0, 'ws': 0.0, 'ws_scalar': 0.0}","{'gas': {'co': 18172, 'co2': 13279, 'no': 18173, 'no2': 18174, 'o3': 18175}, 'pm': {'pm1': 13254, 'pm10': 13256, 'pm25': 13255}}",3.23,10.25,29.97,3.99,4.39,4.25,722923790,27.3,MOD-00631,33.2,2026-07-05T20:56:04,2026-07-05T13:56:04,https://api.quant-aq.com/v1/devices/MOD-00631/data/722923589
218.98,444.36,"{'lat': None, 'lon': None}","{'rh': 27.3, 'temp': 33.2, 'wd': 0.0, 'ws': 0.0, 'ws_scalar': 0.0}","{'gas': {'co': 18172, 'co2': 13279, 'no': 18173, 'no2': 18174, 'o3': 18175}, 'pm': {'pm1': 13254, 'pm10': 13256, 'pm25': 13255}}",3.25,10.13,31.01,4.05,7.43,4.27,722921604,27.3,MOD-00631,33.2,2026-07-05T20:55:04,2026-07-05T13:55:04,https://api.quant-aq.com/v1/devices/MOD-00631/data/722921401
231.55,442.31,"{'lat': None, 'lon': None}","{'rh': 27.5, 'temp': 33.2, 'wd': 0.0, 'ws': 0.0, 'ws_scalar': 0.0}","{'gas': {'co': 18172, 'co2': 13279, 'no': 18173, 'no2': 18174, 'o3': 18175}, 'pm': {'pm1': 13254, 'pm10': 13256, 'pm25': 13255}}",3.19,10.25,30.29,3.8,4.83,4.07,722921602,27.5,MOD-00631,33.2,2026-07-05T20:54:04,2026-07-05T13:54:04,https://api.quant-aq.com/v1/devices/MOD-00631/data/722921402
216.79,437.98,"{'lat': None, 'lon': None}","{'rh': 27.5, 'temp': 33.2, 'wd': 0.0, 'ws': 0.0, 'ws_scalar': 0.0}","{'gas': {'co': 18172, 'co2': 13279, 'no': 18173, 'no2': 18174, 'o3': 18175}, 'pm': {'pm1': 13254, 'pm10': 13256, 'pm25': 13255}}",3.24,10.0,30.54,3.83,5.52,4.08,722921601,27.5,MOD-00631,33.2,2026-07-05T20:53:04,2026-07-05T13:53:04,https://api.quant-aq.com/v1/devices/MOD-00631/data/722921399
220.14,443.28,"{'lat': None, 'lon': None}","{'rh': 27.4, 'temp': 33.2, 'wd': 0.0, 'ws': 0.0, 'ws_scalar': 0.0}","{'gas': {'co': 18172, 'co2': 13279, 'no': 18173, 'no2': 18174, 'o3': 18175}, 'pm': {'pm1': 13254, 'pm10': 13256, 'pm25': 13255}}",3.25,10.06,31.46,3.9,6.77,4.15,722921600,27.4,MOD-00631,33.2,2026-07-05T20:52:04,2026-07-05T13:52:04,https://api.quant-aq.com/v1/devices/MOD-00631/data/722921400
228.0,437.26,"{'lat': None, 'lon': None}","{'rh': 27.3, 'temp': 33.2, 'wd': 0.0, 'ws': 0.0, 'ws_scalar': 0.0}","{'gas': {'co': 18172, 'co2': 13279, 'no': 18173, 'no2': 18174, 'o3': 18175}, 'pm': {'pm1': 13254, 'pm10': 13256, 'pm25': 13255}}",3.22,10.13,30.09,4.01,5.55,4.19,722919322,27.3,MOD-00631,33.2,2026-07-05T20:51:04,2026-07-05T13:51:04,https://api.quant-aq.com/v1/devices/MOD-00631/data/722919121
211.3,442.43,"{'lat': None, 'lon': None}","{'rh': 27.3, 'temp': 33.3, 'wd': 0.0, 'ws': 0.0, 'ws_scalar': 0.0}","{'gas': {'co': 18172, 'co2': 13279, 'no': 18173, 'no2': 18174, 'o3': 18175}, 'pm': {'pm1': 13254, 'pm10': 13256, 'pm25': 13255}}",3.18,10.3,29.96,4.15,11.75,4.4,722919320,27.3,MOD-00631,33.3,2026-07-05T20:50:04,2026-07-05T13:50:04,https://api.quant-aq.com/v1/devices/MOD-00631/data/722919119
206.93,441.47,"{'lat': None, 'lon': None}","{'rh': 27.1, 'temp': 33.3, 'wd': 0.0, 'ws': 0.0, 'ws_scalar': 0.0}","{'gas': {'co': 18172, 'co2': 13279, 'no': 18173, 'no2': 18174, 'o3': 18175}, 'pm': {'pm1': 13254, 'pm10': 13256, 'pm25': 13255}}",3.16,9.72,31.17,4.52,6.02,4.69,722919319,27.1,MOD-00631,33.3,2026-07-05T20:49:04,2026-07-05T13:49:04,https://api.quant-aq.com/v1/devices/MOD-00631/data/722919118
223.78,442.68,"{'lat': None, 'lon': None}","{'rh': 27.2, 'temp': 33.4, 'wd': 0.0, 'ws': 0.0, 'ws_scalar': 0.0}","{'gas': {'co': 18172, 'co2': 13279, 'no': 18173, 'no2': 18174, 'o3': 18175}, 'pm': {'pm1': 13254, 'pm10': 13256, 'pm25': 13255}}",3.18,9.84,30.57,3.97,5.61,4.37,722919321,27.2,MOD-00631,33.4,2026-07-05T20:48:04,2026-07-05T13:48:04,https://api.quant-aq.com/v1/devices/MOD-00631/data/722919120
201.71,441.47,"{'lat': None, 'lon': None}","{'rh': 27.1, 'temp': 33.4, 'wd': 0.0, 'ws': 0.0, 'ws_scalar': 0.0}","{'gas': {'co': 18172, 'co2': 13279, 'no': 18173, 'no2': 18174, 'o3': 18175}, 'pm': {'pm1': 13254, 'pm10': 13256, 'pm25': 13255}}",3.2,9.65,30.82,4.32,5.64,4.67,722917178,27.1,MOD-00631,33.4,2026-07-05T20:47:04,2026-07-05T13:47:04,https://api.quant-aq.com/v1/devices/MOD-00631/data/722916977
196.14,440.99,"{'lat': None, 'lon': None}","{'rh': 27.0, 'temp': 33.5, 'wd': 0.0, 'ws': 0.0, 'ws_scalar': 0.0}","{'gas': {'co': 18172, 'co2': 13279, 'no': 18173, 'no2': 18174, 'o3': 18175}, 'pm': {'pm1': 13254, 'pm10': 13256, 'pm25': 13255}}",3.12,10.24,30.33,4.33,4.97,4.65,722917176,27.0,MOD-00631,33.5,2026-07-05T20:46:04,2026-07-05T13:46:04,https://api.quant-aq.com/v1/devices/MOD-00631/data/722916975
195.81,436.29,"{'lat': None, 'lon': None}","{'rh': 26.9, 'temp': 33.5, 'wd': 0.0, 'ws': 0.0, 'ws_scalar': 0.0}","{'gas': {'co': 18172, 'co2': 13279, 'no': 18173, 'no2': 18174, 'o3': 18175}, 'pm': {'pm1': 13254, 'pm10': 13256, 'pm25': 13255}}",3.14,10.06,31.04,4.64,7.73,4.95,722917177,26.9,MOD-00631,33.5,2026-07-05T20:45:04,2026-07-05T13:45:04,https://api.quant-aq.com/v1/devices/MOD-00631/data/722916976
192.29,441.11,"{'lat': None, 'lon': None}","{'rh': 26.8, 'temp': 33.6, 'wd': 0.0, 'ws': 0.0, 'ws_scalar': 0.0}","{'gas': {'co': 18172, 'co2': 13279, 'no': 18173, 'no2': 18174, 'o3': 18175}, 'pm': {'pm1': 13254, 'pm10': 13256, 'pm25': 13255}}",3.19,9.49,32.1,3.97,5.26,4.27,722917175,26.8,MOD-00631,33.6,2026-07-05T20:44:04,2026-07-05T13:44:04,https://api.quant-aq.com/v1/devices/MOD-00631/data/722916974
192.14,432.2,"{'lat': None, 'lon': None}","{'rh': 26.6, 'temp': 33.7, 'wd': 0.0, 'ws': 0.0, 'ws_scalar': 0.0}","{'gas': {'co': 18172, 'co2': 13279, 'no': 18173, 'no2': 18174, 'o3': 18175}, 'pm': {'pm1': 13254, 'pm10': 13256, 'pm25': 13255}}",3.15,9.32,34.18,3.62,4.69,3.84,722914981,26.6,MOD-00631,33.7,2026-07-05T20:43:04,2026-07-05T13:43:04,https://api.quant-aq.com/v1/devices/MOD-00631/data/722914780
204.69,433.52,"{'lat': None, 'lon': None}","{'rh': 26.4, 'temp': 33.8, 'wd': 0.0, 'ws': 0.0, 'ws_scalar': 0.0}","{'gas': {'co': 18172, 'co2': 13279, 'no': 18173, 'no2': 18174, 'o3': 18175}, 'pm': {'pm1': 13254, 'pm10': 13256, 'pm25': 13255}}",3.1,9.87,32.44,4.46,11.58,4.77,722914979,26.4,MOD-00631,33.8,2026-07-05T20:42:04,2026-07-05T13:42:04,https://api.quant-aq.com/v1/devices/MOD-00631/data/722914779
188.13,437.38,"{'lat': None, 'lon': None}","{'rh': 26.2, 'temp': 33.9, 'wd': 0.0, 'ws': 0.0, 'ws_scalar': 0.0}","{'gas': {'co': 18172, 'co2': 13279, 'no': 18173, 'no2': 18174, 'o3': 18175}, 'pm': {'pm1': 13254, 'pm10': 13256, 'pm25': 13255}}",3.17,9.37,32.48,4.54,6.09,4.64,722914978,26.2,MOD-00631,33.9,2026-07-05T20:41:04,2026-07-05T13:41:04,https://api.quant-aq.com/v1/devices/MOD-00631/data/722914777
215.72,438.58,"{'lat': None, 'lon': None}","{'rh': 26.2, 'temp': 34.0, 'wd': 0.0, 'ws': 0.0, 'ws_scalar': 0.0}","{'gas': {'co': 18172, 'co2': 13279, 'no': 18173, 'no2': 18174, 'o3': 18175}, 'pm': {'pm1': 13254, 'pm10': 13256, 'pm25': 13255}}",3.04,8.96,32.84,4.43,11.36,4.6,722914980,26.2,MOD-00631,34.0,2026-07-05T20:40:04,2026-07-05T13:40:04,https://api.quant-aq.com/v1/devices/MOD-00631/data/722914778
197.73,437.74,"{'lat': None, 'lon': None}","{'rh': 26.7, 'temp': 34.0, 'wd': 0.0, 'ws': 0.0, 'ws_scalar': 0.0}","{'gas': {'co': 18172, 'co2': 13279, 'no': 18173, 'no2': 18174, 'o3': 18175}, 'pm': {'pm1': 13254, 'pm10': 13256, 'pm25': 13255}}",3.09,9.56,31.73,3.68,5.99,3.9,722912771,26.7,MOD-00631,34.0,2026-07-05T20:39:04,2026-07-05T13:39:04,https://api.quant-aq.com/v1/devices/MOD-00631/data/722912570
201.53,434.49,"{'lat': None, 'lon': None}","{'rh': 26.7, 'temp': 34.1, 'wd': 0.0, 'ws': 0.0, 'ws_scalar': 0.0}","{'gas': {'co': 18172, 'co2': 13279, 'no': 18173, 'no2': 18174, 'o3': 18175}, 'pm': {'pm1': 13254, 'pm10': 13256, 'pm25': 13255}}",3.1,10.3,30.65,4.18,4.57,4.38,722912770,26.7,MOD-00631,34.1,2026-07-05T20:38:04,2026-07-05T13:38:04,https://api.quant-aq.com/v1/devices/MOD-00631/data/722912568
194.7,434.73,"{'lat': None, 'lon': None}","{'rh': 26.5, 'temp': 34.1, 'wd': 0.0, 'ws': 0.0, 'ws_scalar': 0.0}","{'gas': {'co': 18172, 'co2': 13279, 'no': 18173, 'no2': 18174, 'o3': 18175}, 'pm': {'pm1': 13254, 'pm10': 13256, 'pm25': 13255}}",3.16,9.81,32.98,4.48,13.05,4.74,722912769,26.5,MOD-00631,34.1,2026-07-05T20:37:04,2026-07-05T13:37:04,https://api.quant-aq.com/v1/devices/MOD-00631/data/722912569
193.75,431.11,"{'lat': None, 'lon': None}","{'rh': 26.1, 'temp': 34.1, 'wd': 0.0, 'ws': 0.0, 'ws_scalar': 0.0}","{'gas': {'co': 18172, 'co2': 13279, 'no': 18173, 'no2': 18174, 'o3': 18175}, 'pm': {'pm1': 13254, 'pm10': 13256, 'pm25': 13255}}",3.06,9.77,32.68,4.28,10.78,4.62,722912768,26.1,MOD-00631,34.1,2026-07-05T20:36:04,2026-07-05T13:36:04,https://api.quant-aq.com/v1/devices/MOD-00631/data/722912567
190.85,431.84,"{'lat': None, 'lon': None}","{'rh': 26.3, 'temp': 34.2, 'wd': 0.0, 'ws': 0.0, 'ws_scalar': 0.0}","{'gas': {'co': 18172, 'co2': 13279, 'no': 18173, 'no2': 18174, 'o3': 18175}, 'pm': {'pm1': 13254, 'pm10': 13256, 'pm25': 13255}}",3.06,9.3,33.02,4.01,5.03,4.34,722910584,26.3,MOD-00631,34.2,2026-07-05T20:35:04,2026-07-05T13:35:04,https://api.quant-aq.com/v1/devices/MOD-00631/data/722910383
191.26,434.49,"{'lat': None, 'lon': None}","{'rh': 26.3, 'temp': 34.2, 'wd': 0.0, 'ws': 0.0, 'ws_scalar': 0.0}","{'gas': {'co': 18172, 'co2': 13279, 'no': 18173, 'no2': 18174, 'o3': 18175}, 'pm': {'pm1': 13254, 'pm10': 13256, 'pm25': 13255}}",3.01,9.91,31.16,4.33,4.81,4.63,722910586,26.3,MOD-00631,34.2,2026-07-05T20:34:04,2026-07-05T13:34:04,https://api.quant-aq.com/v1/devices/MOD-00631/data/722910385
208.25,431.72,"{'lat': None, 'lon': None}","{'rh': 26.2, 'temp': 34.3, 'wd': 0.0, 'ws': 0.0, 'ws_scalar': 0.0}","{'gas': {'co': 18172, 'co2': 13279, 'no': 18173, 'no2': 18174, 'o3': 18175}, 'pm': {'pm1': 13254, 'pm10': 13256, 'pm25': 13255}}",3.02,9.21,33.14,3.99,5.66,4.4,722910585,26.2,MOD-00631,34.3,2026-07-05T20:33:04,2026-07-05T13:33:04,https://api.quant-aq.com/v1/devices/MOD-00631/data/722910384
223.84,437.14,"{'lat': None, 'lon': None}","{'rh': 26.2, 'temp': 34.3, 'wd': 0.0, 'ws': 0.0, 'ws_scalar': 0.0}","{'gas': {'co': 18172, 'co2': 13279, 'no': 18173, 'no2': 18174, 'o3': 18175}, 'pm': {'pm1': 13254, 'pm10': 13256, 'pm25': 13255}}",2.94,9.36,30.73,4.65,6.14,4.93,722910583,26.2,MOD-00631,34.3,2026-07-05T20:32:04,2026-07-05T13:32:04,https://api.quant-aq.com/v1/devices/MOD-00631/data/722910382
274.73,436.41,"{'lat': None, 'lon': None}","{'rh': 26.3, 'temp': 34.4, 'wd': 0.0, 'ws': 0.0, 'ws_scalar': 0.0}","{'gas': {'co': 18172, 'co2': 13279, 'no': 18173, 'no2': 18174, 'o3': 18175}, 'pm': {'pm1': 13254, 'pm10': 13256, 'pm25': 13255}}",2.82,10.27,29.52,4.52,5.96,4.72,722908420,26.3,MOD-00631,34.4,2026-07-05T20:31:04,2026-07-05T13:31:04,https://api.quant-aq.com/v1/devices/MOD-00631/data/722908219
217.32,431.47,"{'lat': None, 'lon': None}","{'rh': 26.3, 'temp': 34.4, 'wd': 0.0, 'ws': 0.0, 'ws_scalar': 0.0}","{'gas': {'co': 18172, 'co2': 13279, 'no': 18173, 'no2': 18174, 'o3': 18175}, 'pm': {'pm1': 13254, 'pm10': 13256, 'pm25': 13255}}",3.0,9.37,31.63,4.52,5.96,4.79,722908418,26.3,MOD-00631,34.4,2026-07-05T20:30:04,2026-07-05T13:30:04,https://api.quant-aq.com/v1/devices/MOD-00631/data/722908217
184.28,429.43,"{'lat': None, 'lon': None}","{'rh': 26.2, 'temp': 34.5, 'wd': 0.0, 'ws': 0.0, 'ws_scalar': 0.0}","{'gas': {'co': 18172, 'co2': 13279, 'no': 18173, 'no2': 18174, 'o3': 18175}, 'pm': {'pm1': 13254, 'pm10': 13256, 'pm25': 13255}}",3.0,8.98,31.99,4.56,7.44,4.79,722908419,26.2,MOD-00631,34.5,2026-07-05T20:29:04,2026-07-05T13:29:04,https://api.quant-aq.com/v1/devices/MOD-00631/data/722908218
178.27,430.51,"{'lat': None, 'lon': None}","{'rh': 26.0, 'temp': 34.5, 'wd': 0.0, 'ws': 0.0, 'ws_scalar': 0.0}","{'gas': {'co': 18172, 'co2': 13279, 'no': 18173, 'no2': 18174, 'o3': 18175}, 'pm': {'pm1': 13254, 'pm10': 13256, 'pm25': 13255}}",2.99,9.61,31.97,4.31,6.01,4.44,722908417,26.0,MOD-00631,34.5,2026-07-05T20:28:04,2026-07-05T13:28:04,https://api.quant-aq.com/v1/devices/MOD-00631/data/722908216
194.99,426.3,"{'lat': None, 'lon': None}","{'rh': 25.7, 'temp': 34.6, 'wd': 0.0, 'ws': 0.0, 'ws_scalar': 0.0}","{'gas': {'co': 18172, 'co2': 13279, 'no': 18173, 'no2': 18174, 'o3': 18175}, 'pm': {'pm1': 13254, 'pm10': 13256, 'pm25': 13255}}",2.92,9.09,32.93,4.21,5.68,4.56,722906223,25.7,MOD-00631,34.6,2026-07-05T20:27:04,2026-07-05T13:27:04,https://api.quant-aq.com/v1/devices/MOD-00631/data/722906021
191.23,428.58,"{'lat': None, 'lon': None}","{'rh': 25.8, 'temp': 34.6, 'wd': 0.0, 'ws': 0.0, 'ws_scalar': 0.0}","{'gas': {'co': 18172, 'co2': 13279, 'no': 18173, 'no2': 18174, 'o3': 18175}, 'pm': {'pm1': 13254, 'pm10': 13256, 'pm25': 13255}}",2.93,8.93,32.59,4.7,6.2,5.01,722906222,25.8,MOD-00631,34.6,2026-07-05T20:26:04,2026-07-05T13:26:04,https://api.quant-aq.com/v1/devices/MOD-00631/data/722906022
179.45,428.82,"{'lat': None, 'lon': None}","{'rh': 25.8, 'temp': 34.7, 'wd': 0.0, 'ws': 0.0, 'ws_scalar': 0.0}","{'gas': {'co': 18172, 'co2': 13279, 'no': 18173, 'no2': 18174, 'o3': 18175}, 'pm': {'pm1': 13254, 'pm10': 13256, 'pm25': 13255}}",2.96,8.67,33.46,4.18,8.65,4.42,722906220,25.8,MOD-00631,34.7,2026-07-05T20:25:04,2026-07-05T13:25:04,https://api.quant-aq.com/v1/devices/MOD-00631/data/722906020
184.44,431.59,"{'lat': None, 'lon': None}","{'rh': 25.7, 'temp': 34.7, 'wd': 0.0, 'ws': 0.0, 'ws_scalar': 0.0}","{'gas': {'co': 18172, 'co2': 13279, 'no': 18173, 'no2': 18174, 'o3': 18175}, 'pm': {'pm1': 13254, 'pm10': 13256, 'pm25': 13255}}",2.95,8.82,32.71,4.67,5.44,4.94,722906221,25.7,MOD-00631,34.7,2026-07-05T20:24:04,2026-07-05T13:24:04,https://api.quant-aq.com/v1/devices/MOD-00631/data/722906019
171.5,431.23,"{'lat': None, 'lon': None}","{'rh': 25.6, 'temp': 34.8, 'wd': 0.0, 'ws': 0.0, 'ws_scalar': 0.0}","{'gas': {'co': 18172, 'co2': 13279, 'no': 18173, 'no2': 18174, 'o3': 18175}, 'pm': {'pm1': 13254, 'pm10': 13256, 'pm25': 13255}}",2.95,8.32,33.04,4.18,9.91,4.43,722904009,25.6,MOD-00631,34.8,2026-07-05T20:23:04,2026-07-05T13:23:04,https://api.quant-aq.com/v1/devices/MOD-00631/data/722903808
182.84,428.34,"{'lat': None, 'lon': None}","{'rh': 25.8, 'temp': 34.8, 'wd': 0.0, 'ws': 0.0, 'ws_scalar': 0.0}","{'gas': {'co': 18172, 'co2': 13279, 'no': 18173, 'no2': 18174, 'o3': 18175}, 'pm': {'pm1': 13254, 'pm10': 13256, 'pm25': 13255}}",2.92,8.98,32.56,4.01,5.09,4.34,722904008,25.8,MOD-00631,34.8,2026-07-05T20:22:04,2026-07-05T13:22:04,https://api.quant-aq.com/v1/devices/MOD-00631/data/722903807
162.85,426.54,"{'lat': None, 'lon': None}","{'rh': 25.8, 'temp': 34.9, 'wd': 0.0, 'ws': 0.0, 'ws_scalar': 0.0}","{'gas': {'co': 18172, 'co2': 13279, 'no': 18173, 'no2': 18174, 'o3': 18175}, 'pm': {'pm1': 13254, 'pm10': 13256, 'pm25': 13255}}",2.93,8.45,32.96,4.12,7.63,4.52,722904007,25.8,MOD-00631,34.9,2026-07-05T20:21:04,2026-07-05T13:21:04,https://api.quant-aq.com/v1/devices/MOD-00631/data/722903806
183.77,427.26,"{'lat': None, 'lon': None}","{'rh': 25.8, 'temp': 34.9, 'wd': 0.0, 'ws': 0.0, 'ws_scalar': 0.0}","{'gas': {'co': 18172, 'co2': 13279, 'no': 18173, 'no2': 18174, 'o3': 18175}, 'pm': {'pm1': 13254, 'pm10': 13256, 'pm25': 13255}}",2.91,8.58,32.47,4.64,6.42,5.06,722904006,25.8,MOD-00631,34.9,2026-07-05T20:20:04,2026-07-05T13:20:04,https://api.quant-aq.com/v1/devices/MOD-00631/data/722903805
166.39,424.49,"{'lat': None, 'lon': None}","{'rh': 25.6, 'temp': 35.0, 'wd': 0.0, 'ws': 0.0, 'ws_scalar': 0.0}","{'gas': {'co': 18172, 'co2': 13279, 'no': 18173, 'no2': 18174, 'o3': 18175}, 'pm': {'pm1': 13254, 'pm10': 13256, 'pm25': 13255}}",2.92,8.37,32.71,4.35,5.44,4.54,722901774,25.6,MOD-00631,35.0,2026-07-05T20:19:04,2026-07-05T13:19:04,https://api.quant-aq.com/v1/devices/MOD-00631/data/722901573
170.15,421.96,"{'lat': None, 'lon': None}","{'rh': 25.5, 'temp': 35.0, 'wd': 0.0, 'ws': 0.0, 'ws_scalar': 0.0}","{'gas': {'co': 18172, 'co2': 13279, 'no': 18173, 'no2': 18174, 'o3': 18175}, 'pm': {'pm1': 13254, 'pm10': 13256, 'pm25': 13255}}",2.83,8.51,32.9,3.81,7.79,4.21,722901773,25.5,MOD-00631,35.0,2026-07-05T20:18:04,2026-07-05T13:18:04,https://api.quant-aq.com/v1/devices/MOD-00631/data/722901575
182.56,433.4,"{'lat': None, 'lon': None}","{'rh': 25.5, 'temp': 35.1, 'wd': 0.0, 'ws': 0.0, 'ws_scalar': 0.0}","{'gas': {'co': 18172, 'co2': 13279, 'no': 18173, 'no2': 18174, 'o3': 18175}, 'pm': {'pm1': 13254, 'pm10': 13256, 'pm25': 13255}}",2.85,8.4,32.9,4.7,6.3,4.96,722901772,25.5,MOD-00631,35.1,2026-07-05T20:17:04,2026-07-05T13:17:04,https://api.quant-aq.com/v1/devices/MOD-00631/data/722901570
173.06,426.05,"{'lat': None, 'lon': None}","{'rh': 25.6, 'temp': 35.1, 'wd': 0.0, 'ws': 0.0, 'ws_scalar': 0.0}","{'gas': {'co': 18172, 'co2': 13279, 'no': 18173, 'no2': 18174, 'o3': 18175}, 'pm': {'pm1': 13254, 'pm10': 13256, 'pm25': 13255}}",2.87,8.26,31.91,4.64,6.14,5.04,722901771,25.6,MOD-00631,35.1,2026-07-05T20:16:04,2026-07-05T13:16:04,https://api.quant-aq.com/v1/devices/MOD-00631/data/722901571
178.16,422.8,"{'lat': None, 'lon': None}","{'rh': 25.5, 'temp': 35.2, 'wd': 0.0, 'ws': 0.0, 'ws_scalar': 0.0}","{'gas': {'co': 18172, 'co2': 13279, 'no': 18173, 'no2': 18174, 'o3': 18175}, 'pm': {'pm1': 13254, 'pm10': 13256, 'pm25': 13255}}",2.83,8.43,32.86,4.52,5.43,4.92,722899610,25.5,MOD-00631,35.2,2026-07-05T20:15:04,2026-07-05T13:15:04,https://api.quant-aq.com/v1/devices/MOD-00631/data/722899411
178.71,417.26,"{'lat': None, 'lon': None}","{'rh': 25.3, 'temp': 35.2, 'wd': 0.0, 'ws': 0.0, 'ws_scalar': 0.0}","{'gas': {'co': 18172, 'co2': 13279, 'no': 18173, 'no2': 18174, 'o3': 18175}, 'pm': {'pm1': 13254, 'pm10': 13256, 'pm25': 13255}}",2.89,8.07,32.98,4.86,5.35,5.07,722899608,25.3,MOD-00631,35.2,2026-07-05T20:14:04,2026-07-05T13:14:04,https://api.quant-aq.com/v1/devices/MOD-00631/data/722899406
177.45,421.36,"{'lat': None, 'lon': None}","{'rh': 25.5, 'temp': 35.3, 'wd': 0.0, 'ws': 0.0, 'ws_scalar': 0.0}","{'gas': {'co': 18172, 'co2': 13279, 'no': 18173, 'no2': 18174, 'o3': 18175}, 'pm': {'pm1': 13254, 'pm10': 13256, 'pm25': 13255}}",2.81,7.73,32.84,4.43,8.23,4.93,722899605,25.5,MOD-00631,35.3,2026-07-05T20:13:04,2026-07-05T13:13:04,https://api.quant-aq.com/v1/devices/MOD-00631/data/722899405
192.77,429.79,"{'lat': None, 'lon': None}","{'rh': 25.3, 'temp': 35.3, 'wd': 0.0, 'ws': 0.0, 'ws_scalar': 0.0}","{'gas': {'co': 18172, 'co2': 13279, 'no': 18173, 'no2': 18174, 'o3': 18175}, 'pm': {'pm1': 13254, 'pm10': 13256, 'pm25': 13255}}",2.82,8.6,33.0,4.52,5.18,4.94,722899606,25.3,MOD-00631,35.3,2026-07-05T20:12:04,2026-07-05T13:12:04,https://api.quant-aq.com/v1/devices/MOD-00631/data/722899407
173.08,424.13,"{'lat': None, 'lon': None}","{'rh': 25.3, 'temp': 35.3, 'wd': 0.0, 'ws': 0.0, 'ws_scalar': 0.0}","{'gas': {'co': 18172, 'co2': 13279, 'no': 18173, 'no2': 18174, 'o3': 18175}, 'pm': {'pm1': 13254, 'pm10': 13256, 'pm25': 13255}}",2.84,7.98,32.98,4.13,5.99,4.44,722897421,25.3,MOD-00631,35.3,2026-07-05T20:11:04,2026-07-05T13:11:04,https://api.quant-aq.com/v1/devices/MOD-00631/data/722897220
159.14,420.88,"{'lat': None, 'lon': None}","{'rh': 25.3, 'temp': 35.3, 'wd': 0.0, 'ws': 0.0, 'ws_scalar': 0.0}","{'gas': {'co': 18172, 'co2': 13279, 'no': 18173, 'no2': 18174, 'o3': 18175}, 'pm': {'pm1': 13254, 'pm10': 13256, 'pm25': 13255}}",2.79,7.64,33.12,4.39,5.36,4.7,722897419,25.3,MOD-00631,35.3,2026-07-05T20:10:04,2026-07-05T13:10:04,https://api.quant-aq.com/v1/devices/MOD-00631/data/722897218
165.81,427.86,"{'lat': None, 'lon': None}","{'rh': 25.3, 'temp': 35.4, 'wd': 0.0, 'ws': 0.0, 'ws_scalar': 0.0}","{'gas': {'co': 18172, 'co2': 13279, 'no': 18173, 'no2': 18174, 'o3': 18175}, 'pm': {'pm1': 13254, 'pm10': 13256, 'pm25': 13255}}",2.85,7.66,33.56,4.22,7.77,4.57,722897420,25.3,MOD-00631,35.4,2026-07-05T20:09:04,2026-07-05T13:09:04,https://api.quant-aq.com/v1/devices/MOD-00631/data/722897219
164.31,426.05,"{'lat': None, 'lon': None}","{'rh': 25.1, 'temp': 35.4, 'wd': 0.0, 'ws': 0.0, 'ws_scalar': 0.0}","{'gas': {'co': 18172, 'co2': 13279, 'no': 18173, 'no2': 18174, 'o3': 18175}, 'pm': {'pm1': 13254, 'pm10': 13256, 'pm25': 13255}}",2.84,7.58,33.35,4.54,5.84,4.8,722897418,25.1,MOD-00631,35.4,2026-07-05T20:08:04,2026-07-05T13:08:04,https://api.quant-aq.com/v1/devices/MOD-00631/data/722897217
160.46,421.24,"{'lat': None, 'lon': None}","{'rh': 24.9, 'temp': 35.5, 'wd': 0.0, 'ws': 0.0, 'ws_scalar': 0.0}","{'gas': {'co': 18172, 'co2': 13279, 'no': 18173, 'no2': 18174, 'o3': 18175}, 'pm': {'pm1': 13254, 'pm10': 13256, 'pm25': 13255}}",2.83,7.06,34.3,5.07,6.08,5.37,722895652,24.9,MOD-00631,35.5,2026-07-05T20:07:04,2026-07-05T13:07:04,https://api.quant-aq.com/v1/devices/MOD-00631/data/722895451
171.46,422.32,"{'lat': None, 'lon': None}","{'rh': 25.0, 'temp': 35.5, 'wd': 0.0, 'ws': 0.0, 'ws_scalar': 0.0}","{'gas': {'co': 18172, 'co2': 13279, 'no': 18173, 'no2': 18174, 'o3': 18175}, 'pm': {'pm1': 13254, 'pm10': 13256, 'pm25': 13255}}",2.79,7.31,33.68,4.62,6.66,4.99,722895651,25.0,MOD-00631,35.5,2026-07-05T20:06:04,2026-07-05T13:06:04,https://api.quant-aq.com/v1/devices/MOD-00631/data/722895450
164.35,424.13,"{'lat': None, 'lon': None}","{'rh': 25.2, 'temp': 35.5, 'wd': 0.0, 'ws': 0.0, 'ws_scalar': 0.0}","{'gas': {'co': 18172, 'co2': 13279, 'no': 18173, 'no2': 18174, 'o3': 18175}, 'pm': {'pm1': 13254, 'pm10': 13256, 'pm25': 13255}}",2.8,7.3,33.45,4.94,5.74,5.26,722895649,25.2,MOD-00631,35.5,2026-07-05T20:05:04,2026-07-05T13:05:04,https://api.quant-aq.com/v1/devices/MOD-00631/data/722895448
168.45,426.17,"{'lat': None, 'lon': None}","{'rh': 25.2, 'temp': 35.5, 'wd': 0.0, 'ws': 0.0, 'ws_scalar': 0.0}","{'gas': {'co': 18172, 'co2': 13279, 'no': 18173, 'no2': 18174, 'o3': 18175}, 'pm': {'pm1': 13254, 'pm10': 13256, 'pm25': 13255}}",2.77,7.49,33.11,4.73,8.33,5.14,722895650,25.2,MOD-00631,35.5,2026-07-05T20:04:04,2026-07-05T13:04:04,https://api.quant-aq.com/v1/devices/MOD-00631/data/722895449
168.22,419.07,"{'lat': None, 'lon': None}","{'rh': 25.1, 'temp': 35.6, 'wd': 0.0, 'ws': 0.0, 'ws_scalar': 0.0}","{'gas': {'co': 18172, 'co2': 13279, 'no': 18173, 'no2': 18174, 'o3': 18175}, 'pm': {'pm1': 13254, 'pm10': 13256, 'pm25': 13255}}",2.85,7.06,34.02,4.78,6.68,5.44,722892985,25.1,MOD-00631,35.6,2026-07-05T20:03:04,2026-07-05T13:03:04,https://api.quant-aq.com/v1/devices/MOD-00631/data/722892785
168.77,420.75,"{'lat': None, 'lon': None}","{'rh': 24.9, 'temp': 35.6, 'wd': 0.0, 'ws': 0.0, 'ws_scalar': 0.0}","{'gas': {'co': 18172, 'co2': 13279, 'no': 18173, 'no2': 18174, 'o3': 18175}, 'pm': {'pm1': 13254, 'pm10': 13256, 'pm25': 13255}}",2.76,6.92,34.59,4.56,5.63,4.89,722892988,24.9,MOD-00631,35.6,2026-07-05T20:02:04,2026-07-05T13:02:04,https://api.quant-aq.com/v1/devices/MOD-00631/data/722892787
179.62,421.72,"{'lat': None, 'lon': None}","{'rh': 24.8, 'temp': 35.7, 'wd': 0.0, 'ws': 0.0, 'ws_scalar': 0.0}","{'gas': {'co': 18172, 'co2': 13279, 'no': 18173, 'no2': 18174, 'o3': 18175}, 'pm': {'pm1': 13254, 'pm10': 13256, 'pm25': 13255}}",2.76,7.1,33.47,4.95,6.08,5.42,722892987,24.8,MOD-00631,35.7,2026-07-05T20:01:04,2026-07-05T13:01:04,https://api.quant-aq.com/v1/devices/MOD-00631/data/722892786
161.2,418.1,"{'lat': None, 'lon': None}","{'rh': 24.9, 'temp': 35.8, 'wd': 0.0, 'ws': 0.0, 'ws_scalar': 0.0}","{'gas': {'co': 18172, 'co2': 13279, 'no': 18173, 'no2': 18174, 'o3': 18175}, 'pm': {'pm1': 13254, 'pm10': 13256, 'pm25': 13255}}",2.77,6.95,33.03,5.49,7.89,5.93,722892986,24.9,MOD-00631,35.8,2026-07-05T20:00:04,2026-07-05T13:00:04,https://api.quant-aq.com/v1/devices/MOD-00631/data/722892784
179.25,419.43,"{'lat': None, 'lon': None}","{'rh': 24.9, 'temp': 35.8, 'wd': 0.0, 'ws': 0.0, 'ws_scalar': 0.0}","{'gas': {'co': 18172, 'co2': 13279, 'no': 18173, 'no2': 18174, 'o3': 18175}, 'pm': {'pm1': 13254, 'pm10': 13256, 'pm25': 13255}}",2.78,6.95,33.53,4.77,5.86,5.08,722890839,24.9,MOD-00631,35.8,2026-07-05T19:59:04,2026-07-05T12:59:04,https://api.quant-aq.com/v1/devices/MOD-00631/data/722890638
185.47,420.15,"{'lat': None, 'lon': None}","{'rh': 24.8, 'temp': 35.8, 'wd': 0.0, 'ws': 0.0, 'ws_scalar': 0.0}","{'gas': {'co': 18172, 'co2': 13279, 'no': 18173, 'no2': 18174, 'o3': 18175}, 'pm': {'pm1': 13254, 'pm10': 13256, 'pm25': 13255}}",2.74,7.04,33.72,5.18,7.4,5.48,722890838,24.8,MOD-00631,35.8,2026-07-05T19:58:04,2026-07-05T12:58:04,https://api.quant-aq.com/v1/devices/MOD-00631/data/722890637
171.11,423.52,"{'lat': None, 'lon': None}","{'rh': 24.8, 'temp': 35.8, 'wd': 0.0, 'ws': 0.0, 'ws_scalar': 0.0}","{'gas': {'co': 18172, 'co2': 13279, 'no': 18173, 'no2': 18174, 'o3': 18175}, 'pm': {'pm1': 13254, 'pm10': 13256, 'pm25': 13255}}",2.71,7.04,34.21,4.91,6.04,5.29,722890836,24.8,MOD-00631,35.8,2026-07-05T19:57:04,2026-07-05T12:57:04,https://api.quant-aq.com/v1/devices/MOD-00631/data/722890636
184.65,418.83,"{'lat': None, 'lon': None}","{'rh': 24.8, 'temp': 35.8, 'wd': 0.0, 'ws': 0.0, 'ws_scalar': 0.0}","{'gas': {'co': 18172, 'co2': 13279, 'no': 18173, 'no2': 18174, 'o3': 18175}, 'pm': {'pm1': 13254, 'pm10': 13256, 'pm25': 13255}}",2.74,7.04,33.48,5.18,6.48,5.58,722890837,24.8,MOD-00631,35.8,2026-07-05T19:56:04,2026-07-05T12:56:04,https://api.quant-aq.com/v1/devices/MOD-00631/data/722890635
180.48,419.55,"{'lat': None, 'lon': None}","{'rh': 24.9, 'temp': 35.8, 'wd': 0.0, 'ws': 0.0, 'ws_scalar': 0.0}","{'gas': {'co': 18172, 'co2': 13279, 'no': 18173, 'no2': 18174, 'o3': 18175}, 'pm': {'pm1': 13254, 'pm10': 13256, 'pm25': 13255}}",2.73,6.68,33.22,4.56,5.16,4.91,722888573,24.9,MOD-00631,35.8,2026-07-05T19:55:04,2026-07-05T12:55:04,https://api.quant-aq.com/v1/devices/MOD-00631/data/722888372
178.28,421.6,"{'lat': None, 'lon': None}","{'rh': 25.1, 'temp': 35.8, 'wd': 0.0, 'ws': 0.0, 'ws_scalar': 0.0}","{'gas': {'co': 18172, 'co2': 13279, 'no': 18173, 'no2': 18174, 'o3': 18175}, 'pm': {'pm1': 13254, 'pm10': 13256, 'pm25': 13255}}",2.74,7.36,33.07,4.52,11.91,4.9,722888572,25.1,MOD-00631,35.8,2026-07-05T19:54:04,2026-07-05T12:54:04,https://api.quant-aq.com/v1/devices/MOD-00631/data/722888371
183.21,421.0,"{'lat': None, 'lon': None}","{'rh': 25.1, 'temp': 35.8, 'wd': 0.0, 'ws': 0.0, 'ws_scalar': 0.0}","{'gas': {'co': 18172, 'co2': 13279, 'no': 18173, 'no2': 18174, 'o3': 18175}, 'pm': {'pm1': 13254, 'pm10': 13256, 'pm25': 13255}}",2.77,7.18,33.16,4.18,5.37,4.44,722888571,25.1,MOD-00631,35.8,2026-07-05T19:53:04,2026-07-05T12:53:04,https://api.quant-aq.com/v1/devices/MOD-00631/data/722888370
175.0,421.6,"{'lat': None, 'lon': None}","{'rh': 25.1, 'temp': 35.8, 'wd': 0.0, 'ws': 0.0, 'ws_scalar': 0.0}","{'gas': {'co': 18172, 'co2': 13279, 'no': 18173, 'no2': 18174, 'o3': 18175}, 'pm': {'pm1': 13254, 'pm10': 13256, 'pm25': 13255}}",2.77,7.18,32.42,4.02,5.15,4.39,722888568,25.1,MOD-00631,35.8,2026-07-05T19:52:04,2026-07-05T12:52:04,https://api.quant-aq.com/v1/devices/MOD-00631/data/722888369
182.76,417.14,"{'lat': None, 'lon': None}","{'rh': 25.0, 'temp': 35.7, 'wd': 0.0, 'ws': 0.0, 'ws_scalar': 0.0}","{'gas': {'co': 18172, 'co2': 13279, 'no': 18173, 'no2': 18174, 'o3': 18175}, 'pm': {'pm1': 13254, 'pm10': 13256, 'pm25': 13255}}",2.69,7.35,33.59,4.63,6.02,4.98,722886408,25.0,MOD-00631,35.7,2026-07-05T19:51:04,2026-07-05T12:51:04,https://api.quant-aq.com/v1/devices/MOD-00631/data/722886206
178.99,421.0,"{'lat': None, 'lon': None}","{'rh': 25.1, 'temp': 35.7, 'wd': 0.0, 'ws': 0.0, 'ws_scalar': 0.0}","{'gas': {'co': 18172, 'co2': 13279, 'no': 18173, 'no2': 18174, 'o3': 18175}, 'pm': {'pm1': 13254, 'pm10': 13256, 'pm25': 13255}}",2.79,7.08,33.0,4.48,18.28,4.85,722886405,25.1,MOD-00631,35.7,2026-07-05T19:50:04,2026-07-05T12:50:04,https://api.quant-aq.com/v1/devices/MOD-00631/data/722886204
185.56,427.26,"{'lat': None, 'lon': None}","{'rh': 25.1, 'temp': 35.7, 'wd': 0.0, 'ws': 0.0, 'ws_scalar': 0.0}","{'gas': {'co': 18172, 'co2': 13279, 'no': 18173, 'no2': 18174, 'o3': 18175}, 'pm': {'pm1': 13254, 'pm10': 13256, 'pm25': 13255}}",2.7,7.08,32.76,4.05,4.96,4.46,722886409,25.1,MOD-00631,35.7,2026-07-05T19:49:04,2026-07-05T12:49:04,https://api.quant-aq.com/v1/devices/MOD-00631/data/722886208
174.41,423.28,"{'lat': None, 'lon': None}","{'rh': 25.2, 'temp': 35.7, 'wd': 0.0, 'ws': 0.0, 'ws_scalar': 0.0}","{'gas': {'co': 18172, 'co2': 13279, 'no': 18173, 'no2': 18174, 'o3': 18175}, 'pm': {'pm1': 13254, 'pm10': 13256, 'pm25': 13255}}",2.74,7.07,32.76,4.62,16.12,5.07,722886407,25.2,MOD-00631,35.7,2026-07-05T19:48:04,2026-07-05T12:48:04,https://api.quant-aq.com/v1/devices/MOD-00631/data/722886205
167.26,424.37,"{'lat': None, 'lon': None}","{'rh': 25.3, 'temp': 35.6, 'wd': 0.0, 'ws': 0.0, 'ws_scalar': 0.0}","{'gas': {'co': 18172, 'co2': 13279, 'no': 18173, 'no2': 18174, 'o3': 18175}, 'pm': {'pm1': 13254, 'pm10': 13256, 'pm25': 13255}}",2.71,6.75,32.75,4.78,6.74,5.15,722883970,25.3,MOD-00631,35.6,2026-07-05T19:47:04,2026-07-05T12:47:04,https://api.quant-aq.com/v1/devices/MOD-00631/data/722883769
179.08,421.84,"{'lat': None, 'lon': None}","{'rh': 25.4, 'temp': 35.6, 'wd': 0.0, 'ws': 0.0, 'ws_scalar': 0.0}","{'gas': {'co': 18172, 'co2': 13279, 'no': 18173, 'no2': 18174, 'o3': 18175}, 'pm': {'pm1': 13254, 'pm10': 13256, 'pm25': 13255}}",2.78,7.21,32.97,4.53,7.54,4.91,722883966,25.4,MOD-00631,35.6,2026-07-05T19:46:04,2026-07-05T12:46:04,https://api.quant-aq.com/v1/devices/MOD-00631/data/722883767
180.38,418.59,"{'lat': None, 'lon': None}","{'rh': 25.3, 'temp': 35.6, 'wd': 0.0, 'ws': 0.0, 'ws_scalar': 0.0}","{'gas': {'co': 18172, 'co2': 13279, 'no': 18173, 'no2': 18174, 'o3': 18175}, 'pm': {'pm1': 13254, 'pm10': 13256, 'pm25': 13255}}",2.71,7.22,32.72,3.87,6.37,4.23,722883964,25.3,MOD-00631,35.6,2026-07-05T19:45:04,2026-07-05T12:45:04,https://api.quant-aq.com/v1/devices/MOD-00631/data/722883763
174.64,425.21,"{'lat': None, 'lon': None}","{'rh': 25.3, 'temp': 35.6, 'wd': 0.0, 'ws': 0.0, 'ws_scalar': 0.0}","{'gas': {'co': 18172, 'co2': 13279, 'no': 18173, 'no2': 18174, 'o3': 18175}, 'pm': {'pm1': 13254, 'pm10': 13256, 'pm25': 13255}}",2.72,7.05,32.56,4.39,8.84,4.87,722883963,25.3,MOD-00631,35.6,2026-07-05T19:44:04,2026-07-05T12:44:04,https://api.quant-aq.com/v1/devices/MOD-00631/data/722883762
170.4,425.81,"{'lat': None, 'lon': None}","{'rh': 25.5, 'temp': 35.6, 'wd': 0.0, 'ws': 0.0, 'ws_scalar': 0.0}","{'gas': {'co': 18172, 'co2': 13279, 'no': 18173, 'no2': 18174, 'o3': 18175}, 'pm': {'pm1': 13254, 'pm10': 13256, 'pm25': 13255}}",2.73,7.2,32.24,4.72,6.14,5.07,722881360,25.5,MOD-00631,35.6,2026-07-05T19:43:04,2026-07-05T12:43:04,https://api.quant-aq.com/v1/devices/MOD-00631/data/722881157
169.58,429.19,"{'lat': None, 'lon': None}","{'rh': 25.5, 'temp': 35.6, 'wd': 0.0, 'ws': 0.0, 'ws_scalar': 0.0}","{'gas': {'co': 18172, 'co2': 13279, 'no': 18173, 'no2': 18174, 'o3': 18175}, 'pm': {'pm1': 13254, 'pm10': 13256, 'pm25': 13255}}",2.75,7.29,32.19,4.3,6.4,4.68,722881358,25.5,MOD-00631,35.6,2026-07-05T19:42:04,2026-07-05T12:42:04,https://api.quant-aq.com/v1/devices/MOD-00631/data/722881158
167.12,424.97,"{'lat': None, 'lon': None}","{'rh': 25.5, 'temp': 35.6, 'wd': 0.0, 'ws': 0.0, 'ws_scalar': 0.0}","{'gas': {'co': 18172, 'co2': 13279, 'no': 18173, 'no2': 18174, 'o3': 18175}, 'pm': {'pm1': 13254, 'pm10': 13256, 'pm25': 13255}}",2.63,7.03,32.08,4.46,10.98,4.94,722881359,25.5,MOD-00631,35.6,2026-07-05T19:41:04,2026-07-05T12:41:04,https://api.quant-aq.com/v1/devices/MOD-00631/data/722881159
173.43,427.02,"{'lat': None, 'lon': None}","{'rh': 25.7, 'temp': 35.5, 'wd': 0.0, 'ws': 0.0, 'ws_scalar': 0.0}","{'gas': {'co': 18172, 'co2': 13279, 'no': 18173, 'no2': 18174, 'o3': 18175}, 'pm': {'pm1': 13254, 'pm10': 13256, 'pm25': 13255}}",2.74,7.25,32.25,4.2,16.04,4.67,722881357,25.7,MOD-00631,35.5,2026-07-05T19:40:04,2026-07-05T12:40:04,https://api.quant-aq.com/v1/devices/MOD-00631/data/722881156
156.2,427.14,"{'lat': None, 'lon': None}","{'rh': 25.7, 'temp': 35.5, 'wd': 0.0, 'ws': 0.0, 'ws_scalar': 0.0}","{'gas': {'co': 18172, 'co2': 13279, 'no': 18173, 'no2': 18174, 'o3': 18175}, 'pm': {'pm1': 13254, 'pm10': 13256, 'pm25': 13255}}",2.72,7.16,30.93,4.59,6.72,5.1,722878587,25.7,MOD-00631,35.5,2026-07-05T19:39:04,2026-07-05T12:39:04,https://api.quant-aq.com/v1/devices/MOD-00631/data/722878386
165.3,423.89,"{'lat': None, 'lon': None}","{'rh': 25.6, 'temp': 35.5, 'wd': 0.0, 'ws': 0.0, 'ws_scalar': 0.0}","{'gas': {'co': 18172, 'co2': 13279, 'no': 18173, 'no2': 18174, 'o3': 18175}, 'pm': {'pm1': 13254, 'pm10': 13256, 'pm25': 13255}}",2.73,7.09,31.84,3.95,4.76,4.37,722878586,25.6,MOD-00631,35.5,2026-07-05T19:38:04,2026-07-05T12:38:04,https://api.quant-aq.com/v1/devices/MOD-00631/data/722878385
163.66,423.65,"{'lat': None, 'lon': None}","{'rh': 25.6, 'temp': 35.5, 'wd': 0.0, 'ws': 0.0, 'ws_scalar': 0.0}","{'gas': {'co': 18172, 'co2': 13279, 'no': 18173, 'no2': 18174, 'o3': 18175}, 'pm': {'pm1': 13254, 'pm10': 13256, 'pm25': 13255}}",2.7,6.71,32.56,4.66,5.78,5.15,722878585,25.6,MOD-00631,35.5,2026-07-05T19:37:04,2026-07-05T12:37:04,https://api.quant-aq.com/v1/devices/MOD-00631/data/722878384
159.56,428.22,"{'lat': None, 'lon': None}","{'rh': 25.6, 'temp': 35.5, 'wd': 0.0, 'ws': 0.0, 'ws_scalar': 0.0}","{'gas': {'co': 18172, 'co2': 13279, 'no': 18173, 'no2': 18174, 'o3': 18175}, 'pm': {'pm1': 13254, 'pm10': 13256, 'pm25': 13255}}",2.7,7.17,32.28,5.1,6.55,5.65,722878584,25.6,MOD-00631,35.5,2026-07-05T19:36:04,2026-07-05T12:36:04,https://api.quant-aq.com/v1/devices/MOD-00631/data/722878383
146.29,426.05,"{'lat': None, 'lon': None}","{'rh': 25.8, 'temp': 35.5, 'wd': 0.0, 'ws': 0.0, 'ws_scalar': 0.0}","{'gas': {'co': 18172, 'co2': 13279, 'no': 18173, 'no2': 18174, 'o3': 18175}, 'pm': {'pm1': 13254, 'pm10': 13256, 'pm25': 13255}}",2.69,6.57,32.66,4.17,5.12,4.67,722875788,25.8,MOD-00631,35.5,2026-07-05T19:35:04,2026-07-05T12:35:04,https://api.quant-aq.com/v1/devices/MOD-00631/data/722875586
183.2,427.5,"{'lat': None, 'lon': None}","{'rh': 25.8, 'temp': 35.5, 'wd': 0.0, 'ws': 0.0, 'ws_scalar': 0.0}","{'gas': {'co': 18172, 'co2': 13279, 'no': 18173, 'no2': 18174, 'o3': 18175}, 'pm': {'pm1': 13254, 'pm10': 13256, 'pm25': 13255}}",2.62,7.24,32.01,4.3,5.84,4.77,722875786,25.8,MOD-00631,35.5,2026-07-05T19:34:04,2026-07-05T12:34:04,https://api.quant-aq.com/v1/devices/MOD-00631/data/722875585
173.36,425.93,"{'lat': None, 'lon': None}","{'rh': 25.8, 'temp': 35.5, 'wd': 0.0, 'ws': 0.0, 'ws_scalar': 0.0}","{'gas': {'co': 18172, 'co2': 13279, 'no': 18173, 'no2': 18174, 'o3': 18175}, 'pm': {'pm1': 13254, 'pm10': 13256, 'pm25': 13255}}",2.67,6.99,32.14,4.48,9.78,5.0,722875785,25.8,MOD-00631,35.5,2026-07-05T19:33:04,2026-07-05T12:33:04,https://api.quant-aq.com/v1/devices/MOD-00631/data/722875584
164.82,425.09,"{'lat': None, 'lon': None}","{'rh': 25.7, 'temp': 35.5, 'wd': 0.0, 'ws': 0.0, 'ws_scalar': 0.0}","{'gas': {'co': 18172, 'co2': 13279, 'no': 18173, 'no2': 18174, 'o3': 18175}, 'pm': {'pm1': 13254, 'pm10': 13256, 'pm25': 13255}}",2.68,7.0,31.64,4.45,6.01,4.92,722875784,25.7,MOD-00631,35.5,2026-07-05T19:32:04,2026-07-05T12:32:04,https://api.quant-aq.com/v1/devices/MOD-00631/data/722875583
161.47,427.26,"{'lat': None, 'lon': None}","{'rh': 25.8, 'temp': 35.5, 'wd': 0.0, 'ws': 0.0, 'ws_scalar': 0.0}","{'gas': {'co': 18172, 'co2': 13279, 'no': 18173, 'no2': 18174, 'o3': 18175}, 'pm': {'pm1': 13254, 'pm10': 13256, 'pm25': 13255}}",2.69,6.91,31.7,4.22,5.98,4.74,722873140,25.8,MOD-00631,35.5,2026-07-05T19:31:04,2026-07-05T12:31:04,https://api.quant-aq.com/v1/devices/MOD-00631/data/722872936
156.2,427.26,"{'lat': None, 'lon': None}","{'rh': 25.7, 'temp': 35.5, 'wd': 0.0, 'ws': 0.0, 'ws_scalar': 0.0}","{'gas': {'co': 18172, 'co2': 13279, 'no': 18173, 'no2': 18174, 'o3': 18175}, 'pm': {'pm1': 13254, 'pm10': 13256, 'pm25': 13255}}",2.69,6.77,32.27,4.36,6.04,4.89,722873143,25.7,MOD-00631,35.5,2026-07-05T19:30:04,2026-07-05T12:30:04,https://api.quant-aq.com/v1/devices/MOD-00631/data/722872940
175.55,428.34,"{'lat': None, 'lon': None}","{'rh': 25.6, 'temp': 35.5, 'wd': 0.0, 'ws': 0.0, 'ws_scalar': 0.0}","{'gas': {'co': 18172, 'co2': 13279, 'no': 18173, 'no2': 18174, 'o3': 18175}, 'pm': {'pm1': 13254, 'pm10': 13256, 'pm25': 13255}}",2.57,7.09,32.08,4.24,9.37,4.74,722873142,25.6,MOD-00631,35.5,2026-07-05T19:29:04,2026-07-05T12:29:04,https://api.quant-aq.com/v1/devices/MOD-00631/data/722872942
158.44,429.67,"{'lat': None, 'lon': None}","{'rh': 25.6, 'temp': 35.6, 'wd': 0.0, 'ws': 0.0, 'ws_scalar': 0.0}","{'gas': {'co': 18172, 'co2': 13279, 'no': 18173, 'no2': 18174, 'o3': 18175}, 'pm': {'pm1': 13254, 'pm10': 13256, 'pm25': 13255}}",2.66,7.1,31.8,4.41,9.7,4.84,722873139,25.6,MOD-00631,35.6,2026-07-05T19:28:04,2026-07-05T12:28:04,https://api.quant-aq.com/v1/devices/MOD-00631/data/722872939
166.57,430.03,"{'lat': None, 'lon': None}","{'rh': 25.7, 'temp': 35.6, 'wd': 0.0, 'ws': 0.0, 'ws_scalar': 0.0}","{'gas': {'co': 18172, 'co2': 13279, 'no': 18173, 'no2': 18174, 'o3': 18175}, 'pm': {'pm1': 13254, 'pm10': 13256, 'pm25': 13255}}",2.65,6.72,32.27,4.18,9.76,4.64,722870674,25.7,MOD-00631,35.6,2026-07-05T19:27:04,2026-07-05T12:27:04,https://api.quant-aq.com/v1/devices/MOD-00631/data/722870474
165.16,423.04,"{'lat': None, 'lon': None}","{'rh': 25.8, 'temp': 35.5, 'wd': 0.0, 'ws': 0.0, 'ws_scalar': 0.0}","{'gas': {'co': 18172, 'co2': 13279, 'no': 18173, 'no2': 18174, 'o3': 18175}, 'pm': {'pm1': 13254, 'pm10': 13256, 'pm25': 13255}}",2.67,7.24,30.8,3.61,7.05,4.1,722870673,25.8,MOD-00631,35.5,2026-07-05T19:26:04,2026-07-05T12:26:04,https://api.quant-aq.com/v1/devices/MOD-00631/data/722870472
160.79,428.22,"{'lat': None, 'lon': None}","{'rh': 25.6, 'temp': 35.5, 'wd': 0.0, 'ws': 0.0, 'ws_scalar': 0.0}","{'gas': {'co': 18172, 'co2': 13279, 'no': 18173, 'no2': 18174, 'o3': 18175}, 'pm': {'pm1': 13254, 'pm10': 13256, 'pm25': 13255}}",2.68,6.85,31.98,4.15,10.62,4.65,722870675,25.6,MOD-00631,35.5,2026-07-05T19:25:04,2026-07-05T12:25:04,https://api.quant-aq.com/v1/devices/MOD-00631/data/722870473
158.67,424.61,"{'lat': None, 'lon': None}","{'rh': 25.7, 'temp': 35.5, 'wd': 0.0, 'ws': 0.0, 'ws_scalar': 0.0}","{'gas': {'co': 18172, 'co2': 13279, 'no': 18173, 'no2': 18174, 'o3': 18175}, 'pm': {'pm1': 13254, 'pm10': 13256, 'pm25': 13255}}",2.68,6.92,31.3,4.29,7.65,4.67,722870676,25.7,MOD-00631,35.5,2026-07-05T19:24:04,2026-07-05T12:24:04,https://api.quant-aq.com/v1/devices/MOD-00631/data/722870475
156.62,429.55,"{'lat': None, 'lon': None}","{'rh': 25.7, 'temp': 35.5, 'wd': 0.0, 'ws': 0.0, 'ws_scalar': 0.0}","{'gas': {'co': 18172, 'co2': 13279, 'no': 18173, 'no2': 18174, 'o3': 18175}, 'pm': {'pm1': 13254, 'pm10': 13256, 'pm25': 13255}}",2.64,6.84,32.47,4.3,4.91,4.66,722868510,25.7,MOD-00631,35.5,2026-07-05T19:23:04,2026-07-05T12:23:04,https://api.quant-aq.com/v1/devices/MOD-00631/data/722868309
163.66,428.46,"{'lat': None, 'lon': None}","{'rh': 25.6, 'temp': 35.5, 'wd': 0.0, 'ws': 0.0, 'ws_scalar': 0.0}","{'gas': {'co': 18172, 'co2': 13279, 'no': 18173, 'no2': 18174, 'o3': 18175}, 'pm': {'pm1': 13254, 'pm10': 13256, 'pm25': 13255}}",2.63,6.85,31.73,4.51,6.59,4.86,722868515,25.6,MOD-00631,35.5,2026-07-05T19:22:04,2026-07-05T12:22:04,https://api.quant-aq.com/v1/devices/MOD-00631/data/722868312
165.71,427.38,"{'lat': None, 'lon': None}","{'rh': 25.6, 'temp': 35.5, 'wd': 0.0, 'ws': 0.0, 'ws_scalar': 0.0}","{'gas': {'co': 18172, 'co2': 13279, 'no': 18173, 'no2': 18174, 'o3': 18175}, 'pm': {'pm1': 13254, 'pm10': 13256, 'pm25': 13255}}",2.62,6.53,32.93,4.25,6.15,4.75,722868509,25.6,MOD-00631,35.5,2026-07-05T19:21:04,2026-07-05T12:21:04,https://api.quant-aq.com/v1/devices/MOD-00631/data/722868308
148.0,426.78,"{'lat': None, 'lon': None}","{'rh': 25.7, 'temp': 35.5, 'wd': 0.0, 'ws': 0.0, 'ws_scalar': 0.0}","{'gas': {'co': 18172, 'co2': 13279, 'no': 18173, 'no2': 18174, 'o3': 18175}, 'pm': {'pm1': 13254, 'pm10': 13256, 'pm25': 13255}}",2.6,7.08,30.6,4.41,6.81,4.9,722868512,25.7,MOD-00631,35.5,2026-07-05T19:20:04,2026-07-05T12:20:04,https://api.quant-aq.com/v1/devices/MOD-00631/data/722868311
151.28,426.42,"{'lat': None, 'lon': None}","{'rh': 25.7, 'temp': 35.5, 'wd': 0.0, 'ws': 0.0, 'ws_scalar': 0.0}","{'gas': {'co': 18172, 'co2': 13279, 'no': 18173, 'no2': 18174, 'o3': 18175}, 'pm': {'pm1': 13254, 'pm10': 13256, 'pm25': 13255}}",2.63,6.92,31.93,5.01,7.15,5.47,722866300,25.7,MOD-00631,35.5,2026-07-05T19:19:04,2026-07-05T12:19:04,https://api.quant-aq.com/v1/devices/MOD-00631/data/722866099
150.42,429.07,"{'lat': None, 'lon': None}","{'rh': 25.6, 'temp': 35.4, 'wd': 0.0, 'ws': 0.0, 'ws_scalar': 0.0}","{'gas': {'co': 18172, 'co2': 13279, 'no': 18173, 'no2': 18174, 'o3': 18175}, 'pm': {'pm1': 13254, 'pm10': 13256, 'pm25': 13255}}",2.59,6.77,32.06,4.79,12.29,5.16,722866296,25.6,MOD-00631,35.4,2026-07-05T19:18:04,2026-07-05T12:18:04,https://api.quant-aq.com/v1/devices/MOD-00631/data/722866097
143.59,424.13,"{'lat': None, 'lon': None}","{'rh': 25.4, 'temp': 35.4, 'wd': 0.0, 'ws': 0.0, 'ws_scalar': 0.0}","{'gas': {'co': 18172, 'co2': 13279, 'no': 18173, 'no2': 18174, 'o3': 18175}, 'pm': {'pm1': 13254, 'pm10': 13256, 'pm25': 13255}}",2.6,6.59,32.18,4.74,8.75,5.12,722866298,25.4,MOD-00631,35.4,2026-07-05T19:17:04,2026-07-05T12:17:04,https://api.quant-aq.com/v1/devices/MOD-00631/data/722866098
163.39,431.59,"{'lat': None, 'lon': None}","{'rh': 25.4, 'temp': 35.5, 'wd': 0.0, 'ws': 0.0, 'ws_scalar': 0.0}","{'gas': {'co': 18172, 'co2': 13279, 'no': 18173, 'no2': 18174, 'o3': 18175}, 'pm': {'pm1': 13254, 'pm10': 13256, 'pm25': 13255}}",2.56,6.5,32.72,4.41,6.48,4.83,722866294,25.4,MOD-00631,35.5,2026-07-05T19:16:04,2026-07-05T12:16:04,https://api.quant-aq.com/v1/devices/MOD-00631/data/722866093
148.62,431.84,"{'lat': None, 'lon': None}","{'rh': 25.4, 'temp': 35.5, 'wd': 0.0, 'ws': 0.0, 'ws_scalar': 0.0}","{'gas': {'co': 18172, 'co2': 13279, 'no': 18173, 'no2': 18174, 'o3': 18175}, 'pm': {'pm1': 13254, 'pm10': 13256, 'pm25': 13255}}",2.55,6.5,31.98,4.66,7.2,5.18,722864087,25.4,MOD-00631,35.5,2026-07-05T19:15:04,2026-07-05T12:15:04,https://api.quant-aq.com/v1/devices/MOD-00631/data/722863887
146.91,427.26,"{'lat': None, 'lon': None}","{'rh': 25.5, 'temp': 35.5, 'wd': 0.0, 'ws': 0.0, 'ws_scalar': 0.0}","{'gas': {'co': 18172, 'co2': 13279, 'no': 18173, 'no2': 18174, 'o3': 18175}, 'pm': {'pm1': 13254, 'pm10': 13256, 'pm25': 13255}}",2.54,6.49,32.23,4.29,9.91,5.1,722864088,25.5,MOD-00631,35.5,2026-07-05T19:14:04,2026-07-05T12:14:04,https://api.quant-aq.com/v1/devices/MOD-00631/data/722863886
137.41,429.19,"{'lat': None, 'lon': None}","{'rh': 25.6, 'temp': 35.5, 'wd': 0.0, 'ws': 0.0, 'ws_scalar': 0.0}","{'gas': {'co': 18172, 'co2': 13279, 'no': 18173, 'no2': 18174, 'o3': 18175}, 'pm': {'pm1': 13254, 'pm10': 13256, 'pm25': 13255}}",2.54,6.48,31.75,4.24,5.51,4.73,722864090,25.6,MOD-00631,35.5,2026-07-05T19:13:04,2026-07-05T12:13:04,https://api.quant-aq.com/v1/devices/MOD-00631/data/722863889
143.15,426.54,"{'lat': None, 'lon': None}","{'rh': 25.6, 'temp': 35.5, 'wd': 0.0, 'ws': 0.0, 'ws_scalar': 0.0}","{'gas': {'co': 18172, 'co2': 13279, 'no': 18173, 'no2': 18174, 'o3': 18175}, 'pm': {'pm1': 13254, 'pm10': 13256, 'pm25': 13255}}",2.54,6.38,32.57,4.56,6.47,5.08,722864089,25.6,MOD-00631,35.5,2026-07-05T19:12:04,2026-07-05T12:12:04,https://api.quant-aq.com/v1/devices/MOD-00631/data/722863888
129.21,424.61,"{'lat': None, 'lon': None}","{'rh': 25.6, 'temp': 35.5, 'wd': 0.0, 'ws': 0.0, 'ws_scalar': 0.0}","{'gas': {'co': 18172, 'co2': 13279, 'no': 18173, 'no2': 18174, 'o3': 18175}, 'pm': {'pm1': 13254, 'pm10': 13256, 'pm25': 13255}}",2.55,6.3,32.66,4.37,6.85,4.85,722861893,25.6,MOD-00631,35.5,2026-07-05T19:11:04,2026-07-05T12:11:04,https://api.quant-aq.com/v1/devices/MOD-00631/data/722861692
131.26,426.05,"{'lat': None, 'lon': None}","{'rh': 25.6, 'temp': 35.5, 'wd': 0.0, 'ws': 0.0, 'ws_scalar': 0.0}","{'gas': {'co': 18172, 'co2': 13279, 'no': 18173, 'no2': 18174, 'o3': 18175}, 'pm': {'pm1': 13254, 'pm10': 13256, 'pm25': 13255}}",2.49,6.2,32.31,4.69,9.67,5.18,722861891,25.6,MOD-00631,35.5,2026-07-05T19:10:04,2026-07-05T12:10:04,https://api.quant-aq.com/v1/devices/MOD-00631/data/722861690
130.62,425.45,"{'lat': None, 'lon': None}","{'rh': 25.5, 'temp': 35.6, 'wd': 0.0, 'ws': 0.0, 'ws_scalar': 0.0}","{'gas': {'co': 18172, 'co2': 13279, 'no': 18173, 'no2': 18174, 'o3': 18175}, 'pm': {'pm1': 13254, 'pm10': 13256, 'pm25': 13255}}",2.52,6.28,32.42,3.79,10.59,4.2,722861892,25.5,MOD-00631,35.6,2026-07-05T19:09:04,2026-07-05T12:09:04,https://api.quant-aq.com/v1/devices/MOD-00631/data/722861691
138.07,421.12,"{'lat': None, 'lon': None}","{'rh': 25.4, 'temp': 35.6, 'wd': 0.0, 'ws': 0.0, 'ws_scalar': 0.0}","{'gas': {'co': 18172, 'co2': 13279, 'no': 18173, 'no2': 18174, 'o3': 18175}, 'pm': {'pm1': 13254, 'pm10': 13256, 'pm25': 13255}}",2.54,6.37,32.33,4.31,7.78,4.83,722861894,25.4,MOD-00631,35.6,2026-07-05T19:08:04,2026-07-05T12:08:04,https://api.quant-aq.com/v1/devices/MOD-00631/data/722861693
131.69,423.16,"{'lat': None, 'lon': None}","{'rh': 25.3, 'temp': 35.7, 'wd': 0.0, 'ws': 0.0, 'ws_scalar': 0.0}","{'gas': {'co': 18172, 'co2': 13279, 'no': 18173, 'no2': 18174, 'o3': 18175}, 'pm': {'pm1': 13254, 'pm10': 13256, 'pm25': 13255}}",2.48,6.19,33.29,4.42,6.25,4.79,722859784,25.3,MOD-00631,35.7,2026-07-05T19:07:04,2026-07-05T12:07:04,https://api.quant-aq.com/v1/devices/MOD-00631/data/722859583
141.71,422.32,"{'lat': None, 'lon': None}","{'rh': 25.2, 'temp': 35.8, 'wd': 0.0, 'ws': 0.0, 'ws_scalar': 0.0}","{'gas': {'co': 18172, 'co2': 13279, 'no': 18173, 'no2': 18174, 'o3': 18175}, 'pm': {'pm1': 13254, 'pm10': 13256, 'pm25': 13255}}",2.46,6.29,33.11,4.91,8.56,5.35,722859783,25.2,MOD-00631,35.8,2026-07-05T19:06:04,2026-07-05T12:06:04,https://api.quant-aq.com/v1/devices/MOD-00631/data/722859582
154.84,421.12,"{'lat': None, 'lon': None}","{'rh': 25.2, 'temp': 35.8, 'wd': 0.0, 'ws': 0.0, 'ws_scalar': 0.0}","{'gas': {'co': 18172, 'co2': 13279, 'no': 18173, 'no2': 18174, 'o3': 18175}, 'pm': {'pm1': 13254, 'pm10': 13256, 'pm25': 13255}}",2.49,6.23,33.44,4.44,5.32,4.8,722859782,25.2,MOD-00631,35.8,2026-07-05T19:05:04,2026-07-05T12:05:04,https://api.quant-aq.com/v1/devices/MOD-00631/data/722859580
171.65,423.52,"{'lat': None, 'lon': None}","{'rh': 25.2, 'temp': 35.8, 'wd': 0.0, 'ws': 0.0, 'ws_scalar': 0.0}","{'gas': {'co': 18172, 'co2': 13279, 'no': 18173, 'no2': 18174, 'o3': 18175}, 'pm': {'pm1': 13254, 'pm10': 13256, 'pm25': 13255}}",2.46,6.18,33.29,4.77,5.5,5.17,722859781,25.2,MOD-00631,35.8,2026-07-05T19:04:04,2026-07-05T12:04:04,https://api.quant-aq.com/v1/devices/MOD-00631/data/722859581
178.07,425.93,"{'lat': None, 'lon': None}","{'rh': 25.4, 'temp': 35.8, 'wd': 0.0, 'ws': 0.0, 'ws_scalar': 0.0}","{'gas': {'co': 18172, 'co2': 13279, 'no': 18173, 'no2': 18174, 'o3': 18175}, 'pm': {'pm1': 13254, 'pm10': 13256, 'pm25': 13255}}",2.43,6.34,33.28,4.23,13.95,4.8,722857594,25.4,MOD-00631,35.8,2026-07-05T19:03:04,2026-07-05T12:03:04,https://api.quant-aq.com/v1/devices/MOD-00631/data/722857394
165.84,425.93,"{'lat': None, 'lon': None}","{'rh': 25.3, 'temp': 35.8, 'wd': 0.0, 'ws': 0.0, 'ws_scalar': 0.0}","{'gas': {'co': 18172, 'co2': 13279, 'no': 18173, 'no2': 18174, 'o3': 18175}, 'pm': {'pm1': 13254, 'pm10': 13256, 'pm25': 13255}}",2.47,6.31,33.07,4.34,5.58,4.84,722857595,25.3,MOD-00631,35.8,2026-07-05T19:02:04,2026-07-05T12:02:04,https://api.quant-aq.com/v1/devices/MOD-00631/data/722857393
178.48,429.19,"{'lat': None, 'lon': None}","{'rh': 25.4, 'temp': 35.8, 'wd': 0.0, 'ws': 0.0, 'ws_scalar': 0.0}","{'gas': {'co': 18172, 'co2': 13279, 'no': 18173, 'no2': 18174, 'o3': 18175}, 'pm': {'pm1': 13254, 'pm10': 13256, 'pm25': 13255}}",2.45,6.39,32.99,4.49,10.23,4.96,722857592,25.4,MOD-00631,35.8,2026-07-05T19:01:04,2026-07-05T12:01:04,https://api.quant-aq.com/v1/devices/MOD-00631/data/722857391
168.87,426.17,"{'lat': None, 'lon': None}","{'rh': 25.5, 'temp': 35.7, 'wd': 0.0, 'ws': 0.0, 'ws_scalar': 0.0}","{'gas': {'co': 18172, 'co2': 13279, 'no': 18173, 'no2': 18174, 'o3': 18175}, 'pm': {'pm1': 13254, 'pm10': 13256, 'pm25': 13255}}",2.5,6.51,31.92,4.27,14.54,4.79,722857593,25.5,MOD-00631,35.7,2026-07-05T19:00:04,2026-07-05T12:00:04,https://api.quant-aq.com/v1/devices/MOD-00631/data/722857392
170.58,429.07,"{'lat': None, 'lon': None}","{'rh': 25.4, 'temp': 35.7, 'wd': 0.0, 'ws': 0.0, 'ws_scalar': 0.0}","{'gas': {'co': 18172, 'co2': 13279, 'no': 18173, 'no2': 18174, 'o3': 18175}, 'pm': {'pm1': 13254, 'pm10': 13256, 'pm25': 13255}}",2.49,6.38,33.53,4.33,8.09,4.78,722855391,25.4,MOD-00631,35.7,2026-07-05T18:59:04,2026-07-05T11:59:04,https://api.quant-aq.com/v1/devices/MOD-00631/data/722855190
173.75,429.07,"{'lat': None, 'lon': None}","{'rh': 25.4, 'temp': 35.6, 'wd': 0.0, 'ws': 0.0, 'ws_scalar': 0.0}","{'gas': {'co': 18172, 'co2': 13279, 'no': 18173, 'no2': 18174, 'o3': 18175}, 'pm': {'pm1': 13254, 'pm10': 13256, 'pm25': 13255}}",2.53,6.46,32.5,4.09,8.72,4.65,722855389,25.4,MOD-00631,35.6,2026-07-05T18:58:04,2026-07-05T11:58:04,https://api.quant-aq.com/v1/devices/MOD-00631/data/722855186
166.19,430.51,"{'lat': None, 'lon': None}","{'rh': 25.5, 'temp': 35.5, 'wd': 0.0, 'ws': 0.0, 'ws_scalar': 0.0}","{'gas': {'co': 18172, 'co2': 13279, 'no': 18173, 'no2': 18174, 'o3': 18175}, 'pm': {'pm1': 13254, 'pm10': 13256, 'pm25': 13255}}",2.51,6.44,32.3,4.71,6.29,5.25,722855390,25.5,MOD-00631,35.5,2026-07-05T18:57:04,2026-07-05T11:57:04,https://api.quant-aq.com/v1/devices/MOD-00631/data/722855189
165.67,433.04,"{'lat': None, 'lon': None}","{'rh': 25.5, 'temp': 35.4, 'wd': 0.0, 'ws': 0.0, 'ws_scalar': 0.0}","{'gas': {'co': 18172, 'co2': 13279, 'no': 18173, 'no2': 18174, 'o3': 18175}, 'pm': {'pm1': 13254, 'pm10': 13256, 'pm25': 13255}}",2.48,6.38,32.64,4.97,8.4,5.39,722855388,25.5,MOD-00631,35.4,2026-07-05T18:56:04,2026-07-05T11:56:04,https://api.quant-aq.com/v1/devices/MOD-00631/data/722855185
165.33,430.87,"{'lat': None, 'lon': None}","{'rh': 25.4, 'temp': 35.4, 'wd': 0.0, 'ws': 0.0, 'ws_scalar': 0.0}","{'gas': {'co': 18172, 'co2': 13279, 'no': 18173, 'no2': 18174, 'o3': 18175}, 'pm': {'pm1': 13254, 'pm10': 13256, 'pm25': 13255}}",2.54,6.43,32.34,5.79,8.78,6.31,722853262,25.4,MOD-00631,35.4,2026-07-05T18:55:04,2026-07-05T11:55:04,https://api.quant-aq.com/v1/devices/MOD-00631/data/722853061
167.41,431.35,"{'lat': None, 'lon': None}","{'rh': 25.2, 'temp': 35.3, 'wd': 0.0, 'ws': 0.0, 'ws_scalar': 0.0}","{'gas': {'co': 18172, 'co2': 13279, 'no': 18173, 'no2': 18174, 'o3': 18175}, 'pm': {'pm1': 13254, 'pm10': 13256, 'pm25': 13255}}",2.47,6.54,32.52,6.07,8.06,6.31,722853261,25.2,MOD-00631,35.3,2026-07-05T18:54:04,2026-07-05T11:54:04,https://api.quant-aq.com/v1/devices/MOD-00631/data/722853060
158.89,431.23,"{'lat': None, 'lon': None}","{'rh': 25.5, 'temp': 35.2, 'wd': 0.0, 'ws': 0.0, 'ws_scalar': 0.0}","{'gas': {'co': 18172, 'co2': 13279, 'no': 18173, 'no2': 18174, 'o3': 18175}, 'pm': {'pm1': 13254, 'pm10': 13256, 'pm25': 13255}}",2.45,6.17,32.95,4.87,6.41,5.22,722853260,25.5,MOD-00631,35.2,2026-07-05T18:53:04,2026-07-05T11:53:04,https://api.quant-aq.com/v1/devices/MOD-00631/data/722853059
163.19,432.92,"{'lat': None, 'lon': None}","{'rh': 25.8, 'temp': 35.2, 'wd': 0.0, 'ws': 0.0, 'ws_scalar': 0.0}","{'gas': {'co': 18172, 'co2': 13279, 'no': 18173, 'no2': 18174, 'o3': 18175}, 'pm': {'pm1': 13254, 'pm10': 13256, 'pm25': 13255}}",2.51,6.47,32.11,4.71,17.57,5.22,722853259,25.8,MOD-00631,35.2,2026-07-05T18:52:04,2026-07-05T11:52:04,https://api.quant-aq.com/v1/devices/MOD-00631/data/722853058
173.6,434.97,"{'lat': None, 'lon': None}","{'rh': 26.0, 'temp': 35.1, 'wd': 0.0, 'ws': 0.0, 'ws_scalar': 0.0}","{'gas': {'co': 18172, 'co2': 13279, 'no': 18173, 'no2': 18174, 'o3': 18175}, 'pm': {'pm1': 13254, 'pm10': 13256, 'pm25': 13255}}",2.47,6.6,31.7,4.39,5.99,4.89,722850988,26.0,MOD-00631,35.1,2026-07-05T18:51:04,2026-07-05T11:51:04,https://api.quant-aq.com/v1/devices/MOD-00631/data/722850787
161.86,436.41,"{'lat': None, 'lon': None}","{'rh': 26.2, 'temp': 35.0, 'wd': 0.0, 'ws': 0.0, 'ws_scalar': 0.0}","{'gas': {'co': 18172, 'co2': 13279, 'no': 18173, 'no2': 18174, 'o3': 18175}, 'pm': {'pm1': 13254, 'pm10': 13256, 'pm25': 13255}}",2.52,6.44,32.18,4.45,6.31,4.83,722850989,26.2,MOD-00631,35.0,2026-07-05T18:50:04,2026-07-05T11:50:04,https://api.quant-aq.com/v1/devices/MOD-00631/data/722850788
163.09,433.64,"{'lat': None, 'lon': None}","{'rh': 26.2, 'temp': 35.0, 'wd': 0.0, 'ws': 0.0, 'ws_scalar': 0.0}","{'gas': {'co': 18172, 'co2': 13279, 'no': 18173, 'no2': 18174, 'o3': 18175}, 'pm': {'pm1': 13254, 'pm10': 13256, 'pm25': 13255}}",2.5,6.56,31.24,4.7,6.31,5.14,722850984,26.2,MOD-00631,35.0,2026-07-05T18:49:04,2026-07-05T11:49:04,https://api.quant-aq.com/v1/devices/MOD-00631/data/722850783
172.94,435.93,"{'lat': None, 'lon': None}","{'rh': 26.2, 'temp': 35.0, 'wd': 0.0, 'ws': 0.0, 'ws_scalar': 0.0}","{'gas': {'co': 18172, 'co2': 13279, 'no': 18173, 'no2': 18174, 'o3': 18175}, 'pm': {'pm1': 13254, 'pm10': 13256, 'pm25': 13255}}",2.48,6.69,31.45,4.92,8.06,5.36,722850987,26.2,MOD-00631,35.0,2026-07-05T18:48:04,2026-07-05T11:48:04,https://api.quant-aq.com/v1/devices/MOD-00631/data/722850786
167.08,436.29,"{'lat': None, 'lon': None}","{'rh': 26.2, 'temp': 34.9, 'wd': 0.0, 'ws': 0.0, 'ws_scalar': 0.0}","{'gas': {'co': 18172, 'co2': 13279, 'no': 18173, 'no2': 18174, 'o3': 18175}, 'pm': {'pm1': 13254, 'pm10': 13256, 'pm25': 13255}}",2.47,6.42,32.47,4.62,8.03,5.25,722848818,26.2,MOD-00631,34.9,2026-07-05T18:47:04,2026-07-05T11:47:04,https://api.quant-aq.com/v1/devices/MOD-00631/data/722848616
156.24,437.74,"{'lat': None, 'lon': None}","{'rh': 26.3, 'temp': 34.8, 'wd': 0.0, 'ws': 0.0, 'ws_scalar': 0.0}","{'gas': {'co': 18172, 'co2': 13279, 'no': 18173, 'no2': 18174, 'o3': 18175}, 'pm': {'pm1': 13254, 'pm10': 13256, 'pm25': 13255}}",2.47,6.44,31.38,5.51,8.22,6.18,722848819,26.3,MOD-00631,34.8,2026-07-05T18:46:04,2026-07-05T11:46:04,https://api.quant-aq.com/v1/devices/MOD-00631/data/722848618
177.09,439.91,"{'lat': None, 'lon': None}","{'rh': 26.4, 'temp': 34.8, 'wd': 0.0, 'ws': 0.0, 'ws_scalar': 0.0}","{'gas': {'co': 18172, 'co2': 13279, 'no': 18173, 'no2': 18174, 'o3': 18175}, 'pm': {'pm1': 13254, 'pm10': 13256, 'pm25': 13255}}",2.5,6.61,31.46,5.66,9.59,6.06,722848820,26.4,MOD-00631,34.8,2026-07-05T18:45:04,2026-07-05T11:45:04,https://api.quant-aq.com/v1/devices/MOD-00631/data/722848619
197.89,447.37,"{'lat': None, 'lon': None}","{'rh': 26.4, 'temp': 34.7, 'wd': 0.0, 'ws': 0.0, 'ws_scalar': 0.0}","{'gas': {'co': 18172, 'co2': 13279, 'no': 18173, 'no2': 18174, 'o3': 18175}, 'pm': {'pm1': 13254, 'pm10': 13256, 'pm25': 13255}}",2.46,6.46,30.35,6.08,8.0,6.56,722848817,26.4,MOD-00631,34.7,2026-07-05T18:44:04,2026-07-05T11:44:04,https://api.quant-aq.com/v1/devices/MOD-00631/data/722848617
223.25,444.96,"{'lat': None, 'lon': None}","{'rh': 26.5, 'temp': 34.7, 'wd': 0.0, 'ws': 0.0, 'ws_scalar': 0.0}","{'gas': {'co': 18172, 'co2': 13279, 'no': 18173, 'no2': 18174, 'o3': 18175}, 'pm': {'pm1': 13254, 'pm10': 13256, 'pm25': 13255}}",2.45,6.88,30.06,7.92,11.83,8.36,722846629,26.5,MOD-00631,34.7,2026-07-05T18:43:04,2026-07-05T11:43:04,https://api.quant-aq.com/v1/devices/MOD-00631/data/722846428
169.0,440.15,"{'lat': None, 'lon': None}","{'rh': 26.5, 'temp': 34.6, 'wd': 0.0, 'ws': 0.0, 'ws_scalar': 0.0}","{'gas': {'co': 18172, 'co2': 13279, 'no': 18173, 'no2': 18174, 'o3': 18175}, 'pm': {'pm1': 13254, 'pm10': 13256, 'pm25': 13255}}",2.44,6.48,30.69,5.14,9.19,5.56,722846628,26.5,MOD-00631,34.6,2026-07-05T18:42:04,2026-07-05T11:42:04,https://api.quant-aq.com/v1/devices/MOD-00631/data/722846425
164.49,439.91,"{'lat': None, 'lon': None}","{'rh': 26.5, 'temp': 34.6, 'wd': 0.0, 'ws': 0.0, 'ws_scalar': 0.0}","{'gas': {'co': 18172, 'co2': 13279, 'no': 18173, 'no2': 18174, 'o3': 18175}, 'pm': {'pm1': 13254, 'pm10': 13256, 'pm25': 13255}}",2.49,6.77,29.28,5.76,7.1,6.37,722846627,26.5,MOD-00631,34.6,2026-07-05T18:41:04,2026-07-05T11:41:04,https://api.quant-aq.com/v1/devices/MOD-00631/data/722846427
160.55,440.63,"{'lat': None, 'lon': None}","{'rh': 26.7, 'temp': 34.5, 'wd': 0.0, 'ws': 0.0, 'ws_scalar': 0.0}","{'gas': {'co': 18172, 'co2': 13279, 'no': 18173, 'no2': 18174, 'o3': 18175}, 'pm': {'pm1': 13254, 'pm10': 13256, 'pm25': 13255}}",2.44,6.42,29.32,5.51,6.67,6.05,722846626,26.7,MOD-00631,34.5,2026-07-05T18:40:04,2026-07-05T11:40:04,https://api.quant-aq.com/v1/devices/MOD-00631/data/722846423
163.76,437.5,"{'lat': None, 'lon': None}","{'rh': 26.8, 'temp': 34.5, 'wd': 0.0, 'ws': 0.0, 'ws_scalar': 0.0}","{'gas': {'co': 18172, 'co2': 13279, 'no': 18173, 'no2': 18174, 'o3': 18175}, 'pm': {'pm1': 13254, 'pm10': 13256, 'pm25': 13255}}",2.46,6.35,30.8,5.2,8.27,5.65,722844417,26.8,MOD-00631,34.5,2026-07-05T18:39:04,2026-07-05T11:39:04,https://api.quant-aq.com/v1/devices/MOD-00631/data/722844216
139.63,443.04,"{'lat': None, 'lon': None}","{'rh': 26.7, 'temp': 34.5, 'wd': 0.0, 'ws': 0.0, 'ws_scalar': 0.0}","{'gas': {'co': 18172, 'co2': 13279, 'no': 18173, 'no2': 18174, 'o3': 18175}, 'pm': {'pm1': 13254, 'pm10': 13256, 'pm25': 13255}}",2.44,6.42,29.32,5.66,7.13,6.13,722844418,26.7,MOD-00631,34.5,2026-07-05T18:38:04,2026-07-05T11:38:04,https://api.quant-aq.com/v1/devices/MOD-00631/data/722844217
182.03,442.31,"{'lat': None, 'lon': None}","{'rh': 26.9, 'temp': 34.4, 'wd': 0.0, 'ws': 0.0, 'ws_scalar': 0.0}","{'gas': {'co': 18172, 'co2': 13279, 'no': 18173, 'no2': 18174, 'o3': 18175}, 'pm': {'pm1': 13254, 'pm10': 13256, 'pm25': 13255}}",2.42,6.5,29.98,4.76,6.6,5.36,722844419,26.9,MOD-00631,34.4,2026-07-05T18:37:04,2026-07-05T11:37:04,https://api.quant-aq.com/v1/devices/MOD-00631/data/722844218
183.41,441.71,"{'lat': None, 'lon': None}","{'rh': 26.7, 'temp': 34.4, 'wd': 0.0, 'ws': 0.0, 'ws_scalar': 0.0}","{'gas': {'co': 18172, 'co2': 13279, 'no': 18173, 'no2': 18174, 'o3': 18175}, 'pm': {'pm1': 13254, 'pm10': 13256, 'pm25': 13255}}",2.39,6.28,30.03,5.72,10.16,6.2,722844420,26.7,MOD-00631,34.4,2026-07-05T18:36:04,2026-07-05T11:36:04,https://api.quant-aq.com/v1/devices/MOD-00631/data/722844219
202.61,448.34,"{'lat': None, 'lon': None}","{'rh': 26.8, 'temp': 34.4, 'wd': 0.0, 'ws': 0.0, 'ws_scalar': 0.0}","{'gas': {'co': 18172, 'co2': 13279, 'no': 18173, 'no2': 18174, 'o3': 18175}, 'pm': {'pm1': 13254, 'pm10': 13256, 'pm25': 13255}}",2.37,6.51,28.16,5.5,9.36,6.09,722842220,26.8,MOD-00631,34.4,2026-07-05T18:35:04,2026-07-05T11:35:04,https://api.quant-aq.com/v1/devices/MOD-00631/data/722842020
316.82,444.48,"{'lat': None, 'lon': None}","{'rh': 27.1, 'temp': 34.4, 'wd': 0.0, 'ws': 0.0, 'ws_scalar': 0.0}","{'gas': {'co': 18172, 'co2': 13279, 'no': 18173, 'no2': 18174, 'o3': 18175}, 'pm': {'pm1': 13254, 'pm10': 13256, 'pm25': 13255}}",2.36,6.68,27.31,5.25,6.76,5.72,722842221,27.1,MOD-00631,34.4,2026-07-05T18:34:04,2026-07-05T11:34:04,https://api.quant-aq.com/v1/devices/MOD-00631/data/722842019
196.21,443.88,"{'lat': None, 'lon': None}","{'rh': 27.0, 'temp': 34.3, 'wd': 0.0, 'ws': 0.0, 'ws_scalar': 0.0}","{'gas': {'co': 18172, 'co2': 13279, 'no': 18173, 'no2': 18174, 'o3': 18175}, 'pm': {'pm1': 13254, 'pm10': 13256, 'pm25': 13255}}",2.38,6.59,27.91,5.41,9.28,5.97,722842211,27.0,MOD-00631,34.3,2026-07-05T18:33:04,2026-07-05T11:33:04,https://api.quant-aq.com/v1/devices/MOD-00631/data/722842010
157.25,438.34,"{'lat': None, 'lon': None}","{'rh': 27.0, 'temp': 34.3, 'wd': 0.0, 'ws': 0.0, 'ws_scalar': 0.0}","{'gas': {'co': 18172, 'co2': 13279, 'no': 18173, 'no2': 18174, 'o3': 18175}, 'pm': {'pm1': 13254, 'pm10': 13256, 'pm25': 13255}}",2.35,6.45,27.7,5.45,8.35,6.0,722842214,27.0,MOD-00631,34.3,2026-07-05T18:32:04,2026-07-05T11:32:04,https://api.quant-aq.com/v1/devices/MOD-00631/data/722842017
147.88,438.7,"{'lat': None, 'lon': None}","{'rh': 26.9, 'temp': 34.3, 'wd': 0.0, 'ws': 0.0, 'ws_scalar': 0.0}","{'gas': {'co': 18172, 'co2': 13279, 'no': 18173, 'no2': 18174, 'o3': 18175}, 'pm': {'pm1': 13254, 'pm10': 13256, 'pm25': 13255}}",2.37,6.47,27.71,5.28,8.26,5.78,722840022,26.9,MOD-00631,34.3,2026-07-05T18:31:04,2026-07-05T11:31:04,https://api.quant-aq.com/v1/devices/MOD-00631/data/722839821
149.52,444.12,"{'lat': None, 'lon': None}","{'rh': 26.9, 'temp': 34.3, 'wd': 0.0, 'ws': 0.0, 'ws_scalar': 0.0}","{'gas': {'co': 18172, 'co2': 13279, 'no': 18173, 'no2': 18174, 'o3': 18175}, 'pm': {'pm1': 13254, 'pm10': 13256, 'pm25': 13255}}",2.31,6.34,27.04,5.37,6.43,5.87,722840020,26.9,MOD-00631,34.3,2026-07-05T18:30:04,2026-07-05T11:30:04,https://api.quant-aq.com/v1/devices/MOD-00631/data/722839820
158.48,443.76,"{'lat': None, 'lon': None}","{'rh': 27.0, 'temp': 34.3, 'wd': 0.0, 'ws': 0.0, 'ws_scalar': 0.0}","{'gas': {'co': 18172, 'co2': 13279, 'no': 18173, 'no2': 18174, 'o3': 18175}, 'pm': {'pm1': 13254, 'pm10': 13256, 'pm25': 13255}}",2.24,6.39,27.37,5.69,8.96,6.24,722840019,27.0,MOD-00631,34.3,2026-07-05T18:29:04,2026-07-05T11:29:04,https://api.quant-aq.com/v1/devices/MOD-00631/data/722839819
159.98,442.8,"{'lat': None, 'lon': None}","{'rh': 27.2, 'temp': 34.3, 'wd': 0.0, 'ws': 0.0, 'ws_scalar': 0.0}","{'gas': {'co': 18172, 'co2': 13279, 'no': 18173, 'no2': 18174, 'o3': 18175}, 'pm': {'pm1': 13254, 'pm10': 13256, 'pm25': 13255}}",2.29,6.3,27.02,5.41,7.13,5.96,722840021,27.2,MOD-00631,34.3,2026-07-05T18:28:04,2026-07-05T11:28:04,https://api.quant-aq.com/v1/devices/MOD-00631/data/722839818
150.33,444.6,"{'lat': None, 'lon': None}","{'rh': 27.5, 'temp': 34.3, 'wd': 0.0, 'ws': 0.0, 'ws_scalar': 0.0}","{'gas': {'co': 18172, 'co2': 13279, 'no': 18173, 'no2': 18174, 'o3': 18175}, 'pm': {'pm1': 13254, 'pm10': 13256, 'pm25': 13255}}",2.24,6.73,25.68,4.36,8.53,4.93,722837832,27.5,MOD-00631,34.3,2026-07-05T18:27:04,2026-07-05T11:27:04,https://api.quant-aq.com/v1/devices/MOD-00631/data/722837630
146.71,442.8,"{'lat': None, 'lon': None}","{'rh': 27.4, 'temp': 34.3, 'wd': 0.0, 'ws': 0.0, 'ws_scalar': 0.0}","{'gas': {'co': 18172, 'co2': 13279, 'no': 18173, 'no2': 18174, 'o3': 18175}, 'pm': {'pm1': 13254, 'pm10': 13256, 'pm25': 13255}}",2.28,6.45,26.64,4.79,7.6,5.45,722837831,27.4,MOD-00631,34.3,2026-07-05T18:26:04,2026-07-05T11:26:04,https://api.quant-aq.com/v1/devices/MOD-00631/data/722837631
145.96,441.95,"{'lat': None, 'lon': None}","{'rh': 27.3, 'temp': 34.3, 'wd': 0.0, 'ws': 0.0, 'ws_scalar': 0.0}","{'gas': {'co': 18172, 'co2': 13279, 'no': 18173, 'no2': 18174, 'o3': 18175}, 'pm': {'pm1': 13254, 'pm10': 13256, 'pm25': 13255}}",2.27,6.13,26.93,4.55,12.22,5.2,722837830,27.3,MOD-00631,34.3,2026-07-05T18:25:04,2026-07-05T11:25:04,https://api.quant-aq.com/v1/devices/MOD-00631/data/722837629
152.78,442.43,"{'lat': None, 'lon': None}","{'rh': 27.1, 'temp': 34.4, 'wd': 0.0, 'ws': 0.0, 'ws_scalar': 0.0}","{'gas': {'co': 18172, 'co2': 13279, 'no': 18173, 'no2': 18174, 'o3': 18175}, 'pm': {'pm1': 13254, 'pm10': 13256, 'pm25': 13255}}",2.28,6.17,28.75,5.29,6.23,5.8,722837833,27.1,MOD-00631,34.4,2026-07-05T18:24:04,2026-07-05T11:24:04,https://api.quant-aq.com/v1/devices/MOD-00631/data/722837632
148.67,445.2,"{'lat': None, 'lon': None}","{'rh': 27.1, 'temp': 34.4, 'wd': 0.0, 'ws': 0.0, 'ws_scalar': 0.0}","{'gas': {'co': 18172, 'co2': 13279, 'no': 18173, 'no2': 18174, 'o3': 18175}, 'pm': {'pm1': 13254, 'pm10': 13256, 'pm25': 13255}}",2.15,6.17,27.39,5.12,6.65,5.73,722835626,27.1,MOD-00631,34.4,2026-07-05T18:23:04,2026-07-05T11:23:04,https://api.quant-aq.com/v1/devices/MOD-00631/data/722835425
140.74,445.08,"{'lat': None, 'lon': None}","{'rh': 27.3, 'temp': 34.4, 'wd': 0.0, 'ws': 0.0, 'ws_scalar': 0.0}","{'gas': {'co': 18172, 'co2': 13279, 'no': 18173, 'no2': 18174, 'o3': 18175}, 'pm': {'pm1': 13254, 'pm10': 13256, 'pm25': 13255}}",2.26,6.25,27.12,4.95,5.96,5.4,722835629,27.3,MOD-00631,34.4,2026-07-05T18:22:04,2026-07-05T11:22:04,https://api.quant-aq.com/v1/devices/MOD-00631/data/722835428
140.92,442.07,"{'lat': None, 'lon': None}","{'rh': 27.2, 'temp': 34.5, 'wd': 0.0, 'ws': 0.0, 'ws_scalar': 0.0}","{'gas': {'co': 18172, 'co2': 13279, 'no': 18173, 'no2': 18174, 'o3': 18175}, 'pm': {'pm1': 13254, 'pm10': 13256, 'pm25': 13255}}",2.25,6.08,28.53,4.83,7.07,5.42,722835628,27.2,MOD-00631,34.5,2026-07-05T18:21:04,2026-07-05T11:21:04,https://api.quant-aq.com/v1/devices/MOD-00631/data/722835427
142.15,442.43,"{'lat': None, 'lon': None}","{'rh': 27.2, 'temp': 34.5, 'wd': 0.0, 'ws': 0.0, 'ws_scalar': 0.0}","{'gas': {'co': 18172, 'co2': 13279, 'no': 18173, 'no2': 18174, 'o3': 18175}, 'pm': {'pm1': 13254, 'pm10': 13256, 'pm25': 13255}}",2.25,5.97,27.53,4.5,8.33,5.01,722835625,27.2,MOD-00631,34.5,2026-07-05T18:20:04,2026-07-05T11:20:04,https://api.quant-aq.com/v1/devices/MOD-00631/data/722835424
140.1,441.95,"{'lat': None, 'lon': None}","{'rh': 27.2, 'temp': 34.5, 'wd': 0.0, 'ws': 0.0, 'ws_scalar': 0.0}","{'gas': {'co': 18172, 'co2': 13279, 'no': 18173, 'no2': 18174, 'o3': 18175}, 'pm': {'pm1': 13254, 'pm10': 13256, 'pm25': 13255}}",2.22,6.13,27.49,4.67,6.53,5.25,722833432,27.2,MOD-00631,34.5,2026-07-05T18:19:04,2026-07-05T11:19:04,https://api.quant-aq.com/v1/devices/MOD-00631/data/722833231
144.75,441.47,"{'lat': None, 'lon': None}","{'rh': 27.0, 'temp': 34.5, 'wd': 0.0, 'ws': 0.0, 'ws_scalar': 0.0}","{'gas': {'co': 18172, 'co2': 13279, 'no': 18173, 'no2': 18174, 'o3': 18175}, 'pm': {'pm1': 13254, 'pm10': 13256, 'pm25': 13255}}",2.16,5.99,28.91,4.67,18.24,5.32,722833431,27.0,MOD-00631,34.5,2026-07-05T18:18:04,2026-07-05T11:18:04,https://api.quant-aq.com/v1/devices/MOD-00631/data/722833230
142.47,441.83,"{'lat': None, 'lon': None}","{'rh': 26.9, 'temp': 34.6, 'wd': 0.0, 'ws': 0.0, 'ws_scalar': 0.0}","{'gas': {'co': 18172, 'co2': 13279, 'no': 18173, 'no2': 18174, 'o3': 18175}, 'pm': {'pm1': 13254, 'pm10': 13256, 'pm25': 13255}}",2.13,5.99,29.03,4.94,7.2,5.47,722833433,26.9,MOD-00631,34.6,2026-07-05T18:17:04,2026-07-05T11:17:04,https://api.quant-aq.com/v1/devices/MOD-00631/data/722833232
147.58,440.75,"{'lat': None, 'lon': None}","{'rh': 26.8, 'temp': 34.7, 'wd': 0.0, 'ws': 0.0, 'ws_scalar': 0.0}","{'gas': {'co': 18172, 'co2': 13279, 'no': 18173, 'no2': 18174, 'o3': 18175}, 'pm': {'pm1': 13254, 'pm10': 13256, 'pm25': 13255}}",2.13,5.95,29.27,4.94,7.98,5.41,722833430,26.8,MOD-00631,34.7,2026-07-05T18:16:04,2026-07-05T11:16:04,https://api.quant-aq.com/v1/devices/MOD-00631/data/722833229
153.39,442.92,"{'lat': None, 'lon': None}","{'rh': 26.7, 'temp': 34.7, 'wd': 0.0, 'ws': 0.0, 'ws_scalar': 0.0}","{'gas': {'co': 18172, 'co2': 13279, 'no': 18173, 'no2': 18174, 'o3': 18175}, 'pm': {'pm1': 13254, 'pm10': 13256, 'pm25': 13255}}",2.1,5.92,28.61,5.21,6.96,5.76,722831233,26.7,MOD-00631,34.7,2026-07-05T18:15:04,2026-07-05T11:15:04,https://api.quant-aq.com/v1/devices/MOD-00631/data/722831032
133.06,440.51,"{'lat': None, 'lon': None}","{'rh': 26.6, 'temp': 34.8, 'wd': 0.0, 'ws': 0.0, 'ws_scalar': 0.0}","{'gas': {'co': 18172, 'co2': 13279, 'no': 18173, 'no2': 18174, 'o3': 18175}, 'pm': {'pm1': 13254, 'pm10': 13256, 'pm25': 13255}}",2.1,5.97,29.4,5.58,7.56,6.17,722831232,26.6,MOD-00631,34.8,2026-07-05T18:14:04,2026-07-05T11:14:04,https://api.quant-aq.com/v1/devices/MOD-00631/data/722831031
129.58,443.64,"{'lat': None, 'lon': None}","{'rh': 26.3, 'temp': 34.8, 'wd': 0.0, 'ws': 0.0, 'ws_scalar': 0.0}","{'gas': {'co': 18172, 'co2': 13279, 'no': 18173, 'no2': 18174, 'o3': 18175}, 'pm': {'pm1': 13254, 'pm10': 13256, 'pm25': 13255}}",2.1,5.95,30.24,5.75,9.17,6.18,722831235,26.3,MOD-00631,34.8,2026-07-05T18:13:04,2026-07-05T11:13:04,https://api.quant-aq.com/v1/devices/MOD-00631/data/722831033
150.3,443.52,"{'lat': None, 'lon': None}","{'rh': 26.0, 'temp': 34.8, 'wd': 0.0, 'ws': 0.0, 'ws_scalar': 0.0}","{'gas': {'co': 18172, 'co2': 13279, 'no': 18173, 'no2': 18174, 'o3': 18175}, 'pm': {'pm1': 13254, 'pm10': 13256, 'pm25': 13255}}",2.01,5.98,30.39,7.11,12.69,7.61,722831234,26.0,MOD-00631,34.8,2026-07-05T18:12:04,2026-07-05T11:12:04,https://api.quant-aq.com/v1/devices/MOD-00631/data/722831034
140.51,444.84,"{'lat': None, 'lon': None}","{'rh': 25.5, 'temp': 34.9, 'wd': 0.0, 'ws': 0.0, 'ws_scalar': 0.0}","{'gas': {'co': 18172, 'co2': 13279, 'no': 18173, 'no2': 18174, 'o3': 18175}, 'pm': {'pm1': 13254, 'pm10': 13256, 'pm25': 13255}}",2.24,6.06,29.08,8.38,12.72,8.74,722829022,25.5,MOD-00631,34.9,2026-07-05T18:11:04,2026-07-05T11:11:04,https://api.quant-aq.com/v1/devices/MOD-00631/data/722828820
138.73,445.69,"{'lat': None, 'lon': None}","{'rh': 25.7, 'temp': 34.9, 'wd': 0.0, 'ws': 0.0, 'ws_scalar': 0.0}","{'gas': {'co': 18172, 'co2': 13279, 'no': 18173, 'no2': 18174, 'o3': 18175}, 'pm': {'pm1': 13254, 'pm10': 13256, 'pm25': 13255}}",1.89,6.06,29.9,7.52,12.11,7.98,722829020,25.7,MOD-00631,34.9,2026-07-05T18:10:04,2026-07-05T11:10:04,https://api.quant-aq.com/v1/devices/MOD-00631/data/722828819
132.28,439.42,"{'lat': None, 'lon': None}","{'rh': 25.7, 'temp': 35.0, 'wd': 0.0, 'ws': 0.0, 'ws_scalar': 0.0}","{'gas': {'co': 18172, 'co2': 13279, 'no': 18173, 'no2': 18174, 'o3': 18175}, 'pm': {'pm1': 13254, 'pm10': 13256, 'pm25': 13255}}",1.85,6.12,30.59,7.53,14.2,8.05,722829024,25.7,MOD-00631,35.0,2026-07-05T18:09:04,2026-07-05T11:09:04,https://api.quant-aq.com/v1/devices/MOD-00631/data/722828822
151.0,439.06,"{'lat': None, 'lon': None}","{'rh': 25.9, 'temp': 35.0, 'wd': 0.0, 'ws': 0.0, 'ws_scalar': 0.0}","{'gas': {'co': 18172, 'co2': 13279, 'no': 18173, 'no2': 18174, 'o3': 18175}, 'pm': {'pm1': 13254, 'pm10': 13256, 'pm25': 13255}}",1.94,6.06,31.13,6.05,11.76,6.41,722829018,25.9,MOD-00631,35.0,2026-07-05T18:08:04,2026-07-05T11:08:04,https://api.quant-aq.com/v1/devices/MOD-00631/data/722828821
150.22,440.75,"{'lat': None, 'lon': None}","{'rh': 26.0, 'temp': 35.1, 'wd': 0.0, 'ws': 0.0, 'ws_scalar': 0.0}","{'gas': {'co': 18172, 'co2': 13279, 'no': 18173, 'no2': 18174, 'o3': 18175}, 'pm': {'pm1': 13254, 'pm10': 13256, 'pm25': 13255}}",1.85,6.04,31.09,5.57,8.1,6.2,722826842,26.0,MOD-00631,35.1,2026-07-05T18:07:04,2026-07-05T11:07:04,https://api.quant-aq.com/v1/devices/MOD-00631/data/722826642
142.09,436.29,"{'lat': None, 'lon': None}","{'rh': 25.9, 'temp': 35.1, 'wd': 0.0, 'ws': 0.0, 'ws_scalar': 0.0}","{'gas': {'co': 18172, 'co2': 13279, 'no': 18173, 'no2': 18174, 'o3': 18175}, 'pm': {'pm1': 13254, 'pm10': 13256, 'pm25': 13255}}",1.81,6.08,30.88,5.23,6.9,5.72,722826840,25.9,MOD-00631,35.1,2026-07-05T18:06:04,2026-07-05T11:06:04,https://api.quant-aq.com/v1/devices/MOD-00631/data/722826640
144.96,437.86,"{'lat': None, 'lon': None}","{'rh': 25.9, 'temp': 35.1, 'wd': 0.0, 'ws': 0.0, 'ws_scalar': 0.0}","{'gas': {'co': 18172, 'co2': 13279, 'no': 18173, 'no2': 18174, 'o3': 18175}, 'pm': {'pm1': 13254, 'pm10': 13256, 'pm25': 13255}}",1.76,6.15,31.47,5.9,6.75,6.2,722826844,25.9,MOD-00631,35.1,2026-07-05T18:05:04,2026-07-05T11:05:04,https://api.quant-aq.com/v1/devices/MOD-00631/data/722826643
138.37,441.71,"{'lat': None, 'lon': None}","{'rh': 26.1, 'temp': 35.2, 'wd': 0.0, 'ws': 0.0, 'ws_scalar': 0.0}","{'gas': {'co': 18172, 'co2': 13279, 'no': 18173, 'no2': 18174, 'o3': 18175}, 'pm': {'pm1': 13254, 'pm10': 13256, 'pm25': 13255}}",1.91,6.03,31.3,5.35,14.34,5.83,722826841,26.1,MOD-00631,35.2,2026-07-05T18:04:04,2026-07-05T11:04:04,https://api.quant-aq.com/v1/devices/MOD-00631/data/722826641
133.45,439.54,"{'lat': None, 'lon': None}","{'rh': 26.1, 'temp': 35.2, 'wd': 0.0, 'ws': 0.0, 'ws_scalar': 0.0}","{'gas': {'co': 18172, 'co2': 13279, 'no': 18173, 'no2': 18174, 'o3': 18175}, 'pm': {'pm1': 13254, 'pm10': 13256, 'pm25': 13255}}",2.02,6.01,31.5,5.34,9.31,5.92,722824644,26.1,MOD-00631,35.2,2026-07-05T18:03:04,2026-07-05T11:03:04,https://api.quant-aq.com/v1/devices/MOD-00631/data/722824443
132.7,437.26,"{'lat': None, 'lon': None}","{'rh': 26.0, 'temp': 35.2, 'wd': 0.0, 'ws': 0.0, 'ws_scalar': 0.0}","{'gas': {'co': 18172, 'co2': 13279, 'no': 18173, 'no2': 18174, 'o3': 18175}, 'pm': {'pm1': 13254, 'pm10': 13256, 'pm25': 13255}}",1.7,6.0,29.68,6.22,7.23,6.79,722824645,26.0,MOD-00631,35.2,2026-07-05T18:02:04,2026-07-05T11:02:04,https://api.quant-aq.com/v1/devices/MOD-00631/data/722824444
129.15,438.34,"{'lat': None, 'lon': None}","{'rh': 25.8, 'temp': 35.2, 'wd': 0.0, 'ws': 0.0, 'ws_scalar': 0.0}","{'gas': {'co': 18172, 'co2': 13279, 'no': 18173, 'no2': 18174, 'o3': 18175}, 'pm': {'pm1': 13254, 'pm10': 13256, 'pm25': 13255}}",1.72,6.08,30.79,6.34,7.84,6.74,722824643,25.8,MOD-00631,35.2,2026-07-05T18:01:04,2026-07-05T11:01:04,https://api.quant-aq.com/v1/devices/MOD-00631/data/722824442
133.21,435.69,"{'lat': None, 'lon': None}","{'rh': 25.7, 'temp': 35.1, 'wd': 0.0, 'ws': 0.0, 'ws_scalar': 0.0}","{'gas': {'co': 18172, 'co2': 13279, 'no': 18173, 'no2': 18174, 'o3': 18175}, 'pm': {'pm1': 13254, 'pm10': 13256, 'pm25': 13255}}",1.86,6.15,30.24,6.61,9.23,7.2,722824642,25.7,MOD-00631,35.1,2026-07-05T18:00:04,2026-07-05T11:00:04,https://api.quant-aq.com/v1/devices/MOD-00631/data/722824441
133.28,438.94,"{'lat': None, 'lon': None}","{'rh': 25.6, 'temp': 35.1, 'wd': 0.0, 'ws': 0.0, 'ws_scalar': 0.0}","{'gas': {'co': 18172, 'co2': 13279, 'no': 18173, 'no2': 18174, 'o3': 18175}, 'pm': {'pm1': 13254, 'pm10': 13256, 'pm25': 13255}}",1.87,6.31,31.05,6.58,8.95,7.2,722822509,25.6,MOD-00631,35.1,2026-07-05T17:59:04,2026-07-05T10:59:04,https://api.quant-aq.com/v1/devices/MOD-00631/data/722822308
129.93,439.42,"{'lat': None, 'lon': None}","{'rh': 25.7, 'temp': 35.1, 'wd': 0.0, 'ws': 0.0, 'ws_scalar': 0.0}","{'gas': {'co': 18172, 'co2': 13279, 'no': 18173, 'no2': 18174, 'o3': 18175}, 'pm': {'pm1': 13254, 'pm10': 13256, 'pm25': 13255}}",1.95,6.15,30.24,7.19,9.06,7.73,722822511,25.7,MOD-00631,35.1,2026-07-05T17:58:04,2026-07-05T10:58:04,https://api.quant-aq.com/v1/devices/MOD-00631/data/722822310
135.47,441.95,"{'lat': None, 'lon': None}","{'rh': 25.4, 'temp': 35.1, 'wd': 0.0, 'ws': 0.0, 'ws_scalar': 0.0}","{'gas': {'co': 18172, 'co2': 13279, 'no': 18173, 'no2': 18174, 'o3': 18175}, 'pm': {'pm1': 13254, 'pm10': 13256, 'pm25': 13255}}",1.92,6.21,31.4,8.35,11.27,8.74,722822510,25.4,MOD-00631,35.1,2026-07-05T17:57:04,2026-07-05T10:57:04,https://api.quant-aq.com/v1/devices/MOD-00631/data/722822309
134.86,439.18,"{'lat': None, 'lon': None}","{'rh': 25.1, 'temp': 35.1, 'wd': 0.0, 'ws': 0.0, 'ws_scalar': 0.0}","{'gas': {'co': 18172, 'co2': 13279, 'no': 18173, 'no2': 18174, 'o3': 18175}, 'pm': {'pm1': 13254, 'pm10': 13256, 'pm25': 13255}}",2.24,6.56,30.63,7.33,10.21,7.99,722822512,25.1,MOD-00631,35.1,2026-07-05T17:56:04,2026-07-05T10:56:04,https://api.quant-aq.com/v1/devices/MOD-00631/data/722822311
140.53,444.36,"{'lat': None, 'lon': None}","{'rh': 25.2, 'temp': 35.1, 'wd': 0.0, 'ws': 0.0, 'ws_scalar': 0.0}","{'gas': {'co': 18172, 'co2': 13279, 'no': 18173, 'no2': 18174, 'o3': 18175}, 'pm': {'pm1': 13254, 'pm10': 13256, 'pm25': 13255}}",2.33,6.69,30.73,8.4,15.87,8.96,722820219,25.2,MOD-00631,35.1,2026-07-05T17:55:04,2026-07-05T10:55:04,https://api.quant-aq.com/v1/devices/MOD-00631/data/722820018
144.42,442.07,"{'lat': None, 'lon': None}","{'rh': 25.5, 'temp': 35.1, 'wd': 0.0, 'ws': 0.0, 'ws_scalar': 0.0}","{'gas': {'co': 18172, 'co2': 13279, 'no': 18173, 'no2': 18174, 'o3': 18175}, 'pm': {'pm1': 13254, 'pm10': 13256, 'pm25': 13255}}",2.05,6.28,30.5,7.17,19.52,7.63,722820221,25.5,MOD-00631,35.1,2026-07-05T17:54:04,2026-07-05T10:54:04,https://api.quant-aq.com/v1/devices/MOD-00631/data/722820021
153.78,437.74,"{'lat': None, 'lon': None}","{'rh': 25.6, 'temp': 35.1, 'wd': 0.0, 'ws': 0.0, 'ws_scalar': 0.0}","{'gas': {'co': 18172, 'co2': 13279, 'no': 18173, 'no2': 18174, 'o3': 18175}, 'pm': {'pm1': 13254, 'pm10': 13256, 'pm25': 13255}}",2.0,6.26,30.77,6.88,9.88,7.4,722820222,25.6,MOD-00631,35.1,2026-07-05T17:53:04,2026-07-05T10:53:04,https://api.quant-aq.com/v1/devices/MOD-00631/data/722820020
151.35,445.57,"{'lat': None, 'lon': None}","{'rh': 25.4, 'temp': 35.0, 'wd': 0.0, 'ws': 0.0, 'ws_scalar': 0.0}","{'gas': {'co': 18172, 'co2': 13279, 'no': 18173, 'no2': 18174, 'o3': 18175}, 'pm': {'pm1': 13254, 'pm10': 13256, 'pm25': 13255}}",2.19,6.31,30.52,7.27,9.38,7.62,722820220,25.4,MOD-00631,35.0,2026-07-05T17:52:04,2026-07-05T10:52:04,https://api.quant-aq.com/v1/devices/MOD-00631/data/722820019
140.55,444.0,"{'lat': None, 'lon': None}","{'rh': 25.6, 'temp': 35.0, 'wd': 0.0, 'ws': 0.0, 'ws_scalar': 0.0}","{'gas': {'co': 18172, 'co2': 13279, 'no': 18173, 'no2': 18174, 'o3': 18175}, 'pm': {'pm1': 13254, 'pm10': 13256, 'pm25': 13255}}",2.35,6.21,29.93,7.47,12.33,8.08,722817981,25.6,MOD-00631,35.0,2026-07-05T17:51:04,2026-07-05T10:51:04,https://api.quant-aq.com/v1/devices/MOD-00631/data/722817780
136.95,444.0,"{'lat': None, 'lon': None}","{'rh': 25.9, 'temp': 34.9, 'wd': 0.0, 'ws': 0.0, 'ws_scalar': 0.0}","{'gas': {'co': 18172, 'co2': 13279, 'no': 18173, 'no2': 18174, 'o3': 18175}, 'pm': {'pm1': 13254, 'pm10': 13256, 'pm25': 13255}}",2.26,6.05,29.55,7.58,9.31,8.0,722817982,25.9,MOD-00631,34.9,2026-07-05T17:50:04,2026-07-05T10:50:04,https://api.quant-aq.com/v1/devices/MOD-00631/data/722817781
138.48,446.05,"{'lat': None, 'lon': None}","{'rh': 25.9, 'temp': 34.8, 'wd': 0.0, 'ws': 0.0, 'ws_scalar': 0.0}","{'gas': {'co': 18172, 'co2': 13279, 'no': 18173, 'no2': 18174, 'o3': 18175}, 'pm': {'pm1': 13254, 'pm10': 13256, 'pm25': 13255}}",2.41,6.16,29.93,6.62,17.36,7.01,722817980,25.9,MOD-00631,34.8,2026-07-05T17:49:04,2026-07-05T10:49:04,https://api.quant-aq.com/v1/devices/MOD-00631/data/722817779
130.77,446.41,"{'lat': None, 'lon': None}","{'rh': 26.2, 'temp': 34.7, 'wd': 0.0, 'ws': 0.0, 'ws_scalar': 0.0}","{'gas': {'co': 18172, 'co2': 13279, 'no': 18173, 'no2': 18174, 'o3': 18175}, 'pm': {'pm1': 13254, 'pm10': 13256, 'pm25': 13255}}",2.31,6.16,29.59,6.18,7.02,6.52,722817978,26.2,MOD-00631,34.7,2026-07-05T17:48:04,2026-07-05T10:48:04,https://api.quant-aq.com/v1/devices/MOD-00631/data/722817777
135.03,446.53,"{'lat': None, 'lon': None}","{'rh': 26.4, 'temp': 34.6, 'wd': 0.0, 'ws': 0.0, 'ws_scalar': 0.0}","{'gas': {'co': 18172, 'co2': 13279, 'no': 18173, 'no2': 18174, 'o3': 18175}, 'pm': {'pm1': 13254, 'pm10': 13256, 'pm25': 13255}}",2.57,6.14,29.13,6.44,8.86,6.91,722815695,26.4,MOD-00631,34.6,2026-07-05T17:47:04,2026-07-05T10:47:04,https://api.quant-aq.com/v1/devices/MOD-00631/data/722815494
129.29,444.0,"{'lat': None, 'lon': None}","{'rh': 26.4, 'temp': 34.6, 'wd': 0.0, 'ws': 0.0, 'ws_scalar': 0.0}","{'gas': {'co': 18172, 'co2': 13279, 'no': 18173, 'no2': 18174, 'o3': 18175}, 'pm': {'pm1': 13254, 'pm10': 13256, 'pm25': 13255}}",2.66,5.97,28.63,6.57,14.17,7.1,722815697,26.4,MOD-00631,34.6,2026-07-05T17:46:04,2026-07-05T10:46:04,https://api.quant-aq.com/v1/devices/MOD-00631/data/722815497
134.55,447.98,"{'lat': None, 'lon': None}","{'rh': 26.5, 'temp': 34.6, 'wd': 0.0, 'ws': 0.0, 'ws_scalar': 0.0}","{'gas': {'co': 18172, 'co2': 13279, 'no': 18173, 'no2': 18174, 'o3': 18175}, 'pm': {'pm1': 13254, 'pm10': 13256, 'pm25': 13255}}",2.57,6.03,28.87,6.04,7.55,6.62,722815696,26.5,MOD-00631,34.6,2026-07-05T17:45:04,2026-07-05T10:45:04,https://api.quant-aq.com/v1/devices/MOD-00631/data/722815495
130.04,446.41,"{'lat': None, 'lon': None}","{'rh': 26.5, 'temp': 34.6, 'wd': 0.0, 'ws': 0.0, 'ws_scalar': 0.0}","{'gas': {'co': 18172, 'co2': 13279, 'no': 18173, 'no2': 18174, 'o3': 18175}, 'pm': {'pm1': 13254, 'pm10': 13256, 'pm25': 13255}}",2.44,5.93,28.96,6.66,8.66,7.31,722815698,26.5,MOD-00631,34.6,2026-07-05T17:44:04,2026-07-05T10:44:04,https://api.quant-aq.com/v1/devices/MOD-00631/data/722815496
140.36,448.22,"{'lat': None, 'lon': None}","{'rh': 26.4, 'temp': 34.6, 'wd': 0.0, 'ws': 0.0, 'ws_scalar': 0.0}","{'gas': {'co': 18172, 'co2': 13279, 'no': 18173, 'no2': 18174, 'o3': 18175}, 'pm': {'pm1': 13254, 'pm10': 13256, 'pm25': 13255}}",2.57,6.04,28.88,6.58,9.04,7.04,722813468,26.4,MOD-00631,34.6,2026-07-05T17:43:04,2026-07-05T10:43:04,https://api.quant-aq.com/v1/devices/MOD-00631/data/722813267
143.2,447.85,"{'lat': None, 'lon': None}","{'rh': 26.3, 'temp': 34.5, 'wd': 0.0, 'ws': 0.0, 'ws_scalar': 0.0}","{'gas': {'co': 18172, 'co2': 13279, 'no': 18173, 'no2': 18174, 'o3': 18175}, 'pm': {'pm1': 13254, 'pm10': 13256, 'pm25': 13255}}",2.46,6.02,28.78,6.6,10.02,7.17,722813466,26.3,MOD-00631,34.5,2026-07-05T17:42:04,2026-07-05T10:42:04,https://api.quant-aq.com/v1/devices/MOD-00631/data/722813265
135.84,449.42,"{'lat': None, 'lon': None}","{'rh': 26.1, 'temp': 34.4, 'wd': 0.0, 'ws': 0.0, 'ws_scalar': 0.0}","{'gas': {'co': 18172, 'co2': 13279, 'no': 18173, 'no2': 18174, 'o3': 18175}, 'pm': {'pm1': 13254, 'pm10': 13256, 'pm25': 13255}}",2.62,6.2,28.72,7.23,8.58,7.65,722813465,26.1,MOD-00631,34.4,2026-07-05T17:41:04,2026-07-05T10:41:04,https://api.quant-aq.com/v1/devices/MOD-00631/data/722813264
135.77,447.85,"{'lat': None, 'lon': None}","{'rh': 26.2, 'temp': 34.4, 'wd': 0.0, 'ws': 0.0, 'ws_scalar': 0.0}","{'gas': {'co': 18172, 'co2': 13279, 'no': 18173, 'no2': 18174, 'o3': 18175}, 'pm': {'pm1': 13254, 'pm10': 13256, 'pm25': 13255}}",2.77,6.24,29.75,6.81,11.39,7.19,722813467,26.2,MOD-00631,34.4,2026-07-05T17:40:04,2026-07-05T10:40:04,https://api.quant-aq.com/v1/devices/MOD-00631/data/722813266
138.64,448.7,"{'lat': None, 'lon': None}","{'rh': 26.2, 'temp': 34.4, 'wd': 0.0, 'ws': 0.0, 'ws_scalar': 0.0}","{'gas': {'co': 18172, 'co2': 13279, 'no': 18173, 'no2': 18174, 'o3': 18175}, 'pm': {'pm1': 13254, 'pm10': 13256, 'pm25': 13255}}",2.74,6.38,29.99,6.74,11.25,7.21,722811270,26.2,MOD-00631,34.4,2026-07-05T17:39:04,2026-07-05T10:39:04,https://api.quant-aq.com/v1/devices/MOD-00631/data/722811069
145.37,451.47,"{'lat': None, 'lon': None}","{'rh': 26.4, 'temp': 34.3, 'wd': 0.0, 'ws': 0.0, 'ws_scalar': 0.0}","{'gas': {'co': 18172, 'co2': 13279, 'no': 18173, 'no2': 18174, 'o3': 18175}, 'pm': {'pm1': 13254, 'pm10': 13256, 'pm25': 13255}}",3.0,6.44,30.11,6.84,11.05,7.41,722811268,26.4,MOD-00631,34.3,2026-07-05T17:38:04,2026-07-05T10:38:04,https://api.quant-aq.com/v1/devices/MOD-00631/data/722811067
135.24,453.03,"{'lat': None, 'lon': None}","{'rh': 26.8, 'temp': 34.3, 'wd': 0.0, 'ws': 0.0, 'ws_scalar': 0.0}","{'gas': {'co': 18172, 'co2': 13279, 'no': 18173, 'no2': 18174, 'o3': 18175}, 'pm': {'pm1': 13254, 'pm10': 13256, 'pm25': 13255}}",2.88,5.94,28.64,5.89,8.86,6.34,722811269,26.8,MOD-00631,34.3,2026-07-05T17:37:04,2026-07-05T10:37:04,https://api.quant-aq.com/v1/devices/MOD-00631/data/722811068
145.01,451.71,"{'lat': None, 'lon': None}","{'rh': 26.9, 'temp': 34.3, 'wd': 0.0, 'ws': 0.0, 'ws_scalar': 0.0}","{'gas': {'co': 18172, 'co2': 13279, 'no': 18173, 'no2': 18174, 'o3': 18175}, 'pm': {'pm1': 13254, 'pm10': 13256, 'pm25': 13255}}",2.84,6.06,29.0,5.56,7.4,6.15,722811267,26.9,MOD-00631,34.3,2026-07-05T17:36:04,2026-07-05T10:36:04,https://api.quant-aq.com/v1/devices/MOD-00631/data/722811066
145.38,453.64,"{'lat': None, 'lon': None}","{'rh': 26.8, 'temp': 34.2, 'wd': 0.0, 'ws': 0.0, 'ws_scalar': 0.0}","{'gas': {'co': 18172, 'co2': 13279, 'no': 18173, 'no2': 18174, 'o3': 18175}, 'pm': {'pm1': 13254, 'pm10': 13256, 'pm25': 13255}}",3.03,5.99,29.69,5.97,13.16,6.54,722809004,26.8,MOD-00631,34.2,2026-07-05T17:35:04,2026-07-05T10:35:04,https://api.quant-aq.com/v1/devices/MOD-00631/data/722808803
142.72,451.11,"{'lat': None, 'lon': None}","{'rh': 26.5, 'temp': 34.2, 'wd': 0.0, 'ws': 0.0, 'ws_scalar': 0.0}","{'gas': {'co': 18172, 'co2': 13279, 'no': 18173, 'no2': 18174, 'o3': 18175}, 'pm': {'pm1': 13254, 'pm10': 13256, 'pm25': 13255}}",2.79,6.37,29.54,6.72,12.37,7.12,722809006,26.5,MOD-00631,34.2,2026-07-05T17:34:04,2026-07-05T10:34:04,https://api.quant-aq.com/v1/devices/MOD-00631/data/722808805
137.21,450.87,"{'lat': None, 'lon': None}","{'rh': 26.6, 'temp': 34.1, 'wd': 0.0, 'ws': 0.0, 'ws_scalar': 0.0}","{'gas': {'co': 18172, 'co2': 13279, 'no': 18173, 'no2': 18174, 'o3': 18175}, 'pm': {'pm1': 13254, 'pm10': 13256, 'pm25': 13255}}",3.0,6.29,29.42,7.23,9.61,7.72,722809003,26.6,MOD-00631,34.1,2026-07-05T17:33:04,2026-07-05T10:33:04,https://api.quant-aq.com/v1/devices/MOD-00631/data/722808802
150.6,451.59,"{'lat': None, 'lon': None}","{'rh': 26.8, 'temp': 34.1, 'wd': 0.0, 'ws': 0.0, 'ws_scalar': 0.0}","{'gas': {'co': 18172, 'co2': 13279, 'no': 18173, 'no2': 18174, 'o3': 18175}, 'pm': {'pm1': 13254, 'pm10': 13256, 'pm25': 13255}}",2.96,5.99,27.42,7.03,20.46,7.66,722809005,26.8,MOD-00631,34.1,2026-07-05T17:32:04,2026-07-05T10:32:04,https://api.quant-aq.com/v1/devices/MOD-00631/data/722808804
148.44,453.15,"{'lat': None, 'lon': None}","{'rh': 26.8, 'temp': 34.0, 'wd': 0.0, 'ws': 0.0, 'ws_scalar': 0.0}","{'gas': {'co': 18172, 'co2': 13279, 'no': 18173, 'no2': 18174, 'o3': 18175}, 'pm': {'pm1': 13254, 'pm10': 13256, 'pm25': 13255}}",3.15,6.44,29.21,7.1,9.11,7.49,722806690,26.8,MOD-00631,34.0,2026-07-05T17:31:04,2026-07-05T10:31:04,https://api.quant-aq.com/v1/devices/MOD-00631/data/722806490
144.2,455.32,"{'lat': None, 'lon': None}","{'rh': 27.0, 'temp': 34.0, 'wd': 0.0, 'ws': 0.0, 'ws_scalar': 0.0}","{'gas': {'co': 18172, 'co2': 13279, 'no': 18173, 'no2': 18174, 'o3': 18175}, 'pm': {'pm1': 13254, 'pm10': 13256, 'pm25': 13255}}",3.11,6.14,28.24,6.43,10.96,7.05,722806692,27.0,MOD-00631,34.0,2026-07-05T17:30:04,2026-07-05T10:30:04,https://api.quant-aq.com/v1/devices/MOD-00631/data/722806491
149.46,456.89,"{'lat': None, 'lon': None}","{'rh': 27.1, 'temp': 34.0, 'wd': 0.0, 'ws': 0.0, 'ws_scalar': 0.0}","{'gas': {'co': 18172, 'co2': 13279, 'no': 18173, 'no2': 18174, 'o3': 18175}, 'pm': {'pm1': 13254, 'pm10': 13256, 'pm25': 13255}}",3.04,6.26,29.85,6.63,14.07,7.18,722806691,27.1,MOD-00631,34.0,2026-07-05T17:29:04,2026-07-05T10:29:04,https://api.quant-aq.com/v1/devices/MOD-00631/data/722806489
149.94,458.57,"{'lat': None, 'lon': None}","{'rh': 27.0, 'temp': 34.0, 'wd': 0.0, 'ws': 0.0, 'ws_scalar': 0.0}","{'gas': {'co': 18172, 'co2': 13279, 'no': 18173, 'no2': 18174, 'o3': 18175}, 'pm': {'pm1': 13254, 'pm10': 13256, 'pm25': 13255}}",3.11,6.14,28.7,6.33,8.6,6.87,722806689,27.0,MOD-00631,34.0,2026-07-05T17:28:04,2026-07-05T10:28:04,https://api.quant-aq.com/v1/devices/MOD-00631/data/722806488
134.02,455.8,"{'lat': None, 'lon': None}","{'rh': 26.9, 'temp': 34.0, 'wd': 0.0, 'ws': 0.0, 'ws_scalar': 0.0}","{'gas': {'co': 18172, 'co2': 13279, 'no': 18173, 'no2': 18174, 'o3': 18175}, 'pm': {'pm1': 13254, 'pm10': 13256, 'pm25': 13255}}",3.15,5.89,26.6,6.49,9.98,6.95,722804525,26.9,MOD-00631,34.0,2026-07-05T17:27:04,2026-07-05T10:27:04,https://api.quant-aq.com/v1/devices/MOD-00631/data/722804321
142.66,455.92,"{'lat': None, 'lon': None}","{'rh': 26.7, 'temp': 33.9, 'wd': 0.0, 'ws': 0.0, 'ws_scalar': 0.0}","{'gas': {'co': 18172, 'co2': 13279, 'no': 18173, 'no2': 18174, 'o3': 18175}, 'pm': {'pm1': 13254, 'pm10': 13256, 'pm25': 13255}}",3.17,6.18,29.65,7.22,10.02,7.65,722804524,26.7,MOD-00631,33.9,2026-07-05T17:26:04,2026-07-05T10:26:04,https://api.quant-aq.com/v1/devices/MOD-00631/data/722804323
140.13,456.77,"{'lat': None, 'lon': None}","{'rh': 26.8, 'temp': 33.9, 'wd': 0.0, 'ws': 0.0, 'ws_scalar': 0.0}","{'gas': {'co': 18172, 'co2': 13279, 'no': 18173, 'no2': 18174, 'o3': 18175}, 'pm': {'pm1': 13254, 'pm10': 13256, 'pm25': 13255}}",3.24,6.23,28.85,8.29,9.31,8.69,722804526,26.8,MOD-00631,33.9,2026-07-05T17:25:04,2026-07-05T10:25:04,https://api.quant-aq.com/v1/devices/MOD-00631/data/722804325
144.8,462.19,"{'lat': None, 'lon': None}","{'rh': 27.0, 'temp': 33.8, 'wd': 0.0, 'ws': 0.0, 'ws_scalar': 0.0}","{'gas': {'co': 18172, 'co2': 13279, 'no': 18173, 'no2': 18174, 'o3': 18175}, 'pm': {'pm1': 13254, 'pm10': 13256, 'pm25': 13255}}",3.34,6.01,28.35,6.58,8.19,7.18,722804523,27.0,MOD-00631,33.8,2026-07-05T17:24:04,2026-07-05T10:24:04,https://api.quant-aq.com/v1/devices/MOD-00631/data/722804322
156.1,460.26,"{'lat': None, 'lon': None}","{'rh': 27.1, 'temp': 33.7, 'wd': 0.0, 'ws': 0.0, 'ws_scalar': 0.0}","{'gas': {'co': 18172, 'co2': 13279, 'no': 18173, 'no2': 18174, 'o3': 18175}, 'pm': {'pm1': 13254, 'pm10': 13256, 'pm25': 13255}}",3.33,6.44,29.68,6.95,12.38,7.35,722802236,27.1,MOD-00631,33.7,2026-07-05T17:23:04,2026-07-05T10:23:04,https://api.quant-aq.com/v1/devices/MOD-00631/data/722802036
147.76,459.06,"{'lat': None, 'lon': None}","{'rh': 27.3, 'temp': 33.7, 'wd': 0.0, 'ws': 0.0, 'ws_scalar': 0.0}","{'gas': {'co': 18172, 'co2': 13279, 'no': 18173, 'no2': 18174, 'o3': 18175}, 'pm': {'pm1': 13254, 'pm10': 13256, 'pm25': 13255}}",3.33,6.1,27.68,6.46,11.38,6.8,722802235,27.3,MOD-00631,33.7,2026-07-05T17:22:04,2026-07-05T10:22:04,https://api.quant-aq.com/v1/devices/MOD-00631/data/722802035
149.63,462.79,"{'lat': None, 'lon': None}","{'rh': 27.4, 'temp': 33.6, 'wd': 0.0, 'ws': 0.0, 'ws_scalar': 0.0}","{'gas': {'co': 18172, 'co2': 13279, 'no': 18173, 'no2': 18174, 'o3': 18175}, 'pm': {'pm1': 13254, 'pm10': 13256, 'pm25': 13255}}",3.39,6.42,29.21,5.38,9.73,5.94,722802234,27.4,MOD-00631,33.6,2026-07-05T17:21:04,2026-07-05T10:21:04,https://api.quant-aq.com/v1/devices/MOD-00631/data/722802033
138.01,457.97,"{'lat': None, 'lon': None}","{'rh': 27.6, 'temp': 33.6, 'wd': 0.0, 'ws': 0.0, 'ws_scalar': 0.0}","{'gas': {'co': 18172, 'co2': 13279, 'no': 18173, 'no2': 18174, 'o3': 18175}, 'pm': {'pm1': 13254, 'pm10': 13256, 'pm25': 13255}}",3.36,6.2,27.91,6.71,8.13,7.17,722802237,27.6,MOD-00631,33.6,2026-07-05T17:20:04,2026-07-05T10:20:04,https://api.quant-aq.com/v1/devices/MOD-00631/data/722802034
154.71,460.38,"{'lat': None, 'lon': None}","{'rh': 27.6, 'temp': 33.5, 'wd': 0.0, 'ws': 0.0, 'ws_scalar': 0.0}","{'gas': {'co': 18172, 'co2': 13279, 'no': 18173, 'no2': 18174, 'o3': 18175}, 'pm': {'pm1': 13254, 'pm10': 13256, 'pm25': 13255}}",3.33,6.04,28.92,6.18,7.21,6.51,722799870,27.6,MOD-00631,33.5,2026-07-05T17:19:04,2026-07-05T10:19:04,https://api.quant-aq.com/v1/devices/MOD-00631/data/722799670
151.43,462.67,"{'lat': None, 'lon': None}","{'rh': 27.6, 'temp': 33.5, 'wd': 0.0, 'ws': 0.0, 'ws_scalar': 0.0}","{'gas': {'co': 18172, 'co2': 13279, 'no': 18173, 'no2': 18174, 'o3': 18175}, 'pm': {'pm1': 13254, 'pm10': 13256, 'pm25': 13255}}",3.45,6.33,29.54,6.23,8.11,6.77,722799876,27.6,MOD-00631,33.5,2026-07-05T17:18:04,2026-07-05T10:18:04,https://api.quant-aq.com/v1/devices/MOD-00631/data/722799673
150.2,462.19,"{'lat': None, 'lon': None}","{'rh': 27.6, 'temp': 33.5, 'wd': 0.0, 'ws': 0.0, 'ws_scalar': 0.0}","{'gas': {'co': 18172, 'co2': 13279, 'no': 18173, 'no2': 18174, 'o3': 18175}, 'pm': {'pm1': 13254, 'pm10': 13256, 'pm25': 13255}}",3.42,6.04,28.93,5.71,8.97,6.12,722799871,27.6,MOD-00631,33.5,2026-07-05T17:17:04,2026-07-05T10:17:04,https://api.quant-aq.com/v1/devices/MOD-00631/data/722799671
154.94,458.21,"{'lat': None, 'lon': None}","{'rh': 27.7, 'temp': 33.4, 'wd': 0.0, 'ws': 0.0, 'ws_scalar': 0.0}","{'gas': {'co': 18172, 'co2': 13279, 'no': 18173, 'no2': 18174, 'o3': 18175}, 'pm': {'pm1': 13254, 'pm10': 13256, 'pm25': 13255}}",3.51,6.15,29.63,6.61,13.67,7.15,722799874,27.7,MOD-00631,33.4,2026-07-05T17:16:04,2026-07-05T10:16:04,https://api.quant-aq.com/v1/devices/MOD-00631/data/722799672
164.03,463.39,"{'lat': None, 'lon': None}","{'rh': 27.6, 'temp': 33.4, 'wd': 0.0, 'ws': 0.0, 'ws_scalar': 0.0}","{'gas': {'co': 18172, 'co2': 13279, 'no': 18173, 'no2': 18174, 'o3': 18175}, 'pm': {'pm1': 13254, 'pm10': 13256, 'pm25': 13255}}",3.39,6.05,29.85,6.69,7.85,7.14,722797615,27.6,MOD-00631,33.4,2026-07-05T17:15:04,2026-07-05T10:15:04,https://api.quant-aq.com/v1/devices/MOD-00631/data/722797414
166.01,463.99,"{'lat': None, 'lon': None}","{'rh': 27.7, 'temp': 33.4, 'wd': 0.0, 'ws': 0.0, 'ws_scalar': 0.0}","{'gas': {'co': 18172, 'co2': 13279, 'no': 18173, 'no2': 18174, 'o3': 18175}, 'pm': {'pm1': 13254, 'pm10': 13256, 'pm25': 13255}}",3.42,6.2,29.3,7.29,12.69,8.03,722797619,27.7,MOD-00631,33.4,2026-07-05T17:14:04,2026-07-05T10:14:04,https://api.quant-aq.com/v1/devices/MOD-00631/data/722797417
166.99,462.91,"{'lat': None, 'lon': None}","{'rh': 27.9, 'temp': 33.3, 'wd': 0.0, 'ws': 0.0, 'ws_scalar': 0.0}","{'gas': {'co': 18172, 'co2': 13279, 'no': 18173, 'no2': 18174, 'o3': 18175}, 'pm': {'pm1': 13254, 'pm10': 13256, 'pm25': 13255}}",3.51,5.89,28.43,6.74,10.26,7.2,722797617,27.9,MOD-00631,33.3,2026-07-05T17:13:04,2026-07-05T10:13:04,https://api.quant-aq.com/v1/devices/MOD-00631/data/722797418
172.89,467.01,"{'lat': None, 'lon': None}","{'rh': 28.1, 'temp': 33.2, 'wd': 0.0, 'ws': 0.0, 'ws_scalar': 0.0}","{'gas': {'co': 18172, 'co2': 13279, 'no': 18173, 'no2': 18174, 'o3': 18175}, 'pm': {'pm1': 13254, 'pm10': 13256, 'pm25': 13255}}",3.25,5.98,29.26,6.22,8.36,6.7,722797621,28.1,MOD-00631,33.2,2026-07-05T17:12:04,2026-07-05T10:12:04,https://api.quant-aq.com/v1/devices/MOD-00631/data/722797421
174.19,466.4,"{'lat': None, 'lon': None}","{'rh': 28.0, 'temp': 33.2, 'wd': 0.0, 'ws': 0.0, 'ws_scalar': 0.0}","{'gas': {'co': 18172, 'co2': 13279, 'no': 18173, 'no2': 18174, 'o3': 18175}, 'pm': {'pm1': 13254, 'pm10': 13256, 'pm25': 13255}}",3.17,5.83,28.98,6.63,7.21,6.94,722795559,28.0,MOD-00631,33.2,2026-07-05T17:11:04,2026-07-05T10:11:04,https://api.quant-aq.com/v1/devices/MOD-00631/data/722795357
176.02,471.7,"{'lat': None, 'lon': None}","{'rh': 28.0, 'temp': 33.0, 'wd': 0.0, 'ws': 0.0, 'ws_scalar': 0.0}","{'gas': {'co': 18172, 'co2': 13279, 'no': 18173, 'no2': 18174, 'o3': 18175}, 'pm': {'pm1': 13254, 'pm10': 13256, 'pm25': 13255}}",3.37,5.93,27.67,6.74,9.03,7.25,722795556,28.0,MOD-00631,33.0,2026-07-05T17:10:04,2026-07-05T10:10:04,https://api.quant-aq.com/v1/devices/MOD-00631/data/722795355
172.63,465.32,"{'lat': None, 'lon': None}","{'rh': 28.0, 'temp': 32.9, 'wd': 0.0, 'ws': 0.0, 'ws_scalar': 0.0}","{'gas': {'co': 18172, 'co2': 13279, 'no': 18173, 'no2': 18174, 'o3': 18175}, 'pm': {'pm1': 13254, 'pm10': 13256, 'pm25': 13255}}",3.34,5.83,26.74,7.22,10.08,7.68,722795557,28.0,MOD-00631,32.9,2026-07-05T17:09:04,2026-07-05T10:09:04,https://api.quant-aq.com/v1/devices/MOD-00631/data/722795358
175.8,467.73,"{'lat': None, 'lon': None}","{'rh': 28.0, 'temp': 32.8, 'wd': 0.0, 'ws': 0.0, 'ws_scalar': 0.0}","{'gas': {'co': 18172, 'co2': 13279, 'no': 18173, 'no2': 18174, 'o3': 18175}, 'pm': {'pm1': 13254, 'pm10': 13256, 'pm25': 13255}}",3.34,5.85,27.78,7.18,15.67,7.73,722795558,28.0,MOD-00631,32.8,2026-07-05T17:08:04,2026-07-05T10:08:04,https://api.quant-aq.com/v1/devices/MOD-00631/data/722795356
183.0,472.18,"{'lat': None, 'lon': None}","{'rh': 28.1, 'temp': 32.7, 'wd': 0.0, 'ws': 0.0, 'ws_scalar': 0.0}","{'gas': {'co': 18172, 'co2': 13279, 'no': 18173, 'no2': 18174, 'o3': 18175}, 'pm': {'pm1': 13254, 'pm10': 13256, 'pm25': 13255}}",3.58,5.84,28.25,7.76,11.38,8.26,722792993,28.1,MOD-00631,32.7,2026-07-05T17:07:04,2026-07-05T10:07:04,https://api.quant-aq.com/v1/devices/MOD-00631/data/722792792
178.24,472.18,"{'lat': None, 'lon': None}","{'rh': 28.3, 'temp': 32.6, 'wd': 0.0, 'ws': 0.0, 'ws_scalar': 0.0}","{'gas': {'co': 18172, 'co2': 13279, 'no': 18173, 'no2': 18174, 'o3': 18175}, 'pm': {'pm1': 13254, 'pm10': 13256, 'pm25': 13255}}",3.47,5.87,28.49,7.17,8.37,7.56,722792995,28.3,MOD-00631,32.6,2026-07-05T17:06:04,2026-07-05T10:06:04,https://api.quant-aq.com/v1/devices/MOD-00631/data/722792794
180.2,471.94,"{'lat': None, 'lon': None}","{'rh': 28.7, 'temp': 32.4, 'wd': 0.0, 'ws': 0.0, 'ws_scalar': 0.0}","{'gas': {'co': 18172, 'co2': 13279, 'no': 18173, 'no2': 18174, 'o3': 18175}, 'pm': {'pm1': 13254, 'pm10': 13256, 'pm25': 13255}}",3.18,5.76,27.04,6.27,8.78,6.72,722792994,28.7,MOD-00631,32.4,2026-07-05T17:05:04,2026-07-05T10:05:04,https://api.quant-aq.com/v1/devices/MOD-00631/data/722792793
175.65,472.31,"{'lat': None, 'lon': None}","{'rh': 28.6, 'temp': 32.3, 'wd': 0.0, 'ws': 0.0, 'ws_scalar': 0.0}","{'gas': {'co': 18172, 'co2': 13279, 'no': 18173, 'no2': 18174, 'o3': 18175}, 'pm': {'pm1': 13254, 'pm10': 13256, 'pm25': 13255}}",2.88,5.75,26.97,6.79,9.02,7.51,722792992,28.6,MOD-00631,32.3,2026-07-05T17:04:04,2026-07-05T10:04:04,https://api.quant-aq.com/v1/devices/MOD-00631/data/722792791
177.55,473.87,"{'lat': None, 'lon': None}","{'rh': 28.5, 'temp': 32.1, 'wd': 0.0, 'ws': 0.0, 'ws_scalar': 0.0}","{'gas': {'co': 18172, 'co2': 13279, 'no': 18173, 'no2': 18174, 'o3': 18175}, 'pm': {'pm1': 13254, 'pm10': 13256, 'pm25': 13255}}",3.1,5.75,28.16,6.77,8.96,7.28,722790697,28.5,MOD-00631,32.1,2026-07-05T17:03:04,2026-07-05T10:03:04,https://api.quant-aq.com/v1/devices/MOD-00631/data/722790496
178.12,472.43,"{'lat': None, 'lon': None}","{'rh': 28.7, 'temp': 32.0, 'wd': 0.0, 'ws': 0.0, 'ws_scalar': 0.0}","{'gas': {'co': 18172, 'co2': 13279, 'no': 18173, 'no2': 18174, 'o3': 18175}, 'pm': {'pm1': 13254, 'pm10': 13256, 'pm25': 13255}}",3.44,5.71,27.09,6.88,10.19,7.43,722790696,28.7,MOD-00631,32.0,2026-07-05T17:02:04,2026-07-05T10:02:04,https://api.quant-aq.com/v1/devices/MOD-00631/data/722790495
171.38,474.59,"{'lat': None, 'lon': None}","{'rh': 28.8, 'temp': 31.9, 'wd': 0.0, 'ws': 0.0, 'ws_scalar': 0.0}","{'gas': {'co': 18172, 'co2': 13279, 'no': 18173, 'no2': 18174, 'o3': 18175}, 'pm': {'pm1': 13254, 'pm10': 13256, 'pm25': 13255}}",2.81,5.68,28.25,6.17,9.92,6.66,722790699,28.8,MOD-00631,31.9,2026-07-05T17:01:04,2026-07-05T10:01:04,https://api.quant-aq.com/v1/devices/MOD-00631/data/722790498
173.66,476.28,"{'lat': None, 'lon': None}","{'rh': 28.9, 'temp': 31.8, 'wd': 0.0, 'ws': 0.0, 'ws_scalar': 0.0}","{'gas': {'co': 18172, 'co2': 13279, 'no': 18173, 'no2': 18174, 'o3': 18175}, 'pm': {'pm1': 13254, 'pm10': 13256, 'pm25': 13255}}",2.92,5.66,28.29,6.05,7.52,6.52,722790698,28.9,MOD-00631,31.8,2026-07-05T17:00:04,2026-07-05T10:00:04,https://api.quant-aq.com/v1/devices/MOD-00631/data/722790497
173.4,479.17,"{'lat': None, 'lon': None}","{'rh': 29.1, 'temp': 31.7, 'wd': 0.0, 'ws': 0.0, 'ws_scalar': 0.0}","{'gas': {'co': 18172, 'co2': 13279, 'no': 18173, 'no2': 18174, 'o3': 18175}, 'pm': {'pm1': 13254, 'pm10': 13256, 'pm25': 13255}}",2.94,5.61,27.38,5.78,7.05,6.28,722788342,29.1,MOD-00631,31.7,2026-07-05T16:59:04,2026-07-05T09:59:04,https://api.quant-aq.com/v1/devices/MOD-00631/data/722788139
178.71,474.47,"{'lat': None, 'lon': None}","{'rh': 29.4, 'temp': 31.5, 'wd': 0.0, 'ws': 0.0, 'ws_scalar': 0.0}","{'gas': {'co': 18172, 'co2': 13279, 'no': 18173, 'no2': 18174, 'o3': 18175}, 'pm': {'pm1': 13254, 'pm10': 13256, 'pm25': 13255}}",2.9,5.57,25.94,6.42,9.42,6.86,722788344,29.4,MOD-00631,31.5,2026-07-05T16:58:04,2026-07-05T09:58:04,https://api.quant-aq.com/v1/devices/MOD-00631/data/722788142
172.08,481.22,"{'lat': None, 'lon': None}","{'rh': 29.5, 'temp': 31.5, 'wd': 0.0, 'ws': 0.0, 'ws_scalar': 0.0}","{'gas': {'co': 18172, 'co2': 13279, 'no': 18173, 'no2': 18174, 'o3': 18175}, 'pm': {'pm1': 13254, 'pm10': 13256, 'pm25': 13255}}",2.89,5.5,26.42,6.18,11.0,6.52,722788340,29.5,MOD-00631,31.5,2026-07-05T16:57:04,2026-07-05T09:57:04,https://api.quant-aq.com/v1/devices/MOD-00631/data/722788141
163.36,473.15,"{'lat': None, 'lon': None}","{'rh': 29.5, 'temp': 31.4, 'wd': 0.0, 'ws': 0.0, 'ws_scalar': 0.0}","{'gas': {'co': 18172, 'co2': 13279, 'no': 18173, 'no2': 18174, 'o3': 18175}, 'pm': {'pm1': 13254, 'pm10': 13256, 'pm25': 13255}}",3.0,5.48,26.89,5.85,7.35,6.14,722788338,29.5,MOD-00631,31.4,2026-07-05T16:56:04,2026-07-05T09:56:04,https://api.quant-aq.com/v1/devices/MOD-00631/data/722788137
175.55,475.08,"{'lat': None, 'lon': None}","{'rh': 29.5, 'temp': 31.3, 'wd': 0.0, 'ws': 0.0, 'ws_scalar': 0.0}","{'gas': {'co': 18172, 'co2': 13279, 'no': 18173, 'no2': 18174, 'o3': 18175}, 'pm': {'pm1': 13254, 'pm10': 13256, 'pm25': 13255}}",2.7,5.47,27.24,6.49,7.65,6.95,722786163,29.5,MOD-00631,31.3,2026-07-05T16:55:04,2026-07-05T09:55:04,https://api.quant-aq.com/v1/devices/MOD-00631/data/722785962
181.7,481.1,"{'lat': None, 'lon': None}","{'rh': 29.5, 'temp': 31.3, 'wd': 0.0, 'ws': 0.0, 'ws_scalar': 0.0}","{'gas': {'co': 18172, 'co2': 13279, 'no': 18173, 'no2': 18174, 'o3': 18175}, 'pm': {'pm1': 13254, 'pm10': 13256, 'pm25': 13255}}",2.86,5.47,26.78,6.45,8.69,7.04,722786165,29.5,MOD-00631,31.3,2026-07-05T16:54:04,2026-07-05T09:54:04,https://api.quant-aq.com/v1/devices/MOD-00631/data/722785964
181.45,481.22,"{'lat': None, 'lon': None}","{'rh': 29.7, 'temp': 31.2, 'wd': 0.0, 'ws': 0.0, 'ws_scalar': 0.0}","{'gas': {'co': 18172, 'co2': 13279, 'no': 18173, 'no2': 18174, 'o3': 18175}, 'pm': {'pm1': 13254, 'pm10': 13256, 'pm25': 13255}}",2.72,5.44,26.99,6.39,8.33,7.05,722786164,29.7,MOD-00631,31.2,2026-07-05T16:53:04,2026-07-05T09:53:04,https://api.quant-aq.com/v1/devices/MOD-00631/data/722785963
189.66,482.42,"{'lat': None, 'lon': None}","{'rh': 29.7, 'temp': 31.2, 'wd': 0.0, 'ws': 0.0, 'ws_scalar': 0.0}","{'gas': {'co': 18172, 'co2': 13279, 'no': 18173, 'no2': 18174, 'o3': 18175}, 'pm': {'pm1': 13254, 'pm10': 13256, 'pm25': 13255}}",3.05,5.42,26.78,6.94,10.47,7.41,722786166,29.7,MOD-00631,31.2,2026-07-05T16:52:04,2026-07-05T09:52:04,https://api.quant-aq.com/v1/devices/MOD-00631/data/722785965
191.65,482.66,"{'lat': None, 'lon': None}","{'rh': 30.2, 'temp': 31.1, 'wd': 0.0, 'ws': 0.0, 'ws_scalar': 0.0}","{'gas': {'co': 18172, 'co2': 13279, 'no': 18173, 'no2': 18174, 'o3': 18175}, 'pm': {'pm1': 13254, 'pm10': 13256, 'pm25': 13255}}",2.73,5.49,25.31,5.82,19.13,6.36,722783897,30.2,MOD-00631,31.1,2026-07-05T16:51:04,2026-07-05T09:51:04,https://api.quant-aq.com/v1/devices/MOD-00631/data/722783696
193.07,488.2,"{'lat': None, 'lon': None}","{'rh': 30.2, 'temp': 30.9, 'wd': 0.0, 'ws': 0.0, 'ws_scalar': 0.0}","{'gas': {'co': 18172, 'co2': 13279, 'no': 18173, 'no2': 18174, 'o3': 18175}, 'pm': {'pm1': 13254, 'pm10': 13256, 'pm25': 13255}}",2.54,5.44,25.34,5.75,16.26,6.06,722783895,30.2,MOD-00631,30.9,2026-07-05T16:50:04,2026-07-05T09:50:04,https://api.quant-aq.com/v1/devices/MOD-00631/data/722783693
189.68,484.95,"{'lat': None, 'lon': None}","{'rh': 30.2, 'temp': 30.8, 'wd': 0.0, 'ws': 0.0, 'ws_scalar': 0.0}","{'gas': {'co': 18172, 'co2': 13279, 'no': 18173, 'no2': 18174, 'o3': 18175}, 'pm': {'pm1': 13254, 'pm10': 13256, 'pm25': 13255}}",2.73,5.39,25.01,5.98,16.66,6.5,722783896,30.2,MOD-00631,30.8,2026-07-05T16:49:04,2026-07-05T09:49:04,https://api.quant-aq.com/v1/devices/MOD-00631/data/722783695
193.83,486.16,"{'lat': None, 'lon': None}","{'rh': 30.4, 'temp': 30.6, 'wd': 0.0, 'ws': 0.0, 'ws_scalar': 0.0}","{'gas': {'co': 18172, 'co2': 13279, 'no': 18173, 'no2': 18174, 'o3': 18175}, 'pm': {'pm1': 13254, 'pm10': 13256, 'pm25': 13255}}",2.77,5.37,24.78,5.73,7.72,6.26,722783894,30.4,MOD-00631,30.6,2026-07-05T16:48:04,2026-07-05T09:48:04,https://api.quant-aq.com/v1/devices/MOD-00631/data/722783692
186.61,486.28,"{'lat': None, 'lon': None}","{'rh': 30.6, 'temp': 30.5, 'wd': 0.0, 'ws': 0.0, 'ws_scalar': 0.0}","{'gas': {'co': 18172, 'co2': 13279, 'no': 18173, 'no2': 18174, 'o3': 18175}, 'pm': {'pm1': 13254, 'pm10': 13256, 'pm25': 13255}}",2.79,5.31,24.44,6.66,9.6,7.2,722781606,30.6,MOD-00631,30.5,2026-07-05T16:47:04,2026-07-05T09:47:04,https://api.quant-aq.com/v1/devices/MOD-00631/data/722781404
179.8,485.43,"{'lat': None, 'lon': None}","{'rh': 30.8, 'temp': 30.4, 'wd': 0.0, 'ws': 0.0, 'ws_scalar': 0.0}","{'gas': {'co': 18172, 'co2': 13279, 'no': 18173, 'no2': 18174, 'o3': 18175}, 'pm': {'pm1': 13254, 'pm10': 13256, 'pm25': 13255}}",2.73,5.38,23.94,5.65,7.32,6.12,722781605,30.8,MOD-00631,30.4,2026-07-05T16:46:04,2026-07-05T09:46:04,https://api.quant-aq.com/v1/devices/MOD-00631/data/722781403
184.54,487.12,"{'lat': None, 'lon': None}","{'rh': 30.9, 'temp': 30.3, 'wd': 0.0, 'ws': 0.0, 'ws_scalar': 0.0}","{'gas': {'co': 18172, 'co2': 13279, 'no': 18173, 'no2': 18174, 'o3': 18175}, 'pm': {'pm1': 13254, 'pm10': 13256, 'pm25': 13255}}",2.59,5.23,25.02,6.56,9.19,6.91,722781607,30.9,MOD-00631,30.3,2026-07-05T16:45:04,2026-07-05T09:45:04,https://api.quant-aq.com/v1/devices/MOD-00631/data/722781405
179.63,487.72,"{'lat': None, 'lon': None}","{'rh': 31.3, 'temp': 30.2, 'wd': 0.0, 'ws': 0.0, 'ws_scalar': 0.0}","{'gas': {'co': 18172, 'co2': 13279, 'no': 18173, 'no2': 18174, 'o3': 18175}, 'pm': {'pm1': 13254, 'pm10': 13256, 'pm25': 13255}}",2.44,5.3,23.02,5.7,7.64,6.27,722781604,31.3,MOD-00631,30.2,2026-07-05T16:44:04,2026-07-05T09:44:04,https://api.quant-aq.com/v1/devices/MOD-00631/data/722781402
196.68,487.84,"{'lat': None, 'lon': None}","{'rh': 31.4, 'temp': 30.1, 'wd': 0.0, 'ws': 0.0, 'ws_scalar': 0.0}","{'gas': {'co': 18172, 'co2': 13279, 'no': 18173, 'no2': 18174, 'o3': 18175}, 'pm': {'pm1': 13254, 'pm10': 13256, 'pm25': 13255}}",2.62,5.34,23.69,6.23,9.67,6.74,722779396,31.4,MOD-00631,30.1,2026-07-05T16:43:04,2026-07-05T09:43:04,https://api.quant-aq.com/v1/devices/MOD-00631/data/722779195
218.09,490.73,"{'lat': None, 'lon': None}","{'rh': 31.7, 'temp': 30.0, 'wd': 0.0, 'ws': 0.0, 'ws_scalar': 0.0}","{'gas': {'co': 18172, 'co2': 13279, 'no': 18173, 'no2': 18174, 'o3': 18175}, 'pm': {'pm1': 13254, 'pm10': 13256, 'pm25': 13255}}",2.64,5.29,22.89,6.06,7.11,6.63,722779395,31.7,MOD-00631,30.0,2026-07-05T16:42:04,2026-07-05T09:42:04,https://api.quant-aq.com/v1/devices/MOD-00631/data/722779194
219.23,490.37,"{'lat': None, 'lon': None}","{'rh': 32.1, 'temp': 29.8, 'wd': 0.0, 'ws': 0.0, 'ws_scalar': 0.0}","{'gas': {'co': 18172, 'co2': 13279, 'no': 18173, 'no2': 18174, 'o3': 18175}, 'pm': {'pm1': 13254, 'pm10': 13256, 'pm25': 13255}}",2.6,5.36,21.93,6.24,9.41,6.89,722779393,32.1,MOD-00631,29.8,2026-07-05T16:41:04,2026-07-05T09:41:04,https://api.quant-aq.com/v1/devices/MOD-00631/data/722779192
207.02,493.38,"{'lat': None, 'lon': None}","{'rh': 32.4, 'temp': 29.7, 'wd': 0.0, 'ws': 0.0, 'ws_scalar': 0.0}","{'gas': {'co': 18172, 'co2': 13279, 'no': 18173, 'no2': 18174, 'o3': 18175}, 'pm': {'pm1': 13254, 'pm10': 13256, 'pm25': 13255}}",2.53,5.31,20.35,6.02,7.79,6.5,722779394,32.4,MOD-00631,29.7,2026-07-05T16:40:04,2026-07-05T09:40:04,https://api.quant-aq.com/v1/devices/MOD-00631/data/722779193
174.77,492.54,"{'lat': None, 'lon': None}","{'rh': 32.6, 'temp': 29.6, 'wd': 0.0, 'ws': 0.0, 'ws_scalar': 0.0}","{'gas': {'co': 18172, 'co2': 13279, 'no': 18173, 'no2': 18174, 'o3': 18175}, 'pm': {'pm1': 13254, 'pm10': 13256, 'pm25': 13255}}",2.71,5.36,20.55,6.04,9.43,6.43,722777241,32.6,MOD-00631,29.6,2026-07-05T16:39:04,2026-07-05T09:39:04,https://api.quant-aq.com/v1/devices/MOD-00631/data/722777040
161.47,489.41,"{'lat': None, 'lon': None}","{'rh': 32.7, 'temp': 29.5, 'wd': 0.0, 'ws': 0.0, 'ws_scalar': 0.0}","{'gas': {'co': 18172, 'co2': 13279, 'no': 18173, 'no2': 18174, 'o3': 18175}, 'pm': {'pm1': 13254, 'pm10': 13256, 'pm25': 13255}}",2.65,5.32,19.89,6.71,8.25,7.1,722777239,32.7,MOD-00631,29.5,2026-07-05T16:38:04,2026-07-05T09:38:04,https://api.quant-aq.com/v1/devices/MOD-00631/data/722777038
161.36,490.01,"{'lat': None, 'lon': None}","{'rh': 32.7, 'temp': 29.4, 'wd': 0.0, 'ws': 0.0, 'ws_scalar': 0.0}","{'gas': {'co': 18172, 'co2': 13279, 'no': 18173, 'no2': 18174, 'o3': 18175}, 'pm': {'pm1': 13254, 'pm10': 13256, 'pm25': 13255}}",2.76,5.28,20.27,7.06,10.15,7.55,722777238,32.7,MOD-00631,29.4,2026-07-05T16:37:04,2026-07-05T09:37:04,https://api.quant-aq.com/v1/devices/MOD-00631/data/722777037
177.35,489.89,"{'lat': None, 'lon': None}","{'rh': 32.7, 'temp': 29.4, 'wd': 0.0, 'ws': 0.0, 'ws_scalar': 0.0}","{'gas': {'co': 18172, 'co2': 13279, 'no': 18173, 'no2': 18174, 'o3': 18175}, 'pm': {'pm1': 13254, 'pm10': 13256, 'pm25': 13255}}",2.92,5.28,21.64,5.74,7.24,6.09,722777240,32.7,MOD-00631,29.4,2026-07-05T16:36:04,2026-07-05T09:36:04,https://api.quant-aq.com/v1/devices/MOD-00631/data/722777039
188.59,486.28,"{'lat': None, 'lon': None}","{'rh': 32.9, 'temp': 29.3, 'wd': 0.0, 'ws': 0.0, 'ws_scalar': 0.0}","{'gas': {'co': 18172, 'co2': 13279, 'no': 18173, 'no2': 18174, 'o3': 18175}, 'pm': {'pm1': 13254, 'pm10': 13256, 'pm25': 13255}}",3.35,5.29,19.36,6.38,7.31,6.96,722775027,32.9,MOD-00631,29.3,2026-07-05T16:35:04,2026-07-05T09:35:04,https://api.quant-aq.com/v1/devices/MOD-00631/data/722774827
208.47,493.74,"{'lat': None, 'lon': None}","{'rh': 33.2, 'temp': 29.3, 'wd': 0.0, 'ws': 0.0, 'ws_scalar': 0.0}","{'gas': {'co': 18172, 'co2': 13279, 'no': 18173, 'no2': 18174, 'o3': 18175}, 'pm': {'pm1': 13254, 'pm10': 13256, 'pm25': 13255}}",3.26,5.32,19.34,6.54,18.37,7.1,722775028,33.2,MOD-00631,29.3,2026-07-05T16:34:04,2026-07-05T09:34:04,https://api.quant-aq.com/v1/devices/MOD-00631/data/722774826
167.94,489.53,"{'lat': None, 'lon': None}","{'rh': 33.1, 'temp': 29.3, 'wd': 0.0, 'ws': 0.0, 'ws_scalar': 0.0}","{'gas': {'co': 18172, 'co2': 13279, 'no': 18173, 'no2': 18174, 'o3': 18175}, 'pm': {'pm1': 13254, 'pm10': 13256, 'pm25': 13255}}",3.18,5.31,18.43,7.01,10.77,7.52,722775026,33.1,MOD-00631,29.3,2026-07-05T16:33:04,2026-07-05T09:33:04,https://api.quant-aq.com/v1/devices/MOD-00631/data/722774825
155.0,487.0,"{'lat': None, 'lon': None}","{'rh': 33.0, 'temp': 29.4, 'wd': 0.0, 'ws': 0.0, 'ws_scalar': 0.0}","{'gas': {'co': 18172, 'co2': 13279, 'no': 18173, 'no2': 18174, 'o3': 18175}, 'pm': {'pm1': 13254, 'pm10': 13256, 'pm25': 13255}}",3.16,5.26,20.53,6.31,13.58,6.82,722775025,33.0,MOD-00631,29.4,2026-07-05T16:32:04,2026-07-05T09:32:04,https://api.quant-aq.com/v1/devices/MOD-00631/data/722774824
158.42,494.71,"{'lat': None, 'lon': None}","{'rh': 32.8, 'temp': 29.4, 'wd': 0.0, 'ws': 0.0, 'ws_scalar': 0.0}","{'gas': {'co': 18172, 'co2': 13279, 'no': 18173, 'no2': 18174, 'o3': 18175}, 'pm': {'pm1': 13254, 'pm10': 13256, 'pm25': 13255}}",3.57,5.25,20.76,7.32,9.9,7.85,722772747,32.8,MOD-00631,29.4,2026-07-05T16:31:04,2026-07-05T09:31:04,https://api.quant-aq.com/v1/devices/MOD-00631/data/722772546
156.3,494.95,"{'lat': None, 'lon': None}","{'rh': 32.9, 'temp': 29.4, 'wd': 0.0, 'ws': 0.0, 'ws_scalar': 0.0}","{'gas': {'co': 18172, 'co2': 13279, 'no': 18173, 'no2': 18174, 'o3': 18175}, 'pm': {'pm1': 13254, 'pm10': 13256, 'pm25': 13255}}",3.57,5.25,20.09,6.49,8.04,7.39,722772746,32.9,MOD-00631,29.4,2026-07-05T16:30:04,2026-07-05T09:30:04,https://api.quant-aq.com/v1/devices/MOD-00631/data/722772545
154.25,489.65,"{'lat': None, 'lon': None}","{'rh': 32.9, 'temp': 29.4, 'wd': 0.0, 'ws': 0.0, 'ws_scalar': 0.0}","{'gas': {'co': 18172, 'co2': 13279, 'no': 18173, 'no2': 18174, 'o3': 18175}, 'pm': {'pm1': 13254, 'pm10': 13256, 'pm25': 13255}}",3.65,5.25,19.17,6.28,8.23,6.87,722772744,32.9,MOD-00631,29.4,2026-07-05T16:29:04,2026-07-05T09:29:04,https://api.quant-aq.com/v1/devices/MOD-00631/data/722772544
161.81,486.28,"{'lat': None, 'lon': None}","{'rh': 32.8, 'temp': 29.5, 'wd': 0.0, 'ws': 0.0, 'ws_scalar': 0.0}","{'gas': {'co': 18172, 'co2': 13279, 'no': 18173, 'no2': 18174, 'o3': 18175}, 'pm': {'pm1': 13254, 'pm10': 13256, 'pm25': 13255}}",3.38,5.24,18.59,6.62,9.1,7.01,722772745,32.8,MOD-00631,29.5,2026-07-05T16:28:04,2026-07-05T09:28:04,https://api.quant-aq.com/v1/devices/MOD-00631/data/722772543
156.32,493.38,"{'lat': None, 'lon': None}","{'rh': 32.6, 'temp': 29.6, 'wd': 0.0, 'ws': 0.0, 'ws_scalar': 0.0}","{'gas': {'co': 18172, 'co2': 13279, 'no': 18173, 'no2': 18174, 'o3': 18175}, 'pm': {'pm1': 13254, 'pm10': 13256, 'pm25': 13255}}",3.61,5.22,18.38,6.28,7.09,6.88,722770786,32.6,MOD-00631,29.6,2026-07-05T16:27:04,2026-07-05T09:27:04,https://api.quant-aq.com/v1/devices/MOD-00631/data/722770584
152.33,495.91,"{'lat': None, 'lon': None}","{'rh': 32.6, 'temp': 29.7, 'wd': 0.0, 'ws': 0.0, 'ws_scalar': 0.0}","{'gas': {'co': 18172, 'co2': 13279, 'no': 18173, 'no2': 18174, 'o3': 18175}, 'pm': {'pm1': 13254, 'pm10': 13256, 'pm25': 13255}}",3.5,5.22,18.95,6.1,9.92,6.6,722770785,32.6,MOD-00631,29.7,2026-07-05T16:26:04,2026-07-05T09:26:04,https://api.quant-aq.com/v1/devices/MOD-00631/data/722770585
159.89,496.15,"{'lat': None, 'lon': None}","{'rh': 32.5, 'temp': 29.8, 'wd': 0.0, 'ws': 0.0, 'ws_scalar': 0.0}","{'gas': {'co': 18172, 'co2': 13279, 'no': 18173, 'no2': 18174, 'o3': 18175}, 'pm': {'pm1': 13254, 'pm10': 13256, 'pm25': 13255}}",3.56,5.22,17.54,6.67,12.92,7.1,722770784,32.5,MOD-00631,29.8,2026-07-05T16:25:04,2026-07-05T09:25:04,https://api.quant-aq.com/v1/devices/MOD-00631/data/722770583
163.17,494.11,"{'lat': None, 'lon': None}","{'rh': 32.5, 'temp': 29.8, 'wd': 0.0, 'ws': 0.0, 'ws_scalar': 0.0}","{'gas': {'co': 18172, 'co2': 13279, 'no': 18173, 'no2': 18174, 'o3': 18175}, 'pm': {'pm1': 13254, 'pm10': 13256, 'pm25': 13255}}",3.81,5.21,18.37,6.93,9.94,7.42,722770783,32.5,MOD-00631,29.8,2026-07-05T16:24:04,2026-07-05T09:24:04,https://api.quant-aq.com/v1/devices/MOD-00631/data/722770582
169.18,492.9,"{'lat': None, 'lon': None}","{'rh': 32.7, 'temp': 29.8, 'wd': 0.0, 'ws': 0.0, 'ws_scalar': 0.0}","{'gas': {'co': 18172, 'co2': 13279, 'no': 18173, 'no2': 18174, 'o3': 18175}, 'pm': {'pm1': 13254, 'pm10': 13256, 'pm25': 13255}}",4.29,5.24,16.95,6.42,8.96,6.99,722768394,32.7,MOD-00631,29.8,2026-07-05T16:23:04,2026-07-05T09:23:04,https://api.quant-aq.com/v1/devices/MOD-00631/data/722768193
156.47,494.47,"{'lat': None, 'lon': None}","{'rh': 32.7, 'temp': 29.8, 'wd': 0.0, 'ws': 0.0, 'ws_scalar': 0.0}","{'gas': {'co': 18172, 'co2': 13279, 'no': 18173, 'no2': 18174, 'o3': 18175}, 'pm': {'pm1': 13254, 'pm10': 13256, 'pm25': 13255}}",4.21,5.23,15.98,7.21,9.87,7.61,722768395,32.7,MOD-00631,29.8,2026-07-05T16:22:04,2026-07-05T09:22:04,https://api.quant-aq.com/v1/devices/MOD-00631/data/722768194
169.18,493.02,"{'lat': None, 'lon': None}","{'rh': 32.7, 'temp': 29.8, 'wd': 0.0, 'ws': 0.0, 'ws_scalar': 0.0}","{'gas': {'co': 18172, 'co2': 13279, 'no': 18173, 'no2': 18174, 'o3': 18175}, 'pm': {'pm1': 13254, 'pm10': 13256, 'pm25': 13255}}",5.27,5.27,15.79,7.78,9.85,8.24,722768392,32.7,MOD-00631,29.8,2026-07-05T16:21:04,2026-07-05T09:21:04,https://api.quant-aq.com/v1/devices/MOD-00631/data/722768191
157.29,495.19,"{'lat': None, 'lon': None}","{'rh': 32.7, 'temp': 29.8, 'wd': 0.0, 'ws': 0.0, 'ws_scalar': 0.0}","{'gas': {'co': 18172, 'co2': 13279, 'no': 18173, 'no2': 18174, 'o3': 18175}, 'pm': {'pm1': 13254, 'pm10': 13256, 'pm25': 13255}}",4.53,5.22,16.32,7.19,8.08,7.62,722768393,32.7,MOD-00631,29.8,2026-07-05T16:20:04,2026-07-05T09:20:04,https://api.quant-aq.com/v1/devices/MOD-00631/data/722768192
148.09,494.95,"{'lat': None, 'lon': None}","{'rh': 32.8, 'temp': 29.7, 'wd': 0.0, 'ws': 0.0, 'ws_scalar': 0.0}","{'gas': {'co': 18172, 'co2': 13279, 'no': 18173, 'no2': 18174, 'o3': 18175}, 'pm': {'pm1': 13254, 'pm10': 13256, 'pm25': 13255}}",4.72,5.24,16.9,7.68,13.06,8.25,722766234,32.8,MOD-00631,29.7,2026-07-05T16:19:04,2026-07-05T09:19:04,https://api.quant-aq.com/v1/devices/MOD-00631/data/722766035
146.86,491.82,"{'lat': None, 'lon': None}","{'rh': 32.8, 'temp': 29.7, 'wd': 0.0, 'ws': 0.0, 'ws_scalar': 0.0}","{'gas': {'co': 18172, 'co2': 13279, 'no': 18173, 'no2': 18174, 'o3': 18175}, 'pm': {'pm1': 13254, 'pm10': 13256, 'pm25': 13255}}",5.04,5.23,16.78,7.53,10.99,7.93,722766236,32.8,MOD-00631,29.7,2026-07-05T16:18:04,2026-07-05T09:18:04,https://api.quant-aq.com/v1/devices/MOD-00631/data/722766034
139.47,493.62,"{'lat': None, 'lon': None}","{'rh': 32.8, 'temp': 29.7, 'wd': 0.0, 'ws': 0.0, 'ws_scalar': 0.0}","{'gas': {'co': 18172, 'co2': 13279, 'no': 18173, 'no2': 18174, 'o3': 18175}, 'pm': {'pm1': 13254, 'pm10': 13256, 'pm25': 13255}}",5.21,5.29,17.97,7.1,9.45,7.7,722766233,32.8,MOD-00631,29.7,2026-07-05T16:17:04,2026-07-05T09:17:04,https://api.quant-aq.com/v1/devices/MOD-00631/data/722766032
134.32,490.01,"{'lat': None, 'lon': None}","{'rh': 32.7, 'temp': 29.8, 'wd': 0.0, 'ws': 0.0, 'ws_scalar': 0.0}","{'gas': {'co': 18172, 'co2': 13279, 'no': 18173, 'no2': 18174, 'o3': 18175}, 'pm': {'pm1': 13254, 'pm10': 13256, 'pm25': 13255}}",5.1,5.31,16.85,7.96,12.57,8.53,722766235,32.7,MOD-00631,29.8,2026-07-05T16:16:04,2026-07-05T09:16:04,https://api.quant-aq.com/v1/devices/MOD-00631/data/722766033
125.62,490.13,"{'lat': None, 'lon': None}","{'rh': 32.4, 'temp': 29.9, 'wd': 0.0, 'ws': 0.0, 'ws_scalar': 0.0}","{'gas': {'co': 18172, 'co2': 13279, 'no': 18173, 'no2': 18174, 'o3': 18175}, 'pm': {'pm1': 13254, 'pm10': 13256, 'pm25': 13255}}",5.49,5.36,17.68,7.8,10.27,8.27,722764042,32.4,MOD-00631,29.9,2026-07-05T16:15:04,2026-07-05T09:15:04,https://api.quant-aq.com/v1/devices/MOD-00631/data/722763840
140.23,488.32,"{'lat': None, 'lon': None}","{'rh': 32.2, 'temp': 30.0, 'wd': 0.0, 'ws': 0.0, 'ws_scalar': 0.0}","{'gas': {'co': 18172, 'co2': 13279, 'no': 18173, 'no2': 18174, 'o3': 18175}, 'pm': {'pm1': 13254, 'pm10': 13256, 'pm25': 13255}}",6.06,5.3,17.89,7.91,10.76,8.52,722764041,32.2,MOD-00631,30.0,2026-07-05T16:14:04,2026-07-05T09:14:04,https://api.quant-aq.com/v1/devices/MOD-00631/data/722763841
131.57,491.46,"{'lat': None, 'lon': None}","{'rh': 32.0, 'temp': 30.2, 'wd': 0.0, 'ws': 0.0, 'ws_scalar': 0.0}","{'gas': {'co': 18172, 'co2': 13279, 'no': 18173, 'no2': 18174, 'o3': 18175}, 'pm': {'pm1': 13254, 'pm10': 13256, 'pm25': 13255}}",5.64,5.49,18.87,7.76,8.92,8.31,722764039,32.0,MOD-00631,30.2,2026-07-05T16:13:04,2026-07-05T09:13:04,https://api.quant-aq.com/v1/devices/MOD-00631/data/722763838
136.4,489.29,"{'lat': None, 'lon': None}","{'rh': 31.7, 'temp': 30.3, 'wd': 0.0, 'ws': 0.0, 'ws_scalar': 0.0}","{'gas': {'co': 18172, 'co2': 13279, 'no': 18173, 'no2': 18174, 'o3': 18175}, 'pm': {'pm1': 13254, 'pm10': 13256, 'pm25': 13255}}",6.03,5.49,17.97,7.72,12.81,8.21,722764040,31.7,MOD-00631,30.3,2026-07-05T16:12:04,2026-07-05T09:12:04,https://api.quant-aq.com/v1/devices/MOD-00631/data/722763839
148.02,488.44,"{'lat': None, 'lon': None}","{'rh': 31.5, 'temp': 30.3, 'wd': 0.0, 'ws': 0.0, 'ws_scalar': 0.0}","{'gas': {'co': 18172, 'co2': 13279, 'no': 18173, 'no2': 18174, 'o3': 18175}, 'pm': {'pm1': 13254, 'pm10': 13256, 'pm25': 13255}}",7.59,5.58,19.97,7.2,10.19,7.71,722761614,31.5,MOD-00631,30.3,2026-07-05T16:11:04,2026-07-05T09:11:04,https://api.quant-aq.com/v1/devices/MOD-00631/data/722761413
153.66,488.81,"{'lat': None, 'lon': None}","{'rh': 31.8, 'temp': 30.4, 'wd': 0.0, 'ws': 0.0, 'ws_scalar': 0.0}","{'gas': {'co': 18172, 'co2': 13279, 'no': 18173, 'no2': 18174, 'o3': 18175}, 'pm': {'pm1': 13254, 'pm10': 13256, 'pm25': 13255}}",7.89,5.51,18.53,7.53,11.26,8.0,722761613,31.8,MOD-00631,30.4,2026-07-05T16:10:04,2026-07-05T09:10:04,https://api.quant-aq.com/v1/devices/MOD-00631/data/722761412
141.06,490.01,"{'lat': None, 'lon': None}","{'rh': 31.8, 'temp': 30.5, 'wd': 0.0, 'ws': 0.0, 'ws_scalar': 0.0}","{'gas': {'co': 18172, 'co2': 13279, 'no': 18173, 'no2': 18174, 'o3': 18175}, 'pm': {'pm1': 13254, 'pm10': 13256, 'pm25': 13255}}",6.71,5.57,18.43,6.91,9.1,7.49,722761612,31.8,MOD-00631,30.5,2026-07-05T16:09:04,2026-07-05T09:09:04,https://api.quant-aq.com/v1/devices/MOD-00631/data/722761411
148.69,485.67,"{'lat': None, 'lon': None}","{'rh': 31.6, 'temp': 30.6, 'wd': 0.0, 'ws': 0.0, 'ws_scalar': 0.0}","{'gas': {'co': 18172, 'co2': 13279, 'no': 18173, 'no2': 18174, 'o3': 18175}, 'pm': {'pm1': 13254, 'pm10': 13256, 'pm25': 13255}}",6.88,5.59,18.1,6.72,10.78,7.12,722761611,31.6,MOD-00631,30.6,2026-07-05T16:08:04,2026-07-05T09:08:04,https://api.quant-aq.com/v1/devices/MOD-00631/data/722761410
140.33,488.81,"{'lat': None, 'lon': None}","{'rh': 31.4, 'temp': 30.7, 'wd': 0.0, 'ws': 0.0, 'ws_scalar': 0.0}","{'gas': {'co': 18172, 'co2': 13279, 'no': 18173, 'no2': 18174, 'o3': 18175}, 'pm': {'pm1': 13254, 'pm10': 13256, 'pm25': 13255}}",6.59,5.61,19.97,6.88,8.17,7.32,722759408,31.4,MOD-00631,30.7,2026-07-05T16:07:04,2026-07-05T09:07:04,https://api.quant-aq.com/v1/devices/MOD-00631/data/722759207
150.43,486.64,"{'lat': None, 'lon': None}","{'rh': 31.2, 'temp': 30.8, 'wd': 0.0, 'ws': 0.0, 'ws_scalar': 0.0}","{'gas': {'co': 18172, 'co2': 13279, 'no': 18173, 'no2': 18174, 'o3': 18175}, 'pm': {'pm1': 13254, 'pm10': 13256, 'pm25': 13255}}",6.9,5.63,19.85,7.88,15.72,8.32,722759406,31.2,MOD-00631,30.8,2026-07-05T16:06:04,2026-07-05T09:06:04,https://api.quant-aq.com/v1/devices/MOD-00631/data/722759205
146.99,489.77,"{'lat': None, 'lon': None}","{'rh': 31.0, 'temp': 30.9, 'wd': 0.0, 'ws': 0.0, 'ws_scalar': 0.0}","{'gas': {'co': 18172, 'co2': 13279, 'no': 18173, 'no2': 18174, 'o3': 18175}, 'pm': {'pm1': 13254, 'pm10': 13256, 'pm25': 13255}}",7.06,5.61,21.13,7.71,9.33,8.09,722759407,31.0,MOD-00631,30.9,2026-07-05T16:05:04,2026-07-05T09:05:04,https://api.quant-aq.com/v1/devices/MOD-00631/data/722759206
165.62,485.8,"{'lat': None, 'lon': None}","{'rh': 30.9, 'temp': 31.0, 'wd': 0.0, 'ws': 0.0, 'ws_scalar': 0.0}","{'gas': {'co': 18172, 'co2': 13279, 'no': 18173, 'no2': 18174, 'o3': 18175}, 'pm': {'pm1': 13254, 'pm10': 13256, 'pm25': 13255}}",7.22,5.6,20.34,7.28,9.8,7.8,722759405,30.9,MOD-00631,31.0,2026-07-05T16:04:04,2026-07-05T09:04:04,https://api.quant-aq.com/v1/devices/MOD-00631/data/722759204
171.69,485.43,"{'lat': None, 'lon': None}","{'rh': 30.6, 'temp': 31.1, 'wd': 0.0, 'ws': 0.0, 'ws_scalar': 0.0}","{'gas': {'co': 18172, 'co2': 13279, 'no': 18173, 'no2': 18174, 'o3': 18175}, 'pm': {'pm1': 13254, 'pm10': 13256, 'pm25': 13255}}",8.42,5.62,19.44,7.86,12.49,8.54,722757194,30.6,MOD-00631,31.1,2026-07-05T16:03:04,2026-07-05T09:03:04,https://api.quant-aq.com/v1/devices/MOD-00631/data/722756993
187.15,486.52,"{'lat': None, 'lon': None}","{'rh': 30.5, 'temp': 31.3, 'wd': 0.0, 'ws': 0.0, 'ws_scalar': 0.0}","{'gas': {'co': 18172, 'co2': 13279, 'no': 18173, 'no2': 18174, 'o3': 18175}, 'pm': {'pm1': 13254, 'pm10': 13256, 'pm25': 13255}}",8.74,5.64,20.0,7.73,10.23,8.28,722757193,30.5,MOD-00631,31.3,2026-07-05T16:02:04,2026-07-05T09:02:04,https://api.quant-aq.com/v1/devices/MOD-00631/data/722756992
186.58,487.84,"{'lat': None, 'lon': None}","{'rh': 30.3, 'temp': 31.4, 'wd': 0.0, 'ws': 0.0, 'ws_scalar': 0.0}","{'gas': {'co': 18172, 'co2': 13279, 'no': 18173, 'no2': 18174, 'o3': 18175}, 'pm': {'pm1': 13254, 'pm10': 13256, 'pm25': 13255}}",8.6,5.64,21.04,7.6,9.43,8.15,722757191,30.3,MOD-00631,31.4,2026-07-05T16:01:04,2026-07-05T09:01:04,https://api.quant-aq.com/v1/devices/MOD-00631/data/722756990
191.57,486.52,"{'lat': None, 'lon': None}","{'rh': 30.2, 'temp': 31.4, 'wd': 0.0, 'ws': 0.0, 'ws_scalar': 0.0}","{'gas': {'co': 18172, 'co2': 13279, 'no': 18173, 'no2': 18174, 'o3': 18175}, 'pm': {'pm1': 13254, 'pm10': 13256, 'pm25': 13255}}",8.31,5.67,20.92,7.88,17.2,8.49,722757192,30.2,MOD-00631,31.4,2026-07-05T16:00:04,2026-07-05T09:00:04,https://api.quant-aq.com/v1/devices/MOD-00631/data/722756991
192.1,485.19,"{'lat': None, 'lon': None}","{'rh': 30.2, 'temp': 31.5, 'wd': 0.0, 'ws': 0.0, 'ws_scalar': 0.0}","{'gas': {'co': 18172, 'co2': 13279, 'no': 18173, 'no2': 18174, 'o3': 18175}, 'pm': {'pm1': 13254, 'pm10': 13256, 'pm25': 13255}}",7.28,5.74,19.38,7.56,8.91,8.01,722755052,30.2,MOD-00631,31.5,2026-07-05T15:59:04,2026-07-05T08:59:04,https://api.quant-aq.com/v1/devices/MOD-00631/data/722754850
185.08,485.67,"{'lat': None, 'lon': None}","{'rh': 30.1, 'temp': 31.4, 'wd': 0.0, 'ws': 0.0, 'ws_scalar': 0.0}","{'gas': {'co': 18172, 'co2': 13279, 'no': 18173, 'no2': 18174, 'o3': 18175}, 'pm': {'pm1': 13254, 'pm10': 13256, 'pm25': 13255}}",6.97,5.7,20.35,7.03,8.55,7.64,722755049,30.1,MOD-00631,31.4,2026-07-05T15:58:04,2026-07-05T08:58:04,https://api.quant-aq.com/v1/devices/MOD-00631/data/722754849
176.81,489.41,"{'lat': None, 'lon': None}","{'rh': 30.2, 'temp': 31.4, 'wd': 0.0, 'ws': 0.0, 'ws_scalar': 0.0}","{'gas': {'co': 18172, 'co2': 13279, 'no': 18173, 'no2': 18174, 'o3': 18175}, 'pm': {'pm1': 13254, 'pm10': 13256, 'pm25': 13255}}",7.42,5.72,21.59,7.19,8.55,7.68,722755051,30.2,MOD-00631,31.4,2026-07-05T15:57:04,2026-07-05T08:57:04,https://api.quant-aq.com/v1/devices/MOD-00631/data/722754848
171.23,484.47,"{'lat': None, 'lon': None}","{'rh': 30.4, 'temp': 31.3, 'wd': 0.0, 'ws': 0.0, 'ws_scalar': 0.0}","{'gas': {'co': 18172, 'co2': 13279, 'no': 18173, 'no2': 18174, 'o3': 18175}, 'pm': {'pm1': 13254, 'pm10': 13256, 'pm25': 13255}}",7.26,5.69,20.67,6.42,8.36,6.89,722755050,30.4,MOD-00631,31.3,2026-07-05T15:56:04,2026-07-05T08:56:04,https://api.quant-aq.com/v1/devices/MOD-00631/data/722754847
178.77,489.29,"{'lat': None, 'lon': None}","{'rh': 30.6, 'temp': 31.2, 'wd': 0.0, 'ws': 0.0, 'ws_scalar': 0.0}","{'gas': {'co': 18172, 'co2': 13279, 'no': 18173, 'no2': 18174, 'o3': 18175}, 'pm': {'pm1': 13254, 'pm10': 13256, 'pm25': 13255}}",7.54,5.68,20.09,6.71,10.26,7.15,722752885,30.6,MOD-00631,31.2,2026-07-05T15:55:04,2026-07-05T08:55:04,https://api.quant-aq.com/v1/devices/MOD-00631/data/722752684
177.66,489.05,"{'lat': None, 'lon': None}","{'rh': 30.7, 'temp': 31.0, 'wd': 0.0, 'ws': 0.0, 'ws_scalar': 0.0}","{'gas': {'co': 18172, 'co2': 13279, 'no': 18173, 'no2': 18174, 'o3': 18175}, 'pm': {'pm1': 13254, 'pm10': 13256, 'pm25': 13255}}",7.82,5.6,20.35,6.31,8.18,6.97,722752886,30.7,MOD-00631,31.0,2026-07-05T15:54:04,2026-07-05T08:54:04,https://api.quant-aq.com/v1/devices/MOD-00631/data/722752683
178.68,496.64,"{'lat': None, 'lon': None}","{'rh': 31.0, 'temp': 31.0, 'wd': 0.0, 'ws': 0.0, 'ws_scalar': 0.0}","{'gas': {'co': 18172, 'co2': 13279, 'no': 18173, 'no2': 18174, 'o3': 18175}, 'pm': {'pm1': 13254, 'pm10': 13256, 'pm25': 13255}}",8.41,5.64,19.63,6.97,10.65,7.37,722752883,31.0,MOD-00631,31.0,2026-07-05T15:53:04,2026-07-05T08:53:04,https://api.quant-aq.com/v1/devices/MOD-00631/data/722752682
174.39,485.92,"{'lat': None, 'lon': None}","{'rh': 31.1, 'temp': 30.9, 'wd': 0.0, 'ws': 0.0, 'ws_scalar': 0.0}","{'gas': {'co': 18172, 'co2': 13279, 'no': 18173, 'no2': 18174, 'o3': 18175}, 'pm': {'pm1': 13254, 'pm10': 13256, 'pm25': 13255}}",8.25,5.64,17.68,6.83,11.61,7.37,722752884,31.1,MOD-00631,30.9,2026-07-05T15:52:04,2026-07-05T08:52:04,https://api.quant-aq.com/v1/devices/MOD-00631/data/722752685
176.26,494.11,"{'lat': None, 'lon': None}","{'rh': 31.2, 'temp': 30.8, 'wd': 0.0, 'ws': 0.0, 'ws_scalar': 0.0}","{'gas': {'co': 18172, 'co2': 13279, 'no': 18173, 'no2': 18174, 'o3': 18175}, 'pm': {'pm1': 13254, 'pm10': 13256, 'pm25': 13255}}",8.24,5.63,19.85,6.76,9.77,7.32,722750677,31.2,MOD-00631,30.8,2026-07-05T15:51:04,2026-07-05T08:51:04,https://api.quant-aq.com/v1/devices/MOD-00631/data/722750476
171.71,494.11,"{'lat': None, 'lon': None}","{'rh': 31.1, 'temp': 30.7, 'wd': 0.0, 'ws': 0.0, 'ws_scalar': 0.0}","{'gas': {'co': 18172, 'co2': 13279, 'no': 18173, 'no2': 18174, 'o3': 18175}, 'pm': {'pm1': 13254, 'pm10': 13256, 'pm25': 13255}}",8.67,5.58,19.32,6.96,9.66,7.48,722750676,31.1,MOD-00631,30.7,2026-07-05T15:50:04,2026-07-05T08:50:04,https://api.quant-aq.com/v1/devices/MOD-00631/data/722750474
175.56,493.62,"{'lat': None, 'lon': None}","{'rh': 31.3, 'temp': 30.6, 'wd': 0.0, 'ws': 0.0, 'ws_scalar': 0.0}","{'gas': {'co': 18172, 'co2': 13279, 'no': 18173, 'no2': 18174, 'o3': 18175}, 'pm': {'pm1': 13254, 'pm10': 13256, 'pm25': 13255}}",9.26,5.56,19.32,6.98,19.27,7.59,722750678,31.3,MOD-00631,30.6,2026-07-05T15:49:04,2026-07-05T08:49:04,https://api.quant-aq.com/v1/devices/MOD-00631/data/722750477
179.18,489.77,"{'lat': None, 'lon': None}","{'rh': 31.4, 'temp': 30.6, 'wd': 0.0, 'ws': 0.0, 'ws_scalar': 0.0}","{'gas': {'co': 18172, 'co2': 13279, 'no': 18173, 'no2': 18174, 'o3': 18175}, 'pm': {'pm1': 13254, 'pm10': 13256, 'pm25': 13255}}",9.55,5.59,18.28,7.7,11.73,8.27,722750675,31.4,MOD-00631,30.6,2026-07-05T15:48:04,2026-07-05T08:48:04,https://api.quant-aq.com/v1/devices/MOD-00631/data/722750475
178.66,499.04,"{'lat': None, 'lon': None}","{'rh': 31.4, 'temp': 30.5, 'wd': 0.0, 'ws': 0.0, 'ws_scalar': 0.0}","{'gas': {'co': 18172, 'co2': 13279, 'no': 18173, 'no2': 18174, 'o3': 18175}, 'pm': {'pm1': 13254, 'pm10': 13256, 'pm25': 13255}}",9.99,5.59,18.17,7.72,10.19,8.46,722748477,31.4,MOD-00631,30.5,2026-07-05T15:47:04,2026-07-05T08:47:04,https://api.quant-aq.com/v1/devices/MOD-00631/data/722748276
173.67,492.54,"{'lat': None, 'lon': None}","{'rh': 31.5, 'temp': 30.5, 'wd': 0.0, 'ws': 0.0, 'ws_scalar': 0.0}","{'gas': {'co': 18172, 'co2': 13279, 'no': 18173, 'no2': 18174, 'o3': 18175}, 'pm': {'pm1': 13254, 'pm10': 13256, 'pm25': 13255}}",9.56,5.55,18.86,7.54,11.7,8.22,722748479,31.5,MOD-00631,30.5,2026-07-05T15:46:04,2026-07-05T08:46:04,https://api.quant-aq.com/v1/devices/MOD-00631/data/722748277
178.34,496.15,"{'lat': None, 'lon': None}","{'rh': 31.7, 'temp': 30.4, 'wd': 0.0, 'ws': 0.0, 'ws_scalar': 0.0}","{'gas': {'co': 18172, 'co2': 13279, 'no': 18173, 'no2': 18174, 'o3': 18175}, 'pm': {'pm1': 13254, 'pm10': 13256, 'pm25': 13255}}",9.23,5.59,18.49,6.89,8.77,7.6,722748478,31.7,MOD-00631,30.4,2026-07-05T15:45:04,2026-07-05T08:45:04,https://api.quant-aq.com/v1/devices/MOD-00631/data/722748278
171.53,497.48,"{'lat': None, 'lon': None}","{'rh': 31.9, 'temp': 30.3, 'wd': 0.0, 'ws': 0.0, 'ws_scalar': 0.0}","{'gas': {'co': 18172, 'co2': 13279, 'no': 18173, 'no2': 18174, 'o3': 18175}, 'pm': {'pm1': 13254, 'pm10': 13256, 'pm25': 13255}}",8.63,5.57,18.15,7.16,22.39,7.64,722748476,31.9,MOD-00631,30.3,2026-07-05T15:44:04,2026-07-05T08:44:04,https://api.quant-aq.com/v1/devices/MOD-00631/data/722748275
164.9,496.51,"{'lat': None, 'lon': None}","{'rh': 32.0, 'temp': 30.3, 'wd': 0.0, 'ws': 0.0, 'ws_scalar': 0.0}","{'gas': {'co': 18172, 'co2': 13279, 'no': 18173, 'no2': 18174, 'o3': 18175}, 'pm': {'pm1': 13254, 'pm10': 13256, 'pm25': 13255}}",8.33,5.58,18.6,6.62,8.84,7.24,722746323,32.0,MOD-00631,30.3,2026-07-05T15:43:04,2026-07-05T08:43:04,https://api.quant-aq.com/v1/devices/MOD-00631/data/722746120
164.65,498.32,"{'lat': None, 'lon': None}","{'rh': 32.2, 'temp': 30.2, 'wd': 0.0, 'ws': 0.0, 'ws_scalar': 0.0}","{'gas': {'co': 18172, 'co2': 13279, 'no': 18173, 'no2': 18174, 'o3': 18175}, 'pm': {'pm1': 13254, 'pm10': 13256, 'pm25': 13255}}",8.91,5.55,17.81,6.78,14.62,7.34,722746322,32.2,MOD-00631,30.2,2026-07-05T15:42:04,2026-07-05T08:42:04,https://api.quant-aq.com/v1/devices/MOD-00631/data/722746122
162.14,501.81,"{'lat': None, 'lon': None}","{'rh': 32.1, 'temp': 30.1, 'wd': 0.0, 'ws': 0.0, 'ws_scalar': 0.0}","{'gas': {'co': 18172, 'co2': 13279, 'no': 18173, 'no2': 18174, 'o3': 18175}, 'pm': {'pm1': 13254, 'pm10': 13256, 'pm25': 13255}}",10.29,5.46,18.08,7.62,14.71,8.11,722746321,32.1,MOD-00631,30.1,2026-07-05T15:41:04,2026-07-05T08:41:04,https://api.quant-aq.com/v1/devices/MOD-00631/data/722746121
170.76,502.66,"{'lat': None, 'lon': None}","{'rh': 32.1, 'temp': 30.1, 'wd': 0.0, 'ws': 0.0, 'ws_scalar': 0.0}","{'gas': {'co': 18172, 'co2': 13279, 'no': 18173, 'no2': 18174, 'o3': 18175}, 'pm': {'pm1': 13254, 'pm10': 13256, 'pm25': 13255}}",12.65,5.5,15.22,7.28,8.92,7.84,722746320,32.1,MOD-00631,30.1,2026-07-05T15:40:04,2026-07-05T08:40:04,https://api.quant-aq.com/v1/devices/MOD-00631/data/722746119
164.09,499.53,"{'lat': None, 'lon': None}","{'rh': 32.1, 'temp': 30.0, 'wd': 0.0, 'ws': 0.0, 'ws_scalar': 0.0}","{'gas': {'co': 18172, 'co2': 13279, 'no': 18173, 'no2': 18174, 'o3': 18175}, 'pm': {'pm1': 13254, 'pm10': 13256, 'pm25': 13255}}",12.24,5.56,16.68,6.93,10.17,7.46,722744143,32.1,MOD-00631,30.0,2026-07-05T15:39:04,2026-07-05T08:39:04,https://api.quant-aq.com/v1/devices/MOD-00631/data/722743942
161.69,500.61,"{'lat': None, 'lon': None}","{'rh': 32.0, 'temp': 30.0, 'wd': 0.0, 'ws': 0.0, 'ws_scalar': 0.0}","{'gas': {'co': 18172, 'co2': 13279, 'no': 18173, 'no2': 18174, 'o3': 18175}, 'pm': {'pm1': 13254, 'pm10': 13256, 'pm25': 13255}}",11.8,5.34,16.97,7.32,10.71,7.82,722744141,32.0,MOD-00631,30.0,2026-07-05T15:38:04,2026-07-05T08:38:04,https://api.quant-aq.com/v1/devices/MOD-00631/data/722743940
167.85,501.09,"{'lat': None, 'lon': None}","{'rh': 32.0, 'temp': 30.0, 'wd': 0.0, 'ws': 0.0, 'ws_scalar': 0.0}","{'gas': {'co': 18172, 'co2': 13279, 'no': 18173, 'no2': 18174, 'o3': 18175}, 'pm': {'pm1': 13254, 'pm10': 13256, 'pm25': 13255}}",12.02,5.16,18.25,7.24,21.05,7.64,722744142,32.0,MOD-00631,30.0,2026-07-05T15:37:04,2026-07-05T08:37:04,https://api.quant-aq.com/v1/devices/MOD-00631/data/722743941
168.12,504.22,"{'lat': None, 'lon': None}","{'rh': 32.2, 'temp': 30.0, 'wd': 0.0, 'ws': 0.0, 'ws_scalar': 0.0}","{'gas': {'co': 18172, 'co2': 13279, 'no': 18173, 'no2': 18174, 'o3': 18175}, 'pm': {'pm1': 13254, 'pm10': 13256, 'pm25': 13255}}",11.38,5.4,17.75,6.48,10.17,7.1,722744140,32.2,MOD-00631,30.0,2026-07-05T15:36:04,2026-07-05T08:36:04,https://api.quant-aq.com/v1/devices/MOD-00631/data/722743939
157.68,502.06,"{'lat': None, 'lon': None}","{'rh': 32.3, 'temp': 29.9, 'wd': 0.0, 'ws': 0.0, 'ws_scalar': 0.0}","{'gas': {'co': 18172, 'co2': 13279, 'no': 18173, 'no2': 18174, 'o3': 18175}, 'pm': {'pm1': 13254, 'pm10': 13256, 'pm25': 13255}}",9.9,5.21,18.58,6.87,9.69,7.48,722741891,32.3,MOD-00631,29.9,2026-07-05T15:35:04,2026-07-05T08:35:04,https://api.quant-aq.com/v1/devices/MOD-00631/data/722741690
165.88,501.09,"{'lat': None, 'lon': None}","{'rh': 32.3, 'temp': 29.9, 'wd': 0.0, 'ws': 0.0, 'ws_scalar': 0.0}","{'gas': {'co': 18172, 'co2': 13279, 'no': 18173, 'no2': 18174, 'o3': 18175}, 'pm': {'pm1': 13254, 'pm10': 13256, 'pm25': 13255}}",9.68,5.47,18.42,6.55,8.93,7.07,722741889,32.3,MOD-00631,29.9,2026-07-05T15:34:04,2026-07-05T08:34:04,https://api.quant-aq.com/v1/devices/MOD-00631/data/722741688
171.97,499.65,"{'lat': None, 'lon': None}","{'rh': 32.4, 'temp': 29.9, 'wd': 0.0, 'ws': 0.0, 'ws_scalar': 0.0}","{'gas': {'co': 18172, 'co2': 13279, 'no': 18173, 'no2': 18174, 'o3': 18175}, 'pm': {'pm1': 13254, 'pm10': 13256, 'pm25': 13255}}",10.76,5.48,17.5,6.76,18.27,7.27,722741890,32.4,MOD-00631,29.9,2026-07-05T15:33:04,2026-07-05T08:33:04,https://api.quant-aq.com/v1/devices/MOD-00631/data/722741689
172.0,506.51,"{'lat': None, 'lon': None}","{'rh': 32.2, 'temp': 29.8, 'wd': 0.0, 'ws': 0.0, 'ws_scalar': 0.0}","{'gas': {'co': 18172, 'co2': 13279, 'no': 18173, 'no2': 18174, 'o3': 18175}, 'pm': {'pm1': 13254, 'pm10': 13256, 'pm25': 13255}}",12.27,5.41,16.74,6.47,9.08,6.93,722741888,32.2,MOD-00631,29.8,2026-07-05T15:32:04,2026-07-05T08:32:04,https://api.quant-aq.com/v1/devices/MOD-00631/data/722741687
175.62,500.61,"{'lat': None, 'lon': None}","{'rh': 32.3, 'temp': 29.8, 'wd': 0.0, 'ws': 0.0, 'ws_scalar': 0.0}","{'gas': {'co': 18172, 'co2': 13279, 'no': 18173, 'no2': 18174, 'o3': 18175}, 'pm': {'pm1': 13254, 'pm10': 13256, 'pm25': 13255}}",12.27,5.05,17.01,6.58,10.27,7.08,722739733,32.3,MOD-00631,29.8,2026-07-05T15:31:04,2026-07-05T08:31:04,https://api.quant-aq.com/v1/devices/MOD-00631/data/722739534
161.01,504.83,"{'lat': None, 'lon': None}","{'rh': 32.5, 'temp': 29.7, 'wd': 0.0, 'ws': 0.0, 'ws_scalar': 0.0}","{'gas': {'co': 18172, 'co2': 13279, 'no': 18173, 'no2': 18174, 'o3': 18175}, 'pm': {'pm1': 13254, 'pm10': 13256, 'pm25': 13255}}",12.73,5.24,16.64,6.3,14.81,6.83,722739727,32.5,MOD-00631,29.7,2026-07-05T15:30:04,2026-07-05T08:30:04,https://api.quant-aq.com/v1/devices/MOD-00631/data/722739526
174.29,506.63,"{'lat': None, 'lon': None}","{'rh': 32.7, 'temp': 29.6, 'wd': 0.0, 'ws': 0.0, 'ws_scalar': 0.0}","{'gas': {'co': 18172, 'co2': 13279, 'no': 18173, 'no2': 18174, 'o3': 18175}, 'pm': {'pm1': 13254, 'pm10': 13256, 'pm25': 13255}}",12.75,5.09,16.43,6.56,14.57,7.18,722739726,32.7,MOD-00631,29.6,2026-07-05T15:29:04,2026-07-05T08:29:04,https://api.quant-aq.com/v1/devices/MOD-00631/data/722739531
168.34,506.27,"{'lat': None, 'lon': None}","{'rh': 33.0, 'temp': 29.6, 'wd': 0.0, 'ws': 0.0, 'ws_scalar': 0.0}","{'gas': {'co': 18172, 'co2': 13279, 'no': 18173, 'no2': 18174, 'o3': 18175}, 'pm': {'pm1': 13254, 'pm10': 13256, 'pm25': 13255}}",13.4,5.24,16.16,6.5,27.13,6.94,722739724,33.0,MOD-00631,29.6,2026-07-05T15:28:04,2026-07-05T08:28:04,https://api.quant-aq.com/v1/devices/MOD-00631/data/722739523
172.67,508.8,"{'lat': None, 'lon': None}","{'rh': 33.1, 'temp': 29.5, 'wd': 0.0, 'ws': 0.0, 'ws_scalar': 0.0}","{'gas': {'co': 18172, 'co2': 13279, 'no': 18173, 'no2': 18174, 'o3': 18175}, 'pm': {'pm1': 13254, 'pm10': 13256, 'pm25': 13255}}",13.64,5.47,15.09,7.27,18.2,7.92,722737538,33.1,MOD-00631,29.5,2026-07-05T15:27:04,2026-07-05T08:27:04,https://api.quant-aq.com/v1/devices/MOD-00631/data/722737337
170.28,509.28,"{'lat': None, 'lon': None}","{'rh': 33.0, 'temp': 29.5, 'wd': 0.0, 'ws': 0.0, 'ws_scalar': 0.0}","{'gas': {'co': 18172, 'co2': 13279, 'no': 18173, 'no2': 18174, 'o3': 18175}, 'pm': {'pm1': 13254, 'pm10': 13256, 'pm25': 13255}}",14.06,5.28,15.59,6.51,18.95,7.04,722737539,33.0,MOD-00631,29.5,2026-07-05T15:26:04,2026-07-05T08:26:04,https://api.quant-aq.com/v1/devices/MOD-00631/data/722737339
171.6,510.97,"{'lat': None, 'lon': None}","{'rh': 33.3, 'temp': 29.4, 'wd': 0.0, 'ws': 0.0, 'ws_scalar': 0.0}","{'gas': {'co': 18172, 'co2': 13279, 'no': 18173, 'no2': 18174, 'o3': 18175}, 'pm': {'pm1': 13254, 'pm10': 13256, 'pm25': 13255}}",11.94,5.33,15.0,5.78,17.7,6.25,722737540,33.3,MOD-00631,29.4,2026-07-05T15:25:04,2026-07-05T08:25:04,https://api.quant-aq.com/v1/devices/MOD-00631/data/722737338
169.78,510.73,"{'lat': None, 'lon': None}","{'rh': 33.4, 'temp': 29.3, 'wd': 0.0, 'ws': 0.0, 'ws_scalar': 0.0}","{'gas': {'co': 18172, 'co2': 13279, 'no': 18173, 'no2': 18174, 'o3': 18175}, 'pm': {'pm1': 13254, 'pm10': 13256, 'pm25': 13255}}",11.74,5.26,15.58,5.99,7.66,6.47,722737537,33.4,MOD-00631,29.3,2026-07-05T15:24:04,2026-07-05T08:24:04,https://api.quant-aq.com/v1/devices/MOD-00631/data/722737336
176.5,512.77,"{'lat': None, 'lon': None}","{'rh': 33.6, 'temp': 29.2, 'wd': 0.0, 'ws': 0.0, 'ws_scalar': 0.0}","{'gas': {'co': 18172, 'co2': 13279, 'no': 18173, 'no2': 18174, 'o3': 18175}, 'pm': {'pm1': 13254, 'pm10': 13256, 'pm25': 13255}}",11.34,5.12,15.83,5.97,9.92,6.54,722735366,33.6,MOD-00631,29.2,2026-07-05T15:23:04,2026-07-05T08:23:04,https://api.quant-aq.com/v1/devices/MOD-00631/data/722735165
175.54,511.93,"{'lat': None, 'lon': None}","{'rh': 33.8, 'temp': 29.2, 'wd': 0.0, 'ws': 0.0, 'ws_scalar': 0.0}","{'gas': {'co': 18172, 'co2': 13279, 'no': 18173, 'no2': 18174, 'o3': 18175}, 'pm': {'pm1': 13254, 'pm10': 13256, 'pm25': 13255}}",10.49,5.26,14.65,6.14,8.7,6.61,722735363,33.8,MOD-00631,29.2,2026-07-05T15:22:04,2026-07-05T08:22:04,https://api.quant-aq.com/v1/devices/MOD-00631/data/722735163
173.24,513.38,"{'lat': None, 'lon': None}","{'rh': 34.0, 'temp': 29.1, 'wd': 0.0, 'ws': 0.0, 'ws_scalar': 0.0}","{'gas': {'co': 18172, 'co2': 13279, 'no': 18173, 'no2': 18174, 'o3': 18175}, 'pm': {'pm1': 13254, 'pm10': 13256, 'pm25': 13255}}",9.82,5.25,16.02,5.78,8.45,6.35,722735365,34.0,MOD-00631,29.1,2026-07-05T15:21:04,2026-07-05T08:21:04,https://api.quant-aq.com/v1/devices/MOD-00631/data/722735164
177.57,513.62,"{'lat': None, 'lon': None}","{'rh': 34.1, 'temp': 29.0, 'wd': 0.0, 'ws': 0.0, 'ws_scalar': 0.0}","{'gas': {'co': 18172, 'co2': 13279, 'no': 18173, 'no2': 18174, 'o3': 18175}, 'pm': {'pm1': 13254, 'pm10': 13256, 'pm25': 13255}}",8.4,5.23,16.03,5.64,8.61,6.06,722735364,34.1,MOD-00631,29.0,2026-07-05T15:20:04,2026-07-05T08:20:04,https://api.quant-aq.com/v1/devices/MOD-00631/data/722735161
172.95,515.3,"{'lat': None, 'lon': None}","{'rh': 34.1, 'temp': 28.9, 'wd': 0.0, 'ws': 0.0, 'ws_scalar': 0.0}","{'gas': {'co': 18172, 'co2': 13279, 'no': 18173, 'no2': 18174, 'o3': 18175}, 'pm': {'pm1': 13254, 'pm10': 13256, 'pm25': 13255}}",8.63,5.0,15.95,5.43,7.82,5.97,722733214,34.1,MOD-00631,28.9,2026-07-05T15:19:04,2026-07-05T08:19:04,https://api.quant-aq.com/v1/devices/MOD-00631/data/722733014
173.03,512.77,"{'lat': None, 'lon': None}","{'rh': 34.4, 'temp': 28.8, 'wd': 0.0, 'ws': 0.0, 'ws_scalar': 0.0}","{'gas': {'co': 18172, 'co2': 13279, 'no': 18173, 'no2': 18174, 'o3': 18175}, 'pm': {'pm1': 13254, 'pm10': 13256, 'pm25': 13255}}",9.55,5.07,15.36,5.69,7.18,6.23,722733215,34.4,MOD-00631,28.8,2026-07-05T15:18:04,2026-07-05T08:18:04,https://api.quant-aq.com/v1/devices/MOD-00631/data/722733013
178.19,518.92,"{'lat': None, 'lon': None}","{'rh': 34.5, 'temp': 28.7, 'wd': 0.0, 'ws': 0.0, 'ws_scalar': 0.0}","{'gas': {'co': 18172, 'co2': 13279, 'no': 18173, 'no2': 18174, 'o3': 18175}, 'pm': {'pm1': 13254, 'pm10': 13256, 'pm25': 13255}}",9.07,5.05,15.82,5.44,8.24,6.01,722733212,34.5,MOD-00631,28.7,2026-07-05T15:17:04,2026-07-05T08:17:04,https://api.quant-aq.com/v1/devices/MOD-00631/data/722733011
187.21,519.04,"{'lat': None, 'lon': None}","{'rh': 34.5, 'temp': 28.7, 'wd': 0.0, 'ws': 0.0, 'ws_scalar': 0.0}","{'gas': {'co': 18172, 'co2': 13279, 'no': 18173, 'no2': 18174, 'o3': 18175}, 'pm': {'pm1': 13254, 'pm10': 13256, 'pm25': 13255}}",10.48,5.05,14.45,5.61,8.88,5.99,722733213,34.5,MOD-00631,28.7,2026-07-05T15:16:04,2026-07-05T08:16:04,https://api.quant-aq.com/v1/devices/MOD-00631/data/722733012
176.56,521.09,"{'lat': None, 'lon': None}","{'rh': 34.9, 'temp': 28.6, 'wd': 0.0, 'ws': 0.0, 'ws_scalar': 0.0}","{'gas': {'co': 18172, 'co2': 13279, 'no': 18173, 'no2': 18174, 'o3': 18175}, 'pm': {'pm1': 13254, 'pm10': 13256, 'pm25': 13255}}",8.8,5.19,14.19,5.32,8.09,5.63,722731025,34.9,MOD-00631,28.6,2026-07-05T15:15:04,2026-07-05T08:15:04,https://api.quant-aq.com/v1/devices/MOD-00631/data/722730824
181.78,521.09,"{'lat': None, 'lon': None}","{'rh': 34.9, 'temp': 28.5, 'wd': 0.0, 'ws': 0.0, 'ws_scalar': 0.0}","{'gas': {'co': 18172, 'co2': 13279, 'no': 18173, 'no2': 18174, 'o3': 18175}, 'pm': {'pm1': 13254, 'pm10': 13256, 'pm25': 13255}}",9.51,5.1,13.41,5.07,8.32,5.36,722731023,34.9,MOD-00631,28.5,2026-07-05T15:14:04,2026-07-05T08:14:04,https://api.quant-aq.com/v1/devices/MOD-00631/data/722730822
181.67,523.37,"{'lat': None, 'lon': None}","{'rh': 34.9, 'temp': 28.4, 'wd': 0.0, 'ws': 0.0, 'ws_scalar': 0.0}","{'gas': {'co': 18172, 'co2': 13279, 'no': 18173, 'no2': 18174, 'o3': 18175}, 'pm': {'pm1': 13254, 'pm10': 13256, 'pm25': 13255}}",9.74,5.42,13.6,5.83,8.08,6.41,722731024,34.9,MOD-00631,28.4,2026-07-05T15:13:04,2026-07-05T08:13:04,https://api.quant-aq.com/v1/devices/MOD-00631/data/722730823
194.07,523.98,"{'lat': None, 'lon': None}","{'rh': 35.2, 'temp': 28.3, 'wd': 0.0, 'ws': 0.0, 'ws_scalar': 0.0}","{'gas': {'co': 18172, 'co2': 13279, 'no': 18173, 'no2': 18174, 'o3': 18175}, 'pm': {'pm1': 13254, 'pm10': 13256, 'pm25': 13255}}",10.66,4.93,13.2,5.71,8.56,6.3,722731066,35.2,MOD-00631,28.3,2026-07-05T15:12:04,2026-07-05T08:12:04,https://api.quant-aq.com/v1/devices/MOD-00631/data/722730865
184.99,523.01,"{'lat': None, 'lon': None}","{'rh': 35.7, 'temp': 28.2, 'wd': 0.0, 'ws': 0.0, 'ws_scalar': 0.0}","{'gas': {'co': 18172, 'co2': 13279, 'no': 18173, 'no2': 18174, 'o3': 18175}, 'pm': {'pm1': 13254, 'pm10': 13256, 'pm25': 13255}}",11.34,5.35,12.44,5.04,10.7,5.49,722728875,35.7,MOD-00631,28.2,2026-07-05T15:11:04,2026-07-05T08:11:04,https://api.quant-aq.com/v1/devices/MOD-00631/data/722728674
185.9,522.17,"{'lat': None, 'lon': None}","{'rh': 36.0, 'temp': 28.1, 'wd': 0.0, 'ws': 0.0, 'ws_scalar': 0.0}","{'gas': {'co': 18172, 'co2': 13279, 'no': 18173, 'no2': 18174, 'o3': 18175}, 'pm': {'pm1': 13254, 'pm10': 13256, 'pm25': 13255}}",12.49,5.46,12.64,4.47,7.16,4.86,722728872,36.0,MOD-00631,28.1,2026-07-05T15:10:04,2026-07-05T08:10:04,https://api.quant-aq.com/v1/devices/MOD-00631/data/722728671
190.71,526.39,"{'lat': None, 'lon': None}","{'rh': 36.0, 'temp': 28.0, 'wd': 0.0, 'ws': 0.0, 'ws_scalar': 0.0}","{'gas': {'co': 18172, 'co2': 13279, 'no': 18173, 'no2': 18174, 'o3': 18175}, 'pm': {'pm1': 13254, 'pm10': 13256, 'pm25': 13255}}",12.25,5.39,12.77,5.12,8.58,5.65,722728873,36.0,MOD-00631,28.0,2026-07-05T15:09:04,2026-07-05T08:09:04,https://api.quant-aq.com/v1/devices/MOD-00631/data/722728672
190.94,525.18,"{'lat': None, 'lon': None}","{'rh': 36.1, 'temp': 27.9, 'wd': 0.0, 'ws': 0.0, 'ws_scalar': 0.0}","{'gas': {'co': 18172, 'co2': 13279, 'no': 18173, 'no2': 18174, 'o3': 18175}, 'pm': {'pm1': 13254, 'pm10': 13256, 'pm25': 13255}}",12.71,5.48,12.08,5.29,8.45,5.65,722728874,36.1,MOD-00631,27.9,2026-07-05T15:08:04,2026-07-05T08:08:04,https://api.quant-aq.com/v1/devices/MOD-00631/data/722728673
193.08,531.93,"{'lat': None, 'lon': None}","{'rh': 36.4, 'temp': 27.8, 'wd': 0.0, 'ws': 0.0, 'ws_scalar': 0.0}","{'gas': {'co': 18172, 'co2': 13279, 'no': 18173, 'no2': 18174, 'o3': 18175}, 'pm': {'pm1': 13254, 'pm10': 13256, 'pm25': 13255}}",13.4,5.33,12.44,5.54,9.14,5.97,722726704,36.4,MOD-00631,27.8,2026-07-05T15:07:04,2026-07-05T08:07:04,https://api.quant-aq.com/v1/devices/MOD-00631/data/722726504
189.82,529.64,"{'lat': None, 'lon': None}","{'rh': 36.8, 'temp': 27.7, 'wd': 0.0, 'ws': 0.0, 'ws_scalar': 0.0}","{'gas': {'co': 18172, 'co2': 13279, 'no': 18173, 'no2': 18174, 'o3': 18175}, 'pm': {'pm1': 13254, 'pm10': 13256, 'pm25': 13255}}",12.91,5.52,11.59,4.91,7.73,5.22,722726705,36.8,MOD-00631,27.7,2026-07-05T15:06:04,2026-07-05T08:06:04,https://api.quant-aq.com/v1/devices/MOD-00631/data/722726503
194.15,531.44,"{'lat': None, 'lon': None}","{'rh': 36.9, 'temp': 27.6, 'wd': 0.0, 'ws': 0.0, 'ws_scalar': 0.0}","{'gas': {'co': 18172, 'co2': 13279, 'no': 18173, 'no2': 18174, 'o3': 18175}, 'pm': {'pm1': 13254, 'pm10': 13256, 'pm25': 13255}}",13.13,5.57,12.39,4.96,7.41,5.51,722726706,36.9,MOD-00631,27.6,2026-07-05T15:05:04,2026-07-05T08:05:04,https://api.quant-aq.com/v1/devices/MOD-00631/data/722726505
199.16,531.08,"{'lat': None, 'lon': None}","{'rh': 37.2, 'temp': 27.5, 'wd': 0.0, 'ws': 0.0, 'ws_scalar': 0.0}","{'gas': {'co': 18172, 'co2': 13279, 'no': 18173, 'no2': 18174, 'o3': 18175}, 'pm': {'pm1': 13254, 'pm10': 13256, 'pm25': 13255}}",14.52,5.59,11.46,4.54,14.92,5.02,722726707,37.2,MOD-00631,27.5,2026-07-05T15:04:04,2026-07-05T08:04:04,https://api.quant-aq.com/v1/devices/MOD-00631/data/722726506
188.58,533.13,"{'lat': None, 'lon': None}","{'rh': 37.5, 'temp': 27.4, 'wd': 0.0, 'ws': 0.0, 'ws_scalar': 0.0}","{'gas': {'co': 18172, 'co2': 13279, 'no': 18173, 'no2': 18174, 'o3': 18175}, 'pm': {'pm1': 13254, 'pm10': 13256, 'pm25': 13255}}",13.57,5.66,11.33,4.74,7.92,5.21,722724546,37.5,MOD-00631,27.4,2026-07-05T15:03:04,2026-07-05T08:03:04,https://api.quant-aq.com/v1/devices/MOD-00631/data/722724345
191.06,535.18,"{'lat': None, 'lon': None}","{'rh': 37.9, 'temp': 27.3, 'wd': 0.0, 'ws': 0.0, 'ws_scalar': 0.0}","{'gas': {'co': 18172, 'co2': 13279, 'no': 18173, 'no2': 18174, 'o3': 18175}, 'pm': {'pm1': 13254, 'pm10': 13256, 'pm25': 13255}}",13.78,5.83,10.94,4.87,8.12,5.17,722724547,37.9,MOD-00631,27.3,2026-07-05T15:02:04,2026-07-05T08:02:04,https://api.quant-aq.com/v1/devices/MOD-00631/data/722724346
201.69,530.72,"{'lat': None, 'lon': None}","{'rh': 37.8, 'temp': 27.2, 'wd': 0.0, 'ws': 0.0, 'ws_scalar': 0.0}","{'gas': {'co': 18172, 'co2': 13279, 'no': 18173, 'no2': 18174, 'o3': 18175}, 'pm': {'pm1': 13254, 'pm10': 13256, 'pm25': 13255}}",14.71,5.68,11.79,4.74,19.06,5.07,722724544,37.8,MOD-00631,27.2,2026-07-05T15:01:04,2026-07-05T08:01:04,https://api.quant-aq.com/v1/devices/MOD-00631/data/722724344
193.44,534.94,"{'lat': None, 'lon': None}","{'rh': 37.7, 'temp': 27.1, 'wd': 0.0, 'ws': 0.0, 'ws_scalar': 0.0}","{'gas': {'co': 18172, 'co2': 13279, 'no': 18173, 'no2': 18174, 'o3': 18175}, 'pm': {'pm1': 13254, 'pm10': 13256, 'pm25': 13255}}",13.92,5.66,10.44,5.19,9.91,5.68,722724545,37.7,MOD-00631,27.1,2026-07-05T15:00:04,2026-07-05T08:00:04,https://api.quant-aq.com/v1/devices/MOD-00631/data/722724343
192.3,537.23,"{'lat': None, 'lon': None}","{'rh': 38.0, 'temp': 27.0, 'wd': 0.0, 'ws': 0.0, 'ws_scalar': 0.0}","{'gas': {'co': 18172, 'co2': 13279, 'no': 18173, 'no2': 18174, 'o3': 18175}, 'pm': {'pm1': 13254, 'pm10': 13256, 'pm25': 13255}}",15.16,5.63,11.46,4.96,9.53,5.5,722722336,38.0,MOD-00631,27.0,2026-07-05T14:59:04,2026-07-05T07:59:04,https://api.quant-aq.com/v1/devices/MOD-00631/data/722722135
198.34,537.95,"{'lat': None, 'lon': None}","{'rh': 38.0, 'temp': 26.9, 'wd': 0.0, 'ws': 0.0, 'ws_scalar': 0.0}","{'gas': {'co': 18172, 'co2': 13279, 'no': 18173, 'no2': 18174, 'o3': 18175}, 'pm': {'pm1': 13254, 'pm10': 13256, 'pm25': 13255}}",16.09,5.62,11.02,4.42,6.99,5.03,722722337,38.0,MOD-00631,26.9,2026-07-05T14:58:04,2026-07-05T07:58:04,https://api.quant-aq.com/v1/devices/MOD-00631/data/722722136
200.75,534.33,"{'lat': None, 'lon': None}","{'rh': 38.5, 'temp': 26.8, 'wd': 0.0, 'ws': 0.0, 'ws_scalar': 0.0}","{'gas': {'co': 18172, 'co2': 13279, 'no': 18173, 'no2': 18174, 'o3': 18175}, 'pm': {'pm1': 13254, 'pm10': 13256, 'pm25': 13255}}",16.3,5.88,11.41,5.04,13.75,5.45,722722334,38.5,MOD-00631,26.8,2026-07-05T14:57:04,2026-07-05T07:57:04,https://api.quant-aq.com/v1/devices/MOD-00631/data/722722133
197.13,534.21,"{'lat': None, 'lon': None}","{'rh': 38.4, 'temp': 26.8, 'wd': 0.0, 'ws': 0.0, 'ws_scalar': 0.0}","{'gas': {'co': 18172, 'co2': 13279, 'no': 18173, 'no2': 18174, 'o3': 18175}, 'pm': {'pm1': 13254, 'pm10': 13256, 'pm25': 13255}}",15.6,5.87,10.05,5.47,22.99,6.02,722722335,38.4,MOD-00631,26.8,2026-07-05T14:56:04,2026-07-05T07:56:04,https://api.quant-aq.com/v1/devices/MOD-00631/data/722722134
208.02,532.17,"{'lat': None, 'lon': None}","{'rh': 38.5, 'temp': 26.7, 'wd': 0.0, 'ws': 0.0, 'ws_scalar': 0.0}","{'gas': {'co': 18172, 'co2': 13279, 'no': 18173, 'no2': 18174, 'o3': 18175}, 'pm': {'pm1': 13254, 'pm10': 13256, 'pm25': 13255}}",15.8,5.83,12.01,5.29,11.13,5.66,722720137,38.5,MOD-00631,26.7,2026-07-05T14:55:04,2026-07-05T07:55:04,https://api.quant-aq.com/v1/devices/MOD-00631/data/722719937
200.09,535.54,"{'lat': None, 'lon': None}","{'rh': 38.7, 'temp': 26.7, 'wd': 0.0, 'ws': 0.0, 'ws_scalar': 0.0}","{'gas': {'co': 18172, 'co2': 13279, 'no': 18173, 'no2': 18174, 'o3': 18175}, 'pm': {'pm1': 13254, 'pm10': 13256, 'pm25': 13255}}",16.29,5.9,10.5,5.28,10.49,5.84,722720139,38.7,MOD-00631,26.7,2026-07-05T14:54:04,2026-07-05T07:54:04,https://api.quant-aq.com/v1/devices/MOD-00631/data/722719938
210.09,534.7,"{'lat': None, 'lon': None}","{'rh': 38.9, 'temp': 26.6, 'wd': 0.0, 'ws': 0.0, 'ws_scalar': 0.0}","{'gas': {'co': 18172, 'co2': 13279, 'no': 18173, 'no2': 18174, 'o3': 18175}, 'pm': {'pm1': 13254, 'pm10': 13256, 'pm25': 13255}}",14.63,5.82,12.11,5.15,12.51,5.71,722720138,38.9,MOD-00631,26.6,2026-07-05T14:53:04,2026-07-05T07:53:04,https://api.quant-aq.com/v1/devices/MOD-00631/data/722719936
213.26,536.38,"{'lat': None, 'lon': None}","{'rh': 38.9, 'temp': 26.5, 'wd': 0.0, 'ws': 0.0, 'ws_scalar': 0.0}","{'gas': {'co': 18172, 'co2': 13279, 'no': 18173, 'no2': 18174, 'o3': 18175}, 'pm': {'pm1': 13254, 'pm10': 13256, 'pm25': 13255}}",16.19,5.86,11.54,5.65,8.01,6.1,722720140,38.9,MOD-00631,26.5,2026-07-05T14:52:04,2026-07-05T07:52:04,https://api.quant-aq.com/v1/devices/MOD-00631/data/722719939
211.89,537.59,"{'lat': None, 'lon': None}","{'rh': 39.1, 'temp': 26.5, 'wd': 0.0, 'ws': 0.0, 'ws_scalar': 0.0}","{'gas': {'co': 18172, 'co2': 13279, 'no': 18173, 'no2': 18174, 'o3': 18175}, 'pm': {'pm1': 13254, 'pm10': 13256, 'pm25': 13255}}",17.2,5.98,10.83,5.26,10.73,5.63,722717903,39.1,MOD-00631,26.5,2026-07-05T14:51:04,2026-07-05T07:51:04,https://api.quant-aq.com/v1/devices/MOD-00631/data/722717703
210.48,540.24,"{'lat': None, 'lon': None}","{'rh': 39.2, 'temp': 26.4, 'wd': 0.0, 'ws': 0.0, 'ws_scalar': 0.0}","{'gas': {'co': 18172, 'co2': 13279, 'no': 18173, 'no2': 18174, 'o3': 18175}, 'pm': {'pm1': 13254, 'pm10': 13256, 'pm25': 13255}}",18.37,5.83,11.66,5.45,13.64,5.95,722717898,39.2,MOD-00631,26.4,2026-07-05T14:50:04,2026-07-05T07:50:04,https://api.quant-aq.com/v1/devices/MOD-00631/data/722717697
231.82,543.01,"{'lat': None, 'lon': None}","{'rh': 39.6, 'temp': 26.3, 'wd': 0.0, 'ws': 0.0, 'ws_scalar': 0.0}","{'gas': {'co': 18172, 'co2': 13279, 'no': 18173, 'no2': 18174, 'o3': 18175}, 'pm': {'pm1': 13254, 'pm10': 13256, 'pm25': 13255}}",18.68,6.05,10.69,5.17,9.26,5.57,722717905,39.6,MOD-00631,26.3,2026-07-05T14:49:04,2026-07-05T07:49:04,https://api.quant-aq.com/v1/devices/MOD-00631/data/722717704
224.28,543.61,"{'lat': None, 'lon': None}","{'rh': 40.1, 'temp': 26.1, 'wd': 0.0, 'ws': 0.0, 'ws_scalar': 0.0}","{'gas': {'co': 18172, 'co2': 13279, 'no': 18173, 'no2': 18174, 'o3': 18175}, 'pm': {'pm1': 13254, 'pm10': 13256, 'pm25': 13255}}",18.07,6.14,9.85,5.38,14.12,5.85,722717900,40.1,MOD-00631,26.1,2026-07-05T14:48:04,2026-07-05T07:48:04,https://api.quant-aq.com/v1/devices/MOD-00631/data/722717700
220.88,544.45,"{'lat': None, 'lon': None}","{'rh': 40.7, 'temp': 26.0, 'wd': 0.0, 'ws': 0.0, 'ws_scalar': 0.0}","{'gas': {'co': 18172, 'co2': 13279, 'no': 18173, 'no2': 18174, 'o3': 18175}, 'pm': {'pm1': 13254, 'pm10': 13256, 'pm25': 13255}}",16.9,6.15,10.94,5.23,10.73,5.7,722715767,40.7,MOD-00631,26.0,2026-07-05T14:47:04,2026-07-05T07:47:04,https://api.quant-aq.com/v1/devices/MOD-00631/data/722715566
216.25,544.21,"{'lat': None, 'lon': None}","{'rh': 40.7, 'temp': 25.9, 'wd': 0.0, 'ws': 0.0, 'ws_scalar': 0.0}","{'gas': {'co': 18172, 'co2': 13279, 'no': 18173, 'no2': 18174, 'o3': 18175}, 'pm': {'pm1': 13254, 'pm10': 13256, 'pm25': 13255}}",18.23,6.11,10.16,4.77,9.38,5.22,722715765,40.7,MOD-00631,25.9,2026-07-05T14:46:04,2026-07-05T07:46:04,https://api.quant-aq.com/v1/devices/MOD-00631/data/722715564
214.52,543.49,"{'lat': None, 'lon': None}","{'rh': 41.1, 'temp': 25.7, 'wd': 0.0, 'ws': 0.0, 'ws_scalar': 0.0}","{'gas': {'co': 18172, 'co2': 13279, 'no': 18173, 'no2': 18174, 'o3': 18175}, 'pm': {'pm1': 13254, 'pm10': 13256, 'pm25': 13255}}",18.07,6.0,11.19,5.8,16.3,6.18,722715764,41.1,MOD-00631,25.7,2026-07-05T14:45:04,2026-07-05T07:45:04,https://api.quant-aq.com/v1/devices/MOD-00631/data/722715563
227.66,545.42,"{'lat': None, 'lon': None}","{'rh': 41.5, 'temp': 25.6, 'wd': 0.0, 'ws': 0.0, 'ws_scalar': 0.0}","{'gas': {'co': 18172, 'co2': 13279, 'no': 18173, 'no2': 18174, 'o3': 18175}, 'pm': {'pm1': 13254, 'pm10': 13256, 'pm25': 13255}}",16.86,5.97,10.35,5.49,12.19,5.86,722715766,41.5,MOD-00631,25.6,2026-07-05T14:44:04,2026-07-05T07:44:04,https://api.quant-aq.com/v1/devices/MOD-00631/data/722715565
226.72,547.94,"{'lat': None, 'lon': None}","{'rh': 42.1, 'temp': 25.5, 'wd': 0.0, 'ws': 0.0, 'ws_scalar': 0.0}","{'gas': {'co': 18172, 'co2': 13279, 'no': 18173, 'no2': 18174, 'o3': 18175}, 'pm': {'pm1': 13254, 'pm10': 13256, 'pm25': 13255}}",19.01,5.85,10.16,5.06,9.22,5.61,722713599,42.1,MOD-00631,25.5,2026-07-05T14:43:04,2026-07-05T07:43:04,https://api.quant-aq.com/v1/devices/MOD-00631/data/722713400
224.38,546.74,"{'lat': None, 'lon': None}","{'rh': 42.2, 'temp': 25.3, 'wd': 0.0, 'ws': 0.0, 'ws_scalar': 0.0}","{'gas': {'co': 18172, 'co2': 13279, 'no': 18173, 'no2': 18174, 'o3': 18175}, 'pm': {'pm1': 13254, 'pm10': 13256, 'pm25': 13255}}",19.16,5.74,9.47,5.42,10.52,5.9,722713603,42.2,MOD-00631,25.3,2026-07-05T14:42:04,2026-07-05T07:42:04,https://api.quant-aq.com/v1/devices/MOD-00631/data/722713403
225.16,548.31,"{'lat': None, 'lon': None}","{'rh': 42.1, 'temp': 25.2, 'wd': 0.0, 'ws': 0.0, 'ws_scalar': 0.0}","{'gas': {'co': 18172, 'co2': 13279, 'no': 18173, 'no2': 18174, 'o3': 18175}, 'pm': {'pm1': 13254, 'pm10': 13256, 'pm25': 13255}}",19.39,5.74,9.07,4.98,7.3,5.38,722713601,42.1,MOD-00631,25.2,2026-07-05T14:41:04,2026-07-05T07:41:04,https://api.quant-aq.com/v1/devices/MOD-00631/data/722713402
216.98,547.7,"{'lat': None, 'lon': None}","{'rh': 42.5, 'temp': 25.1, 'wd': 0.0, 'ws': 0.0, 'ws_scalar': 0.0}","{'gas': {'co': 18172, 'co2': 13279, 'no': 18173, 'no2': 18174, 'o3': 18175}, 'pm': {'pm1': 13254, 'pm10': 13256, 'pm25': 13255}}",17.29,5.6,9.84,4.41,6.62,5.0,722713598,42.5,MOD-00631,25.1,2026-07-05T14:40:04,2026-07-05T07:40:04,https://api.quant-aq.com/v1/devices/MOD-00631/data/722713398
224.14,550.35,"{'lat': None, 'lon': None}","{'rh': 42.5, 'temp': 24.9, 'wd': 0.0, 'ws': 0.0, 'ws_scalar': 0.0}","{'gas': {'co': 18172, 'co2': 13279, 'no': 18173, 'no2': 18174, 'o3': 18175}, 'pm': {'pm1': 13254, 'pm10': 13256, 'pm25': 13255}}",18.43,5.51,10.69,4.5,7.25,5.0,722711417,42.5,MOD-00631,24.9,2026-07-05T14:39:04,2026-07-05T07:39:04,https://api.quant-aq.com/v1/devices/MOD-00631/data/722711216
226.62,549.87,"{'lat': None, 'lon': None}","{'rh': 42.9, 'temp': 24.8, 'wd': 0.0, 'ws': 0.0, 'ws_scalar': 0.0}","{'gas': {'co': 18172, 'co2': 13279, 'no': 18173, 'no2': 18174, 'o3': 18175}, 'pm': {'pm1': 13254, 'pm10': 13256, 'pm25': 13255}}",15.7,5.36,9.27,5.0,7.18,5.5,722711419,42.9,MOD-00631,24.8,2026-07-05T14:38:04,2026-07-05T07:38:04,https://api.quant-aq.com/v1/devices/MOD-00631/data/722711218
226.77,549.51,"{'lat': None, 'lon': None}","{'rh': 43.1, 'temp': 24.7, 'wd': 0.0, 'ws': 0.0, 'ws_scalar': 0.0}","{'gas': {'co': 18172, 'co2': 13279, 'no': 18173, 'no2': 18174, 'o3': 18175}, 'pm': {'pm1': 13254, 'pm10': 13256, 'pm25': 13255}}",13.71,5.28,11.34,4.6,7.46,4.93,722711418,43.1,MOD-00631,24.7,2026-07-05T14:37:04,2026-07-05T07:37:04,https://api.quant-aq.com/v1/devices/MOD-00631/data/722711217
219.71,550.11,"{'lat': None, 'lon': None}","{'rh': 43.5, 'temp': 24.5, 'wd': 0.0, 'ws': 0.0, 'ws_scalar': 0.0}","{'gas': {'co': 18172, 'co2': 13279, 'no': 18173, 'no2': 18174, 'o3': 18175}, 'pm': {'pm1': 13254, 'pm10': 13256, 'pm25': 13255}}",11.37,5.11,9.51,4.23,5.77,4.61,722711420,43.5,MOD-00631,24.5,2026-07-05T14:36:04,2026-07-05T07:36:04,https://api.quant-aq.com/v1/devices/MOD-00631/data/722711219
219.25,552.28,"{'lat': None, 'lon': None}","{'rh': 44.0, 'temp': 24.4, 'wd': 0.0, 'ws': 0.0, 'ws_scalar': 0.0}","{'gas': {'co': 18172, 'co2': 13279, 'no': 18173, 'no2': 18174, 'o3': 18175}, 'pm': {'pm1': 13254, 'pm10': 13256, 'pm25': 13255}}",9.38,4.91,11.39,3.77,6.43,4.06,722709237,44.0,MOD-00631,24.4,2026-07-05T14:35:04,2026-07-05T07:35:04,https://api.quant-aq.com/v1/devices/MOD-00631/data/722709037
219.89,552.88,"{'lat': None, 'lon': None}","{'rh': 44.1, 'temp': 24.3, 'wd': 0.0, 'ws': 0.0, 'ws_scalar': 0.0}","{'gas': {'co': 18172, 'co2': 13279, 'no': 18173, 'no2': 18174, 'o3': 18175}, 'pm': {'pm1': 13254, 'pm10': 13256, 'pm25': 13255}}",8.48,4.88,10.73,4.35,6.87,4.72,722709238,44.1,MOD-00631,24.3,2026-07-05T14:34:04,2026-07-05T07:34:04,https://api.quant-aq.com/v1/devices/MOD-00631/data/722709036
223.08,556.26,"{'lat': None, 'lon': None}","{'rh': 44.5, 'temp': 24.1, 'wd': 0.0, 'ws': 0.0, 'ws_scalar': 0.0}","{'gas': {'co': 18172, 'co2': 13279, 'no': 18173, 'no2': 18174, 'o3': 18175}, 'pm': {'pm1': 13254, 'pm10': 13256, 'pm25': 13255}}",7.78,4.65,9.78,3.97,9.02,4.3,722709236,44.5,MOD-00631,24.1,2026-07-05T14:33:04,2026-07-05T07:33:04,https://api.quant-aq.com/v1/devices/MOD-00631/data/722709035
224.11,554.81,"{'lat': None, 'lon': None}","{'rh': 45.2, 'temp': 24.0, 'wd': 0.0, 'ws': 0.0, 'ws_scalar': 0.0}","{'gas': {'co': 18172, 'co2': 13279, 'no': 18173, 'no2': 18174, 'o3': 18175}, 'pm': {'pm1': 13254, 'pm10': 13256, 'pm25': 13255}}",5.71,4.49,10.32,3.93,6.27,4.26,722709235,45.2,MOD-00631,24.0,2026-07-05T14:32:04,2026-07-05T07:32:04,https://api.quant-aq.com/v1/devices/MOD-00631/data/722709034
217.4,555.77,"{'lat': None, 'lon': None}","{'rh': 45.1, 'temp': 23.8, 'wd': 0.0, 'ws': 0.0, 'ws_scalar': 0.0}","{'gas': {'co': 18172, 'co2': 13279, 'no': 18173, 'no2': 18174, 'o3': 18175}, 'pm': {'pm1': 13254, 'pm10': 13256, 'pm25': 13255}}",5.04,4.44,10.68,3.51,5.26,3.81,722707055,45.1,MOD-00631,23.8,2026-07-05T14:31:04,2026-07-05T07:31:04,https://api.quant-aq.com/v1/devices/MOD-00631/data/722706854
220.23,554.57,"{'lat': None, 'lon': None}","{'rh': 45.0, 'temp': 23.7, 'wd': 0.0, 'ws': 0.0, 'ws_scalar': 0.0}","{'gas': {'co': 18172, 'co2': 13279, 'no': 18173, 'no2': 18174, 'o3': 18175}, 'pm': {'pm1': 13254, 'pm10': 13256, 'pm25': 13255}}",5.1,4.46,10.37,3.68,9.92,3.93,722707057,45.0,MOD-00631,23.7,2026-07-05T14:30:04,2026-07-05T07:30:04,https://api.quant-aq.com/v1/devices/MOD-00631/data/722706855
221.92,549.87,"{'lat': None, 'lon': None}","{'rh': 45.2, 'temp': 23.5, 'wd': 0.0, 'ws': 0.0, 'ws_scalar': 0.0}","{'gas': {'co': 18172, 'co2': 13279, 'no': 18173, 'no2': 18174, 'o3': 18175}, 'pm': {'pm1': 13254, 'pm10': 13256, 'pm25': 13255}}",5.23,4.45,10.29,4.02,6.15,4.29,722707058,45.2,MOD-00631,23.5,2026-07-05T14:29:04,2026-07-05T07:29:04,https://api.quant-aq.com/v1/devices/MOD-00631/data/722706857
216.13,554.69,"{'lat': None, 'lon': None}","{'rh': 45.7, 'temp': 23.4, 'wd': 0.0, 'ws': 0.0, 'ws_scalar': 0.0}","{'gas': {'co': 18172, 'co2': 13279, 'no': 18173, 'no2': 18174, 'o3': 18175}, 'pm': {'pm1': 13254, 'pm10': 13256, 'pm25': 13255}}",5.0,4.34,10.72,3.2,5.97,3.47,722707056,45.7,MOD-00631,23.4,2026-07-05T14:28:04,2026-07-05T07:28:04,https://api.quant-aq.com/v1/devices/MOD-00631/data/722706856
221.3,557.58,"{'lat': None, 'lon': None}","{'rh': 46.2, 'temp': 23.2, 'wd': 0.0, 'ws': 0.0, 'ws_scalar': 0.0}","{'gas': {'co': 18172, 'co2': 13279, 'no': 18173, 'no2': 18174, 'o3': 18175}, 'pm': {'pm1': 13254, 'pm10': 13256, 'pm25': 13255}}",5.14,4.18,8.18,3.46,5.33,3.83,722704892,46.2,MOD-00631,23.2,2026-07-05T14:27:04,2026-07-05T07:27:04,https://api.quant-aq.com/v1/devices/MOD-00631/data/722704691
220.14,559.03,"{'lat': None, 'lon': None}","{'rh': 47.1, 'temp': 23.1, 'wd': 0.0, 'ws': 0.0, 'ws_scalar': 0.0}","{'gas': {'co': 18172, 'co2': 13279, 'no': 18173, 'no2': 18174, 'o3': 18175}, 'pm': {'pm1': 13254, 'pm10': 13256, 'pm25': 13255}}",4.61,3.87,8.3,3.2,5.43,3.64,722704893,47.1,MOD-00631,23.1,2026-07-05T14:26:04,2026-07-05T07:26:04,https://api.quant-aq.com/v1/devices/MOD-00631/data/722704692
221.69,561.8,"{'lat': None, 'lon': None}","{'rh': 47.5, 'temp': 22.9, 'wd': 0.0, 'ws': 0.0, 'ws_scalar': 0.0}","{'gas': {'co': 18172, 'co2': 13279, 'no': 18173, 'no2': 18174, 'o3': 18175}, 'pm': {'pm1': 13254, 'pm10': 13256, 'pm25': 13255}}",4.12,3.77,8.5,3.58,9.34,3.96,722704891,47.5,MOD-00631,22.9,2026-07-05T14:25:04,2026-07-05T07:25:04,https://api.quant-aq.com/v1/devices/MOD-00631/data/722704690
227.6,561.92,"{'lat': None, 'lon': None}","{'rh': 47.1, 'temp': 22.8, 'wd': 0.0, 'ws': 0.0, 'ws_scalar': 0.0}","{'gas': {'co': 18172, 'co2': 13279, 'no': 18173, 'no2': 18174, 'o3': 18175}, 'pm': {'pm1': 13254, 'pm10': 13256, 'pm25': 13255}}",3.85,3.84,10.16,3.43,6.47,3.63,722704890,47.1,MOD-00631,22.8,2026-07-05T14:24:04,2026-07-05T07:24:04,https://api.quant-aq.com/v1/devices/MOD-00631/data/722704689
226.15,563.12,"{'lat': None, 'lon': None}","{'rh': 47.1, 'temp': 22.6, 'wd': 0.0, 'ws': 0.0, 'ws_scalar': 0.0}","{'gas': {'co': 18172, 'co2': 13279, 'no': 18173, 'no2': 18174, 'o3': 18175}, 'pm': {'pm1': 13254, 'pm10': 13256, 'pm25': 13255}}",4.44,3.79,9.02,3.87,5.2,4.22,722702731,47.1,MOD-00631,22.6,2026-07-05T14:23:04,2026-07-05T07:23:04,https://api.quant-aq.com/v1/devices/MOD-00631/data/722702530
222.96,562.52,"{'lat': None, 'lon': None}","{'rh': 47.4, 'temp': 22.5, 'wd': 0.0, 'ws': 0.0, 'ws_scalar': 0.0}","{'gas': {'co': 18172, 'co2': 13279, 'no': 18173, 'no2': 18174, 'o3': 18175}, 'pm': {'pm1': 13254, 'pm10': 13256, 'pm25': 13255}}",4.99,3.81,8.93,3.52,6.55,3.81,722702732,47.4,MOD-00631,22.5,2026-07-05T14:22:04,2026-07-05T07:22:04,https://api.quant-aq.com/v1/devices/MOD-00631/data/722702531
222.32,563.96,"{'lat': None, 'lon': None}","{'rh': 48.0, 'temp': 22.3, 'wd': 0.0, 'ws': 0.0, 'ws_scalar': 0.0}","{'gas': {'co': 18172, 'co2': 13279, 'no': 18173, 'no2': 18174, 'o3': 18175}, 'pm': {'pm1': 13254, 'pm10': 13256, 'pm25': 13255}}",4.19,3.69,9.45,3.32,4.95,3.57,722702728,48.0,MOD-00631,22.3,2026-07-05T14:21:04,2026-07-05T07:21:04,https://api.quant-aq.com/v1/devices/MOD-00631/data/722702527
219.68,564.45,"{'lat': None, 'lon': None}","{'rh': 48.1, 'temp': 22.2, 'wd': 0.0, 'ws': 0.0, 'ws_scalar': 0.0}","{'gas': {'co': 18172, 'co2': 13279, 'no': 18173, 'no2': 18174, 'o3': 18175}, 'pm': {'pm1': 13254, 'pm10': 13256, 'pm25': 13255}}",4.41,3.75,9.61,3.5,5.31,3.71,722702727,48.1,MOD-00631,22.2,2026-07-05T14:20:04,2026-07-05T07:20:04,https://api.quant-aq.com/v1/devices/MOD-00631/data/722702526
222.48,565.17,"{'lat': None, 'lon': None}","{'rh': 49.2, 'temp': 22.1, 'wd': 0.0, 'ws': 0.0, 'ws_scalar': 0.0}","{'gas': {'co': 18172, 'co2': 13279, 'no': 18173, 'no2': 18174, 'o3': 18175}, 'pm': {'pm1': 13254, 'pm10': 13256, 'pm25': 13255}}",4.52,3.62,9.96,3.49,10.32,3.82,722700506,49.2,MOD-00631,22.1,2026-07-05T14:19:04,2026-07-05T07:19:04,https://api.quant-aq.com/v1/devices/MOD-00631/data/722700304
227.38,565.29,"{'lat': None, 'lon': None}","{'rh': 49.5, 'temp': 21.9, 'wd': 0.0, 'ws': 0.0, 'ws_scalar': 0.0}","{'gas': {'co': 18172, 'co2': 13279, 'no': 18173, 'no2': 18174, 'o3': 18175}, 'pm': {'pm1': 13254, 'pm10': 13256, 'pm25': 13255}}",4.5,3.6,10.17,3.66,5.47,3.99,722700505,49.5,MOD-00631,21.9,2026-07-05T14:18:04,2026-07-05T07:18:04,https://api.quant-aq.com/v1/devices/MOD-00631/data/722700305
224.87,566.25,"{'lat': None, 'lon': None}","{'rh': 50.0, 'temp': 21.8, 'wd': 0.0, 'ws': 0.0, 'ws_scalar': 0.0}","{'gas': {'co': 18172, 'co2': 13279, 'no': 18173, 'no2': 18174, 'o3': 18175}, 'pm': {'pm1': 13254, 'pm10': 13256, 'pm25': 13255}}",4.42,3.58,10.27,3.13,6.94,3.47,722700503,50.0,MOD-00631,21.8,2026-07-05T14:17:04,2026-07-05T07:17:04,https://api.quant-aq.com/v1/devices/MOD-00631/data/722700303
224.42,568.42,"{'lat': None, 'lon': None}","{'rh': 50.9, 'temp': 21.6, 'wd': 0.0, 'ws': 0.0, 'ws_scalar': 0.0}","{'gas': {'co': 18172, 'co2': 13279, 'no': 18173, 'no2': 18174, 'o3': 18175}, 'pm': {'pm1': 13254, 'pm10': 13256, 'pm25': 13255}}",3.95,3.64,9.16,3.15,4.91,3.39,722700504,50.9,MOD-00631,21.6,2026-07-05T14:16:04,2026-07-05T07:16:04,https://api.quant-aq.com/v1/devices/MOD-00631/data/722700302
230.32,569.14,"{'lat': None, 'lon': None}","{'rh': 51.1, 'temp': 21.5, 'wd': 0.0, 'ws': 0.0, 'ws_scalar': 0.0}","{'gas': {'co': 18172, 'co2': 13279, 'no': 18173, 'no2': 18174, 'o3': 18175}, 'pm': {'pm1': 13254, 'pm10': 13256, 'pm25': 13255}}",4.18,3.7,9.36,3.66,5.06,4.02,722698279,51.1,MOD-00631,21.5,2026-07-05T14:15:04,2026-07-05T07:15:04,https://api.quant-aq.com/v1/devices/MOD-00631/data/722698078
230.09,570.11,"{'lat': None, 'lon': None}","{'rh': 51.7, 'temp': 21.3, 'wd': 0.0, 'ws': 0.0, 'ws_scalar': 0.0}","{'gas': {'co': 18172, 'co2': 13279, 'no': 18173, 'no2': 18174, 'o3': 18175}, 'pm': {'pm1': 13254, 'pm10': 13256, 'pm25': 13255}}",4.01,3.66,10.5,3.17,6.35,3.54,722698278,51.7,MOD-00631,21.3,2026-07-05T14:14:04,2026-07-05T07:14:04,https://api.quant-aq.com/v1/devices/MOD-00631/data/722698076
229.84,572.15,"{'lat': None, 'lon': None}","{'rh': 51.9, 'temp': 21.2, 'wd': 0.0, 'ws': 0.0, 'ws_scalar': 0.0}","{'gas': {'co': 18172, 'co2': 13279, 'no': 18173, 'no2': 18174, 'o3': 18175}, 'pm': {'pm1': 13254, 'pm10': 13256, 'pm25': 13255}}",3.61,3.64,10.62,3.67,8.54,3.96,722698276,51.9,MOD-00631,21.2,2026-07-05T14:13:04,2026-07-05T07:13:04,https://api.quant-aq.com/v1/devices/MOD-00631/data/722698075
225.08,568.66,"{'lat': None, 'lon': None}","{'rh': 52.1, 'temp': 21.1, 'wd': 0.0, 'ws': 0.0, 'ws_scalar': 0.0}","{'gas': {'co': 18172, 'co2': 13279, 'no': 18173, 'no2': 18174, 'o3': 18175}, 'pm': {'pm1': 13254, 'pm10': 13256, 'pm25': 13255}}",3.26,3.85,9.42,3.22,4.63,3.53,722698277,52.1,MOD-00631,21.1,2026-07-05T14:12:04,2026-07-05T07:12:04,https://api.quant-aq.com/v1/devices/MOD-00631/data/722698077
230.67,570.23,"{'lat': None, 'lon': None}","{'rh': 52.0, 'temp': 20.9, 'wd': 0.0, 'ws': 0.0, 'ws_scalar': 0.0}","{'gas': {'co': 18172, 'co2': 13279, 'no': 18173, 'no2': 18174, 'o3': 18175}, 'pm': {'pm1': 13254, 'pm10': 13256, 'pm25': 13255}}",3.95,3.66,10.2,3.1,6.44,3.35,722696124,52.0,MOD-00631,20.9,2026-07-05T14:11:04,2026-07-05T07:11:04,https://api.quant-aq.com/v1/devices/MOD-00631/data/722695923
228.57,571.07,"{'lat': None, 'lon': None}","{'rh': 52.5, 'temp': 20.8, 'wd': 0.0, 'ws': 0.0, 'ws_scalar': 0.0}","{'gas': {'co': 18172, 'co2': 13279, 'no': 18173, 'no2': 18174, 'o3': 18175}, 'pm': {'pm1': 13254, 'pm10': 13256, 'pm25': 13255}}",4.19,3.76,9.8,3.69,6.89,4.03,722696122,52.5,MOD-00631,20.8,2026-07-05T14:10:04,2026-07-05T07:10:04,https://api.quant-aq.com/v1/devices/MOD-00631/data/722695921
233.4,571.67,"{'lat': None, 'lon': None}","{'rh': 52.9, 'temp': 20.6, 'wd': 0.0, 'ws': 0.0, 'ws_scalar': 0.0}","{'gas': {'co': 18172, 'co2': 13279, 'no': 18173, 'no2': 18174, 'o3': 18175}, 'pm': {'pm1': 13254, 'pm10': 13256, 'pm25': 13255}}",4.02,3.72,10.04,3.32,5.95,3.68,722696125,52.9,MOD-00631,20.6,2026-07-05T14:09:04,2026-07-05T07:09:04,https://api.quant-aq.com/v1/devices/MOD-00631/data/722695924
230.61,571.91,"{'lat': None, 'lon': None}","{'rh': 53.2, 'temp': 20.5, 'wd': 0.0, 'ws': 0.0, 'ws_scalar': 0.0}","{'gas': {'co': 18172, 'co2': 13279, 'no': 18173, 'no2': 18174, 'o3': 18175}, 'pm': {'pm1': 13254, 'pm10': 13256, 'pm25': 13255}}",3.78,3.79,8.87,3.1,4.18,3.47,722696123,53.2,MOD-00631,20.5,2026-07-05T14:08:04,2026-07-05T07:08:04,https://api.quant-aq.com/v1/devices/MOD-00631/data/722695922
232.2,574.8,"{'lat': None, 'lon': None}","{'rh': 53.7, 'temp': 20.4, 'wd': 0.0, 'ws': 0.0, 'ws_scalar': 0.0}","{'gas': {'co': 18172, 'co2': 13279, 'no': 18173, 'no2': 18174, 'o3': 18175}, 'pm': {'pm1': 13254, 'pm10': 13256, 'pm25': 13255}}",4.64,3.83,10.09,3.22,5.0,3.46,722693978,53.7,MOD-00631,20.4,2026-07-05T14:07:04,2026-07-05T07:07:04,https://api.quant-aq.com/v1/devices/MOD-00631/data/722693778
233.47,574.68,"{'lat': None, 'lon': None}","{'rh': 54.5, 'temp': 20.2, 'wd': 0.0, 'ws': 0.0, 'ws_scalar': 0.0}","{'gas': {'co': 18172, 'co2': 13279, 'no': 18173, 'no2': 18174, 'o3': 18175}, 'pm': {'pm1': 13254, 'pm10': 13256, 'pm25': 13255}}",3.7,3.89,9.35,3.33,5.63,3.61,722693980,54.5,MOD-00631,20.2,2026-07-05T14:06:04,2026-07-05T07:06:04,https://api.quant-aq.com/v1/devices/MOD-00631/data/722693779
237.18,571.31,"{'lat': None, 'lon': None}","{'rh': 54.9, 'temp': 20.1, 'wd': 0.0, 'ws': 0.0, 'ws_scalar': 0.0}","{'gas': {'co': 18172, 'co2': 13279, 'no': 18173, 'no2': 18174, 'o3': 18175}, 'pm': {'pm1': 13254, 'pm10': 13256, 'pm25': 13255}}",4.4,3.83,9.58,2.98,6.11,3.21,722693979,54.9,MOD-00631,20.1,2026-07-05T14:05:04,2026-07-05T07:05:04,https://api.quant-aq.com/v1/devices/MOD-00631/data/722693777
235.23,574.2,"{'lat': None, 'lon': None}","{'rh': 55.6, 'temp': 19.9, 'wd': 0.0, 'ws': 0.0, 'ws_scalar': 0.0}","{'gas': {'co': 18172, 'co2': 13279, 'no': 18173, 'no2': 18174, 'o3': 18175}, 'pm': {'pm1': 13254, 'pm10': 13256, 'pm25': 13255}}",3.64,3.99,9.27,3.39,7.0,3.6,722693977,55.6,MOD-00631,19.9,2026-07-05T14:04:04,2026-07-05T07:04:04,https://api.quant-aq.com/v1/devices/MOD-00631/data/722693776
240.58,580.34,"{'lat': None, 'lon': None}","{'rh': 56.0, 'temp': 19.8, 'wd': 0.0, 'ws': 0.0, 'ws_scalar': 0.0}","{'gas': {'co': 18172, 'co2': 13279, 'no': 18173, 'no2': 18174, 'o3': 18175}, 'pm': {'pm1': 13254, 'pm10': 13256, 'pm25': 13255}}",3.63,3.92,9.96,3.28,16.32,3.64,722691773,56.0,MOD-00631,19.8,2026-07-05T14:03:04,2026-07-05T07:03:04,https://api.quant-aq.com/v1/devices/MOD-00631/data/722691572
246.5,577.09,"{'lat': None, 'lon': None}","{'rh': 56.6, 'temp': 19.6, 'wd': 0.0, 'ws': 0.0, 'ws_scalar': 0.0}","{'gas': {'co': 18172, 'co2': 13279, 'no': 18173, 'no2': 18174, 'o3': 18175}, 'pm': {'pm1': 13254, 'pm10': 13256, 'pm25': 13255}}",3.6,4.02,9.9,3.46,5.62,3.78,722691770,56.6,MOD-00631,19.6,2026-07-05T14:02:04,2026-07-05T07:02:04,https://api.quant-aq.com/v1/devices/MOD-00631/data/722691569
239.28,579.5,"{'lat': None, 'lon': None}","{'rh': 56.8, 'temp': 19.5, 'wd': 0.0, 'ws': 0.0, 'ws_scalar': 0.0}","{'gas': {'co': 18172, 'co2': 13279, 'no': 18173, 'no2': 18174, 'o3': 18175}, 'pm': {'pm1': 13254, 'pm10': 13256, 'pm25': 13255}}",3.76,3.94,9.23,3.38,4.99,3.68,722691771,56.8,MOD-00631,19.5,2026-07-05T14:01:04,2026-07-05T07:01:04,https://api.quant-aq.com/v1/devices/MOD-00631/data/722691571
237.82,577.33,"{'lat': None, 'lon': None}","{'rh': 57.4, 'temp': 19.3, 'wd': 0.0, 'ws': 0.0, 'ws_scalar': 0.0}","{'gas': {'co': 18172, 'co2': 13279, 'no': 18173, 'no2': 18174, 'o3': 18175}, 'pm': {'pm1': 13254, 'pm10': 13256, 'pm25': 13255}}",3.8,3.95,9.09,3.46,4.69,3.74,722691772,57.4,MOD-00631,19.3,2026-07-05T14:00:04,2026-07-05T07:00:04,https://api.quant-aq.com/v1/devices/MOD-00631/data/722691570
245.7,577.57,"{'lat': None, 'lon': None}","{'rh': 57.7, 'temp': 19.2, 'wd': 0.0, 'ws': 0.0, 'ws_scalar': 0.0}","{'gas': {'co': 18172, 'co2': 13279, 'no': 18173, 'no2': 18174, 'o3': 18175}, 'pm': {'pm1': 13254, 'pm10': 13256, 'pm25': 13255}}",3.78,3.97,9.87,3.57,9.59,3.82,722689633,57.7,MOD-00631,19.2,2026-07-05T13:59:04,2026-07-05T06:59:04,https://api.quant-aq.com/v1/devices/MOD-00631/data/722689431
246.13,580.71,"{'lat': None, 'lon': None}","{'rh': 58.1, 'temp': 19.1, 'wd': 0.0, 'ws': 0.0, 'ws_scalar': 0.0}","{'gas': {'co': 18172, 'co2': 13279, 'no': 18173, 'no2': 18174, 'o3': 18175}, 'pm': {'pm1': 13254, 'pm10': 13256, 'pm25': 13255}}",3.71,4.02,8.23,3.37,3.96,3.54,722689632,58.1,MOD-00631,19.1,2026-07-05T13:58:04,2026-07-05T06:58:04,https://api.quant-aq.com/v1/devices/MOD-00631/data/722689432
249.99,581.19,"{'lat': None, 'lon': None}","{'rh': 58.7, 'temp': 18.9, 'wd': 0.0, 'ws': 0.0, 'ws_scalar': 0.0}","{'gas': {'co': 18172, 'co2': 13279, 'no': 18173, 'no2': 18174, 'o3': 18175}, 'pm': {'pm1': 13254, 'pm10': 13256, 'pm25': 13255}}",3.76,3.95,8.79,3.38,4.27,3.64,722689630,58.7,MOD-00631,18.9,2026-07-05T13:57:04,2026-07-05T06:57:04,https://api.quant-aq.com/v1/devices/MOD-00631/data/722689429
255.06,581.07,"{'lat': None, 'lon': None}","{'rh': 59.5, 'temp': 18.8, 'wd': 0.0, 'ws': 0.0, 'ws_scalar': 0.0}","{'gas': {'co': 18172, 'co2': 13279, 'no': 18173, 'no2': 18174, 'o3': 18175}, 'pm': {'pm1': 13254, 'pm10': 13256, 'pm25': 13255}}",3.89,4.0,10.32,3.58,4.31,3.79,722689631,59.5,MOD-00631,18.8,2026-07-05T13:56:04,2026-07-05T06:56:04,https://api.quant-aq.com/v1/devices/MOD-00631/data/722689430
253.74,580.71,"{'lat': None, 'lon': None}","{'rh': 59.9, 'temp': 18.6, 'wd': 0.0, 'ws': 0.0, 'ws_scalar': 0.0}","{'gas': {'co': 18172, 'co2': 13279, 'no': 18173, 'no2': 18174, 'o3': 18175}, 'pm': {'pm1': 13254, 'pm10': 13256, 'pm25': 13255}}",3.63,3.97,9.4,3.44,6.66,3.63,722687427,59.9,MOD-00631,18.6,2026-07-05T13:55:04,2026-07-05T06:55:04,https://api.quant-aq.com/v1/devices/MOD-00631/data/722687226
262.23,585.04,"{'lat': None, 'lon': None}","{'rh': 60.5, 'temp': 18.5, 'wd': 0.0, 'ws': 0.0, 'ws_scalar': 0.0}","{'gas': {'co': 18172, 'co2': 13279, 'no': 18173, 'no2': 18174, 'o3': 18175}, 'pm': {'pm1': 13254, 'pm10': 13256, 'pm25': 13255}}",3.69,3.98,8.79,3.31,4.62,3.56,722687426,60.5,MOD-00631,18.5,2026-07-05T13:54:04,2026-07-05T06:54:04,https://api.quant-aq.com/v1/devices/MOD-00631/data/722687225
254.47,584.56,"{'lat': None, 'lon': None}","{'rh': 61.3, 'temp': 18.3, 'wd': 0.0, 'ws': 0.0, 'ws_scalar': 0.0}","{'gas': {'co': 18172, 'co2': 13279, 'no': 18173, 'no2': 18174, 'o3': 18175}, 'pm': {'pm1': 13254, 'pm10': 13256, 'pm25': 13255}}",3.56,4.02,8.97,3.5,6.98,3.68,722687424,61.3,MOD-00631,18.3,2026-07-05T13:53:04,2026-07-05T06:53:04,https://api.quant-aq.com/v1/devices/MOD-00631/data/722687223
243.92,585.16,"{'lat': None, 'lon': None}","{'rh': 62.0, 'temp': 18.1, 'wd': 0.0, 'ws': 0.0, 'ws_scalar': 0.0}","{'gas': {'co': 18172, 'co2': 13279, 'no': 18173, 'no2': 18174, 'o3': 18175}, 'pm': {'pm1': 13254, 'pm10': 13256, 'pm25': 13255}}",3.36,4.07,9.15,3.49,7.17,3.67,722687425,62.0,MOD-00631,18.1,2026-07-05T13:52:04,2026-07-05T06:52:04,https://api.quant-aq.com/v1/devices/MOD-00631/data/722687224
248.86,584.56,"{'lat': None, 'lon': None}","{'rh': 62.4, 'temp': 18.0, 'wd': 0.0, 'ws': 0.0, 'ws_scalar': 0.0}","{'gas': {'co': 18172, 'co2': 13279, 'no': 18173, 'no2': 18174, 'o3': 18175}, 'pm': {'pm1': 13254, 'pm10': 13256, 'pm25': 13255}}",3.49,4.1,8.55,3.22,5.95,3.46,722685250,62.4,MOD-00631,18.0,2026-07-05T13:51:04,2026-07-05T06:51:04,https://api.quant-aq.com/v1/devices/MOD-00631/data/722685050
247.39,586.01,"{'lat': None, 'lon': None}","{'rh': 63.0, 'temp': 17.8, 'wd': 0.0, 'ws': 0.0, 'ws_scalar': 0.0}","{'gas': {'co': 18172, 'co2': 13279, 'no': 18173, 'no2': 18174, 'o3': 18175}, 'pm': {'pm1': 13254, 'pm10': 13256, 'pm25': 13255}}",3.43,4.1,8.41,3.31,4.29,3.6,722685246,63.0,MOD-00631,17.8,2026-07-05T13:50:04,2026-07-05T06:50:04,https://api.quant-aq.com/v1/devices/MOD-00631/data/722685046
247.95,583.12,"{'lat': None, 'lon': None}","{'rh': 63.8, 'temp': 17.7, 'wd': 0.0, 'ws': 0.0, 'ws_scalar': 0.0}","{'gas': {'co': 18172, 'co2': 13279, 'no': 18173, 'no2': 18174, 'o3': 18175}, 'pm': {'pm1': 13254, 'pm10': 13256, 'pm25': 13255}}",3.42,4.1,8.24,3.2,6.11,3.43,722685249,63.8,MOD-00631,17.7,2026-07-05T13:49:04,2026-07-05T06:49:04,https://api.quant-aq.com/v1/devices/MOD-00631/data/722685048
245.67,585.52,"{'lat': None, 'lon': None}","{'rh': 64.4, 'temp': 17.5, 'wd': 0.0, 'ws': 0.0, 'ws_scalar': 0.0}","{'gas': {'co': 18172, 'co2': 13279, 'no': 18173, 'no2': 18174, 'o3': 18175}, 'pm': {'pm1': 13254, 'pm10': 13256, 'pm25': 13255}}",3.09,4.1,7.64,3.27,5.14,3.49,722685248,64.4,MOD-00631,17.5,2026-07-05T13:48:04,2026-07-05T06:48:04,https://api.quant-aq.com/v1/devices/MOD-00631/data/722685052
248.97,587.21,"{'lat': None, 'lon': None}","{'rh': 64.8, 'temp': 17.4, 'wd': 0.0, 'ws': 0.0, 'ws_scalar': 0.0}","{'gas': {'co': 18172, 'co2': 13279, 'no': 18173, 'no2': 18174, 'o3': 18175}, 'pm': {'pm1': 13254, 'pm10': 13256, 'pm25': 13255}}",3.29,4.06,8.53,3.36,7.33,3.67,722683106,64.8,MOD-00631,17.4,2026-07-05T13:47:04,2026-07-05T06:47:04,https://api.quant-aq.com/v1/devices/MOD-00631/data/722682905
249.62,585.89,"{'lat': None, 'lon': None}","{'rh': 65.3, 'temp': 17.2, 'wd': 0.0, 'ws': 0.0, 'ws_scalar': 0.0}","{'gas': {'co': 18172, 'co2': 13279, 'no': 18173, 'no2': 18174, 'o3': 18175}, 'pm': {'pm1': 13254, 'pm10': 13256, 'pm25': 13255}}",3.24,4.08,8.39,3.43,4.64,3.75,722683108,65.3,MOD-00631,17.2,2026-07-05T13:46:04,2026-07-05T06:46:04,https://api.quant-aq.com/v1/devices/MOD-00631/data/722682907
248.0,588.17,"{'lat': None, 'lon': None}","{'rh': 65.7, 'temp': 17.1, 'wd': 0.0, 'ws': 0.0, 'ws_scalar': 0.0}","{'gas': {'co': 18172, 'co2': 13279, 'no': 18173, 'no2': 18174, 'o3': 18175}, 'pm': {'pm1': 13254, 'pm10': 13256, 'pm25': 13255}}",3.17,4.11,9.16,3.65,7.42,3.97,722683107,65.7,MOD-00631,17.1,2026-07-05T13:45:04,2026-07-05T06:45:04,https://api.quant-aq.com/v1/devices/MOD-00631/data/722682906
241.48,586.97,"{'lat': None, 'lon': None}","{'rh': 66.5, 'temp': 16.9, 'wd': 0.0, 'ws': 0.0, 'ws_scalar': 0.0}","{'gas': {'co': 18172, 'co2': 13279, 'no': 18173, 'no2': 18174, 'o3': 18175}, 'pm': {'pm1': 13254, 'pm10': 13256, 'pm25': 13255}}",3.03,4.13,7.64,3.15,5.89,3.38,722683105,66.5,MOD-00631,16.9,2026-07-05T13:44:04,2026-07-05T06:44:04,https://api.quant-aq.com/v1/devices/MOD-00631/data/722682904
251.75,592.03,"{'lat': None, 'lon': None}","{'rh': 66.9, 'temp': 16.8, 'wd': 0.0, 'ws': 0.0, 'ws_scalar': 0.0}","{'gas': {'co': 18172, 'co2': 13279, 'no': 18173, 'no2': 18174, 'o3': 18175}, 'pm': {'pm1': 13254, 'pm10': 13256, 'pm25': 13255}}",3.04,4.27,8.74,3.54,4.3,3.78,722680882,66.9,MOD-00631,16.8,2026-07-05T13:43:04,2026-07-05T06:43:04,https://api.quant-aq.com/v1/devices/MOD-00631/data/722680681
248.3,588.05,"{'lat': None, 'lon': None}","{'rh': 67.4, 'temp': 16.6, 'wd': 0.0, 'ws': 0.0, 'ws_scalar': 0.0}","{'gas': {'co': 18172, 'co2': 13279, 'no': 18173, 'no2': 18174, 'o3': 18175}, 'pm': {'pm1': 13254, 'pm10': 13256, 'pm25': 13255}}",3.05,4.14,8.4,3.17,5.0,3.48,722680880,67.4,MOD-00631,16.6,2026-07-05T13:42:04,2026-07-05T06:42:04,https://api.quant-aq.com/v1/devices/MOD-00631/data/722680679
250.44,589.62,"{'lat': None, 'lon': None}","{'rh': 67.7, 'temp': 16.5, 'wd': 0.0, 'ws': 0.0, 'ws_scalar': 0.0}","{'gas': {'co': 18172, 'co2': 13279, 'no': 18173, 'no2': 18174, 'o3': 18175}, 'pm': {'pm1': 13254, 'pm10': 13256, 'pm25': 13255}}",2.98,4.21,8.72,3.1,5.36,3.41,722680881,67.7,MOD-00631,16.5,2026-07-05T13:41:04,2026-07-05T06:41:04,https://api.quant-aq.com/v1/devices/MOD-00631/data/722680680
247.11,587.81,"{'lat': None, 'lon': None}","{'rh': 68.2, 'temp': 16.4, 'wd': 0.0, 'ws': 0.0, 'ws_scalar': 0.0}","{'gas': {'co': 18172, 'co2': 13279, 'no': 18173, 'no2': 18174, 'o3': 18175}, 'pm': {'pm1': 13254, 'pm10': 13256, 'pm25': 13255}}",2.78,4.18,8.24,3.38,4.52,3.77,722680879,68.2,MOD-00631,16.4,2026-07-05T13:40:04,2026-07-05T06:40:04,https://api.quant-aq.com/v1/devices/MOD-00631/data/722680678
245.17,590.34,"{'lat': None, 'lon': None}","{'rh': 68.9, 'temp': 16.2, 'wd': 0.0, 'ws': 0.0, 'ws_scalar': 0.0}","{'gas': {'co': 18172, 'co2': 13279, 'no': 18173, 'no2': 18174, 'o3': 18175}, 'pm': {'pm1': 13254, 'pm10': 13256, 'pm25': 13255}}",2.92,3.86,9.03,3.01,4.06,3.24,722678728,68.9,MOD-00631,16.2,2026-07-05T13:39:04,2026-07-05T06:39:04,https://api.quant-aq.com/v1/devices/MOD-00631/data/722678527
245.79,591.06,"{'lat': None, 'lon': None}","{'rh': 69.6, 'temp': 16.1, 'wd': 0.0, 'ws': 0.0, 'ws_scalar': 0.0}","{'gas': {'co': 18172, 'co2': 13279, 'no': 18173, 'no2': 18174, 'o3': 18175}, 'pm': {'pm1': 13254, 'pm10': 13256, 'pm25': 13255}}",2.91,4.97,6.85,2.93,5.43,3.13,722678727,69.6,MOD-00631,16.1,2026-07-05T13:38:04,2026-07-05T06:38:04,https://api.quant-aq.com/v1/devices/MOD-00631/data/722678526
249.39,587.93,"{'lat': None, 'lon': None}","{'rh': 70.0, 'temp': 15.9, 'wd': 0.0, 'ws': 0.0, 'ws_scalar': 0.0}","{'gas': {'co': 18172, 'co2': 13279, 'no': 18173, 'no2': 18174, 'o3': 18175}, 'pm': {'pm1': 13254, 'pm10': 13256, 'pm25': 13255}}",2.92,4.52,7.21,2.71,5.56,3.02,722678726,70.0,MOD-00631,15.9,2026-07-05T13:37:04,2026-07-05T06:37:04,https://api.quant-aq.com/v1/devices/MOD-00631/data/722678524
243.6,590.94,"{'lat': None, 'lon': None}","{'rh': 70.5, 'temp': 15.8, 'wd': 0.0, 'ws': 0.0, 'ws_scalar': 0.0}","{'gas': {'co': 18172, 'co2': 13279, 'no': 18173, 'no2': 18174, 'o3': 18175}, 'pm': {'pm1': 13254, 'pm10': 13256, 'pm25': 13255}}",2.65,4.5,9.47,2.94,4.33,3.19,722678724,70.5,MOD-00631,15.8,2026-07-05T13:36:04,2026-07-05T06:36:04,https://api.quant-aq.com/v1/devices/MOD-00631/data/722678522
244.81,592.39,"{'lat': None, 'lon': None}","{'rh': 70.8, 'temp': 15.6, 'wd': 0.0, 'ws': 0.0, 'ws_scalar': 0.0}","{'gas': {'co': 18172, 'co2': 13279, 'no': 18173, 'no2': 18174, 'o3': 18175}, 'pm': {'pm1': 13254, 'pm10': 13256, 'pm25': 13255}}",2.84,4.24,8.35,2.82,4.63,3.21,722676520,70.8,MOD-00631,15.6,2026-07-05T13:35:04,2026-07-05T06:35:04,https://api.quant-aq.com/v1/devices/MOD-00631/data/722676319
249.87,595.28,"{'lat': None, 'lon': None}","{'rh': 71.6, 'temp': 15.5, 'wd': 0.0, 'ws': 0.0, 'ws_scalar': 0.0}","{'gas': {'co': 18172, 'co2': 13279, 'no': 18173, 'no2': 18174, 'o3': 18175}, 'pm': {'pm1': 13254, 'pm10': 13256, 'pm25': 13255}}",3.1,4.58,8.39,2.82,4.79,3.15,722676519,71.6,MOD-00631,15.5,2026-07-05T13:34:04,2026-07-05T06:34:04,https://api.quant-aq.com/v1/devices/MOD-00631/data/722676318
243.01,592.39,"{'lat': None, 'lon': None}","{'rh': 72.3, 'temp': 15.3, 'wd': 0.0, 'ws': 0.0, 'ws_scalar': 0.0}","{'gas': {'co': 18172, 'co2': 13279, 'no': 18173, 'no2': 18174, 'o3': 18175}, 'pm': {'pm1': 13254, 'pm10': 13256, 'pm25': 13255}}",2.99,5.45,7.74,3.04,4.46,3.31,722676518,72.3,MOD-00631,15.3,2026-07-05T13:33:04,2026-07-05T06:33:04,https://api.quant-aq.com/v1/devices/MOD-00631/data/722676317
248.36,588.29,"{'lat': None, 'lon': None}","{'rh': 72.7, 'temp': 15.2, 'wd': 0.0, 'ws': 0.0, 'ws_scalar': 0.0}","{'gas': {'co': 18172, 'co2': 13279, 'no': 18173, 'no2': 18174, 'o3': 18175}, 'pm': {'pm1': 13254, 'pm10': 13256, 'pm25': 13255}}",2.95,4.85,7.64,2.84,4.31,3.13,722676521,72.7,MOD-00631,15.2,2026-07-05T13:32:04,2026-07-05T06:32:04,https://api.quant-aq.com/v1/devices/MOD-00631/data/722676320
242.56,593.71,"{'lat': None, 'lon': None}","{'rh': 73.2, 'temp': 15.1, 'wd': 0.0, 'ws': 0.0, 'ws_scalar': 0.0}","{'gas': {'co': 18172, 'co2': 13279, 'no': 18173, 'no2': 18174, 'o3': 18175}, 'pm': {'pm1': 13254, 'pm10': 13256, 'pm25': 13255}}",2.76,5.02,7.03,2.97,4.85,3.29,722674348,73.2,MOD-00631,15.1,2026-07-05T13:31:04,2026-07-05T06:31:04,https://api.quant-aq.com/v1/devices/MOD-00631/data/722674147
245.61,597.57,"{'lat': None, 'lon': None}","{'rh': 73.8, 'temp': 14.9, 'wd': 0.0, 'ws': 0.0, 'ws_scalar': 0.0}","{'gas': {'co': 18172, 'co2': 13279, 'no': 18173, 'no2': 18174, 'o3': 18175}, 'pm': {'pm1': 13254, 'pm10': 13256, 'pm25': 13255}}",2.79,5.47,7.68,2.87,4.32,3.21,722674347,73.8,MOD-00631,14.9,2026-07-05T13:30:04,2026-07-05T06:30:04,https://api.quant-aq.com/v1/devices/MOD-00631/data/722674145
243.17,593.96,"{'lat': None, 'lon': None}","{'rh': 74.2, 'temp': 14.8, 'wd': 0.0, 'ws': 0.0, 'ws_scalar': 0.0}","{'gas': {'co': 18172, 'co2': 13279, 'no': 18173, 'no2': 18174, 'o3': 18175}, 'pm': {'pm1': 13254, 'pm10': 13256, 'pm25': 13255}}",3.17,5.02,7.91,2.57,5.2,2.84,722674346,74.2,MOD-00631,14.8,2026-07-05T13:29:04,2026-07-05T06:29:04,https://api.quant-aq.com/v1/devices/MOD-00631/data/722674146
241.23,592.75,"{'lat': None, 'lon': None}","{'rh': 74.9, 'temp': 14.6, 'wd': 0.0, 'ws': 0.0, 'ws_scalar': 0.0}","{'gas': {'co': 18172, 'co2': 13279, 'no': 18173, 'no2': 18174, 'o3': 18175}, 'pm': {'pm1': 13254, 'pm10': 13256, 'pm25': 13255}}",3.2,5.78,5.69,3.14,20.43,3.59,722674345,74.9,MOD-00631,14.6,2026-07-05T13:28:04,2026-07-05T06:28:04,https://api.quant-aq.com/v1/devices/MOD-00631/data/722674144
240.01,598.05,"{'lat': None, 'lon': None}","{'rh': 75.3, 'temp': 14.5, 'wd': 0.0, 'ws': 0.0, 'ws_scalar': 0.0}","{'gas': {'co': 18172, 'co2': 13279, 'no': 18173, 'no2': 18174, 'o3': 18175}, 'pm': {'pm1': 13254, 'pm10': 13256, 'pm25': 13255}}",2.73,6.12,6.91,2.73,4.93,3.06,722672174,75.3,MOD-00631,14.5,2026-07-05T13:27:04,2026-07-05T06:27:04,https://api.quant-aq.com/v1/devices/MOD-00631/data/722671974
240.58,596.85,"{'lat': None, 'lon': None}","{'rh': 75.5, 'temp': 14.4, 'wd': 0.0, 'ws': 0.0, 'ws_scalar': 0.0}","{'gas': {'co': 18172, 'co2': 13279, 'no': 18173, 'no2': 18174, 'o3': 18175}, 'pm': {'pm1': 13254, 'pm10': 13256, 'pm25': 13255}}",2.81,5.54,7.16,2.85,4.43,3.16,722672172,75.5,MOD-00631,14.4,2026-07-05T13:26:04,2026-07-05T06:26:04,https://api.quant-aq.com/v1/devices/MOD-00631/data/722671971
240.69,595.28,"{'lat': None, 'lon': None}","{'rh': 76.2, 'temp': 14.2, 'wd': 0.0, 'ws': 0.0, 'ws_scalar': 0.0}","{'gas': {'co': 18172, 'co2': 13279, 'no': 18173, 'no2': 18174, 'o3': 18175}, 'pm': {'pm1': 13254, 'pm10': 13256, 'pm25': 13255}}",3.26,6.61,6.3,2.9,6.74,3.21,722672175,76.2,MOD-00631,14.2,2026-07-05T13:25:04,2026-07-05T06:25:04,https://api.quant-aq.com/v1/devices/MOD-00631/data/722671973
238.25,596.6,"{'lat': None, 'lon': None}","{'rh': 76.6, 'temp': 14.1, 'wd': 0.0, 'ws': 0.0, 'ws_scalar': 0.0}","{'gas': {'co': 18172, 'co2': 13279, 'no': 18173, 'no2': 18174, 'o3': 18175}, 'pm': {'pm1': 13254, 'pm10': 13256, 'pm25': 13255}}",3.36,6.67,6.74,2.84,14.67,3.24,722672173,76.6,MOD-00631,14.1,2026-07-05T13:24:04,2026-07-05T06:24:04,https://api.quant-aq.com/v1/devices/MOD-00631/data/722671972
234.16,598.17,"{'lat': None, 'lon': None}","{'rh': 77.0, 'temp': 14.0, 'wd': 0.0, 'ws': 0.0, 'ws_scalar': 0.0}","{'gas': {'co': 18172, 'co2': 13279, 'no': 18173, 'no2': 18174, 'o3': 18175}, 'pm': {'pm1': 13254, 'pm10': 13256, 'pm25': 13255}}",3.59,7.58,6.48,2.7,4.02,3.06,722669980,77.0,MOD-00631,14.0,2026-07-05T13:23:04,2026-07-05T06:23:04,https://api.quant-aq.com/v1/devices/MOD-00631/data/722669779
232.56,600.46,"{'lat': None, 'lon': None}","{'rh': 77.8, 'temp': 13.8, 'wd': 0.0, 'ws': 0.0, 'ws_scalar': 0.0}","{'gas': {'co': 18172, 'co2': 13279, 'no': 18173, 'no2': 18174, 'o3': 18175}, 'pm': {'pm1': 13254, 'pm10': 13256, 'pm25': 13255}}",3.49,6.46,6.35,2.61,3.77,2.94,722669979,77.8,MOD-00631,13.8,2026-07-05T13:22:04,2026-07-05T06:22:04,https://api.quant-aq.com/v1/devices/MOD-00631/data/722669778
233.74,599.13,"{'lat': None, 'lon': None}","{'rh': 78.3, 'temp': 13.7, 'wd': 0.0, 'ws': 0.0, 'ws_scalar': 0.0}","{'gas': {'co': 18172, 'co2': 13279, 'no': 18173, 'no2': 18174, 'o3': 18175}, 'pm': {'pm1': 13254, 'pm10': 13256, 'pm25': 13255}}",3.46,7.83,6.87,2.76,4.27,2.98,722669978,78.3,MOD-00631,13.7,2026-07-05T13:21:04,2026-07-05T06:21:04,https://api.quant-aq.com/v1/devices/MOD-00631/data/722669777
227.19,599.38,"{'lat': None, 'lon': None}","{'rh': 78.7, 'temp': 13.6, 'wd': 0.0, 'ws': 0.0, 'ws_scalar': 0.0}","{'gas': {'co': 18172, 'co2': 13279, 'no': 18173, 'no2': 18174, 'o3': 18175}, 'pm': {'pm1': 13254, 'pm10': 13256, 'pm25': 13255}}",2.77,8.91,6.15,2.53,7.46,2.77,722669977,78.7,MOD-00631,13.6,2026-07-05T13:20:04,2026-07-05T06:20:04,https://api.quant-aq.com/v1/devices/MOD-00631/data/722669776
226.74,603.35,"{'lat': None, 'lon': None}","{'rh': 78.6, 'temp': 13.5, 'wd': 0.0, 'ws': 0.0, 'ws_scalar': 0.0}","{'gas': {'co': 18172, 'co2': 13279, 'no': 18173, 'no2': 18174, 'o3': 18175}, 'pm': {'pm1': 13254, 'pm10': 13256, 'pm25': 13255}}",3.29,8.44,4.92,2.42,6.98,2.74,722667797,78.6,MOD-00631,13.5,2026-07-05T13:19:04,2026-07-05T06:19:04,https://api.quant-aq.com/v1/devices/MOD-00631/data/722667595
233.66,601.42,"{'lat': None, 'lon': None}","{'rh': 79.1, 'temp': 13.4, 'wd': 0.0, 'ws': 0.0, 'ws_scalar': 0.0}","{'gas': {'co': 18172, 'co2': 13279, 'no': 18173, 'no2': 18174, 'o3': 18175}, 'pm': {'pm1': 13254, 'pm10': 13256, 'pm25': 13255}}",3.44,8.52,6.27,2.45,5.27,2.72,722667795,79.1,MOD-00631,13.4,2026-07-05T13:18:04,2026-07-05T06:18:04,https://api.quant-aq.com/v1/devices/MOD-00631/data/722667594
226.37,599.86,"{'lat': None, 'lon': None}","{'rh': 79.4, 'temp': 13.3, 'wd': 0.0, 'ws': 0.0, 'ws_scalar': 0.0}","{'gas': {'co': 18172, 'co2': 13279, 'no': 18173, 'no2': 18174, 'o3': 18175}, 'pm': {'pm1': 13254, 'pm10': 13256, 'pm25': 13255}}",2.74,8.09,5.01,2.8,5.25,2.97,722667798,79.4,MOD-00631,13.3,2026-07-05T13:17:04,2026-07-05T06:17:04,https://api.quant-aq.com/v1/devices/MOD-00631/data/722667597
225.16,597.69,"{'lat': None, 'lon': None}","{'rh': 79.8, 'temp': 13.2, 'wd': 0.0, 'ws': 0.0, 'ws_scalar': 0.0}","{'gas': {'co': 18172, 'co2': 13279, 'no': 18173, 'no2': 18174, 'o3': 18175}, 'pm': {'pm1': 13254, 'pm10': 13256, 'pm25': 13255}}",3.06,9.17,4.75,2.59,5.72,2.84,722667796,79.8,MOD-00631,13.2,2026-07-05T13:16:04,2026-07-05T06:16:04,https://api.quant-aq.com/v1/devices/MOD-00631/data/722667596
230.1,601.18,"{'lat': None, 'lon': None}","{'rh': 80.2, 'temp': 13.1, 'wd': 0.0, 'ws': 0.0, 'ws_scalar': 0.0}","{'gas': {'co': 18172, 'co2': 13279, 'no': 18173, 'no2': 18174, 'o3': 18175}, 'pm': {'pm1': 13254, 'pm10': 13256, 'pm25': 13255}}",3.31,8.7,5.77,2.73,6.22,2.92,722665582,80.2,MOD-00631,13.1,2026-07-05T13:15:04,2026-07-05T06:15:04,https://api.quant-aq.com/v1/devices/MOD-00631/data/722665380
222.39,602.02,"{'lat': None, 'lon': None}","{'rh': 80.5, 'temp': 13.0, 'wd': 0.0, 'ws': 0.0, 'ws_scalar': 0.0}","{'gas': {'co': 18172, 'co2': 13279, 'no': 18173, 'no2': 18174, 'o3': 18175}, 'pm': {'pm1': 13254, 'pm10': 13256, 'pm25': 13255}}",2.53,8.75,5.3,2.42,4.07,2.81,722665584,80.5,MOD-00631,13.0,2026-07-05T13:14:04,2026-07-05T06:14:04,https://api.quant-aq.com/v1/devices/MOD-00631/data/722665381
221.5,605.04,"{'lat': None, 'lon': None}","{'rh': 80.6, 'temp': 13.0, 'wd': 0.0, 'ws': 0.0, 'ws_scalar': 0.0}","{'gas': {'co': 18172, 'co2': 13279, 'no': 18173, 'no2': 18174, 'o3': 18175}, 'pm': {'pm1': 13254, 'pm10': 13256, 'pm25': 13255}}",2.52,8.75,5.75,2.51,4.04,2.81,722665581,80.6,MOD-00631,13.0,2026-07-05T13:13:04,2026-07-05T06:13:04,https://api.quant-aq.com/v1/devices/MOD-00631/data/722665382
225.83,603.35,"{'lat': None, 'lon': None}","{'rh': 80.7, 'temp': 12.9, 'wd': 0.0, 'ws': 0.0, 'ws_scalar': 0.0}","{'gas': {'co': 18172, 'co2': 13279, 'no': 18173, 'no2': 18174, 'o3': 18175}, 'pm': {'pm1': 13254, 'pm10': 13256, 'pm25': 13255}}",2.69,10.99,4.35,2.58,3.65,2.72,722665583,80.7,MOD-00631,12.9,2026-07-05T13:12:04,2026-07-05T06:12:04,https://api.quant-aq.com/v1/devices/MOD-00631/data/722665383
221.46,602.51,"{'lat': None, 'lon': None}","{'rh': 80.5, 'temp': 12.9, 'wd': 0.0, 'ws': 0.0, 'ws_scalar': 0.0}","{'gas': {'co': 18172, 'co2': 13279, 'no': 18173, 'no2': 18174, 'o3': 18175}, 'pm': {'pm1': 13254, 'pm10': 13256, 'pm25': 13255}}",2.87,9.86,5.06,2.74,4.24,3.03,722663441,80.5,MOD-00631,12.9,2026-07-05T13:11:04,2026-07-05T06:11:04,https://api.quant-aq.com/v1/devices/MOD-00631/data/722663244
224.75,599.38,"{'lat': None, 'lon': None}","{'rh': 80.5, 'temp': 12.9, 'wd': 0.0, 'ws': 0.0, 'ws_scalar': 0.0}","{'gas': {'co': 18172, 'co2': 13279, 'no': 18173, 'no2': 18174, 'o3': 18175}, 'pm': {'pm1': 13254, 'pm10': 13256, 'pm25': 13255}}",3.15,8.79,4.86,2.31,4.73,2.65,722663442,80.5,MOD-00631,12.9,2026-07-05T13:10:04,2026-07-05T06:10:04,https://api.quant-aq.com/v1/devices/MOD-00631/data/722663243
224.75,601.66,"{'lat': None, 'lon': None}","{'rh': 80.5, 'temp': 12.9, 'wd': 0.0, 'ws': 0.0, 'ws_scalar': 0.0}","{'gas': {'co': 18172, 'co2': 13279, 'no': 18173, 'no2': 18174, 'o3': 18175}, 'pm': {'pm1': 13254, 'pm10': 13256, 'pm25': 13255}}",2.87,8.79,4.86,2.63,3.68,2.88,722663444,80.5,MOD-00631,12.9,2026-07-05T13:09:04,2026-07-05T06:09:04,https://api.quant-aq.com/v1/devices/MOD-00631/data/722663246
230.01,600.58,"{'lat': None, 'lon': None}","{'rh': 80.6, 'temp': 12.9, 'wd': 0.0, 'ws': 0.0, 'ws_scalar': 0.0}","{'gas': {'co': 18172, 'co2': 13279, 'no': 18173, 'no2': 18174, 'o3': 18175}, 'pm': {'pm1': 13254, 'pm10': 13256, 'pm25': 13255}}",3.66,8.28,4.97,2.74,6.79,2.98,722663445,80.6,MOD-00631,12.9,2026-07-05T13:08:04,2026-07-05T06:08:04,https://api.quant-aq.com/v1/devices/MOD-00631/data/722663248
223.03,603.71,"{'lat': None, 'lon': None}","{'rh': 80.6, 'temp': 12.9, 'wd': 0.0, 'ws': 0.0, 'ws_scalar': 0.0}","{'gas': {'co': 18172, 'co2': 13279, 'no': 18173, 'no2': 18174, 'o3': 18175}, 'pm': {'pm1': 13254, 'pm10': 13256, 'pm25': 13255}}",2.86,8.79,4.39,2.8,4.33,2.99,722661260,80.6,MOD-00631,12.9,2026-07-05T13:07:04,2026-07-05T06:07:04,https://api.quant-aq.com/v1/devices/MOD-00631/data/722661060
218.48,602.39,"{'lat': None, 'lon': None}","{'rh': 80.5, 'temp': 12.8, 'wd': 0.0, 'ws': 0.0, 'ws_scalar': 0.0}","{'gas': {'co': 18172, 'co2': 13279, 'no': 18173, 'no2': 18174, 'o3': 18175}, 'pm': {'pm1': 13254, 'pm10': 13256, 'pm25': 13255}}",3.17,7.81,5.11,2.48,4.58,2.76,722661259,80.5,MOD-00631,12.8,2026-07-05T13:06:04,2026-07-05T06:06:04,https://api.quant-aq.com/v1/devices/MOD-00631/data/722661058
232.77,603.83,"{'lat': None, 'lon': None}","{'rh': 80.6, 'temp': 12.8, 'wd': 0.0, 'ws': 0.0, 'ws_scalar': 0.0}","{'gas': {'co': 18172, 'co2': 13279, 'no': 18173, 'no2': 18174, 'o3': 18175}, 'pm': {'pm1': 13254, 'pm10': 13256, 'pm25': 13255}}",3.69,11.61,5.16,2.58,3.96,2.87,722661257,80.6,MOD-00631,12.8,2026-07-05T13:05:04,2026-07-05T06:05:04,https://api.quant-aq.com/v1/devices/MOD-00631/data/722661056
223.67,605.4,"{'lat': None, 'lon': None}","{'rh': 80.7, 'temp': 12.8, 'wd': 0.0, 'ws': 0.0, 'ws_scalar': 0.0}","{'gas': {'co': 18172, 'co2': 13279, 'no': 18173, 'no2': 18174, 'o3': 18175}, 'pm': {'pm1': 13254, 'pm10': 13256, 'pm25': 13255}}",2.9,8.83,4.85,2.23,3.69,2.73,722661258,80.7,MOD-00631,12.8,2026-07-05T13:04:04,2026-07-05T06:04:04,https://api.quant-aq.com/v1/devices/MOD-00631/data/722661057
221.55,606.48,"{'lat': None, 'lon': None}","{'rh': 80.8, 'temp': 12.8, 'wd': 0.0, 'ws': 0.0, 'ws_scalar': 0.0}","{'gas': {'co': 18172, 'co2': 13279, 'no': 18173, 'no2': 18174, 'o3': 18175}, 'pm': {'pm1': 13254, 'pm10': 13256, 'pm25': 13255}}",2.35,9.36,4.72,2.61,3.87,2.99,722659018,80.8,MOD-00631,12.8,2026-07-05T13:03:04,2026-07-05T06:03:04,https://api.quant-aq.com/v1/devices/MOD-00631/data/722658817
225.31,605.76,"{'lat': None, 'lon': None}","{'rh': 80.7, 'temp': 12.8, 'wd': 0.0, 'ws': 0.0, 'ws_scalar': 0.0}","{'gas': {'co': 18172, 'co2': 13279, 'no': 18173, 'no2': 18174, 'o3': 18175}, 'pm': {'pm1': 13254, 'pm10': 13256, 'pm25': 13255}}",2.69,9.9,4.15,2.77,4.68,3.37,722659017,80.7,MOD-00631,12.8,2026-07-05T13:02:04,2026-07-05T06:02:04,https://api.quant-aq.com/v1/devices/MOD-00631/data/722658816
221.62,607.08,"{'lat': None, 'lon': None}","{'rh': 80.7, 'temp': 12.8, 'wd': 0.0, 'ws': 0.0, 'ws_scalar': 0.0}","{'gas': {'co': 18172, 'co2': 13279, 'no': 18173, 'no2': 18174, 'o3': 18175}, 'pm': {'pm1': 13254, 'pm10': 13256, 'pm25': 13255}}",3.42,9.36,5.19,2.27,6.13,2.63,722659015,80.7,MOD-00631,12.8,2026-07-05T13:01:04,2026-07-05T06:01:04,https://api.quant-aq.com/v1/devices/MOD-00631/data/722658814
225.24,605.4,"{'lat': None, 'lon': None}","{'rh': 80.8, 'temp': 12.8, 'wd': 0.0, 'ws': 0.0, 'ws_scalar': 0.0}","{'gas': {'co': 18172, 'co2': 13279, 'no': 18173, 'no2': 18174, 'o3': 18175}, 'pm': {'pm1': 13254, 'pm10': 13256, 'pm25': 13255}}",2.69,9.36,4.27,2.7,4.16,3.02,722659016,80.8,MOD-00631,12.8,2026-07-05T13:00:04,2026-07-05T06:00:04,https://api.quant-aq.com/v1/devices/MOD-00631/data/722658815
223.19,604.67,"{'lat': None, 'lon': None}","{'rh': 80.8, 'temp': 12.8, 'wd': 0.0, 'ws': 0.0, 'ws_scalar': 0.0}","{'gas': {'co': 18172, 'co2': 13279, 'no': 18173, 'no2': 18174, 'o3': 18175}, 'pm': {'pm1': 13254, 'pm10': 13256, 'pm25': 13255}}",3.16,8.83,4.39,2.57,4.95,2.93,722656844,80.8,MOD-00631,12.8,2026-07-05T12:59:04,2026-07-05T05:59:04,https://api.quant-aq.com/v1/devices/MOD-00631/data/722656642
224.01,603.95,"{'lat': None, 'lon': None}","{'rh': 80.8, 'temp': 12.8, 'wd': 0.0, 'ws': 0.0, 'ws_scalar': 0.0}","{'gas': {'co': 18172, 'co2': 13279, 'no': 18173, 'no2': 18174, 'o3': 18175}, 'pm': {'pm1': 13254, 'pm10': 13256, 'pm25': 13255}}",2.69,8.83,4.84,2.62,4.91,2.76,722656843,80.8,MOD-00631,12.8,2026-07-05T12:58:04,2026-07-05T05:58:04,https://api.quant-aq.com/v1/devices/MOD-00631/data/722656643
225.58,604.92,"{'lat': None, 'lon': None}","{'rh': 80.9, 'temp': 12.8, 'wd': 0.0, 'ws': 0.0, 'ws_scalar': 0.0}","{'gas': {'co': 18172, 'co2': 13279, 'no': 18173, 'no2': 18174, 'o3': 18175}, 'pm': {'pm1': 13254, 'pm10': 13256, 'pm25': 13255}}",2.68,9.36,5.17,2.33,9.2,2.69,722656842,80.9,MOD-00631,12.8,2026-07-05T12:57:04,2026-07-05T05:57:04,https://api.quant-aq.com/v1/devices/MOD-00631/data/722656641
218.61,600.34,"{'lat': None, 'lon': None}","{'rh': 80.9, 'temp': 12.8, 'wd': 0.0, 'ws': 0.0, 'ws_scalar': 0.0}","{'gas': {'co': 18172, 'co2': 13279, 'no': 18173, 'no2': 18174, 'o3': 18175}, 'pm': {'pm1': 13254, 'pm10': 13256, 'pm25': 13255}}",2.35,10.46,4.47,2.58,4.49,2.87,722656841,80.9,MOD-00631,12.8,2026-07-05T12:56:04,2026-07-05T05:56:04,https://api.quant-aq.com/v1/devices/MOD-00631/data/722656640
218.98,603.11,"{'lat': None, 'lon': None}","{'rh': 80.8, 'temp': 12.7, 'wd': 0.0, 'ws': 0.0, 'ws_scalar': 0.0}","{'gas': {'co': 18172, 'co2': 13279, 'no': 18173, 'no2': 18174, 'o3': 18175}, 'pm': {'pm1': 13254, 'pm10': 13256, 'pm25': 13255}}",2.36,8.86,5.31,2.57,5.67,2.9,722654626,80.8,MOD-00631,12.7,2026-07-05T12:55:04,2026-07-05T05:55:04,https://api.quant-aq.com/v1/devices/MOD-00631/data/722654425
228.41,601.42,"{'lat': None, 'lon': None}","{'rh': 80.8, 'temp': 12.7, 'wd': 0.0, 'ws': 0.0, 'ws_scalar': 0.0}","{'gas': {'co': 18172, 'co2': 13279, 'no': 18173, 'no2': 18174, 'o3': 18175}, 'pm': {'pm1': 13254, 'pm10': 13256, 'pm25': 13255}}",2.66,8.86,4.86,2.75,3.45,3.09,722654625,80.8,MOD-00631,12.7,2026-07-05T12:54:04,2026-07-05T05:54:04,https://api.quant-aq.com/v1/devices/MOD-00631/data/722654424
224.65,602.87,"{'lat': None, 'lon': None}","{'rh': 80.9, 'temp': 12.7, 'wd': 0.0, 'ws': 0.0, 'ws_scalar': 0.0}","{'gas': {'co': 18172, 'co2': 13279, 'no': 18173, 'no2': 18174, 'o3': 18175}, 'pm': {'pm1': 13254, 'pm10': 13256, 'pm25': 13255}}",3.18,9.94,5.06,2.68,4.56,3.09,722654624,80.9,MOD-00631,12.7,2026-07-05T12:53:04,2026-07-05T05:53:04,https://api.quant-aq.com/v1/devices/MOD-00631/data/722654423
224.65,603.95,"{'lat': None, 'lon': None}","{'rh': 80.9, 'temp': 12.7, 'wd': 0.0, 'ws': 0.0, 'ws_scalar': 0.0}","{'gas': {'co': 18172, 'co2': 13279, 'no': 18173, 'no2': 18174, 'o3': 18175}, 'pm': {'pm1': 13254, 'pm10': 13256, 'pm25': 13255}}",2.66,8.86,4.85,2.64,5.91,2.9,722654623,80.9,MOD-00631,12.7,2026-07-05T12:52:04,2026-07-05T05:52:04,https://api.quant-aq.com/v1/devices/MOD-00631/data/722654422
224.17,602.75,"{'lat': None, 'lon': None}","{'rh': 81.0, 'temp': 12.7, 'wd': 0.0, 'ws': 0.0, 'ws_scalar': 0.0}","{'gas': {'co': 18172, 'co2': 13279, 'no': 18173, 'no2': 18174, 'o3': 18175}, 'pm': {'pm1': 13254, 'pm10': 13256, 'pm25': 13255}}",2.65,9.39,4.72,2.54,3.61,2.79,722652474,81.0,MOD-00631,12.7,2026-07-05T12:51:04,2026-07-05T05:51:04,https://api.quant-aq.com/v1/devices/MOD-00631/data/722652274
223.28,604.19,"{'lat': None, 'lon': None}","{'rh': 81.1, 'temp': 12.7, 'wd': 0.0, 'ws': 0.0, 'ws_scalar': 0.0}","{'gas': {'co': 18172, 'co2': 13279, 'no': 18173, 'no2': 18174, 'o3': 18175}, 'pm': {'pm1': 13254, 'pm10': 13256, 'pm25': 13255}}",2.49,9.4,5.62,2.6,3.76,2.77,722652472,81.1,MOD-00631,12.7,2026-07-05T12:50:04,2026-07-05T05:50:04,https://api.quant-aq.com/v1/devices/MOD-00631/data/722652273
226.15,603.11,"{'lat': None, 'lon': None}","{'rh': 81.1, 'temp': 12.7, 'wd': 0.0, 'ws': 0.0, 'ws_scalar': 0.0}","{'gas': {'co': 18172, 'co2': 13279, 'no': 18173, 'no2': 18174, 'o3': 18175}, 'pm': {'pm1': 13254, 'pm10': 13256, 'pm25': 13255}}",2.49,9.94,4.59,2.55,6.27,2.95,722652476,81.1,MOD-00631,12.7,2026-07-05T12:49:04,2026-07-05T05:49:04,https://api.quant-aq.com/v1/devices/MOD-00631/data/722652275
222.19,598.65,"{'lat': None, 'lon': None}","{'rh': 80.9, 'temp': 12.7, 'wd': 0.0, 'ws': 0.0, 'ws_scalar': 0.0}","{'gas': {'co': 18172, 'co2': 13279, 'no': 18173, 'no2': 18174, 'o3': 18175}, 'pm': {'pm1': 13254, 'pm10': 13256, 'pm25': 13255}}",2.13,8.86,4.85,2.38,4.22,2.69,722652469,80.9,MOD-00631,12.7,2026-07-05T12:48:04,2026-07-05T05:48:04,https://api.quant-aq.com/v1/devices/MOD-00631/data/722652271
224.17,601.3,"{'lat': None, 'lon': None}","{'rh': 81.0, 'temp': 12.7, 'wd': 0.0, 'ws': 0.0, 'ws_scalar': 0.0}","{'gas': {'co': 18172, 'co2': 13279, 'no': 18173, 'no2': 18174, 'o3': 18175}, 'pm': {'pm1': 13254, 'pm10': 13256, 'pm25': 13255}}",2.65,8.86,4.84,2.64,3.27,2.93,722650315,81.0,MOD-00631,12.7,2026-07-05T12:47:04,2026-07-05T05:47:04,https://api.quant-aq.com/v1/devices/MOD-00631/data/722650114
221.64,603.59,"{'lat': None, 'lon': None}","{'rh': 81.1, 'temp': 12.7, 'wd': 0.0, 'ws': 0.0, 'ws_scalar': 0.0}","{'gas': {'co': 18172, 'co2': 13279, 'no': 18173, 'no2': 18174, 'o3': 18175}, 'pm': {'pm1': 13254, 'pm10': 13256, 'pm25': 13255}}",2.65,9.94,4.13,2.59,8.47,2.93,722650317,81.1,MOD-00631,12.7,2026-07-05T12:46:04,2026-07-05T05:46:04,https://api.quant-aq.com/v1/devices/MOD-00631/data/722650116
224.85,602.75,"{'lat': None, 'lon': None}","{'rh': 81.2, 'temp': 12.7, 'wd': 0.0, 'ws': 0.0, 'ws_scalar': 0.0}","{'gas': {'co': 18172, 'co2': 13279, 'no': 18173, 'no2': 18174, 'o3': 18175}, 'pm': {'pm1': 13254, 'pm10': 13256, 'pm25': 13255}}",2.33,8.86,4.83,2.8,5.13,3.12,722650318,81.2,MOD-00631,12.7,2026-07-05T12:45:04,2026-07-05T05:45:04,https://api.quant-aq.com/v1/devices/MOD-00631/data/722650117
224.44,599.74,"{'lat': None, 'lon': None}","{'rh': 81.2, 'temp': 12.7, 'wd': 0.0, 'ws': 0.0, 'ws_scalar': 0.0}","{'gas': {'co': 18172, 'co2': 13279, 'no': 18173, 'no2': 18174, 'o3': 18175}, 'pm': {'pm1': 13254, 'pm10': 13256, 'pm25': 13255}}",2.49,9.94,4.12,2.58,4.51,3.1,722650316,81.2,MOD-00631,12.7,2026-07-05T12:44:04,2026-07-05T05:44:04,https://api.quant-aq.com/v1/devices/MOD-00631/data/722650115
223.96,603.71,"{'lat': None, 'lon': None}","{'rh': 81.3, 'temp': 12.7, 'wd': 0.0, 'ws': 0.0, 'ws_scalar': 0.0}","{'gas': {'co': 18172, 'co2': 13279, 'no': 18173, 'no2': 18174, 'o3': 18175}, 'pm': {'pm1': 13254, 'pm10': 13256, 'pm25': 13255}}",2.21,10.5,3.99,2.56,4.79,3.08,722648112,81.3,MOD-00631,12.7,2026-07-05T12:43:04,2026-07-05T05:43:04,https://api.quant-aq.com/v1/devices/MOD-00631/data/722647911
225.26,600.94,"{'lat': None, 'lon': None}","{'rh': 81.2, 'temp': 12.7, 'wd': 0.0, 'ws': 0.0, 'ws_scalar': 0.0}","{'gas': {'co': 18172, 'co2': 13279, 'no': 18173, 'no2': 18174, 'o3': 18175}, 'pm': {'pm1': 13254, 'pm10': 13256, 'pm25': 13255}}",2.91,7.85,5.53,2.44,3.87,2.81,722648110,81.2,MOD-00631,12.7,2026-07-05T12:42:04,2026-07-05T05:42:04,https://api.quant-aq.com/v1/devices/MOD-00631/data/722647909
221.91,603.83,"{'lat': None, 'lon': None}","{'rh': 81.3, 'temp': 12.7, 'wd': 0.0, 'ws': 0.0, 'ws_scalar': 0.0}","{'gas': {'co': 18172, 'co2': 13279, 'no': 18173, 'no2': 18174, 'o3': 18175}, 'pm': {'pm1': 13254, 'pm10': 13256, 'pm25': 13255}}",2.33,10.5,4.45,2.63,6.99,2.96,722648111,81.3,MOD-00631,12.7,2026-07-05T12:41:04,2026-07-05T05:41:04,https://api.quant-aq.com/v1/devices/MOD-00631/data/722647910
224.3,598.41,"{'lat': None, 'lon': None}","{'rh': 81.4, 'temp': 12.7, 'wd': 0.0, 'ws': 0.0, 'ws_scalar': 0.0}","{'gas': {'co': 18172, 'co2': 13279, 'no': 18173, 'no2': 18174, 'o3': 18175}, 'pm': {'pm1': 13254, 'pm10': 13256, 'pm25': 13255}}",2.11,9.4,4.69,2.12,4.46,2.48,722648109,81.4,MOD-00631,12.7,2026-07-05T12:40:04,2026-07-05T05:40:04,https://api.quant-aq.com/v1/devices/MOD-00631/data/722647908
225.26,600.22,"{'lat': None, 'lon': None}","{'rh': 81.2, 'temp': 12.7, 'wd': 0.0, 'ws': 0.0, 'ws_scalar': 0.0}","{'gas': {'co': 18172, 'co2': 13279, 'no': 18173, 'no2': 18174, 'o3': 18175}, 'pm': {'pm1': 13254, 'pm10': 13256, 'pm25': 13255}}",2.49,8.86,4.83,2.22,6.29,2.43,722645930,81.2,MOD-00631,12.7,2026-07-05T12:39:04,2026-07-05T05:39:04,https://api.quant-aq.com/v1/devices/MOD-00631/data/722645730
229.22,602.39,"{'lat': None, 'lon': None}","{'rh': 81.4, 'temp': 12.7, 'wd': 0.0, 'ws': 0.0, 'ws_scalar': 0.0}","{'gas': {'co': 18172, 'co2': 13279, 'no': 18173, 'no2': 18174, 'o3': 18175}, 'pm': {'pm1': 13254, 'pm10': 13256, 'pm25': 13255}}",2.64,11.08,3.41,2.39,6.09,2.89,722645928,81.4,MOD-00631,12.7,2026-07-05T12:38:04,2026-07-05T05:38:04,https://api.quant-aq.com/v1/devices/MOD-00631/data/722645727
226.69,603.95,"{'lat': None, 'lon': None}","{'rh': 81.5, 'temp': 12.7, 'wd': 0.0, 'ws': 0.0, 'ws_scalar': 0.0}","{'gas': {'co': 18172, 'co2': 13279, 'no': 18173, 'no2': 18174, 'o3': 18175}, 'pm': {'pm1': 13254, 'pm10': 13256, 'pm25': 13255}}",2.2,9.94,5.47,2.18,3.91,2.44,722645936,81.5,MOD-00631,12.7,2026-07-05T12:37:04,2026-07-05T05:37:04,https://api.quant-aq.com/v1/devices/MOD-00631/data/722645737
226.28,604.8,"{'lat': None, 'lon': None}","{'rh': 81.5, 'temp': 12.7, 'wd': 0.0, 'ws': 0.0, 'ws_scalar': 0.0}","{'gas': {'co': 18172, 'co2': 13279, 'no': 18173, 'no2': 18174, 'o3': 18175}, 'pm': {'pm1': 13254, 'pm10': 13256, 'pm25': 13255}}",2.31,11.08,3.4,2.3,5.62,2.49,722645932,81.5,MOD-00631,12.7,2026-07-05T12:36:04,2026-07-05T05:36:04,https://api.quant-aq.com/v1/devices/MOD-00631/data/722645728
222.11,604.07,"{'lat': None, 'lon': None}","{'rh': 81.6, 'temp': 12.7, 'wd': 0.0, 'ws': 0.0, 'ws_scalar': 0.0}","{'gas': {'co': 18172, 'co2': 13279, 'no': 18173, 'no2': 18174, 'o3': 18175}, 'pm': {'pm1': 13254, 'pm10': 13256, 'pm25': 13255}}",2.2,10.5,5.34,2.58,4.92,2.93,722643755,81.6,MOD-00631,12.7,2026-07-05T12:35:04,2026-07-05T05:35:04,https://api.quant-aq.com/v1/devices/MOD-00631/data/722643554
226.69,605.52,"{'lat': None, 'lon': None}","{'rh': 81.5, 'temp': 12.7, 'wd': 0.0, 'ws': 0.0, 'ws_scalar': 0.0}","{'gas': {'co': 18172, 'co2': 13279, 'no': 18173, 'no2': 18174, 'o3': 18175}, 'pm': {'pm1': 13254, 'pm10': 13256, 'pm25': 13255}}",2.48,9.4,4.23,2.13,3.74,2.46,722643753,81.5,MOD-00631,12.7,2026-07-05T12:34:04,2026-07-05T05:34:04,https://api.quant-aq.com/v1/devices/MOD-00631/data/722643553
221.36,604.31,"{'lat': None, 'lon': None}","{'rh': 81.5, 'temp': 12.7, 'wd': 0.0, 'ws': 0.0, 'ws_scalar': 0.0}","{'gas': {'co': 18172, 'co2': 13279, 'no': 18173, 'no2': 18174, 'o3': 18175}, 'pm': {'pm1': 13254, 'pm10': 13256, 'pm25': 13255}}",2.31,11.08,4.31,2.24,7.33,2.54,722643756,81.5,MOD-00631,12.7,2026-07-05T12:33:04,2026-07-05T05:33:04,https://api.quant-aq.com/v1/devices/MOD-00631/data/722643555
230.82,600.58,"{'lat': None, 'lon': None}","{'rh': 81.3, 'temp': 12.6, 'wd': 0.0, 'ws': 0.0, 'ws_scalar': 0.0}","{'gas': {'co': 18172, 'co2': 13279, 'no': 18173, 'no2': 18174, 'o3': 18175}, 'pm': {'pm1': 13254, 'pm10': 13256, 'pm25': 13255}}",2.3,10.54,4.01,2.5,4.65,2.82,722643754,81.3,MOD-00631,12.6,2026-07-05T12:32:04,2026-07-05T05:32:04,https://api.quant-aq.com/v1/devices/MOD-00631/data/722643552
223.89,605.88,"{'lat': None, 'lon': None}","{'rh': 81.4, 'temp': 12.7, 'wd': 0.0, 'ws': 0.0, 'ws_scalar': 0.0}","{'gas': {'co': 18172, 'co2': 13279, 'no': 18173, 'no2': 18174, 'o3': 18175}, 'pm': {'pm1': 13254, 'pm10': 13256, 'pm25': 13255}}",2.32,10.5,5.81,2.67,3.72,2.97,722641572,81.4,MOD-00631,12.7,2026-07-05T12:31:04,2026-07-05T05:31:04,https://api.quant-aq.com/v1/devices/MOD-00631/data/722641371
228.7,601.42,"{'lat': None, 'lon': None}","{'rh': 81.4, 'temp': 12.6, 'wd': 0.0, 'ws': 0.0, 'ws_scalar': 0.0}","{'gas': {'co': 18172, 'co2': 13279, 'no': 18173, 'no2': 18174, 'o3': 18175}, 'pm': {'pm1': 13254, 'pm10': 13256, 'pm25': 13255}}",2.43,9.98,5.03,2.47,6.15,2.73,722641569,81.4,MOD-00631,12.6,2026-07-05T12:30:04,2026-07-05T05:30:04,https://api.quant-aq.com/v1/devices/MOD-00631/data/722641369
225.35,603.95,"{'lat': None, 'lon': None}","{'rh': 81.5, 'temp': 12.6, 'wd': 0.0, 'ws': 0.0, 'ws_scalar': 0.0}","{'gas': {'co': 18172, 'co2': 13279, 'no': 18173, 'no2': 18174, 'o3': 18175}, 'pm': {'pm1': 13254, 'pm10': 13256, 'pm25': 13255}}",2.3,11.12,5.24,2.4,5.35,2.75,722641571,81.5,MOD-00631,12.6,2026-07-05T12:29:04,2026-07-05T05:29:04,https://api.quant-aq.com/v1/devices/MOD-00631/data/722641370
227.88,599.5,"{'lat': None, 'lon': None}","{'rh': 81.4, 'temp': 12.6, 'wd': 0.0, 'ws': 0.0, 'ws_scalar': 0.0}","{'gas': {'co': 18172, 'co2': 13279, 'no': 18173, 'no2': 18174, 'o3': 18175}, 'pm': {'pm1': 13254, 'pm10': 13256, 'pm25': 13255}}",2.3,8.37,5.4,2.45,3.34,2.9,722641570,81.4,MOD-00631,12.6,2026-07-05T12:28:04,2026-07-05T05:28:04,https://api.quant-aq.com/v1/devices/MOD-00631/data/722641368
229.11,604.43,"{'lat': None, 'lon': None}","{'rh': 81.4, 'temp': 12.6, 'wd': 0.0, 'ws': 0.0, 'ws_scalar': 0.0}","{'gas': {'co': 18172, 'co2': 13279, 'no': 18173, 'no2': 18174, 'o3': 18175}, 'pm': {'pm1': 13254, 'pm10': 13256, 'pm25': 13255}}",2.43,9.98,4.58,2.5,5.55,2.87,722639409,81.4,MOD-00631,12.6,2026-07-05T12:27:04,2026-07-05T05:27:04,https://api.quant-aq.com/v1/devices/MOD-00631/data/722639208
233.14,602.63,"{'lat': None, 'lon': None}","{'rh': 81.5, 'temp': 12.6, 'wd': 0.0, 'ws': 0.0, 'ws_scalar': 0.0}","{'gas': {'co': 18172, 'co2': 13279, 'no': 18173, 'no2': 18174, 'o3': 18175}, 'pm': {'pm1': 13254, 'pm10': 13256, 'pm25': 13255}}",2.3,10.54,5.36,2.27,7.88,2.58,722639408,81.5,MOD-00631,12.6,2026-07-05T12:26:04,2026-07-05T05:26:04,https://api.quant-aq.com/v1/devices/MOD-00631/data/722639207
226.24,606.0,"{'lat': None, 'lon': None}","{'rh': 81.4, 'temp': 12.6, 'wd': 0.0, 'ws': 0.0, 'ws_scalar': 0.0}","{'gas': {'co': 18172, 'co2': 13279, 'no': 18173, 'no2': 18174, 'o3': 18175}, 'pm': {'pm1': 13254, 'pm10': 13256, 'pm25': 13255}}",2.3,10.54,5.37,2.27,3.29,2.62,722639406,81.4,MOD-00631,12.6,2026-07-05T12:25:04,2026-07-05T05:25:04,https://api.quant-aq.com/v1/devices/MOD-00631/data/722639206
231.3,602.63,"{'lat': None, 'lon': None}","{'rh': 81.2, 'temp': 12.6, 'wd': 0.0, 'ws': 0.0, 'ws_scalar': 0.0}","{'gas': {'co': 18172, 'co2': 13279, 'no': 18173, 'no2': 18174, 'o3': 18175}, 'pm': {'pm1': 13254, 'pm10': 13256, 'pm25': 13255}}",2.3,10.54,4.01,2.31,3.9,2.7,722639407,81.2,MOD-00631,12.6,2026-07-05T12:24:04,2026-07-05T05:24:04,https://api.quant-aq.com/v1/devices/MOD-00631/data/722639205
231.16,603.23,"{'lat': None, 'lon': None}","{'rh': 81.4, 'temp': 12.6, 'wd': 0.0, 'ws': 0.0, 'ws_scalar': 0.0}","{'gas': {'co': 18172, 'co2': 13279, 'no': 18173, 'no2': 18174, 'o3': 18175}, 'pm': {'pm1': 13254, 'pm10': 13256, 'pm25': 13255}}",2.66,10.54,4.91,2.29,4.32,2.54,722637234,81.4,MOD-00631,12.6,2026-07-05T12:23:04,2026-07-05T05:23:04,https://api.quant-aq.com/v1/devices/MOD-00631/data/722637035
228.29,605.28,"{'lat': None, 'lon': None}","{'rh': 81.4, 'temp': 12.6, 'wd': 0.0, 'ws': 0.0, 'ws_scalar': 0.0}","{'gas': {'co': 18172, 'co2': 13279, 'no': 18173, 'no2': 18174, 'o3': 18175}, 'pm': {'pm1': 13254, 'pm10': 13256, 'pm25': 13255}}",2.43,11.12,3.42,2.37,4.04,2.83,722637232,81.4,MOD-00631,12.6,2026-07-05T12:22:04,2026-07-05T05:22:04,https://api.quant-aq.com/v1/devices/MOD-00631/data/722637032
222.48,603.83,"{'lat': None, 'lon': None}","{'rh': 81.5, 'temp': 12.6, 'wd': 0.0, 'ws': 0.0, 'ws_scalar': 0.0}","{'gas': {'co': 18172, 'co2': 13279, 'no': 18173, 'no2': 18174, 'o3': 18175}, 'pm': {'pm1': 13254, 'pm10': 13256, 'pm25': 13255}}",2.3,10.54,4.9,2.34,8.53,2.69,722637233,81.5,MOD-00631,12.6,2026-07-05T12:21:04,2026-07-05T05:21:04,https://api.quant-aq.com/v1/devices/MOD-00631/data/722637031
228.63,601.54,"{'lat': None, 'lon': None}","{'rh': 81.5, 'temp': 12.6, 'wd': 0.0, 'ws': 0.0, 'ws_scalar': 0.0}","{'gas': {'co': 18172, 'co2': 13279, 'no': 18173, 'no2': 18174, 'o3': 18175}, 'pm': {'pm1': 13254, 'pm10': 13256, 'pm25': 13255}}",2.43,9.98,4.57,2.24,5.22,2.45,722637231,81.5,MOD-00631,12.6,2026-07-05T12:20:04,2026-07-05T05:20:04,https://api.quant-aq.com/v1/devices/MOD-00631/data/722637030
230.34,603.71,"{'lat': None, 'lon': None}","{'rh': 81.4, 'temp': 12.6, 'wd': 0.0, 'ws': 0.0, 'ws_scalar': 0.0}","{'gas': {'co': 18172, 'co2': 13279, 'no': 18173, 'no2': 18174, 'o3': 18175}, 'pm': {'pm1': 13254, 'pm10': 13256, 'pm25': 13255}}",2.13,11.12,4.79,2.33,6.25,2.68,722635014,81.4,MOD-00631,12.6,2026-07-05T12:19:04,2026-07-05T05:19:04,https://api.quant-aq.com/v1/devices/MOD-00631/data/722634814
228.36,601.3,"{'lat': None, 'lon': None}","{'rh': 81.3, 'temp': 12.6, 'wd': 0.0, 'ws': 0.0, 'ws_scalar': 0.0}","{'gas': {'co': 18172, 'co2': 13279, 'no': 18173, 'no2': 18174, 'o3': 18175}, 'pm': {'pm1': 13254, 'pm10': 13256, 'pm25': 13255}}",2.43,9.98,4.58,2.25,4.3,2.71,722635015,81.3,MOD-00631,12.6,2026-07-05T12:18:04,2026-07-05T05:18:04,https://api.quant-aq.com/v1/devices/MOD-00631/data/722634813
223.78,603.59,"{'lat': None, 'lon': None}","{'rh': 81.4, 'temp': 12.6, 'wd': 0.0, 'ws': 0.0, 'ws_scalar': 0.0}","{'gas': {'co': 18172, 'co2': 13279, 'no': 18173, 'no2': 18174, 'o3': 18175}, 'pm': {'pm1': 13254, 'pm10': 13256, 'pm25': 13255}}",2.3,11.7,5.12,2.77,4.76,2.98,722635012,81.4,MOD-00631,12.6,2026-07-05T12:17:04,2026-07-05T05:17:04,https://api.quant-aq.com/v1/devices/MOD-00631/data/722634811
229.59,602.15,"{'lat': None, 'lon': None}","{'rh': 81.3, 'temp': 12.6, 'wd': 0.0, 'ws': 0.0, 'ws_scalar': 0.0}","{'gas': {'co': 18172, 'co2': 13279, 'no': 18173, 'no2': 18174, 'o3': 18175}, 'pm': {'pm1': 13254, 'pm10': 13256, 'pm25': 13255}}",2.67,10.54,4.92,2.7,3.63,3.08,722635013,81.3,MOD-00631,12.6,2026-07-05T12:16:04,2026-07-05T05:16:04,https://api.quant-aq.com/v1/devices/MOD-00631/data/722634812
227.72,605.64,"{'lat': None, 'lon': None}","{'rh': 81.2, 'temp': 12.7, 'wd': 0.0, 'ws': 0.0, 'ws_scalar': 0.0}","{'gas': {'co': 18172, 'co2': 13279, 'no': 18173, 'no2': 18174, 'o3': 18175}, 'pm': {'pm1': 13254, 'pm10': 13256, 'pm25': 13255}}",2.33,11.08,5.25,2.35,3.54,2.68,722632834,81.2,MOD-00631,12.7,2026-07-05T12:15:04,2026-07-05T05:15:04,https://api.quant-aq.com/v1/devices/MOD-00631/data/722632633
228.36,600.34,"{'lat': None, 'lon': None}","{'rh': 81.3, 'temp': 12.6, 'wd': 0.0, 'ws': 0.0, 'ws_scalar': 0.0}","{'gas': {'co': 18172, 'co2': 13279, 'no': 18173, 'no2': 18174, 'o3': 18175}, 'pm': {'pm1': 13254, 'pm10': 13256, 'pm25': 13255}}",2.3,9.43,5.16,2.31,3.81,2.58,722632832,81.3,MOD-00631,12.6,2026-07-05T12:14:04,2026-07-05T05:14:04,https://api.quant-aq.com/v1/devices/MOD-00631/data/722632632
227.06,605.04,"{'lat': None, 'lon': None}","{'rh': 81.4, 'temp': 12.6, 'wd': 0.0, 'ws': 0.0, 'ws_scalar': 0.0}","{'gas': {'co': 18172, 'co2': 13279, 'no': 18173, 'no2': 18174, 'o3': 18175}, 'pm': {'pm1': 13254, 'pm10': 13256, 'pm25': 13255}}",2.43,11.12,4.33,2.27,4.27,2.73,722632831,81.4,MOD-00631,12.6,2026-07-05T12:13:04,2026-07-05T05:13:04,https://api.quant-aq.com/v1/devices/MOD-00631/data/722632630
222.66,603.71,"{'lat': None, 'lon': None}","{'rh': 81.4, 'temp': 12.7, 'wd': 0.0, 'ws': 0.0, 'ws_scalar': 0.0}","{'gas': {'co': 18172, 'co2': 13279, 'no': 18173, 'no2': 18174, 'o3': 18175}, 'pm': {'pm1': 13254, 'pm10': 13256, 'pm25': 13255}}",2.32,11.66,4.65,2.45,4.95,2.92,722632833,81.4,MOD-00631,12.7,2026-07-05T12:12:04,2026-07-05T05:12:04,https://api.quant-aq.com/v1/devices/MOD-00631/data/722632631
227.31,603.59,"{'lat': None, 'lon': None}","{'rh': 81.2, 'temp': 12.7, 'wd': 0.0, 'ws': 0.0, 'ws_scalar': 0.0}","{'gas': {'co': 18172, 'co2': 13279, 'no': 18173, 'no2': 18174, 'o3': 18175}, 'pm': {'pm1': 13254, 'pm10': 13256, 'pm25': 13255}}",2.65,10.5,4.91,2.5,5.06,2.79,722630661,81.2,MOD-00631,12.7,2026-07-05T12:11:04,2026-07-05T05:11:04,https://api.quant-aq.com/v1/devices/MOD-00631/data/722630459
220.89,604.43,"{'lat': None, 'lon': None}","{'rh': 81.0, 'temp': 12.7, 'wd': 0.0, 'ws': 0.0, 'ws_scalar': 0.0}","{'gas': {'co': 18172, 'co2': 13279, 'no': 18173, 'no2': 18174, 'o3': 18175}, 'pm': {'pm1': 13254, 'pm10': 13256, 'pm25': 13255}}",2.5,9.94,5.05,2.62,6.67,3.07,722630663,81.0,MOD-00631,12.7,2026-07-05T12:10:04,2026-07-05T05:10:04,https://api.quant-aq.com/v1/devices/MOD-00631/data/722630461
225.26,604.19,"{'lat': None, 'lon': None}","{'rh': 81.2, 'temp': 12.7, 'wd': 0.0, 'ws': 0.0, 'ws_scalar': 0.0}","{'gas': {'co': 18172, 'co2': 13279, 'no': 18173, 'no2': 18174, 'o3': 18175}, 'pm': {'pm1': 13254, 'pm10': 13256, 'pm25': 13255}}",2.33,11.66,4.67,2.76,4.88,3.15,722630662,81.2,MOD-00631,12.7,2026-07-05T12:09:04,2026-07-05T05:09:04,https://api.quant-aq.com/v1/devices/MOD-00631/data/722630462
227.45,601.18,"{'lat': None, 'lon': None}","{'rh': 81.0, 'temp': 12.7, 'wd': 0.0, 'ws': 0.0, 'ws_scalar': 0.0}","{'gas': {'co': 18172, 'co2': 13279, 'no': 18173, 'no2': 18174, 'o3': 18175}, 'pm': {'pm1': 13254, 'pm10': 13256, 'pm25': 13255}}",2.35,12.25,3.19,2.22,5.15,2.54,722630659,81.0,MOD-00631,12.7,2026-07-05T12:08:04,2026-07-05T05:08:04,https://api.quant-aq.com/v1/devices/MOD-00631/data/722630460
228.82,604.19,"{'lat': None, 'lon': None}","{'rh': 80.8, 'temp': 12.7, 'wd': 0.0, 'ws': 0.0, 'ws_scalar': 0.0}","{'gas': {'co': 18172, 'co2': 13279, 'no': 18173, 'no2': 18174, 'o3': 18175}, 'pm': {'pm1': 13254, 'pm10': 13256, 'pm25': 13255}}",2.5,10.5,4.49,2.64,4.02,2.83,722628525,80.8,MOD-00631,12.7,2026-07-05T12:07:04,2026-07-05T05:07:04,https://api.quant-aq.com/v1/devices/MOD-00631/data/722628324
229.16,601.06,"{'lat': None, 'lon': None}","{'rh': 80.9, 'temp': 12.7, 'wd': 0.0, 'ws': 0.0, 'ws_scalar': 0.0}","{'gas': {'co': 18172, 'co2': 13279, 'no': 18173, 'no2': 18174, 'o3': 18175}, 'pm': {'pm1': 13254, 'pm10': 13256, 'pm25': 13255}}",2.35,11.66,5.15,2.67,15.29,3.08,722628523,80.9,MOD-00631,12.7,2026-07-05T12:06:04,2026-07-05T05:06:04,https://api.quant-aq.com/v1/devices/MOD-00631/data/722628321
221.85,602.39,"{'lat': None, 'lon': None}","{'rh': 80.8, 'temp': 12.7, 'wd': 0.0, 'ws': 0.0, 'ws_scalar': 0.0}","{'gas': {'co': 18172, 'co2': 13279, 'no': 18173, 'no2': 18174, 'o3': 18175}, 'pm': {'pm1': 13254, 'pm10': 13256, 'pm25': 13255}}",2.36,10.5,4.49,2.67,4.28,3.04,722628522,80.8,MOD-00631,12.7,2026-07-05T12:05:04,2026-07-05T05:05:04,https://api.quant-aq.com/v1/devices/MOD-00631/data/722628322
233.75,601.18,"{'lat': None, 'lon': None}","{'rh': 80.8, 'temp': 12.7, 'wd': 0.0, 'ws': 0.0, 'ws_scalar': 0.0}","{'gas': {'co': 18172, 'co2': 13279, 'no': 18173, 'no2': 18174, 'o3': 18175}, 'pm': {'pm1': 13254, 'pm10': 13256, 'pm25': 13255}}",2.5,11.07,3.91,2.38,3.15,2.67,722628524,80.8,MOD-00631,12.7,2026-07-05T12:04:04,2026-07-05T05:04:04,https://api.quant-aq.com/v1/devices/MOD-00631/data/722628323
225.61,602.51,"{'lat': None, 'lon': None}","{'rh': 80.7, 'temp': 12.7, 'wd': 0.0, 'ws': 0.0, 'ws_scalar': 0.0}","{'gas': {'co': 18172, 'co2': 13279, 'no': 18173, 'no2': 18174, 'o3': 18175}, 'pm': {'pm1': 13254, 'pm10': 13256, 'pm25': 13255}}",2.67,11.07,3.92,2.46,3.58,2.81,722626317,80.7,MOD-00631,12.7,2026-07-05T12:03:04,2026-07-05T05:03:04,https://api.quant-aq.com/v1/devices/MOD-00631/data/722626117
223.97,599.5,"{'lat': None, 'lon': None}","{'rh': 80.7, 'temp': 12.7, 'wd': 0.0, 'ws': 0.0, 'ws_scalar': 0.0}","{'gas': {'co': 18172, 'co2': 13279, 'no': 18173, 'no2': 18174, 'o3': 18175}, 'pm': {'pm1': 13254, 'pm10': 13256, 'pm25': 13255}}",2.36,11.07,4.83,2.39,5.86,2.92,722626318,80.7,MOD-00631,12.7,2026-07-05T12:02:04,2026-07-05T05:02:04,https://api.quant-aq.com/v1/devices/MOD-00631/data/722626116
226.91,601.3,"{'lat': None, 'lon': None}","{'rh': 80.6, 'temp': 12.7, 'wd': 0.0, 'ws': 0.0, 'ws_scalar': 0.0}","{'gas': {'co': 18172, 'co2': 13279, 'no': 18173, 'no2': 18174, 'o3': 18175}, 'pm': {'pm1': 13254, 'pm10': 13256, 'pm25': 13255}}",2.5,9.94,5.08,2.52,4.49,2.78,722626316,80.6,MOD-00631,12.7,2026-07-05T12:01:04,2026-07-05T05:01:04,https://api.quant-aq.com/v1/devices/MOD-00631/data/722626115
224.31,595.4,"{'lat': None, 'lon': None}","{'rh': 80.8, 'temp': 12.7, 'wd': 0.0, 'ws': 0.0, 'ws_scalar': 0.0}","{'gas': {'co': 18172, 'co2': 13279, 'no': 18173, 'no2': 18174, 'o3': 18175}, 'pm': {'pm1': 13254, 'pm10': 13256, 'pm25': 13255}}",2.36,9.94,5.52,2.62,4.73,2.83,722626319,80.8,MOD-00631,12.7,2026-07-05T12:00:04,2026-07-05T05:00:04,https://api.quant-aq.com/v1/devices/MOD-00631/data/722626118
224.38,597.57,"{'lat': None, 'lon': None}","{'rh': 80.7, 'temp': 12.7, 'wd': 0.0, 'ws': 0.0, 'ws_scalar': 0.0}","{'gas': {'co': 18172, 'co2': 13279, 'no': 18173, 'no2': 18174, 'o3': 18175}, 'pm': {'pm1': 13254, 'pm10': 13256, 'pm25': 13255}}",2.14,12.84,4.46,2.3,3.76,2.7,722624127,80.7,MOD-00631,12.7,2026-07-05T11:59:04,2026-07-05T04:59:04,https://api.quant-aq.com/v1/devices/MOD-00631/data/722623925
226.77,599.01,"{'lat': None, 'lon': None}","{'rh': 80.8, 'temp': 12.7, 'wd': 0.0, 'ws': 0.0, 'ws_scalar': 0.0}","{'gas': {'co': 18172, 'co2': 13279, 'no': 18173, 'no2': 18174, 'o3': 18175}, 'pm': {'pm1': 13254, 'pm10': 13256, 'pm25': 13255}}",2.36,11.66,4.7,2.4,10.93,2.79,722624124,80.8,MOD-00631,12.7,2026-07-05T11:58:04,2026-07-05T04:58:04,https://api.quant-aq.com/v1/devices/MOD-00631/data/722623923
229.11,600.34,"{'lat': None, 'lon': None}","{'rh': 80.4, 'temp': 12.7, 'wd': 0.0, 'ws': 0.0, 'ws_scalar': 0.0}","{'gas': {'co': 18172, 'co2': 13279, 'no': 18173, 'no2': 18174, 'o3': 18175}, 'pm': {'pm1': 13254, 'pm10': 13256, 'pm25': 13255}}",2.94,10.5,4.97,2.22,3.93,2.62,722624125,80.4,MOD-00631,12.7,2026-07-05T11:57:04,2026-07-05T04:57:04,https://api.quant-aq.com/v1/devices/MOD-00631/data/722623924
230.34,601.18,"{'lat': None, 'lon': None}","{'rh': 80.4, 'temp': 12.7, 'wd': 0.0, 'ws': 0.0, 'ws_scalar': 0.0}","{'gas': {'co': 18172, 'co2': 13279, 'no': 18173, 'no2': 18174, 'o3': 18175}, 'pm': {'pm1': 13254, 'pm10': 13256, 'pm25': 13255}}",2.5,11.66,4.73,2.64,3.81,3.02,722624126,80.4,MOD-00631,12.7,2026-07-05T11:56:04,2026-07-05T04:56:04,https://api.quant-aq.com/v1/devices/MOD-00631/data/722623926
228.7,601.18,"{'lat': None, 'lon': None}","{'rh': 80.4, 'temp': 12.7, 'wd': 0.0, 'ws': 0.0, 'ws_scalar': 0.0}","{'gas': {'co': 18172, 'co2': 13279, 'no': 18173, 'no2': 18174, 'o3': 18175}, 'pm': {'pm1': 13254, 'pm10': 13256, 'pm25': 13255}}",2.5,12.25,4.15,2.59,8.59,2.92,722621925,80.4,MOD-00631,12.7,2026-07-05T11:55:04,2026-07-05T04:55:04,https://api.quant-aq.com/v1/devices/MOD-00631/data/722621725
231.3,596.24,"{'lat': None, 'lon': None}","{'rh': 80.2, 'temp': 12.7, 'wd': 0.0, 'ws': 0.0, 'ws_scalar': 0.0}","{'gas': {'co': 18172, 'co2': 13279, 'no': 18173, 'no2': 18174, 'o3': 18175}, 'pm': {'pm1': 13254, 'pm10': 13256, 'pm25': 13255}}",3.21,11.07,5.32,2.61,6.25,2.94,722621922,80.2,MOD-00631,12.7,2026-07-05T11:54:04,2026-07-05T04:54:04,https://api.quant-aq.com/v1/devices/MOD-00631/data/722621721
228.13,598.41,"{'lat': None, 'lon': None}","{'rh': 80.2, 'temp': 12.8, 'wd': 0.0, 'ws': 0.0, 'ws_scalar': 0.0}","{'gas': {'co': 18172, 'co2': 13279, 'no': 18173, 'no2': 18174, 'o3': 18175}, 'pm': {'pm1': 13254, 'pm10': 13256, 'pm25': 13255}}",2.7,10.45,4.98,2.53,5.16,2.77,722621923,80.2,MOD-00631,12.8,2026-07-05T11:53:04,2026-07-05T04:53:04,https://api.quant-aq.com/v1/devices/MOD-00631/data/722621722
231.96,599.38,"{'lat': None, 'lon': None}","{'rh': 80.0, 'temp': 12.8, 'wd': 0.0, 'ws': 0.0, 'ws_scalar': 0.0}","{'gas': {'co': 18172, 'co2': 13279, 'no': 18173, 'no2': 18174, 'o3': 18175}, 'pm': {'pm1': 13254, 'pm10': 13256, 'pm25': 13255}}",2.4,10.45,4.99,2.23,2.88,2.6,722621927,80.0,MOD-00631,12.8,2026-07-05T11:52:04,2026-07-05T04:52:04,https://api.quant-aq.com/v1/devices/MOD-00631/data/722621724
218.83,595.28,"{'lat': None, 'lon': None}","{'rh': 80.0, 'temp': 12.8, 'wd': 0.0, 'ws': 0.0, 'ws_scalar': 0.0}","{'gas': {'co': 18172, 'co2': 13279, 'no': 18173, 'no2': 18174, 'o3': 18175}, 'pm': {'pm1': 13254, 'pm10': 13256, 'pm25': 13255}}",2.57,11.02,5.78,2.41,6.29,2.82,722619727,80.0,MOD-00631,12.8,2026-07-05T11:51:04,2026-07-05T04:51:04,https://api.quant-aq.com/v1/devices/MOD-00631/data/722619526
216.78,599.38,"{'lat': None, 'lon': None}","{'rh': 80.0, 'temp': 12.8, 'wd': 0.0, 'ws': 0.0, 'ws_scalar': 0.0}","{'gas': {'co': 18172, 'co2': 13279, 'no': 18173, 'no2': 18174, 'o3': 18175}, 'pm': {'pm1': 13254, 'pm10': 13256, 'pm25': 13255}}",2.16,9.34,5.24,2.74,5.6,3.02,722619730,80.0,MOD-00631,12.8,2026-07-05T11:50:04,2026-07-05T04:50:04,https://api.quant-aq.com/v1/devices/MOD-00631/data/722619529
222.53,599.74,"{'lat': None, 'lon': None}","{'rh': 80.0, 'temp': 12.8, 'wd': 0.0, 'ws': 0.0, 'ws_scalar': 0.0}","{'gas': {'co': 18172, 'co2': 13279, 'no': 18173, 'no2': 18174, 'o3': 18175}, 'pm': {'pm1': 13254, 'pm10': 13256, 'pm25': 13255}}",3.71,11.02,6.24,2.5,4.67,2.7,722619728,80.0,MOD-00631,12.8,2026-07-05T11:49:04,2026-07-05T04:49:04,https://api.quant-aq.com/v1/devices/MOD-00631/data/722619527
244.67,599.74,"{'lat': None, 'lon': None}","{'rh': 80.0, 'temp': 12.8, 'wd': 0.0, 'ws': 0.0, 'ws_scalar': 0.0}","{'gas': {'co': 18172, 'co2': 13279, 'no': 18173, 'no2': 18174, 'o3': 18175}, 'pm': {'pm1': 13254, 'pm10': 13256, 'pm25': 13255}}",3.45,12.79,4.5,2.3,3.69,2.82,722619729,80.0,MOD-00631,12.8,2026-07-05T11:48:04,2026-07-05T04:48:04,https://api.quant-aq.com/v1/devices/MOD-00631/data/722619528
211.11,598.05,"{'lat': None, 'lon': None}","{'rh': 79.9, 'temp': 12.8, 'wd': 0.0, 'ws': 0.0, 'ws_scalar': 0.0}","{'gas': {'co': 18172, 'co2': 13279, 'no': 18173, 'no2': 18174, 'o3': 18175}, 'pm': {'pm1': 13254, 'pm10': 13256, 'pm25': 13255}}",1.78,9.34,5.24,2.97,5.37,3.27,722617583,79.9,MOD-00631,12.8,2026-07-05T11:47:04,2026-07-05T04:47:04,https://api.quant-aq.com/v1/devices/MOD-00631/data/722617382
240.3,600.46,"{'lat': None, 'lon': None}","{'rh': 79.8, 'temp': 12.8, 'wd': 0.0, 'ws': 0.0, 'ws_scalar': 0.0}","{'gas': {'co': 18172, 'co2': 13279, 'no': 18173, 'no2': 18174, 'o3': 18175}, 'pm': {'pm1': 13254, 'pm10': 13256, 'pm25': 13255}}",2.57,11.02,4.43,2.67,4.04,3.04,722617586,79.8,MOD-00631,12.8,2026-07-05T11:46:04,2026-07-05T04:46:04,https://api.quant-aq.com/v1/devices/MOD-00631/data/722617383
202.57,600.46,"{'lat': None, 'lon': None}","{'rh': 79.8, 'temp': 12.8, 'wd': 0.0, 'ws': 0.0, 'ws_scalar': 0.0}","{'gas': {'co': 18172, 'co2': 13279, 'no': 18173, 'no2': 18174, 'o3': 18175}, 'pm': {'pm1': 13254, 'pm10': 13256, 'pm25': 13255}}",2.57,11.02,4.88,2.6,4.63,2.86,722617585,79.8,MOD-00631,12.8,2026-07-05T11:45:04,2026-07-05T04:45:04,https://api.quant-aq.com/v1/devices/MOD-00631/data/722617385
225.2,599.25,"{'lat': None, 'lon': None}","{'rh': 79.7, 'temp': 12.8, 'wd': 0.0, 'ws': 0.0, 'ws_scalar': 0.0}","{'gas': {'co': 18172, 'co2': 13279, 'no': 18173, 'no2': 18174, 'o3': 18175}, 'pm': {'pm1': 13254, 'pm10': 13256, 'pm25': 13255}}",2.17,11.02,5.35,2.63,5.33,2.87,722617584,79.7,MOD-00631,12.8,2026-07-05T11:44:04,2026-07-05T04:44:04,https://api.quant-aq.com/v1/devices/MOD-00631/data/722617384
244.88,596.36,"{'lat': None, 'lon': None}","{'rh': 79.7, 'temp': 12.8, 'wd': 0.0, 'ws': 0.0, 'ws_scalar': 0.0}","{'gas': {'co': 18172, 'co2': 13279, 'no': 18173, 'no2': 18174, 'o3': 18175}, 'pm': {'pm1': 13254, 'pm10': 13256, 'pm25': 13255}}",2.95,12.79,4.06,2.64,6.28,2.83,722615358,79.7,MOD-00631,12.8,2026-07-05T11:43:04,2026-07-05T04:43:04,https://api.quant-aq.com/v1/devices/MOD-00631/data/722615156
230.71,599.98,"{'lat': None, 'lon': None}","{'rh': 79.6, 'temp': 12.9, 'wd': 0.0, 'ws': 0.0, 'ws_scalar': 0.0}","{'gas': {'co': 18172, 'co2': 13279, 'no': 18173, 'no2': 18174, 'o3': 18175}, 'pm': {'pm1': 13254, 'pm10': 13256, 'pm25': 13255}}",2.25,8.76,6.29,2.4,5.11,2.7,722615359,79.6,MOD-00631,12.9,2026-07-05T11:42:04,2026-07-05T04:42:04,https://api.quant-aq.com/v1/devices/MOD-00631/data/722615158
268.44,601.18,"{'lat': None, 'lon': None}","{'rh': 79.6, 'temp': 12.9, 'wd': 0.0, 'ws': 0.0, 'ws_scalar': 0.0}","{'gas': {'co': 18172, 'co2': 13279, 'no': 18173, 'no2': 18174, 'o3': 18175}, 'pm': {'pm1': 13254, 'pm10': 13256, 'pm25': 13255}}",2.93,13.33,4.39,2.56,4.01,2.89,722615357,79.6,MOD-00631,12.9,2026-07-05T11:41:04,2026-07-05T04:41:04,https://api.quant-aq.com/v1/devices/MOD-00631/data/722615157
220.05,599.74,"{'lat': None, 'lon': None}","{'rh': 79.6, 'temp': 12.9, 'wd': 0.0, 'ws': 0.0, 'ws_scalar': 0.0}","{'gas': {'co': 18172, 'co2': 13279, 'no': 18173, 'no2': 18174, 'o3': 18175}, 'pm': {'pm1': 13254, 'pm10': 13256, 'pm25': 13255}}",2.16,10.97,4.43,2.72,5.21,3.0,722615356,79.6,MOD-00631,12.9,2026-07-05T11:40:04,2026-07-05T04:40:04,https://api.quant-aq.com/v1/devices/MOD-00631/data/722615154
218.0,600.46,"{'lat': None, 'lon': None}","{'rh': 79.6, 'temp': 12.9, 'wd': 0.0, 'ws': 0.0, 'ws_scalar': 0.0}","{'gas': {'co': 18172, 'co2': 13279, 'no': 18173, 'no2': 18174, 'o3': 18175}, 'pm': {'pm1': 13254, 'pm10': 13256, 'pm25': 13255}}",2.42,10.39,5.92,2.33,5.12,2.75,722613214,79.6,MOD-00631,12.9,2026-07-05T11:39:04,2026-07-05T04:39:04,https://api.quant-aq.com/v1/devices/MOD-00631/data/722613013
220.87,599.25,"{'lat': None, 'lon': None}","{'rh': 79.6, 'temp': 12.9, 'wd': 0.0, 'ws': 0.0, 'ws_scalar': 0.0}","{'gas': {'co': 18172, 'co2': 13279, 'no': 18173, 'no2': 18174, 'o3': 18175}, 'pm': {'pm1': 13254, 'pm10': 13256, 'pm25': 13255}}",1.97,10.39,5.46,2.52,3.32,2.82,722613213,79.6,MOD-00631,12.9,2026-07-05T11:38:04,2026-07-05T04:38:04,https://api.quant-aq.com/v1/devices/MOD-00631/data/722613012
241.1,598.17,"{'lat': None, 'lon': None}","{'rh': 79.4, 'temp': 12.9, 'wd': 0.0, 'ws': 0.0, 'ws_scalar': 0.0}","{'gas': {'co': 18172, 'co2': 13279, 'no': 18173, 'no2': 18174, 'o3': 18175}, 'pm': {'pm1': 13254, 'pm10': 13256, 'pm25': 13255}}",2.6,13.33,4.86,2.65,8.25,2.86,722613212,79.4,MOD-00631,12.9,2026-07-05T11:37:04,2026-07-05T04:37:04,https://api.quant-aq.com/v1/devices/MOD-00631/data/722613011
248.43,594.92,"{'lat': None, 'lon': None}","{'rh': 78.9, 'temp': 12.9, 'wd': 0.0, 'ws': 0.0, 'ws_scalar': 0.0}","{'gas': {'co': 18172, 'co2': 13279, 'no': 18173, 'no2': 18174, 'o3': 18175}, 'pm': {'pm1': 13254, 'pm10': 13256, 'pm25': 13255}}",3.22,8.74,5.43,2.62,5.03,2.96,722613211,78.9,MOD-00631,12.9,2026-07-05T11:36:04,2026-07-05T04:36:04,https://api.quant-aq.com/v1/devices/MOD-00631/data/722613010
230.1,595.52,"{'lat': None, 'lon': None}","{'rh': 79.3, 'temp': 12.9, 'wd': 0.0, 'ws': 0.0, 'ws_scalar': 0.0}","{'gas': {'co': 18172, 'co2': 13279, 'no': 18173, 'no2': 18174, 'o3': 18175}, 'pm': {'pm1': 13254, 'pm10': 13256, 'pm25': 13255}}",2.44,10.39,5.49,2.4,4.46,2.69,722611037,79.3,MOD-00631,12.9,2026-07-05T11:35:04,2026-07-05T04:35:04,https://api.quant-aq.com/v1/devices/MOD-00631/data/722610836
231.26,598.17,"{'lat': None, 'lon': None}","{'rh': 79.4, 'temp': 12.9, 'wd': 0.0, 'ws': 0.0, 'ws_scalar': 0.0}","{'gas': {'co': 18172, 'co2': 13279, 'no': 18173, 'no2': 18174, 'o3': 18175}, 'pm': {'pm1': 13254, 'pm10': 13256, 'pm25': 13255}}",2.94,10.39,5.94,2.38,4.6,2.7,722611038,79.4,MOD-00631,12.9,2026-07-05T11:34:04,2026-07-05T04:34:04,https://api.quant-aq.com/v1/devices/MOD-00631/data/722610837
236.29,593.11,"{'lat': None, 'lon': None}","{'rh': 79.4, 'temp': 13.0, 'wd': 0.0, 'ws': 0.0, 'ws_scalar': 0.0}","{'gas': {'co': 18172, 'co2': 13279, 'no': 18173, 'no2': 18174, 'o3': 18175}, 'pm': {'pm1': 13254, 'pm10': 13256, 'pm25': 13255}}",2.43,11.49,4.76,2.77,4.34,3.11,722611039,79.4,MOD-00631,13.0,2026-07-05T11:33:04,2026-07-05T04:33:04,https://api.quant-aq.com/v1/devices/MOD-00631/data/722610838
230.96,599.74,"{'lat': None, 'lon': None}","{'rh': 79.4, 'temp': 13.0, 'wd': 0.0, 'ws': 0.0, 'ws_scalar': 0.0}","{'gas': {'co': 18172, 'co2': 13279, 'no': 18173, 'no2': 18174, 'o3': 18175}, 'pm': {'pm1': 13254, 'pm10': 13256, 'pm25': 13255}}",2.59,11.49,5.68,2.51,8.19,2.75,722611040,79.4,MOD-00631,13.0,2026-07-05T11:32:04,2026-07-05T04:32:04,https://api.quant-aq.com/v1/devices/MOD-00631/data/722610839
243.19,597.57,"{'lat': None, 'lon': None}","{'rh': 79.5, 'temp': 13.0, 'wd': 0.0, 'ws': 0.0, 'ws_scalar': 0.0}","{'gas': {'co': 18172, 'co2': 13279, 'no': 18173, 'no2': 18174, 'o3': 18175}, 'pm': {'pm1': 13254, 'pm10': 13256, 'pm25': 13255}}",2.59,12.08,5.55,2.43,4.26,2.75,722608837,79.5,MOD-00631,13.0,2026-07-05T11:31:04,2026-07-05T04:31:04,https://api.quant-aq.com/v1/devices/MOD-00631/data/722608636
225.97,599.5,"{'lat': None, 'lon': None}","{'rh': 79.5, 'temp': 13.0, 'wd': 0.0, 'ws': 0.0, 'ws_scalar': 0.0}","{'gas': {'co': 18172, 'co2': 13279, 'no': 18173, 'no2': 18174, 'o3': 18175}, 'pm': {'pm1': 13254, 'pm10': 13256, 'pm25': 13255}}",2.59,11.49,5.67,2.66,3.86,2.98,722608839,79.5,MOD-00631,13.0,2026-07-05T11:30:04,2026-07-05T04:30:04,https://api.quant-aq.com/v1/devices/MOD-00631/data/722608639
240.73,595.64,"{'lat': None, 'lon': None}","{'rh': 79.5, 'temp': 13.0, 'wd': 0.0, 'ws': 0.0, 'ws_scalar': 0.0}","{'gas': {'co': 18172, 'co2': 13279, 'no': 18173, 'no2': 18174, 'o3': 18175}, 'pm': {'pm1': 13254, 'pm10': 13256, 'pm25': 13255}}",2.59,9.79,6.04,2.94,4.1,3.3,722608838,79.5,MOD-00631,13.0,2026-07-05T11:29:04,2026-07-05T04:29:04,https://api.quant-aq.com/v1/devices/MOD-00631/data/722608638
227.2,598.05,"{'lat': None, 'lon': None}","{'rh': 79.5, 'temp': 13.0, 'wd': 0.0, 'ws': 0.0, 'ws_scalar': 0.0}","{'gas': {'co': 18172, 'co2': 13279, 'no': 18173, 'no2': 18174, 'o3': 18175}, 'pm': {'pm1': 13254, 'pm10': 13256, 'pm25': 13255}}",2.42,12.08,5.55,2.59,6.18,2.96,722608840,79.5,MOD-00631,13.0,2026-07-05T11:28:04,2026-07-05T04:28:04,https://api.quant-aq.com/v1/devices/MOD-00631/data/722608637
237.93,596.97,"{'lat': None, 'lon': None}","{'rh': 79.4, 'temp': 13.0, 'wd': 0.0, 'ws': 0.0, 'ws_scalar': 0.0}","{'gas': {'co': 18172, 'co2': 13279, 'no': 18173, 'no2': 18174, 'o3': 18175}, 'pm': {'pm1': 13254, 'pm10': 13256, 'pm25': 13255}}",2.26,11.49,5.22,2.45,5.91,2.77,722606646,79.4,MOD-00631,13.0,2026-07-05T11:27:04,2026-07-05T04:27:04,https://api.quant-aq.com/v1/devices/MOD-00631/data/722606449
220.85,593.96,"{'lat': None, 'lon': None}","{'rh': 79.2, 'temp': 13.0, 'wd': 0.0, 'ws': 0.0, 'ws_scalar': 0.0}","{'gas': {'co': 18172, 'co2': 13279, 'no': 18173, 'no2': 18174, 'o3': 18175}, 'pm': {'pm1': 13254, 'pm10': 13256, 'pm25': 13255}}",3.44,9.78,6.06,2.63,3.39,2.89,722606648,79.2,MOD-00631,13.0,2026-07-05T11:26:04,2026-07-05T04:26:04,https://api.quant-aq.com/v1/devices/MOD-00631/data/722606448
231.24,597.09,"{'lat': None, 'lon': None}","{'rh': 79.0, 'temp': 13.0, 'wd': 0.0, 'ws': 0.0, 'ws_scalar': 0.0}","{'gas': {'co': 18172, 'co2': 13279, 'no': 18173, 'no2': 18174, 'o3': 18175}, 'pm': {'pm1': 13254, 'pm10': 13256, 'pm25': 13255}}",2.17,9.77,5.62,2.6,4.95,2.99,722606643,79.0,MOD-00631,13.0,2026-07-05T11:25:04,2026-07-05T04:25:04,https://api.quant-aq.com/v1/devices/MOD-00631/data/722606446
242.18,592.99,"{'lat': None, 'lon': None}","{'rh': 79.2, 'temp': 13.0, 'wd': 0.0, 'ws': 0.0, 'ws_scalar': 0.0}","{'gas': {'co': 18172, 'co2': 13279, 'no': 18173, 'no2': 18174, 'o3': 18175}, 'pm': {'pm1': 13254, 'pm10': 13256, 'pm25': 13255}}",2.94,12.67,5.45,2.96,4.63,3.19,722606644,79.2,MOD-00631,13.0,2026-07-05T11:24:04,2026-07-05T04:24:04,https://api.quant-aq.com/v1/devices/MOD-00631/data/722606447
236.77,592.27,"{'lat': None, 'lon': None}","{'rh': 79.3, 'temp': 13.0, 'wd': 0.0, 'ws': 0.0, 'ws_scalar': 0.0}","{'gas': {'co': 18172, 'co2': 13279, 'no': 18173, 'no2': 18174, 'o3': 18175}, 'pm': {'pm1': 13254, 'pm10': 13256, 'pm25': 13255}}",2.6,10.34,7.3,2.73,6.21,3.08,722604446,79.3,MOD-00631,13.0,2026-07-05T11:23:04,2026-07-05T04:23:04,https://api.quant-aq.com/v1/devices/MOD-00631/data/722604245
231.96,593.83,"{'lat': None, 'lon': None}","{'rh': 79.3, 'temp': 13.1, 'wd': 0.0, 'ws': 0.0, 'ws_scalar': 0.0}","{'gas': {'co': 18172, 'co2': 13279, 'no': 18173, 'no2': 18174, 'o3': 18175}, 'pm': {'pm1': 13254, 'pm10': 13256, 'pm25': 13255}}",2.05,11.43,6.13,2.43,4.48,2.78,722604445,79.3,MOD-00631,13.1,2026-07-05T11:22:04,2026-07-05T04:22:04,https://api.quant-aq.com/v1/devices/MOD-00631/data/722604243
234.9,593.11,"{'lat': None, 'lon': None}","{'rh': 79.2, 'temp': 13.1, 'wd': 0.0, 'ws': 0.0, 'ws_scalar': 0.0}","{'gas': {'co': 18172, 'co2': 13279, 'no': 18173, 'no2': 18174, 'o3': 18175}, 'pm': {'pm1': 13254, 'pm10': 13256, 'pm25': 13255}}",2.43,12.02,6.47,2.77,4.01,3.25,722604443,79.2,MOD-00631,13.1,2026-07-05T11:21:04,2026-07-05T04:21:04,https://api.quant-aq.com/v1/devices/MOD-00631/data/722604242
237.58,594.44,"{'lat': None, 'lon': None}","{'rh': 78.9, 'temp': 13.1, 'wd': 0.0, 'ws': 0.0, 'ws_scalar': 0.0}","{'gas': {'co': 18172, 'co2': 13279, 'no': 18173, 'no2': 18174, 'o3': 18175}, 'pm': {'pm1': 13254, 'pm10': 13256, 'pm25': 13255}}",2.79,11.42,5.7,2.26,3.69,2.62,722604444,78.9,MOD-00631,13.1,2026-07-05T11:20:04,2026-07-05T04:20:04,https://api.quant-aq.com/v1/devices/MOD-00631/data/722604244
226.43,592.63,"{'lat': None, 'lon': None}","{'rh': 79.0, 'temp': 13.1, 'wd': 0.0, 'ws': 0.0, 'ws_scalar': 0.0}","{'gas': {'co': 18172, 'co2': 13279, 'no': 18173, 'no2': 18174, 'o3': 18175}, 'pm': {'pm1': 13254, 'pm10': 13256, 'pm25': 13255}}",2.78,8.66,5.86,2.27,5.04,2.51,722602274,79.0,MOD-00631,13.1,2026-07-05T11:19:04,2026-07-05T04:19:04,https://api.quant-aq.com/v1/devices/MOD-00631/data/722602072
241.54,597.69,"{'lat': None, 'lon': None}","{'rh': 79.1, 'temp': 13.1, 'wd': 0.0, 'ws': 0.0, 'ws_scalar': 0.0}","{'gas': {'co': 18172, 'co2': 13279, 'no': 18173, 'no2': 18174, 'o3': 18175}, 'pm': {'pm1': 13254, 'pm10': 13256, 'pm25': 13255}}",2.44,12.61,4.98,2.49,4.18,2.77,722602275,79.1,MOD-00631,13.1,2026-07-05T11:18:04,2026-07-05T04:18:04,https://api.quant-aq.com/v1/devices/MOD-00631/data/722602074
235.86,592.03,"{'lat': None, 'lon': None}","{'rh': 79.0, 'temp': 13.1, 'wd': 0.0, 'ws': 0.0, 'ws_scalar': 0.0}","{'gas': {'co': 18172, 'co2': 13279, 'no': 18173, 'no2': 18174, 'o3': 18175}, 'pm': {'pm1': 13254, 'pm10': 13256, 'pm25': 13255}}",2.28,12.01,6.48,2.85,5.09,3.11,722602276,79.0,MOD-00631,13.1,2026-07-05T11:17:04,2026-07-05T04:17:04,https://api.quant-aq.com/v1/devices/MOD-00631/data/722602075
234.7,591.91,"{'lat': None, 'lon': None}","{'rh': 78.9, 'temp': 13.1, 'wd': 0.0, 'ws': 0.0, 'ws_scalar': 0.0}","{'gas': {'co': 18172, 'co2': 13279, 'no': 18173, 'no2': 18174, 'o3': 18175}, 'pm': {'pm1': 13254, 'pm10': 13256, 'pm25': 13255}}",2.79,9.71,6.07,2.86,4.02,3.06,722602273,78.9,MOD-00631,13.1,2026-07-05T11:16:04,2026-07-05T04:16:04,https://api.quant-aq.com/v1/devices/MOD-00631/data/722602073
241.2,595.52,"{'lat': None, 'lon': None}","{'rh': 79.0, 'temp': 13.1, 'wd': 0.0, 'ws': 0.0, 'ws_scalar': 0.0}","{'gas': {'co': 18172, 'co2': 13279, 'no': 18173, 'no2': 18174, 'o3': 18175}, 'pm': {'pm1': 13254, 'pm10': 13256, 'pm25': 13255}}",2.95,12.01,6.03,2.71,5.5,3.11,722600045,79.0,MOD-00631,13.1,2026-07-05T11:15:04,2026-07-05T04:15:04,https://api.quant-aq.com/v1/devices/MOD-00631/data/722599843
232.44,595.64,"{'lat': None, 'lon': None}","{'rh': 79.2, 'temp': 13.1, 'wd': 0.0, 'ws': 0.0, 'ws_scalar': 0.0}","{'gas': {'co': 18172, 'co2': 13279, 'no': 18173, 'no2': 18174, 'o3': 18175}, 'pm': {'pm1': 13254, 'pm10': 13256, 'pm25': 13255}}",2.43,10.85,5.35,2.31,6.28,2.65,722600047,79.2,MOD-00631,13.1,2026-07-05T11:14:04,2026-07-05T04:14:04,https://api.quant-aq.com/v1/devices/MOD-00631/data/722599844
239.9,594.44,"{'lat': None, 'lon': None}","{'rh': 79.1, 'temp': 13.1, 'wd': 0.0, 'ws': 0.0, 'ws_scalar': 0.0}","{'gas': {'co': 18172, 'co2': 13279, 'no': 18173, 'no2': 18174, 'o3': 18175}, 'pm': {'pm1': 13254, 'pm10': 13256, 'pm25': 13255}}",2.44,12.61,5.9,2.83,5.76,3.14,722600044,79.1,MOD-00631,13.1,2026-07-05T11:13:04,2026-07-05T04:13:04,https://api.quant-aq.com/v1/devices/MOD-00631/data/722599845
237.29,596.6,"{'lat': None, 'lon': None}","{'rh': 79.3, 'temp': 13.1, 'wd': 0.0, 'ws': 0.0, 'ws_scalar': 0.0}","{'gas': {'co': 18172, 'co2': 13279, 'no': 18173, 'no2': 18174, 'o3': 18175}, 'pm': {'pm1': 13254, 'pm10': 13256, 'pm25': 13255}}",2.76,11.43,4.76,2.29,4.44,2.43,722600046,79.3,MOD-00631,13.1,2026-07-05T11:12:04,2026-07-05T04:12:04,https://api.quant-aq.com/v1/devices/MOD-00631/data/722599846
247.76,596.48,"{'lat': None, 'lon': None}","{'rh': 79.0, 'temp': 13.1, 'wd': 0.0, 'ws': 0.0, 'ws_scalar': 0.0}","{'gas': {'co': 18172, 'co2': 13279, 'no': 18173, 'no2': 18174, 'o3': 18175}, 'pm': {'pm1': 13254, 'pm10': 13256, 'pm25': 13255}}",2.78,11.42,5.69,2.5,3.75,2.85,722597923,79.0,MOD-00631,13.1,2026-07-05T11:11:04,2026-07-05T04:11:04,https://api.quant-aq.com/v1/devices/MOD-00631/data/722597721
232.23,598.65,"{'lat': None, 'lon': None}","{'rh': 79.5, 'temp': 13.1, 'wd': 0.0, 'ws': 0.0, 'ws_scalar': 0.0}","{'gas': {'co': 18172, 'co2': 13279, 'no': 18173, 'no2': 18174, 'o3': 18175}, 'pm': {'pm1': 13254, 'pm10': 13256, 'pm25': 13255}}",2.58,12.03,5.53,2.97,4.81,3.28,722597924,79.5,MOD-00631,13.1,2026-07-05T11:10:04,2026-07-05T04:10:04,https://api.quant-aq.com/v1/devices/MOD-00631/data/722597723
244.16,599.25,"{'lat': None, 'lon': None}","{'rh': 79.6, 'temp': 13.2, 'wd': 0.0, 'ws': 0.0, 'ws_scalar': 0.0}","{'gas': {'co': 18172, 'co2': 13279, 'no': 18173, 'no2': 18174, 'o3': 18175}, 'pm': {'pm1': 13254, 'pm10': 13256, 'pm25': 13255}}",2.57,13.76,5.15,2.83,5.48,3.16,722597922,79.6,MOD-00631,13.2,2026-07-05T11:09:04,2026-07-05T04:09:04,https://api.quant-aq.com/v1/devices/MOD-00631/data/722597722
243.49,598.65,"{'lat': None, 'lon': None}","{'rh': 79.4, 'temp': 13.2, 'wd': 0.0, 'ws': 0.0, 'ws_scalar': 0.0}","{'gas': {'co': 18172, 'co2': 13279, 'no': 18173, 'no2': 18174, 'o3': 18175}, 'pm': {'pm1': 13254, 'pm10': 13256, 'pm25': 13255}}",2.24,12.56,5.41,2.84,8.56,3.26,722597925,79.4,MOD-00631,13.2,2026-07-05T11:08:04,2026-07-05T04:08:04,https://api.quant-aq.com/v1/devices/MOD-00631/data/722597724
229.82,600.58,"{'lat': None, 'lon': None}","{'rh': 79.0, 'temp': 13.2, 'wd': 0.0, 'ws': 0.0, 'ws_scalar': 0.0}","{'gas': {'co': 18172, 'co2': 13279, 'no': 18173, 'no2': 18174, 'o3': 18175}, 'pm': {'pm1': 13254, 'pm10': 13256, 'pm25': 13255}}",2.44,11.37,5.68,3.15,5.1,3.54,722595741,79.0,MOD-00631,13.2,2026-07-05T11:07:04,2026-07-05T04:07:04,https://api.quant-aq.com/v1/devices/MOD-00631/data/722595540
241.24,591.79,"{'lat': None, 'lon': None}","{'rh': 79.1, 'temp': 13.2, 'wd': 0.0, 'ws': 0.0, 'ws_scalar': 0.0}","{'gas': {'co': 18172, 'co2': 13279, 'no': 18173, 'no2': 18174, 'o3': 18175}, 'pm': {'pm1': 13254, 'pm10': 13256, 'pm25': 13255}}",2.6,11.96,5.55,2.63,8.93,3.1,722595742,79.1,MOD-00631,13.2,2026-07-05T11:06:04,2026-07-05T04:06:04,https://api.quant-aq.com/v1/devices/MOD-00631/data/722595542
224.97,593.59,"{'lat': None, 'lon': None}","{'rh': 78.9, 'temp': 13.2, 'wd': 0.0, 'ws': 0.0, 'ws_scalar': 0.0}","{'gas': {'co': 18172, 'co2': 13279, 'no': 18173, 'no2': 18174, 'o3': 18175}, 'pm': {'pm1': 13254, 'pm10': 13256, 'pm25': 13255}}",2.15,13.15,4.86,2.8,4.88,3.2,722595743,78.9,MOD-00631,13.2,2026-07-05T11:05:04,2026-07-05T04:05:04,https://api.quant-aq.com/v1/devices/MOD-00631/data/722595541
238.24,592.39,"{'lat': None, 'lon': None}","{'rh': 78.7, 'temp': 13.2, 'wd': 0.0, 'ws': 0.0, 'ws_scalar': 0.0}","{'gas': {'co': 18172, 'co2': 13279, 'no': 18173, 'no2': 18174, 'o3': 18175}, 'pm': {'pm1': 13254, 'pm10': 13256, 'pm25': 13255}}",2.96,10.21,6.41,3.08,3.99,3.41,722595744,78.7,MOD-00631,13.2,2026-07-05T11:04:04,2026-07-05T04:04:04,https://api.quant-aq.com/v1/devices/MOD-00631/data/722595543
232.42,589.26,"{'lat': None, 'lon': None}","{'rh': 78.8, 'temp': 13.2, 'wd': 0.0, 'ws': 0.0, 'ws_scalar': 0.0}","{'gas': {'co': 18172, 'co2': 13279, 'no': 18173, 'no2': 18174, 'o3': 18175}, 'pm': {'pm1': 13254, 'pm10': 13256, 'pm25': 13255}}",2.45,11.36,5.7,3.56,8.95,3.95,722593525,78.8,MOD-00631,13.2,2026-07-05T11:03:04,2026-07-05T04:03:04,https://api.quant-aq.com/v1/devices/MOD-00631/data/722593326
227.91,594.68,"{'lat': None, 'lon': None}","{'rh': 78.8, 'temp': 13.2, 'wd': 0.0, 'ws': 0.0, 'ws_scalar': 0.0}","{'gas': {'co': 18172, 'co2': 13279, 'no': 18173, 'no2': 18174, 'o3': 18175}, 'pm': {'pm1': 13254, 'pm10': 13256, 'pm25': 13255}}",2.62,11.95,5.57,2.79,4.35,3.07,722593519,78.8,MOD-00631,13.2,2026-07-05T11:02:04,2026-07-05T04:02:04,https://api.quant-aq.com/v1/devices/MOD-00631/data/722593322
220.19,593.23,"{'lat': None, 'lon': None}","{'rh': 78.7, 'temp': 13.2, 'wd': 0.0, 'ws': 0.0, 'ws_scalar': 0.0}","{'gas': {'co': 18172, 'co2': 13279, 'no': 18173, 'no2': 18174, 'o3': 18175}, 'pm': {'pm1': 13254, 'pm10': 13256, 'pm25': 13255}}",2.29,11.35,5.71,2.48,3.44,2.72,722593523,78.7,MOD-00631,13.2,2026-07-05T11:01:04,2026-07-05T04:01:04,https://api.quant-aq.com/v1/devices/MOD-00631/data/722593324
235.92,593.47,"{'lat': None, 'lon': None}","{'rh': 78.5, 'temp': 13.2, 'wd': 0.0, 'ws': 0.0, 'ws_scalar': 0.0}","{'gas': {'co': 18172, 'co2': 13279, 'no': 18173, 'no2': 18174, 'o3': 18175}, 'pm': {'pm1': 13254, 'pm10': 13256, 'pm25': 13255}}",2.81,11.34,5.26,2.63,3.99,3.1,722593521,78.5,MOD-00631,13.2,2026-07-05T11:00:04,2026-07-05T04:00:04,https://api.quant-aq.com/v1/devices/MOD-00631/data/722593320
225.97,595.28,"{'lat': None, 'lon': None}","{'rh': 78.8, 'temp': 13.3, 'wd': 0.0, 'ws': 0.0, 'ws_scalar': 0.0}","{'gas': {'co': 18172, 'co2': 13279, 'no': 18173, 'no2': 18174, 'o3': 18175}, 'pm': {'pm1': 13254, 'pm10': 13256, 'pm25': 13255}}",2.27,10.16,5.02,2.55,4.52,2.91,722591368,78.8,MOD-00631,13.3,2026-07-05T10:59:04,2026-07-05T03:59:04,https://api.quant-aq.com/v1/devices/MOD-00631/data/722591168
234.52,594.92,"{'lat': None, 'lon': None}","{'rh': 78.9, 'temp': 13.3, 'wd': 0.0, 'ws': 0.0, 'ws_scalar': 0.0}","{'gas': {'co': 18172, 'co2': 13279, 'no': 18173, 'no2': 18174, 'o3': 18175}, 'pm': {'pm1': 13254, 'pm10': 13256, 'pm25': 13255}}",2.61,10.73,5.35,2.59,3.8,2.87,722591370,78.9,MOD-00631,13.3,2026-07-05T10:58:04,2026-07-05T03:58:04,https://api.quant-aq.com/v1/devices/MOD-00631/data/722591169
223.44,595.52,"{'lat': None, 'lon': None}","{'rh': 78.9, 'temp': 13.3, 'wd': 0.0, 'ws': 0.0, 'ws_scalar': 0.0}","{'gas': {'co': 18172, 'co2': 13279, 'no': 18173, 'no2': 18174, 'o3': 18175}, 'pm': {'pm1': 13254, 'pm10': 13256, 'pm25': 13255}}",2.77,11.89,4.64,2.58,4.39,3.14,722591371,78.9,MOD-00631,13.3,2026-07-05T10:57:04,2026-07-05T03:57:04,https://api.quant-aq.com/v1/devices/MOD-00631/data/722591170
226.24,593.59,"{'lat': None, 'lon': None}","{'rh': 79.0, 'temp': 13.3, 'wd': 0.0, 'ws': 0.0, 'ws_scalar': 0.0}","{'gas': {'co': 18172, 'co2': 13279, 'no': 18173, 'no2': 18174, 'o3': 18175}, 'pm': {'pm1': 13254, 'pm10': 13256, 'pm25': 13255}}",2.13,12.49,4.97,2.87,5.93,3.16,722591369,79.0,MOD-00631,13.3,2026-07-05T10:56:04,2026-07-05T03:56:04,https://api.quant-aq.com/v1/devices/MOD-00631/data/722591167
237.53,594.08,"{'lat': None, 'lon': None}","{'rh': 78.7, 'temp': 13.3, 'wd': 0.0, 'ws': 0.0, 'ws_scalar': 0.0}","{'gas': {'co': 18172, 'co2': 13279, 'no': 18173, 'no2': 18174, 'o3': 18175}, 'pm': {'pm1': 13254, 'pm10': 13256, 'pm25': 13255}}",2.79,10.72,5.82,2.45,4.06,2.77,722589177,78.7,MOD-00631,13.3,2026-07-05T10:55:04,2026-07-05T03:55:04,https://api.quant-aq.com/v1/devices/MOD-00631/data/722588975
225.08,591.18,"{'lat': None, 'lon': None}","{'rh': 78.9, 'temp': 13.3, 'wd': 0.0, 'ws': 0.0, 'ws_scalar': 0.0}","{'gas': {'co': 18172, 'co2': 13279, 'no': 18173, 'no2': 18174, 'o3': 18175}, 'pm': {'pm1': 13254, 'pm10': 13256, 'pm25': 13255}}",2.04,11.3,5.68,2.44,4.43,2.8,722589179,78.9,MOD-00631,13.3,2026-07-05T10:54:04,2026-07-05T03:54:04,https://api.quant-aq.com/v1/devices/MOD-00631/data/722588978
230.96,593.96,"{'lat': None, 'lon': None}","{'rh': 78.7, 'temp': 13.3, 'wd': 0.0, 'ws': 0.0, 'ws_scalar': 0.0}","{'gas': {'co': 18172, 'co2': 13279, 'no': 18173, 'no2': 18174, 'o3': 18175}, 'pm': {'pm1': 13254, 'pm10': 13256, 'pm25': 13255}}",2.62,9.6,5.61,2.93,3.89,3.23,722589175,78.7,MOD-00631,13.3,2026-07-05T10:53:04,2026-07-05T03:53:04,https://api.quant-aq.com/v1/devices/MOD-00631/data/722588974
221.39,594.56,"{'lat': None, 'lon': None}","{'rh': 78.9, 'temp': 13.3, 'wd': 0.0, 'ws': 0.0, 'ws_scalar': 0.0}","{'gas': {'co': 18172, 'co2': 13279, 'no': 18173, 'no2': 18174, 'o3': 18175}, 'pm': {'pm1': 13254, 'pm10': 13256, 'pm25': 13255}}",2.27,12.49,4.98,2.74,5.57,3.06,722589176,78.9,MOD-00631,13.3,2026-07-05T10:52:04,2026-07-05T03:52:04,https://api.quant-aq.com/v1/devices/MOD-00631/data/722588976
232.95,595.64,"{'lat': None, 'lon': None}","{'rh': 78.8, 'temp': 13.3, 'wd': 0.0, 'ws': 0.0, 'ws_scalar': 0.0}","{'gas': {'co': 18172, 'co2': 13279, 'no': 18173, 'no2': 18174, 'o3': 18175}, 'pm': {'pm1': 13254, 'pm10': 13256, 'pm25': 13255}}",2.04,10.72,5.81,2.58,3.79,3.06,722586994,78.8,MOD-00631,13.3,2026-07-05T10:51:04,2026-07-05T03:51:04,https://api.quant-aq.com/v1/devices/MOD-00631/data/722586793
215.7,591.67,"{'lat': None, 'lon': None}","{'rh': 78.4, 'temp': 13.4, 'wd': 0.0, 'ws': 0.0, 'ws_scalar': 0.0}","{'gas': {'co': 18172, 'co2': 13279, 'no': 18173, 'no2': 18174, 'o3': 18175}, 'pm': {'pm1': 13254, 'pm10': 13256, 'pm25': 13255}}",2.29,10.64,5.37,2.64,7.68,2.94,722586993,78.4,MOD-00631,13.4,2026-07-05T10:50:04,2026-07-05T03:50:04,https://api.quant-aq.com/v1/devices/MOD-00631/data/722586791
233.68,594.44,"{'lat': None, 'lon': None}","{'rh': 78.5, 'temp': 13.4, 'wd': 0.0, 'ws': 0.0, 'ws_scalar': 0.0}","{'gas': {'co': 18172, 'co2': 13279, 'no': 18173, 'no2': 18174, 'o3': 18175}, 'pm': {'pm1': 13254, 'pm10': 13256, 'pm25': 13255}}",2.96,10.08,5.49,2.23,4.49,2.57,722586991,78.5,MOD-00631,13.4,2026-07-05T10:49:04,2026-07-05T03:49:04,https://api.quant-aq.com/v1/devices/MOD-00631/data/722586792
216.45,592.51,"{'lat': None, 'lon': None}","{'rh': 78.5, 'temp': 13.4, 'wd': 0.0, 'ws': 0.0, 'ws_scalar': 0.0}","{'gas': {'co': 18172, 'co2': 13279, 'no': 18173, 'no2': 18174, 'o3': 18175}, 'pm': {'pm1': 13254, 'pm10': 13256, 'pm25': 13255}}",2.29,11.81,5.12,2.37,5.22,2.84,722586992,78.5,MOD-00631,13.4,2026-07-05T10:48:04,2026-07-05T03:48:04,https://api.quant-aq.com/v1/devices/MOD-00631/data/722586790
231.84,594.08,"{'lat': None, 'lon': None}","{'rh': 78.2, 'temp': 13.4, 'wd': 0.0, 'ws': 0.0, 'ws_scalar': 0.0}","{'gas': {'co': 18172, 'co2': 13279, 'no': 18173, 'no2': 18174, 'o3': 18175}, 'pm': {'pm1': 13254, 'pm10': 13256, 'pm25': 13255}}",2.31,10.63,5.84,2.83,4.35,3.2,722584803,78.2,MOD-00631,13.4,2026-07-05T10:47:04,2026-07-05T03:47:04,https://api.quant-aq.com/v1/devices/MOD-00631/data/722584602
228.9,593.23,"{'lat': None, 'lon': None}","{'rh': 78.3, 'temp': 13.4, 'wd': 0.0, 'ws': 0.0, 'ws_scalar': 0.0}","{'gas': {'co': 18172, 'co2': 13279, 'no': 18173, 'no2': 18174, 'o3': 18175}, 'pm': {'pm1': 13254, 'pm10': 13256, 'pm25': 13255}}",2.64,10.64,5.83,2.4,4.81,2.75,722584801,78.3,MOD-00631,13.4,2026-07-05T10:46:04,2026-07-05T03:46:04,https://api.quant-aq.com/v1/devices/MOD-00631/data/722584601
226.37,590.82,"{'lat': None, 'lon': None}","{'rh': 78.4, 'temp': 13.4, 'wd': 0.0, 'ws': 0.0, 'ws_scalar': 0.0}","{'gas': {'co': 18172, 'co2': 13279, 'no': 18173, 'no2': 18174, 'o3': 18175}, 'pm': {'pm1': 13254, 'pm10': 13256, 'pm25': 13255}}",2.46,10.64,5.37,2.4,13.48,2.82,722584802,78.4,MOD-00631,13.4,2026-07-05T10:45:04,2026-07-05T03:45:04,https://api.quant-aq.com/v1/devices/MOD-00631/data/722584600
221.03,591.31,"{'lat': None, 'lon': None}","{'rh': 78.4, 'temp': 13.4, 'wd': 0.0, 'ws': 0.0, 'ws_scalar': 0.0}","{'gas': {'co': 18172, 'co2': 13279, 'no': 18173, 'no2': 18174, 'o3': 18175}, 'pm': {'pm1': 13254, 'pm10': 13256, 'pm25': 13255}}",2.63,10.64,4.91,2.47,4.04,2.75,722584800,78.4,MOD-00631,13.4,2026-07-05T10:44:04,2026-07-05T03:44:04,https://api.quant-aq.com/v1/devices/MOD-00631/data/722584599
236.8,594.2,"{'lat': None, 'lon': None}","{'rh': 78.3, 'temp': 13.5, 'wd': 0.0, 'ws': 0.0, 'ws_scalar': 0.0}","{'gas': {'co': 18172, 'co2': 13279, 'no': 18173, 'no2': 18174, 'o3': 18175}, 'pm': {'pm1': 13254, 'pm10': 13256, 'pm25': 13255}}",2.46,10.58,5.37,2.45,5.3,2.7,722582622,78.3,MOD-00631,13.5,2026-07-05T10:43:04,2026-07-05T03:43:04,https://api.quant-aq.com/v1/devices/MOD-00631/data/722582421
219.3,590.58,"{'lat': None, 'lon': None}","{'rh': 78.1, 'temp': 13.5, 'wd': 0.0, 'ws': 0.0, 'ws_scalar': 0.0}","{'gas': {'co': 18172, 'co2': 13279, 'no': 18173, 'no2': 18174, 'o3': 18175}, 'pm': {'pm1': 13254, 'pm10': 13256, 'pm25': 13255}}",2.04,11.14,5.71,2.77,4.98,2.93,722582616,78.1,MOD-00631,13.5,2026-07-05T10:42:04,2026-07-05T03:42:04,https://api.quant-aq.com/v1/devices/MOD-00631/data/722582414
225.05,589.74,"{'lat': None, 'lon': None}","{'rh': 78.1, 'temp': 13.5, 'wd': 0.0, 'ws': 0.0, 'ws_scalar': 0.0}","{'gas': {'co': 18172, 'co2': 13279, 'no': 18173, 'no2': 18174, 'o3': 18175}, 'pm': {'pm1': 13254, 'pm10': 13256, 'pm25': 13255}}",2.64,10.0,6.42,2.75,4.49,3.24,722582620,78.1,MOD-00631,13.5,2026-07-05T10:41:04,2026-07-05T03:41:04,https://api.quant-aq.com/v1/devices/MOD-00631/data/722582419
229.22,590.34,"{'lat': None, 'lon': None}","{'rh': 78.0, 'temp': 13.5, 'wd': 0.0, 'ws': 0.0, 'ws_scalar': 0.0}","{'gas': {'co': 18172, 'co2': 13279, 'no': 18173, 'no2': 18174, 'o3': 18175}, 'pm': {'pm1': 13254, 'pm10': 13256, 'pm25': 13255}}",2.48,10.56,6.3,3.06,6.69,3.42,722582618,78.0,MOD-00631,13.5,2026-07-05T10:40:04,2026-07-05T03:40:04,https://api.quant-aq.com/v1/devices/MOD-00631/data/722582416
231.27,596.24,"{'lat': None, 'lon': None}","{'rh': 78.0, 'temp': 13.5, 'wd': 0.0, 'ws': 0.0, 'ws_scalar': 0.0}","{'gas': {'co': 18172, 'co2': 13279, 'no': 18173, 'no2': 18174, 'o3': 18175}, 'pm': {'pm1': 13254, 'pm10': 13256, 'pm25': 13255}}",2.31,11.13,5.27,2.6,4.47,3.07,722580433,78.0,MOD-00631,13.5,2026-07-05T10:39:04,2026-07-05T03:39:04,https://api.quant-aq.com/v1/devices/MOD-00631/data/722580233
225.94,590.7,"{'lat': None, 'lon': None}","{'rh': 78.0, 'temp': 13.5, 'wd': 0.0, 'ws': 0.0, 'ws_scalar': 0.0}","{'gas': {'co': 18172, 'co2': 13279, 'no': 18173, 'no2': 18174, 'o3': 18175}, 'pm': {'pm1': 13254, 'pm10': 13256, 'pm25': 13255}}",2.48,12.32,5.02,2.86,6.64,3.47,722580434,78.0,MOD-00631,13.5,2026-07-05T10:38:04,2026-07-05T03:38:04,https://api.quant-aq.com/v1/devices/MOD-00631/data/722580234
236.81,589.26,"{'lat': None, 'lon': None}","{'rh': 77.7, 'temp': 13.5, 'wd': 0.0, 'ws': 0.0, 'ws_scalar': 0.0}","{'gas': {'co': 18172, 'co2': 13279, 'no': 18173, 'no2': 18174, 'o3': 18175}, 'pm': {'pm1': 13254, 'pm10': 13256, 'pm25': 13255}}",2.84,8.89,5.78,2.28,4.93,2.71,722580435,77.7,MOD-00631,13.5,2026-07-05T10:37:04,2026-07-05T03:37:04,https://api.quant-aq.com/v1/devices/MOD-00631/data/722580232
222.91,590.82,"{'lat': None, 'lon': None}","{'rh': 77.8, 'temp': 13.6, 'wd': 0.0, 'ws': 0.0, 'ws_scalar': 0.0}","{'gas': {'co': 18172, 'co2': 13279, 'no': 18173, 'no2': 18174, 'o3': 18175}, 'pm': {'pm1': 13254, 'pm10': 13256, 'pm25': 13255}}",2.32,11.05,5.27,2.49,4.97,2.76,722580432,77.8,MOD-00631,13.6,2026-07-05T10:36:04,2026-07-05T03:36:04,https://api.quant-aq.com/v1/devices/MOD-00631/data/722580231
236.78,589.14,"{'lat': None, 'lon': None}","{'rh': 77.9, 'temp': 13.6, 'wd': 0.0, 'ws': 0.0, 'ws_scalar': 0.0}","{'gas': {'co': 18172, 'co2': 13279, 'no': 18173, 'no2': 18174, 'o3': 18175}, 'pm': {'pm1': 13254, 'pm10': 13256, 'pm25': 13255}}",2.65,10.49,5.84,2.51,3.34,2.78,722578262,77.9,MOD-00631,13.6,2026-07-05T10:35:04,2026-07-05T03:35:04,https://api.quant-aq.com/v1/devices/MOD-00631/data/722578061
219.22,592.27,"{'lat': None, 'lon': None}","{'rh': 77.8, 'temp': 13.6, 'wd': 0.0, 'ws': 0.0, 'ws_scalar': 0.0}","{'gas': {'co': 18172, 'co2': 13279, 'no': 18173, 'no2': 18174, 'o3': 18175}, 'pm': {'pm1': 13254, 'pm10': 13256, 'pm25': 13255}}",2.49,10.48,5.39,2.54,5.2,2.84,722578260,77.8,MOD-00631,13.6,2026-07-05T10:34:04,2026-07-05T03:34:04,https://api.quant-aq.com/v1/devices/MOD-00631/data/722578059
232.82,590.22,"{'lat': None, 'lon': None}","{'rh': 77.7, 'temp': 13.6, 'wd': 0.0, 'ws': 0.0, 'ws_scalar': 0.0}","{'gas': {'co': 18172, 'co2': 13279, 'no': 18173, 'no2': 18174, 'o3': 18175}, 'pm': {'pm1': 13254, 'pm10': 13256, 'pm25': 13255}}",2.15,12.23,5.03,2.79,4.65,3.06,722578263,77.7,MOD-00631,13.6,2026-07-05T10:33:04,2026-07-05T03:33:04,https://api.quant-aq.com/v1/devices/MOD-00631/data/722578062
223.87,589.14,"{'lat': None, 'lon': None}","{'rh': 77.6, 'temp': 13.6, 'wd': 0.0, 'ws': 0.0, 'ws_scalar': 0.0}","{'gas': {'co': 18172, 'co2': 13279, 'no': 18173, 'no2': 18174, 'o3': 18175}, 'pm': {'pm1': 13254, 'pm10': 13256, 'pm25': 13255}}",2.16,11.04,5.28,2.35,6.89,2.77,722578261,77.6,MOD-00631,13.6,2026-07-05T10:32:04,2026-07-05T03:32:04,https://api.quant-aq.com/v1/devices/MOD-00631/data/722578060
237.47,591.31,"{'lat': None, 'lon': None}","{'rh': 77.5, 'temp': 13.6, 'wd': 0.0, 'ws': 0.0, 'ws_scalar': 0.0}","{'gas': {'co': 18172, 'co2': 13279, 'no': 18173, 'no2': 18174, 'o3': 18175}, 'pm': {'pm1': 13254, 'pm10': 13256, 'pm25': 13255}}",3.01,9.89,5.08,2.72,5.06,3.05,722576112,77.5,MOD-00631,13.6,2026-07-05T10:31:04,2026-07-05T03:31:04,https://api.quant-aq.com/v1/devices/MOD-00631/data/722575911
239.04,589.5,"{'lat': None, 'lon': None}","{'rh': 77.6, 'temp': 13.6, 'wd': 0.0, 'ws': 0.0, 'ws_scalar': 0.0}","{'gas': {'co': 18172, 'co2': 13279, 'no': 18173, 'no2': 18174, 'o3': 18175}, 'pm': {'pm1': 13254, 'pm10': 13256, 'pm25': 13255}}",2.5,8.82,5.78,3.08,5.26,3.28,722576113,77.6,MOD-00631,13.6,2026-07-05T10:30:04,2026-07-05T03:30:04,https://api.quant-aq.com/v1/devices/MOD-00631/data/722575912
225.76,590.34,"{'lat': None, 'lon': None}","{'rh': 77.4, 'temp': 13.7, 'wd': 0.0, 'ws': 0.0, 'ws_scalar': 0.0}","{'gas': {'co': 18172, 'co2': 13279, 'no': 18173, 'no2': 18174, 'o3': 18175}, 'pm': {'pm1': 13254, 'pm10': 13256, 'pm25': 13255}}",2.84,11.55,5.16,2.52,12.27,2.87,722576111,77.4,MOD-00631,13.7,2026-07-05T10:29:04,2026-07-05T03:29:04,https://api.quant-aq.com/v1/devices/MOD-00631/data/722575910
230.54,589.02,"{'lat': None, 'lon': None}","{'rh': 77.6, 'temp': 13.7, 'wd': 0.0, 'ws': 0.0, 'ws_scalar': 0.0}","{'gas': {'co': 18172, 'co2': 13279, 'no': 18173, 'no2': 18174, 'o3': 18175}, 'pm': {'pm1': 13254, 'pm10': 13256, 'pm25': 13255}}",2.32,10.97,6.18,2.59,5.51,2.99,722576114,77.6,MOD-00631,13.7,2026-07-05T10:28:04,2026-07-05T03:28:04,https://api.quant-aq.com/v1/devices/MOD-00631/data/722575913
231.5,589.14,"{'lat': None, 'lon': None}","{'rh': 77.4, 'temp': 13.7, 'wd': 0.0, 'ws': 0.0, 'ws_scalar': 0.0}","{'gas': {'co': 18172, 'co2': 13279, 'no': 18173, 'no2': 18174, 'o3': 18175}, 'pm': {'pm1': 13254, 'pm10': 13256, 'pm25': 13255}}",2.84,10.96,6.2,2.83,4.67,3.1,722573902,77.4,MOD-00631,13.7,2026-07-05T10:27:04,2026-07-05T03:27:04,https://api.quant-aq.com/v1/devices/MOD-00631/data/722573700
231.71,586.37,"{'lat': None, 'lon': None}","{'rh': 77.1, 'temp': 13.7, 'wd': 0.0, 'ws': 0.0, 'ws_scalar': 0.0}","{'gas': {'co': 18172, 'co2': 13279, 'no': 18173, 'no2': 18174, 'o3': 18175}, 'pm': {'pm1': 13254, 'pm10': 13256, 'pm25': 13255}}",2.86,10.35,5.43,2.7,7.97,3.03,722573900,77.1,MOD-00631,13.7,2026-07-05T10:26:04,2026-07-05T03:26:04,https://api.quant-aq.com/v1/devices/MOD-00631/data/722573701
225.08,588.41,"{'lat': None, 'lon': None}","{'rh': 77.2, 'temp': 13.7, 'wd': 0.0, 'ws': 0.0, 'ws_scalar': 0.0}","{'gas': {'co': 18172, 'co2': 13279, 'no': 18173, 'no2': 18174, 'o3': 18175}, 'pm': {'pm1': 13254, 'pm10': 13256, 'pm25': 13255}}",2.52,10.94,5.76,2.78,4.48,3.25,722573906,77.2,MOD-00631,13.7,2026-07-05T10:25:04,2026-07-05T03:25:04,https://api.quant-aq.com/v1/devices/MOD-00631/data/722573705
232.53,589.5,"{'lat': None, 'lon': None}","{'rh': 77.1, 'temp': 13.7, 'wd': 0.0, 'ws': 0.0, 'ws_scalar': 0.0}","{'gas': {'co': 18172, 'co2': 13279, 'no': 18173, 'no2': 18174, 'o3': 18175}, 'pm': {'pm1': 13254, 'pm10': 13256, 'pm25': 13255}}",2.35,12.12,5.06,2.83,4.23,3.18,722573904,77.1,MOD-00631,13.7,2026-07-05T10:24:04,2026-07-05T03:24:04,https://api.quant-aq.com/v1/devices/MOD-00631/data/722573703
224.99,587.69,"{'lat': None, 'lon': None}","{'rh': 76.9, 'temp': 13.8, 'wd': 0.0, 'ws': 0.0, 'ws_scalar': 0.0}","{'gas': {'co': 18172, 'co2': 13279, 'no': 18173, 'no2': 18174, 'o3': 18175}, 'pm': {'pm1': 13254, 'pm10': 13256, 'pm25': 13255}}",2.86,9.17,6.59,2.83,4.84,3.25,722571757,76.9,MOD-00631,13.8,2026-07-05T10:23:04,2026-07-05T03:23:04,https://api.quant-aq.com/v1/devices/MOD-00631/data/722571557
229.5,588.05,"{'lat': None, 'lon': None}","{'rh': 76.9, 'temp': 13.8, 'wd': 0.0, 'ws': 0.0, 'ws_scalar': 0.0}","{'gas': {'co': 18172, 'co2': 13279, 'no': 18173, 'no2': 18174, 'o3': 18175}, 'pm': {'pm1': 13254, 'pm10': 13256, 'pm25': 13255}}",2.53,10.27,5.43,2.83,5.59,3.18,722571759,76.9,MOD-00631,13.8,2026-07-05T10:22:04,2026-07-05T03:22:04,https://api.quant-aq.com/v1/devices/MOD-00631/data/722571558
228.61,589.26,"{'lat': None, 'lon': None}","{'rh': 77.0, 'temp': 13.8, 'wd': 0.0, 'ws': 0.0, 'ws_scalar': 0.0}","{'gas': {'co': 18172, 'co2': 13279, 'no': 18173, 'no2': 18174, 'o3': 18175}, 'pm': {'pm1': 13254, 'pm10': 13256, 'pm25': 13255}}",2.52,9.72,7.83,2.38,4.79,2.77,722571756,77.0,MOD-00631,13.8,2026-07-05T10:21:04,2026-07-05T03:21:04,https://api.quant-aq.com/v1/devices/MOD-00631/data/722571555
226.97,585.16,"{'lat': None, 'lon': None}","{'rh': 77.0, 'temp': 13.8, 'wd': 0.0, 'ws': 0.0, 'ws_scalar': 0.0}","{'gas': {'co': 18172, 'co2': 13279, 'no': 18173, 'no2': 18174, 'o3': 18175}, 'pm': {'pm1': 13254, 'pm10': 13256, 'pm25': 13255}}",2.52,11.44,5.64,2.9,7.44,3.21,722571758,77.0,MOD-00631,13.8,2026-07-05T10:20:04,2026-07-05T03:20:04,https://api.quant-aq.com/v1/devices/MOD-00631/data/722571556
230.8,585.89,"{'lat': None, 'lon': None}","{'rh': 76.8, 'temp': 13.8, 'wd': 0.0, 'ws': 0.0, 'ws_scalar': 0.0}","{'gas': {'co': 18172, 'co2': 13279, 'no': 18173, 'no2': 18174, 'o3': 18175}, 'pm': {'pm1': 13254, 'pm10': 13256, 'pm25': 13255}}",2.7,10.26,4.99,2.31,8.82,2.73,722569559,76.8,MOD-00631,13.8,2026-07-05T10:19:04,2026-07-05T03:19:04,https://api.quant-aq.com/v1/devices/MOD-00631/data/722569358
223.01,588.66,"{'lat': None, 'lon': None}","{'rh': 76.8, 'temp': 13.8, 'wd': 0.0, 'ws': 0.0, 'ws_scalar': 0.0}","{'gas': {'co': 18172, 'co2': 13279, 'no': 18173, 'no2': 18174, 'o3': 18175}, 'pm': {'pm1': 13254, 'pm10': 13256, 'pm25': 13255}}",2.85,9.16,6.6,2.91,5.55,3.38,722569558,76.8,MOD-00631,13.8,2026-07-05T10:18:04,2026-07-05T03:18:04,https://api.quant-aq.com/v1/devices/MOD-00631/data/722569357
227.86,585.04,"{'lat': None, 'lon': None}","{'rh': 76.9, 'temp': 13.8, 'wd': 0.0, 'ws': 0.0, 'ws_scalar': 0.0}","{'gas': {'co': 18172, 'co2': 13279, 'no': 18173, 'no2': 18174, 'o3': 18175}, 'pm': {'pm1': 13254, 'pm10': 13256, 'pm25': 13255}}",2.7,10.84,6.22,2.76,3.7,3.08,722569556,76.9,MOD-00631,13.8,2026-07-05T10:17:04,2026-07-05T03:17:04,https://api.quant-aq.com/v1/devices/MOD-00631/data/722569355
231.69,586.97,"{'lat': None, 'lon': None}","{'rh': 76.7, 'temp': 13.8, 'wd': 0.0, 'ws': 0.0, 'ws_scalar': 0.0}","{'gas': {'co': 18172, 'co2': 13279, 'no': 18173, 'no2': 18174, 'o3': 18175}, 'pm': {'pm1': 13254, 'pm10': 13256, 'pm25': 13255}}",2.84,10.25,5.91,2.8,5.45,3.19,722569557,76.7,MOD-00631,13.8,2026-07-05T10:16:04,2026-07-05T03:16:04,https://api.quant-aq.com/v1/devices/MOD-00631/data/722569356
222.78,586.97,"{'lat': None, 'lon': None}","{'rh': 76.7, 'temp': 13.9, 'wd': 0.0, 'ws': 0.0, 'ws_scalar': 0.0}","{'gas': {'co': 18172, 'co2': 13279, 'no': 18173, 'no2': 18174, 'o3': 18175}, 'pm': {'pm1': 13254, 'pm10': 13256, 'pm25': 13255}}",2.36,10.76,5.77,2.57,4.23,2.88,722567354,76.7,MOD-00631,13.9,2026-07-05T10:15:04,2026-07-05T03:15:04,https://api.quant-aq.com/v1/devices/MOD-00631/data/722567152
230.16,585.04,"{'lat': None, 'lon': None}","{'rh': 76.7, 'temp': 13.9, 'wd': 0.0, 'ws': 0.0, 'ws_scalar': 0.0}","{'gas': {'co': 18172, 'co2': 13279, 'no': 18173, 'no2': 18174, 'o3': 18175}, 'pm': {'pm1': 13254, 'pm10': 13256, 'pm25': 13255}}",2.64,10.76,6.23,2.89,4.54,3.14,722567353,76.7,MOD-00631,13.9,2026-07-05T10:14:04,2026-07-05T03:14:04,https://api.quant-aq.com/v1/devices/MOD-00631/data/722567153
241.72,585.89,"{'lat': None, 'lon': None}","{'rh': 76.6, 'temp': 13.9, 'wd': 0.0, 'ws': 0.0, 'ws_scalar': 0.0}","{'gas': {'co': 18172, 'co2': 13279, 'no': 18173, 'no2': 18174, 'o3': 18175}, 'pm': {'pm1': 13254, 'pm10': 13256, 'pm25': 13255}}",2.49,10.75,5.78,2.85,4.29,3.25,722567352,76.6,MOD-00631,13.9,2026-07-05T10:13:04,2026-07-05T03:13:04,https://api.quant-aq.com/v1/devices/MOD-00631/data/722567151
221.28,583.84,"{'lat': None, 'lon': None}","{'rh': 76.5, 'temp': 13.9, 'wd': 0.0, 'ws': 0.0, 'ws_scalar': 0.0}","{'gas': {'co': 18172, 'co2': 13279, 'no': 18173, 'no2': 18174, 'o3': 18175}, 'pm': {'pm1': 13254, 'pm10': 13256, 'pm25': 13255}}",2.48,9.07,7.07,2.56,5.15,2.96,722567355,76.5,MOD-00631,13.9,2026-07-05T10:12:04,2026-07-05T03:12:04,https://api.quant-aq.com/v1/devices/MOD-00631/data/722567154
232.84,582.75,"{'lat': None, 'lon': None}","{'rh': 76.4, 'temp': 13.9, 'wd': 0.0, 'ws': 0.0, 'ws_scalar': 0.0}","{'gas': {'co': 18172, 'co2': 13279, 'no': 18173, 'no2': 18174, 'o3': 18175}, 'pm': {'pm1': 13254, 'pm10': 13256, 'pm25': 13255}}",2.9,10.72,5.79,2.39,4.68,2.77,722565203,76.4,MOD-00631,13.9,2026-07-05T10:11:04,2026-07-05T03:11:04,https://api.quant-aq.com/v1/devices/MOD-00631/data/722565002
224.63,586.25,"{'lat': None, 'lon': None}","{'rh': 76.4, 'temp': 13.9, 'wd': 0.0, 'ws': 0.0, 'ws_scalar': 0.0}","{'gas': {'co': 18172, 'co2': 13279, 'no': 18173, 'no2': 18174, 'o3': 18175}, 'pm': {'pm1': 13254, 'pm10': 13256, 'pm25': 13255}}",2.06,10.72,5.79,2.47,4.18,2.79,722565205,76.4,MOD-00631,13.9,2026-07-05T10:10:04,2026-07-05T03:10:04,https://api.quant-aq.com/v1/devices/MOD-00631/data/722565004
230.86,588.41,"{'lat': None, 'lon': None}","{'rh': 76.3, 'temp': 13.9, 'wd': 0.0, 'ws': 0.0, 'ws_scalar': 0.0}","{'gas': {'co': 18172, 'co2': 13279, 'no': 18173, 'no2': 18174, 'o3': 18175}, 'pm': {'pm1': 13254, 'pm10': 13256, 'pm25': 13255}}",2.47,9.05,7.99,2.4,4.93,2.65,722565202,76.3,MOD-00631,13.9,2026-07-05T10:09:04,2026-07-05T03:09:04,https://api.quant-aq.com/v1/devices/MOD-00631/data/722565001
232.57,584.44,"{'lat': None, 'lon': None}","{'rh': 76.2, 'temp': 13.9, 'wd': 0.0, 'ws': 0.0, 'ws_scalar': 0.0}","{'gas': {'co': 18172, 'co2': 13279, 'no': 18173, 'no2': 18174, 'o3': 18175}, 'pm': {'pm1': 13254, 'pm10': 13256, 'pm25': 13255}}",2.46,10.7,5.81,2.45,3.76,2.82,722565204,76.2,MOD-00631,13.9,2026-07-05T10:08:04,2026-07-05T03:08:04,https://api.quant-aq.com/v1/devices/MOD-00631/data/722565003
227.35,589.86,"{'lat': None, 'lon': None}","{'rh': 76.2, 'temp': 14.0, 'wd': 0.0, 'ws': 0.0, 'ws_scalar': 0.0}","{'gas': {'co': 18172, 'co2': 13279, 'no': 18173, 'no2': 18174, 'o3': 18175}, 'pm': {'pm1': 13254, 'pm10': 13256, 'pm25': 13255}}",2.54,10.06,6.83,2.75,4.5,3.08,722563031,76.2,MOD-00631,14.0,2026-07-05T10:07:04,2026-07-05T03:07:04,https://api.quant-aq.com/v1/devices/MOD-00631/data/722562831
231.04,587.69,"{'lat': None, 'lon': None}","{'rh': 76.2, 'temp': 14.0, 'wd': 0.0, 'ws': 0.0, 'ws_scalar': 0.0}","{'gas': {'co': 18172, 'co2': 13279, 'no': 18173, 'no2': 18174, 'o3': 18175}, 'pm': {'pm1': 13254, 'pm10': 13256, 'pm25': 13255}}",2.4,10.63,5.34,2.66,3.62,2.96,722563030,76.2,MOD-00631,14.0,2026-07-05T10:06:04,2026-07-05T03:06:04,https://api.quant-aq.com/v1/devices/MOD-00631/data/722562826
233.09,586.13,"{'lat': None, 'lon': None}","{'rh': 76.2, 'temp': 14.0, 'wd': 0.0, 'ws': 0.0, 'ws_scalar': 0.0}","{'gas': {'co': 18172, 'co2': 13279, 'no': 18173, 'no2': 18174, 'o3': 18175}, 'pm': {'pm1': 13254, 'pm10': 13256, 'pm25': 13255}}",2.54,9.5,6.95,3.26,4.89,3.62,722563032,76.2,MOD-00631,14.0,2026-07-05T10:05:04,2026-07-05T03:05:04,https://api.quant-aq.com/v1/devices/MOD-00631/data/722562830
233.91,585.52,"{'lat': None, 'lon': None}","{'rh': 76.2, 'temp': 14.0, 'wd': 0.0, 'ws': 0.0, 'ws_scalar': 0.0}","{'gas': {'co': 18172, 'co2': 13279, 'no': 18173, 'no2': 18174, 'o3': 18175}, 'pm': {'pm1': 13254, 'pm10': 13256, 'pm25': 13255}}",2.54,11.22,6.13,2.5,3.81,2.77,722563028,76.2,MOD-00631,14.0,2026-07-05T10:04:04,2026-07-05T03:04:04,https://api.quant-aq.com/v1/devices/MOD-00631/data/722562828
234.39,586.61,"{'lat': None, 'lon': None}","{'rh': 76.1, 'temp': 14.0, 'wd': 0.0, 'ws': 0.0, 'ws_scalar': 0.0}","{'gas': {'co': 18172, 'co2': 13279, 'no': 18173, 'no2': 18174, 'o3': 18175}, 'pm': {'pm1': 13254, 'pm10': 13256, 'pm25': 13255}}",2.53,9.49,6.96,2.49,3.84,3.03,722560794,76.1,MOD-00631,14.0,2026-07-05T10:03:04,2026-07-05T03:03:04,https://api.quant-aq.com/v1/devices/MOD-00631/data/722560593
224.62,579.98,"{'lat': None, 'lon': None}","{'rh': 76.0, 'temp': 14.0, 'wd': 0.0, 'ws': 0.0, 'ws_scalar': 0.0}","{'gas': {'co': 18172, 'co2': 13279, 'no': 18173, 'no2': 18174, 'o3': 18175}, 'pm': {'pm1': 13254, 'pm10': 13256, 'pm25': 13255}}",2.38,10.61,6.72,2.78,11.29,3.04,722560797,76.0,MOD-00631,14.0,2026-07-05T10:02:04,2026-07-05T03:02:04,https://api.quant-aq.com/v1/devices/MOD-00631/data/722560596
234.94,584.08,"{'lat': None, 'lon': None}","{'rh': 75.9, 'temp': 14.0, 'wd': 0.0, 'ws': 0.0, 'ws_scalar': 0.0}","{'gas': {'co': 18172, 'co2': 13279, 'no': 18173, 'no2': 18174, 'o3': 18175}, 'pm': {'pm1': 13254, 'pm10': 13256, 'pm25': 13255}}",2.8,10.6,6.73,2.78,6.43,3.27,722560796,75.9,MOD-00631,14.0,2026-07-05T10:01:04,2026-07-05T03:01:04,https://api.quant-aq.com/v1/devices/MOD-00631/data/722560595
223.46,586.37,"{'lat': None, 'lon': None}","{'rh': 75.9, 'temp': 14.0, 'wd': 0.0, 'ws': 0.0, 'ws_scalar': 0.0}","{'gas': {'co': 18172, 'co2': 13279, 'no': 18173, 'no2': 18174, 'o3': 18175}, 'pm': {'pm1': 13254, 'pm10': 13256, 'pm25': 13255}}",2.1,10.6,6.27,2.59,3.74,2.87,722560795,75.9,MOD-00631,14.0,2026-07-05T10:00:04,2026-07-05T03:00:04,https://api.quant-aq.com/v1/devices/MOD-00631/data/722560594
238.33,583.12,"{'lat': None, 'lon': None}","{'rh': 75.9, 'temp': 14.1, 'wd': 0.0, 'ws': 0.0, 'ws_scalar': 0.0}","{'gas': {'co': 18172, 'co2': 13279, 'no': 18173, 'no2': 18174, 'o3': 18175}, 'pm': {'pm1': 13254, 'pm10': 13256, 'pm25': 13255}}",2.32,9.95,6.84,2.61,6.64,2.87,722558580,75.9,MOD-00631,14.1,2026-07-05T09:59:04,2026-07-05T02:59:04,https://api.quant-aq.com/v1/devices/MOD-00631/data/722558383
221.59,582.27,"{'lat': None, 'lon': None}","{'rh': 75.8, 'temp': 14.1, 'wd': 0.0, 'ws': 0.0, 'ws_scalar': 0.0}","{'gas': {'co': 18172, 'co2': 13279, 'no': 18173, 'no2': 18174, 'o3': 18175}, 'pm': {'pm1': 13254, 'pm10': 13256, 'pm25': 13255}}",2.17,9.94,6.85,2.97,5.2,3.28,722558578,75.8,MOD-00631,14.1,2026-07-05T09:58:04,2026-07-05T02:58:04,https://api.quant-aq.com/v1/devices/MOD-00631/data/722558382
238.81,577.82,"{'lat': None, 'lon': None}","{'rh': 75.8, 'temp': 14.1, 'wd': 0.0, 'ws': 0.0, 'ws_scalar': 0.0}","{'gas': {'co': 18172, 'co2': 13279, 'no': 18173, 'no2': 18174, 'o3': 18175}, 'pm': {'pm1': 13254, 'pm10': 13256, 'pm25': 13255}}",2.59,9.94,6.85,2.85,4.23,3.04,722558574,75.8,MOD-00631,14.1,2026-07-05T09:57:04,2026-07-05T02:57:04,https://api.quant-aq.com/v1/devices/MOD-00631/data/722558376
223.78,580.34,"{'lat': None, 'lon': None}","{'rh': 75.6, 'temp': 14.1, 'wd': 0.0, 'ws': 0.0, 'ws_scalar': 0.0}","{'gas': {'co': 18172, 'co2': 13279, 'no': 18173, 'no2': 18174, 'o3': 18175}, 'pm': {'pm1': 13254, 'pm10': 13256, 'pm25': 13255}}",2.29,11.08,6.62,2.39,5.03,2.8,722558575,75.6,MOD-00631,14.1,2026-07-05T09:56:04,2026-07-05T02:56:04,https://api.quant-aq.com/v1/devices/MOD-00631/data/722558375
236.9,582.63,"{'lat': None, 'lon': None}","{'rh': 75.6, 'temp': 14.1, 'wd': 0.0, 'ws': 0.0, 'ws_scalar': 0.0}","{'gas': {'co': 18172, 'co2': 13279, 'no': 18173, 'no2': 18174, 'o3': 18175}, 'pm': {'pm1': 13254, 'pm10': 13256, 'pm25': 13255}}",2.29,10.49,7.2,2.59,8.55,2.9,722556408,75.6,MOD-00631,14.1,2026-07-05T09:55:04,2026-07-05T02:55:04,https://api.quant-aq.com/v1/devices/MOD-00631/data/722556207
230.41,581.31,"{'lat': None, 'lon': None}","{'rh': 75.5, 'temp': 14.1, 'wd': 0.0, 'ws': 0.0, 'ws_scalar': 0.0}","{'gas': {'co': 18172, 'co2': 13279, 'no': 18173, 'no2': 18174, 'o3': 18175}, 'pm': {'pm1': 13254, 'pm10': 13256, 'pm25': 13255}}",2.43,10.48,7.2,2.93,6.44,3.22,722556409,75.5,MOD-00631,14.1,2026-07-05T09:54:04,2026-07-05T02:54:04,https://api.quant-aq.com/v1/devices/MOD-00631/data/722556209
229.66,586.97,"{'lat': None, 'lon': None}","{'rh': 75.4, 'temp': 14.1, 'wd': 0.0, 'ws': 0.0, 'ws_scalar': 0.0}","{'gas': {'co': 18172, 'co2': 13279, 'no': 18173, 'no2': 18174, 'o3': 18175}, 'pm': {'pm1': 13254, 'pm10': 13256, 'pm25': 13255}}",2.56,9.35,7.0,2.79,5.01,3.1,722556411,75.4,MOD-00631,14.1,2026-07-05T09:53:04,2026-07-05T02:53:04,https://api.quant-aq.com/v1/devices/MOD-00631/data/722556210
224.81,585.04,"{'lat': None, 'lon': None}","{'rh': 75.3, 'temp': 14.1, 'wd': 0.0, 'ws': 0.0, 'ws_scalar': 0.0}","{'gas': {'co': 18172, 'co2': 13279, 'no': 18173, 'no2': 18174, 'o3': 18175}, 'pm': {'pm1': 13254, 'pm10': 13256, 'pm25': 13255}}",1.85,10.45,6.76,2.82,3.6,3.1,722556410,75.3,MOD-00631,14.1,2026-07-05T09:52:04,2026-07-05T02:52:04,https://api.quant-aq.com/v1/devices/MOD-00631/data/722556208
231.78,583.36,"{'lat': None, 'lon': None}","{'rh': 75.3, 'temp': 14.1, 'wd': 0.0, 'ws': 0.0, 'ws_scalar': 0.0}","{'gas': {'co': 18172, 'co2': 13279, 'no': 18173, 'no2': 18174, 'o3': 18175}, 'pm': {'pm1': 13254, 'pm10': 13256, 'pm25': 13255}}",2.27,9.34,6.55,2.78,6.66,3.1,722554220,75.3,MOD-00631,14.1,2026-07-05T09:51:04,2026-07-05T02:51:04,https://api.quant-aq.com/v1/devices/MOD-00631/data/722554019
238.41,583.36,"{'lat': None, 'lon': None}","{'rh': 75.2, 'temp': 14.1, 'wd': 0.0, 'ws': 0.0, 'ws_scalar': 0.0}","{'gas': {'co': 18172, 'co2': 13279, 'no': 18173, 'no2': 18174, 'o3': 18175}, 'pm': {'pm1': 13254, 'pm10': 13256, 'pm25': 13255}}",2.68,10.44,7.68,3.03,5.94,3.36,722554219,75.2,MOD-00631,14.1,2026-07-05T09:50:04,2026-07-05T02:50:04,https://api.quant-aq.com/v1/devices/MOD-00631/data/722554017
223.99,583.84,"{'lat': None, 'lon': None}","{'rh': 75.3, 'temp': 14.1, 'wd': 0.0, 'ws': 0.0, 'ws_scalar': 0.0}","{'gas': {'co': 18172, 'co2': 13279, 'no': 18173, 'no2': 18174, 'o3': 18175}, 'pm': {'pm1': 13254, 'pm10': 13256, 'pm25': 13255}}",2.41,10.45,6.76,2.47,9.1,2.98,722554221,75.3,MOD-00631,14.1,2026-07-05T09:49:04,2026-07-05T02:49:04,https://api.quant-aq.com/v1/devices/MOD-00631/data/722554020
232.37,582.99,"{'lat': None, 'lon': None}","{'rh': 75.2, 'temp': 14.2, 'wd': 0.0, 'ws': 0.0, 'ws_scalar': 0.0}","{'gas': {'co': 18172, 'co2': 13279, 'no': 18173, 'no2': 18174, 'o3': 18175}, 'pm': {'pm1': 13254, 'pm10': 13256, 'pm25': 13255}}",2.34,12.16,7.3,2.79,3.81,3.21,722554218,75.2,MOD-00631,14.2,2026-07-05T09:48:04,2026-07-05T02:48:04,https://api.quant-aq.com/v1/devices/MOD-00631/data/722554018
238.11,585.28,"{'lat': None, 'lon': None}","{'rh': 75.2, 'temp': 14.2, 'wd': 0.0, 'ws': 0.0, 'ws_scalar': 0.0}","{'gas': {'co': 18172, 'co2': 13279, 'no': 18173, 'no2': 18174, 'o3': 18175}, 'pm': {'pm1': 13254, 'pm10': 13256, 'pm25': 13255}}",2.48,9.26,7.92,2.75,5.16,3.05,722552078,75.2,MOD-00631,14.2,2026-07-05T09:47:04,2026-07-05T02:47:04,https://api.quant-aq.com/v1/devices/MOD-00631/data/722551877
228.34,582.63,"{'lat': None, 'lon': None}","{'rh': 75.1, 'temp': 14.2, 'wd': 0.0, 'ws': 0.0, 'ws_scalar': 0.0}","{'gas': {'co': 18172, 'co2': 13279, 'no': 18173, 'no2': 18174, 'o3': 18175}, 'pm': {'pm1': 13254, 'pm10': 13256, 'pm25': 13255}}",2.33,10.94,7.1,2.73,5.85,3.16,722552077,75.1,MOD-00631,14.2,2026-07-05T09:46:04,2026-07-05T02:46:04,https://api.quant-aq.com/v1/devices/MOD-00631/data/722551876
233.67,582.39,"{'lat': None, 'lon': None}","{'rh': 75.1, 'temp': 14.2, 'wd': 0.0, 'ws': 0.0, 'ws_scalar': 0.0}","{'gas': {'co': 18172, 'co2': 13279, 'no': 18173, 'no2': 18174, 'o3': 18175}, 'pm': {'pm1': 13254, 'pm10': 13256, 'pm25': 13255}}",2.19,9.25,7.01,3.83,6.42,4.06,722552075,75.1,MOD-00631,14.2,2026-07-05T09:45:04,2026-07-05T02:45:04,https://api.quant-aq.com/v1/devices/MOD-00631/data/722551874
230.05,581.91,"{'lat': None, 'lon': None}","{'rh': 75.0, 'temp': 14.2, 'wd': 0.0, 'ws': 0.0, 'ws_scalar': 0.0}","{'gas': {'co': 18172, 'co2': 13279, 'no': 18173, 'no2': 18174, 'o3': 18175}, 'pm': {'pm1': 13254, 'pm10': 13256, 'pm25': 13255}}",2.19,9.78,6.44,3.96,5.74,4.44,722552076,75.0,MOD-00631,14.2,2026-07-05T09:44:04,2026-07-05T02:44:04,https://api.quant-aq.com/v1/devices/MOD-00631/data/722551875
239.55,582.39,"{'lat': None, 'lon': None}","{'rh': 74.9, 'temp': 14.2, 'wd': 0.0, 'ws': 0.0, 'ws_scalar': 0.0}","{'gas': {'co': 18172, 'co2': 13279, 'no': 18173, 'no2': 18174, 'o3': 18175}, 'pm': {'pm1': 13254, 'pm10': 13256, 'pm25': 13255}}",2.46,10.33,6.32,2.62,3.45,2.89,722549848,74.9,MOD-00631,14.2,2026-07-05T09:43:04,2026-07-05T02:43:04,https://api.quant-aq.com/v1/devices/MOD-00631/data/722549647
226.09,583.36,"{'lat': None, 'lon': None}","{'rh': 74.8, 'temp': 14.2, 'wd': 0.0, 'ws': 0.0, 'ws_scalar': 0.0}","{'gas': {'co': 18172, 'co2': 13279, 'no': 18173, 'no2': 18174, 'o3': 18175}, 'pm': {'pm1': 13254, 'pm10': 13256, 'pm25': 13255}}",2.31,9.21,6.58,2.95,4.17,3.38,722549849,74.8,MOD-00631,14.2,2026-07-05T09:42:04,2026-07-05T02:42:04,https://api.quant-aq.com/v1/devices/MOD-00631/data/722549648
235.7,584.44,"{'lat': None, 'lon': None}","{'rh': 74.7, 'temp': 14.3, 'wd': 0.0, 'ws': 0.0, 'ws_scalar': 0.0}","{'gas': {'co': 18172, 'co2': 13279, 'no': 18173, 'no2': 18174, 'o3': 18175}, 'pm': {'pm1': 13254, 'pm10': 13256, 'pm25': 13255}}",2.24,9.14,6.57,2.65,4.18,2.96,722549851,74.7,MOD-00631,14.3,2026-07-05T09:41:04,2026-07-05T02:41:04,https://api.quant-aq.com/v1/devices/MOD-00631/data/722549650
227.16,581.07,"{'lat': None, 'lon': None}","{'rh': 74.6, 'temp': 14.3, 'wd': 0.0, 'ws': 0.0, 'ws_scalar': 0.0}","{'gas': {'co': 18172, 'co2': 13279, 'no': 18173, 'no2': 18174, 'o3': 18175}, 'pm': {'pm1': 13254, 'pm10': 13256, 'pm25': 13255}}",2.66,9.13,6.58,2.6,7.72,3.02,722549850,74.6,MOD-00631,14.3,2026-07-05T09:40:04,2026-07-05T02:40:04,https://api.quant-aq.com/v1/devices/MOD-00631/data/722549649
233.31,579.86,"{'lat': None, 'lon': None}","{'rh': 74.6, 'temp': 14.3, 'wd': 0.0, 'ws': 0.0, 'ws_scalar': 0.0}","{'gas': {'co': 18172, 'co2': 13279, 'no': 18173, 'no2': 18174, 'o3': 18175}, 'pm': {'pm1': 13254, 'pm10': 13256, 'pm25': 13255}}",2.52,9.13,7.95,2.68,4.86,3.07,722547710,74.6,MOD-00631,14.3,2026-07-05T09:39:04,2026-07-05T02:39:04,https://api.quant-aq.com/v1/devices/MOD-00631/data/722547508
237.76,576.61,"{'lat': None, 'lon': None}","{'rh': 74.7, 'temp': 14.3, 'wd': 0.0, 'ws': 0.0, 'ws_scalar': 0.0}","{'gas': {'co': 18172, 'co2': 13279, 'no': 18173, 'no2': 18174, 'o3': 18175}, 'pm': {'pm1': 13254, 'pm10': 13256, 'pm25': 13255}}",2.52,9.14,7.94,2.65,3.77,2.96,722547705,74.7,MOD-00631,14.3,2026-07-05T09:38:04,2026-07-05T02:38:04,https://api.quant-aq.com/v1/devices/MOD-00631/data/722547505
228.73,578.9,"{'lat': None, 'lon': None}","{'rh': 74.7, 'temp': 14.3, 'wd': 0.0, 'ws': 0.0, 'ws_scalar': 0.0}","{'gas': {'co': 18172, 'co2': 13279, 'no': 18173, 'no2': 18174, 'o3': 18175}, 'pm': {'pm1': 13254, 'pm10': 13256, 'pm25': 13255}}",2.24,10.23,7.24,2.67,3.81,2.85,722547709,74.7,MOD-00631,14.3,2026-07-05T09:37:04,2026-07-05T02:37:04,https://api.quant-aq.com/v1/devices/MOD-00631/data/722547509
232.15,579.98,"{'lat': None, 'lon': None}","{'rh': 74.5, 'temp': 14.3, 'wd': 0.0, 'ws': 0.0, 'ws_scalar': 0.0}","{'gas': {'co': 18172, 'co2': 13279, 'no': 18173, 'no2': 18174, 'o3': 18175}, 'pm': {'pm1': 13254, 'pm10': 13256, 'pm25': 13255}}",2.37,10.2,7.25,2.62,3.73,2.85,722547707,74.5,MOD-00631,14.3,2026-07-05T09:36:04,2026-07-05T02:36:04,https://api.quant-aq.com/v1/devices/MOD-00631/data/722547503
234.88,578.66,"{'lat': None, 'lon': None}","{'rh': 74.7, 'temp': 14.3, 'wd': 0.0, 'ws': 0.0, 'ws_scalar': 0.0}","{'gas': {'co': 18172, 'co2': 13279, 'no': 18173, 'no2': 18174, 'o3': 18175}, 'pm': {'pm1': 13254, 'pm10': 13256, 'pm25': 13255}}",2.1,10.23,8.15,2.65,4.4,3.14,722545568,74.7,MOD-00631,14.3,2026-07-05T09:35:04,2026-07-05T02:35:04,https://api.quant-aq.com/v1/devices/MOD-00631/data/722545367
241.45,581.43,"{'lat': None, 'lon': None}","{'rh': 74.7, 'temp': 14.3, 'wd': 0.0, 'ws': 0.0, 'ws_scalar': 0.0}","{'gas': {'co': 18172, 'co2': 13279, 'no': 18173, 'no2': 18174, 'o3': 18175}, 'pm': {'pm1': 13254, 'pm10': 13256, 'pm25': 13255}}",2.52,10.23,8.61,2.41,8.42,2.76,722545567,74.7,MOD-00631,14.3,2026-07-05T09:34:04,2026-07-05T02:34:04,https://api.quant-aq.com/v1/devices/MOD-00631/data/722545366
227.91,580.83,"{'lat': None, 'lon': None}","{'rh': 74.7, 'temp': 14.3, 'wd': 0.0, 'ws': 0.0, 'ws_scalar': 0.0}","{'gas': {'co': 18172, 'co2': 13279, 'no': 18173, 'no2': 18174, 'o3': 18175}, 'pm': {'pm1': 13254, 'pm10': 13256, 'pm25': 13255}}",1.96,9.67,6.91,2.71,6.13,2.98,722545565,74.7,MOD-00631,14.3,2026-07-05T09:33:04,2026-07-05T02:33:04,https://api.quant-aq.com/v1/devices/MOD-00631/data/722545365
232.49,579.86,"{'lat': None, 'lon': None}","{'rh': 74.6, 'temp': 14.3, 'wd': 0.0, 'ws': 0.0, 'ws_scalar': 0.0}","{'gas': {'co': 18172, 'co2': 13279, 'no': 18173, 'no2': 18174, 'o3': 18175}, 'pm': {'pm1': 13254, 'pm10': 13256, 'pm25': 13255}}",2.09,11.39,7.46,2.73,11.38,2.99,722545566,74.6,MOD-00631,14.3,2026-07-05T09:32:04,2026-07-05T02:32:04,https://api.quant-aq.com/v1/devices/MOD-00631/data/722545364
237.01,575.29,"{'lat': None, 'lon': None}","{'rh': 74.6, 'temp': 14.3, 'wd': 0.0, 'ws': 0.0, 'ws_scalar': 0.0}","{'gas': {'co': 18172, 'co2': 13279, 'no': 18173, 'no2': 18174, 'o3': 18175}, 'pm': {'pm1': 13254, 'pm10': 13256, 'pm25': 13255}}",2.52,10.22,8.62,2.61,4.99,3.05,722543360,74.6,MOD-00631,14.3,2026-07-05T09:31:04,2026-07-05T02:31:04,https://api.quant-aq.com/v1/devices/MOD-00631/data/722543159
246.71,578.42,"{'lat': None, 'lon': None}","{'rh': 74.8, 'temp': 14.3, 'wd': 0.0, 'ws': 0.0, 'ws_scalar': 0.0}","{'gas': {'co': 18172, 'co2': 13279, 'no': 18173, 'no2': 18174, 'o3': 18175}, 'pm': {'pm1': 13254, 'pm10': 13256, 'pm25': 13255}}",2.11,9.68,8.72,2.63,7.07,2.85,722543358,74.8,MOD-00631,14.3,2026-07-05T09:30:04,2026-07-05T02:30:04,https://api.quant-aq.com/v1/devices/MOD-00631/data/722543158
236.86,578.06,"{'lat': None, 'lon': None}","{'rh': 74.8, 'temp': 14.3, 'wd': 0.0, 'ws': 0.0, 'ws_scalar': 0.0}","{'gas': {'co': 18172, 'co2': 13279, 'no': 18173, 'no2': 18174, 'o3': 18175}, 'pm': {'pm1': 13254, 'pm10': 13256, 'pm25': 13255}}",2.25,10.24,8.6,2.78,4.64,3.18,722543357,74.8,MOD-00631,14.3,2026-07-05T09:29:04,2026-07-05T02:29:04,https://api.quant-aq.com/v1/devices/MOD-00631/data/722543156
235.22,577.33,"{'lat': None, 'lon': None}","{'rh': 74.8, 'temp': 14.3, 'wd': 0.0, 'ws': 0.0, 'ws_scalar': 0.0}","{'gas': {'co': 18172, 'co2': 13279, 'no': 18173, 'no2': 18174, 'o3': 18175}, 'pm': {'pm1': 13254, 'pm10': 13256, 'pm25': 13255}}",2.39,9.68,8.27,2.64,5.42,2.9,722543359,74.8,MOD-00631,14.3,2026-07-05T09:28:04,2026-07-05T02:28:04,https://api.quant-aq.com/v1/devices/MOD-00631/data/722543157
240.11,576.13,"{'lat': None, 'lon': None}","{'rh': 74.7, 'temp': 14.2, 'wd': 0.0, 'ws': 0.0, 'ws_scalar': 0.0}","{'gas': {'co': 18172, 'co2': 13279, 'no': 18173, 'no2': 18174, 'o3': 18175}, 'pm': {'pm1': 13254, 'pm10': 13256, 'pm25': 13255}}",2.16,11.49,7.46,2.77,4.36,3.09,722541198,74.7,MOD-00631,14.2,2026-07-05T09:27:04,2026-07-05T02:27:04,https://api.quant-aq.com/v1/devices/MOD-00631/data/722540997
235.93,578.3,"{'lat': None, 'lon': None}","{'rh': 74.8, 'temp': 14.2, 'wd': 0.0, 'ws': 0.0, 'ws_scalar': 0.0}","{'gas': {'co': 18172, 'co2': 13279, 'no': 18173, 'no2': 18174, 'o3': 18175}, 'pm': {'pm1': 13254, 'pm10': 13256, 'pm25': 13255}}",2.73,9.21,9.77,2.41,8.78,2.78,722541195,74.8,MOD-00631,14.2,2026-07-05T09:26:04,2026-07-05T02:26:04,https://api.quant-aq.com/v1/devices/MOD-00631/data/722540994
240.98,580.95,"{'lat': None, 'lon': None}","{'rh': 75.2, 'temp': 14.2, 'wd': 0.0, 'ws': 0.0, 'ws_scalar': 0.0}","{'gas': {'co': 18172, 'co2': 13279, 'no': 18173, 'no2': 18174, 'o3': 18175}, 'pm': {'pm1': 13254, 'pm10': 13256, 'pm25': 13255}}",2.2,10.95,8.92,2.81,3.79,3.04,722541197,75.2,MOD-00631,14.2,2026-07-05T09:25:04,2026-07-05T02:25:04,https://api.quant-aq.com/v1/devices/MOD-00631/data/722540996
238.11,576.25,"{'lat': None, 'lon': None}","{'rh': 75.2, 'temp': 14.2, 'wd': 0.0, 'ws': 0.0, 'ws_scalar': 0.0}","{'gas': {'co': 18172, 'co2': 13279, 'no': 18173, 'no2': 18174, 'o3': 18175}, 'pm': {'pm1': 13254, 'pm10': 13256, 'pm25': 13255}}",2.06,10.95,8.92,2.84,3.67,3.13,722541196,75.2,MOD-00631,14.2,2026-07-05T09:24:04,2026-07-05T02:24:04,https://api.quant-aq.com/v1/devices/MOD-00631/data/722540995
240.91,577.45,"{'lat': None, 'lon': None}","{'rh': 75.3, 'temp': 14.2, 'wd': 0.0, 'ws': 0.0, 'ws_scalar': 0.0}","{'gas': {'co': 18172, 'co2': 13279, 'no': 18173, 'no2': 18174, 'o3': 18175}, 'pm': {'pm1': 13254, 'pm10': 13256, 'pm25': 13255}}",1.93,12.18,7.75,2.75,4.94,3.08,722539021,75.3,MOD-00631,14.2,2026-07-05T09:23:04,2026-07-05T02:23:04,https://api.quant-aq.com/v1/devices/MOD-00631/data/722538820
235.51,574.08,"{'lat': None, 'lon': None}","{'rh': 75.4, 'temp': 14.2, 'wd': 0.0, 'ws': 0.0, 'ws_scalar': 0.0}","{'gas': {'co': 18172, 'co2': 13279, 'no': 18173, 'no2': 18174, 'o3': 18175}, 'pm': {'pm1': 13254, 'pm10': 13256, 'pm25': 13255}}",2.36,11.58,8.32,3.13,6.81,3.57,722539019,75.4,MOD-00631,14.2,2026-07-05T09:22:04,2026-07-05T02:22:04,https://api.quant-aq.com/v1/devices/MOD-00631/data/722538818
234.96,578.42,"{'lat': None, 'lon': None}","{'rh': 75.6, 'temp': 14.2, 'wd': 0.0, 'ws': 0.0, 'ws_scalar': 0.0}","{'gas': {'co': 18172, 'co2': 13279, 'no': 18173, 'no2': 18174, 'o3': 18175}, 'pm': {'pm1': 13254, 'pm10': 13256, 'pm25': 13255}}",1.95,11.0,7.97,2.82,4.11,3.09,722539018,75.6,MOD-00631,14.2,2026-07-05T09:21:04,2026-07-05T02:21:04,https://api.quant-aq.com/v1/devices/MOD-00631/data/722538817
241.45,579.14,"{'lat': None, 'lon': None}","{'rh': 75.7, 'temp': 14.2, 'wd': 0.0, 'ws': 0.0, 'ws_scalar': 0.0}","{'gas': {'co': 18172, 'co2': 13279, 'no': 18173, 'no2': 18174, 'o3': 18175}, 'pm': {'pm1': 13254, 'pm10': 13256, 'pm25': 13255}}",2.24,13.47,7.93,3.12,4.45,3.5,722539020,75.7,MOD-00631,14.2,2026-07-05T09:20:04,2026-07-05T02:20:04,https://api.quant-aq.com/v1/devices/MOD-00631/data/722538819
235.37,576.73,"{'lat': None, 'lon': None}","{'rh': 75.6, 'temp': 14.2, 'wd': 0.0, 'ws': 0.0, 'ws_scalar': 0.0}","{'gas': {'co': 18172, 'co2': 13279, 'no': 18173, 'no2': 18174, 'o3': 18175}, 'pm': {'pm1': 13254, 'pm10': 13256, 'pm25': 13255}}",1.74,11.6,8.76,2.8,4.53,3.07,722536880,75.6,MOD-00631,14.2,2026-07-05T09:19:04,2026-07-05T02:19:04,https://api.quant-aq.com/v1/devices/MOD-00631/data/722536678
248.83,580.95,"{'lat': None, 'lon': None}","{'rh': 75.7, 'temp': 14.2, 'wd': 0.0, 'ws': 0.0, 'ws_scalar': 0.0}","{'gas': {'co': 18172, 'co2': 13279, 'no': 18173, 'no2': 18174, 'o3': 18175}, 'pm': {'pm1': 13254, 'pm10': 13256, 'pm25': 13255}}",2.38,14.11,8.72,2.25,4.12,2.52,722536877,75.7,MOD-00631,14.2,2026-07-05T09:18:04,2026-07-05T02:18:04,https://api.quant-aq.com/v1/devices/MOD-00631/data/722536676
238.99,579.98,"{'lat': None, 'lon': None}","{'rh': 75.7, 'temp': 14.2, 'wd': 0.0, 'ws': 0.0, 'ws_scalar': 0.0}","{'gas': {'co': 18172, 'co2': 13279, 'no': 18173, 'no2': 18174, 'o3': 18175}, 'pm': {'pm1': 13254, 'pm10': 13256, 'pm25': 13255}}",2.24,12.23,8.18,2.4,3.37,2.71,722536879,75.7,MOD-00631,14.2,2026-07-05T09:17:04,2026-07-05T02:17:04,https://api.quant-aq.com/v1/devices/MOD-00631/data/722536679
239.88,578.42,"{'lat': None, 'lon': None}","{'rh': 75.6, 'temp': 14.2, 'wd': 0.0, 'ws': 0.0, 'ws_scalar': 0.0}","{'gas': {'co': 18172, 'co2': 13279, 'no': 18173, 'no2': 18174, 'o3': 18175}, 'pm': {'pm1': 13254, 'pm10': 13256, 'pm25': 13255}}",2.09,12.21,8.64,2.54,4.34,2.86,722536875,75.6,MOD-00631,14.2,2026-07-05T09:16:04,2026-07-05T02:16:04,https://api.quant-aq.com/v1/devices/MOD-00631/data/722536673
236.12,581.19,"{'lat': None, 'lon': None}","{'rh': 75.7, 'temp': 14.2, 'wd': 0.0, 'ws': 0.0, 'ws_scalar': 0.0}","{'gas': {'co': 18172, 'co2': 13279, 'no': 18173, 'no2': 18174, 'o3': 18175}, 'pm': {'pm1': 13254, 'pm10': 13256, 'pm25': 13255}}",2.38,11.01,8.88,2.84,3.69,3.0,722534667,75.7,MOD-00631,14.2,2026-07-05T09:15:04,2026-07-05T02:15:04,https://api.quant-aq.com/v1/devices/MOD-00631/data/722534466
239.49,579.98,"{'lat': None, 'lon': None}","{'rh': 76.0, 'temp': 14.1, 'wd': 0.0, 'ws': 0.0, 'ws_scalar': 0.0}","{'gas': {'co': 18172, 'co2': 13279, 'no': 18173, 'no2': 18174, 'o3': 18175}, 'pm': {'pm1': 13254, 'pm10': 13256, 'pm25': 13255}}",2.47,12.34,9.08,2.51,5.03,2.84,722534666,76.0,MOD-00631,14.1,2026-07-05T09:14:04,2026-07-05T02:14:04,https://api.quant-aq.com/v1/devices/MOD-00631/data/722534464
241.54,579.86,"{'lat': None, 'lon': None}","{'rh': 76.0, 'temp': 14.1, 'wd': 0.0, 'ws': 0.0, 'ws_scalar': 0.0}","{'gas': {'co': 18172, 'co2': 13279, 'no': 18173, 'no2': 18174, 'o3': 18175}, 'pm': {'pm1': 13254, 'pm10': 13256, 'pm25': 13255}}",2.18,13.58,7.92,2.69,7.71,2.81,722534665,76.0,MOD-00631,14.1,2026-07-05T09:13:04,2026-07-05T02:13:04,https://api.quant-aq.com/v1/devices/MOD-00631/data/722534465
237.44,581.55,"{'lat': None, 'lon': None}","{'rh': 76.0, 'temp': 14.1, 'wd': 0.0, 'ws': 0.0, 'ws_scalar': 0.0}","{'gas': {'co': 18172, 'co2': 13279, 'no': 18173, 'no2': 18174, 'o3': 18175}, 'pm': {'pm1': 13254, 'pm10': 13256, 'pm25': 13255}}",2.04,13.58,8.38,3.15,6.41,3.53,722534664,76.0,MOD-00631,14.1,2026-07-05T09:12:04,2026-07-05T02:12:04,https://api.quant-aq.com/v1/devices/MOD-00631/data/722534463
240.45,578.06,"{'lat': None, 'lon': None}","{'rh': 75.8, 'temp': 14.1, 'wd': 0.0, 'ws': 0.0, 'ws_scalar': 0.0}","{'gas': {'co': 18172, 'co2': 13279, 'no': 18173, 'no2': 18174, 'o3': 18175}, 'pm': {'pm1': 13254, 'pm10': 13256, 'pm25': 13255}}",2.03,11.1,8.88,2.4,4.71,2.66,722532522,75.8,MOD-00631,14.1,2026-07-05T09:11:04,2026-07-05T02:11:04,https://api.quant-aq.com/v1/devices/MOD-00631/data/722532321
237.17,577.45,"{'lat': None, 'lon': None}","{'rh': 75.8, 'temp': 14.1, 'wd': 0.0, 'ws': 0.0, 'ws_scalar': 0.0}","{'gas': {'co': 18172, 'co2': 13279, 'no': 18173, 'no2': 18174, 'o3': 18175}, 'pm': {'pm1': 13254, 'pm10': 13256, 'pm25': 13255}}",2.03,12.94,8.97,2.66,3.7,2.87,722532520,75.8,MOD-00631,14.1,2026-07-05T09:10:04,2026-07-05T02:10:04,https://api.quant-aq.com/v1/devices/MOD-00631/data/722532319
234.16,580.59,"{'lat': None, 'lon': None}","{'rh': 76.0, 'temp': 14.1, 'wd': 0.0, 'ws': 0.0, 'ws_scalar': 0.0}","{'gas': {'co': 18172, 'co2': 13279, 'no': 18173, 'no2': 18174, 'o3': 18175}, 'pm': {'pm1': 13254, 'pm10': 13256, 'pm25': 13255}}",2.18,12.96,8.04,2.55,7.37,2.86,722532523,76.0,MOD-00631,14.1,2026-07-05T09:09:04,2026-07-05T02:09:04,https://api.quant-aq.com/v1/devices/MOD-00631/data/722532322
240.79,576.49,"{'lat': None, 'lon': None}","{'rh': 75.9, 'temp': 14.1, 'wd': 0.0, 'ws': 0.0, 'ws_scalar': 0.0}","{'gas': {'co': 18172, 'co2': 13279, 'no': 18173, 'no2': 18174, 'o3': 18175}, 'pm': {'pm1': 13254, 'pm10': 13256, 'pm25': 13255}}",2.32,11.71,8.3,2.57,4.41,2.81,722532521,75.9,MOD-00631,14.1,2026-07-05T09:08:04,2026-07-05T02:08:04,https://api.quant-aq.com/v1/devices/MOD-00631/data/722532320
236.21,575.53,"{'lat': None, 'lon': None}","{'rh': 76.0, 'temp': 14.1, 'wd': 0.0, 'ws': 0.0, 'ws_scalar': 0.0}","{'gas': {'co': 18172, 'co2': 13279, 'no': 18173, 'no2': 18174, 'o3': 18175}, 'pm': {'pm1': 13254, 'pm10': 13256, 'pm25': 13255}}",2.04,11.12,7.96,2.49,3.78,2.84,722530301,76.0,MOD-00631,14.1,2026-07-05T09:07:04,2026-07-05T02:07:04,https://api.quant-aq.com/v1/devices/MOD-00631/data/722530100
239.49,580.1,"{'lat': None, 'lon': None}","{'rh': 76.0, 'temp': 14.1, 'wd': 0.0, 'ws': 0.0, 'ws_scalar': 0.0}","{'gas': {'co': 18172, 'co2': 13279, 'no': 18173, 'no2': 18174, 'o3': 18175}, 'pm': {'pm1': 13254, 'pm10': 13256, 'pm25': 13255}}",2.18,12.96,8.04,2.72,7.19,3.07,722530304,76.0,MOD-00631,14.1,2026-07-05T09:06:04,2026-07-05T02:06:04,https://api.quant-aq.com/v1/devices/MOD-00631/data/722530103
239.42,577.82,"{'lat': None, 'lon': None}","{'rh': 76.1, 'temp': 14.1, 'wd': 0.0, 'ws': 0.0, 'ws_scalar': 0.0}","{'gas': {'co': 18172, 'co2': 13279, 'no': 18173, 'no2': 18174, 'o3': 18175}, 'pm': {'pm1': 13254, 'pm10': 13256, 'pm25': 13255}}",1.91,12.97,8.95,2.46,6.25,2.71,722530302,76.1,MOD-00631,14.1,2026-07-05T09:05:04,2026-07-05T02:05:04,https://api.quant-aq.com/v1/devices/MOD-00631/data/722530102
234.91,580.1,"{'lat': None, 'lon': None}","{'rh': 76.1, 'temp': 14.1, 'wd': 0.0, 'ws': 0.0, 'ws_scalar': 0.0}","{'gas': {'co': 18172, 'co2': 13279, 'no': 18173, 'no2': 18174, 'o3': 18175}, 'pm': {'pm1': 13254, 'pm10': 13256, 'pm25': 13255}}",2.19,12.35,7.7,2.62,7.15,3.0,722530303,76.1,MOD-00631,14.1,2026-07-05T09:04:04,2026-07-05T02:04:04,https://api.quant-aq.com/v1/devices/MOD-00631/data/722530101
235.66,578.9,"{'lat': None, 'lon': None}","{'rh': 76.2, 'temp': 14.1, 'wd': 0.0, 'ws': 0.0, 'ws_scalar': 0.0}","{'gas': {'co': 18172, 'co2': 13279, 'no': 18173, 'no2': 18174, 'o3': 18175}, 'pm': {'pm1': 13254, 'pm10': 13256, 'pm25': 13255}}",2.2,12.36,7.24,2.96,3.76,3.22,722528109,76.2,MOD-00631,14.1,2026-07-05T09:03:04,2026-07-05T02:03:04,https://api.quant-aq.com/v1/devices/MOD-00631/data/722527908
244.61,578.18,"{'lat': None, 'lon': None}","{'rh': 76.3, 'temp': 14.1, 'wd': 0.0, 'ws': 0.0, 'ws_scalar': 0.0}","{'gas': {'co': 18172, 'co2': 13279, 'no': 18173, 'no2': 18174, 'o3': 18175}, 'pm': {'pm1': 13254, 'pm10': 13256, 'pm25': 13255}}",2.21,12.99,7.11,2.36,3.78,2.74,722528108,76.3,MOD-00631,14.1,2026-07-05T09:02:04,2026-07-05T02:02:04,https://api.quant-aq.com/v1/devices/MOD-00631/data/722527907
235.18,581.55,"{'lat': None, 'lon': None}","{'rh': 76.3, 'temp': 14.1, 'wd': 0.0, 'ws': 0.0, 'ws_scalar': 0.0}","{'gas': {'co': 18172, 'co2': 13279, 'no': 18173, 'no2': 18174, 'o3': 18175}, 'pm': {'pm1': 13254, 'pm10': 13256, 'pm25': 13255}}",2.21,12.99,8.48,2.86,5.48,3.07,722528106,76.3,MOD-00631,14.1,2026-07-05T09:01:04,2026-07-05T02:01:04,https://api.quant-aq.com/v1/devices/MOD-00631/data/722527905
235.11,580.1,"{'lat': None, 'lon': None}","{'rh': 76.4, 'temp': 14.1, 'wd': 0.0, 'ws': 0.0, 'ws_scalar': 0.0}","{'gas': {'co': 18172, 'co2': 13279, 'no': 18173, 'no2': 18174, 'o3': 18175}, 'pm': {'pm1': 13254, 'pm10': 13256, 'pm25': 13255}}",1.93,12.38,6.77,2.76,3.29,3.03,722528107,76.4,MOD-00631,14.1,2026-07-05T09:00:04,2026-07-05T02:00:04,https://api.quant-aq.com/v1/devices/MOD-00631/data/722527906
235.52,579.86,"{'lat': None, 'lon': None}","{'rh': 76.4, 'temp': 14.1, 'wd': 0.0, 'ws': 0.0, 'ws_scalar': 0.0}","{'gas': {'co': 18172, 'co2': 13279, 'no': 18173, 'no2': 18174, 'o3': 18175}, 'pm': {'pm1': 13254, 'pm10': 13256, 'pm25': 13255}}",1.93,12.38,7.68,3.07,7.79,3.49,722525963,76.4,MOD-00631,14.1,2026-07-05T08:59:04,2026-07-05T01:59:04,https://api.quant-aq.com/v1/devices/MOD-00631/data/722525762
239.69,582.15,"{'lat': None, 'lon': None}","{'rh': 76.3, 'temp': 14.1, 'wd': 0.0, 'ws': 0.0, 'ws_scalar': 0.0}","{'gas': {'co': 18172, 'co2': 13279, 'no': 18173, 'no2': 18174, 'o3': 18175}, 'pm': {'pm1': 13254, 'pm10': 13256, 'pm25': 13255}}",1.85,11.76,8.72,2.35,4.09,2.7,722525965,76.3,MOD-00631,14.1,2026-07-05T08:58:04,2026-07-05T01:58:04,https://api.quant-aq.com/v1/devices/MOD-00631/data/722525764
238.87,581.07,"{'lat': None, 'lon': None}","{'rh': 76.3, 'temp': 14.1, 'wd': 0.0, 'ws': 0.0, 'ws_scalar': 0.0}","{'gas': {'co': 18172, 'co2': 13279, 'no': 18173, 'no2': 18174, 'o3': 18175}, 'pm': {'pm1': 13254, 'pm10': 13256, 'pm25': 13255}}",2.07,12.99,6.65,2.85,6.56,3.06,722525964,76.3,MOD-00631,14.1,2026-07-05T08:57:04,2026-07-05T01:57:04,https://api.quant-aq.com/v1/devices/MOD-00631/data/722525763
242.15,580.1,"{'lat': None, 'lon': None}","{'rh': 76.3, 'temp': 14.1, 'wd': 0.0, 'ws': 0.0, 'ws_scalar': 0.0}","{'gas': {'co': 18172, 'co2': 13279, 'no': 18173, 'no2': 18174, 'o3': 18175}, 'pm': {'pm1': 13254, 'pm10': 13256, 'pm25': 13255}}",2.21,12.99,7.11,2.53,12.83,2.87,722525966,76.3,MOD-00631,14.1,2026-07-05T08:56:04,2026-07-05T01:56:04,https://api.quant-aq.com/v1/devices/MOD-00631/data/722525765
238.46,580.34,"{'lat': None, 'lon': None}","{'rh': 76.3, 'temp': 14.1, 'wd': 0.0, 'ws': 0.0, 'ws_scalar': 0.0}","{'gas': {'co': 18172, 'co2': 13279, 'no': 18173, 'no2': 18174, 'o3': 18175}, 'pm': {'pm1': 13254, 'pm10': 13256, 'pm25': 13255}}",1.93,11.76,7.81,2.56,4.84,2.92,722523753,76.3,MOD-00631,14.1,2026-07-05T08:55:04,2026-07-05T01:55:04,https://api.quant-aq.com/v1/devices/MOD-00631/data/722523553
235.79,581.19,"{'lat': None, 'lon': None}","{'rh': 76.6, 'temp': 14.1, 'wd': 0.0, 'ws': 0.0, 'ws_scalar': 0.0}","{'gas': {'co': 18172, 'co2': 13279, 'no': 18173, 'no2': 18174, 'o3': 18175}, 'pm': {'pm1': 13254, 'pm10': 13256, 'pm25': 13255}}",1.82,11.79,7.79,2.8,6.33,3.02,722523760,76.6,MOD-00631,14.1,2026-07-05T08:54:04,2026-07-05T01:54:04,https://api.quant-aq.com/v1/devices/MOD-00631/data/722523558
236.68,582.51,"{'lat': None, 'lon': None}","{'rh': 76.5, 'temp': 14.1, 'wd': 0.0, 'ws': 0.0, 'ws_scalar': 0.0}","{'gas': {'co': 18172, 'co2': 13279, 'no': 18173, 'no2': 18174, 'o3': 18175}, 'pm': {'pm1': 13254, 'pm10': 13256, 'pm25': 13255}}",2.22,13.01,7.09,3.2,7.03,3.58,722523757,76.5,MOD-00631,14.1,2026-07-05T08:53:04,2026-07-05T01:53:04,https://api.quant-aq.com/v1/devices/MOD-00631/data/722523557
240.37,578.9,"{'lat': None, 'lon': None}","{'rh': 76.5, 'temp': 14.1, 'wd': 0.0, 'ws': 0.0, 'ws_scalar': 0.0}","{'gas': {'co': 18172, 'co2': 13279, 'no': 18173, 'no2': 18174, 'o3': 18175}, 'pm': {'pm1': 13254, 'pm10': 13256, 'pm25': 13255}}",1.94,13.01,6.18,3.12,6.35,3.41,722523751,76.5,MOD-00631,14.1,2026-07-05T08:52:04,2026-07-05T01:52:04,https://api.quant-aq.com/v1/devices/MOD-00631/data/722523555
242.35,579.98,"{'lat': None, 'lon': None}","{'rh': 76.6, 'temp': 14.1, 'wd': 0.0, 'ws': 0.0, 'ws_scalar': 0.0}","{'gas': {'co': 18172, 'co2': 13279, 'no': 18173, 'no2': 18174, 'o3': 18175}, 'pm': {'pm1': 13254, 'pm10': 13256, 'pm25': 13255}}",2.37,11.79,7.33,2.54,4.41,2.79,722521581,76.6,MOD-00631,14.1,2026-07-05T08:51:04,2026-07-05T01:51:04,https://api.quant-aq.com/v1/devices/MOD-00631/data/722521379
247.54,583.12,"{'lat': None, 'lon': None}","{'rh': 76.8, 'temp': 14.1, 'wd': 0.0, 'ws': 0.0, 'ws_scalar': 0.0}","{'gas': {'co': 18172, 'co2': 13279, 'no': 18173, 'no2': 18174, 'o3': 18175}, 'pm': {'pm1': 13254, 'pm10': 13256, 'pm25': 13255}}",1.91,14.28,6.37,2.59,4.11,2.76,722521582,76.8,MOD-00631,14.1,2026-07-05T08:50:04,2026-07-05T01:50:04,https://api.quant-aq.com/v1/devices/MOD-00631/data/722521381
240.64,580.1,"{'lat': None, 'lon': None}","{'rh': 76.7, 'temp': 14.1, 'wd': 0.0, 'ws': 0.0, 'ws_scalar': 0.0}","{'gas': {'co': 18172, 'co2': 13279, 'no': 18173, 'no2': 18174, 'o3': 18175}, 'pm': {'pm1': 13254, 'pm10': 13256, 'pm25': 13255}}",1.9,11.8,7.32,2.59,5.04,3.04,722521583,76.7,MOD-00631,14.1,2026-07-05T08:49:04,2026-07-05T01:49:04,https://api.quant-aq.com/v1/devices/MOD-00631/data/722521382
227.71,579.62,"{'lat': None, 'lon': None}","{'rh': 77.0, 'temp': 14.1, 'wd': 0.0, 'ws': 0.0, 'ws_scalar': 0.0}","{'gas': {'co': 18172, 'co2': 13279, 'no': 18173, 'no2': 18174, 'o3': 18175}, 'pm': {'pm1': 13254, 'pm10': 13256, 'pm25': 13255}}",1.72,14.29,6.35,2.47,7.96,2.74,722521580,77.0,MOD-00631,14.1,2026-07-05T08:48:04,2026-07-05T01:48:04,https://api.quant-aq.com/v1/devices/MOD-00631/data/722521380
244.53,582.63,"{'lat': None, 'lon': None}","{'rh': 77.0, 'temp': 14.1, 'wd': 0.0, 'ws': 0.0, 'ws_scalar': 0.0}","{'gas': {'co': 18172, 'co2': 13279, 'no': 18173, 'no2': 18174, 'o3': 18175}, 'pm': {'pm1': 13254, 'pm10': 13256, 'pm25': 13255}}",1.72,14.29,5.9,3.0,12.67,3.44,722519415,77.0,MOD-00631,14.1,2026-07-05T08:47:04,2026-07-05T01:47:04,https://api.quant-aq.com/v1/devices/MOD-00631/data/722519214
245.35,582.03,"{'lat': None, 'lon': None}","{'rh': 77.0, 'temp': 14.1, 'wd': 0.0, 'ws': 0.0, 'ws_scalar': 0.0}","{'gas': {'co': 18172, 'co2': 13279, 'no': 18173, 'no2': 18174, 'o3': 18175}, 'pm': {'pm1': 13254, 'pm10': 13256, 'pm25': 13255}}",1.91,12.44,7.18,2.7,4.08,3.12,722519416,77.0,MOD-00631,14.1,2026-07-05T08:46:04,2026-07-05T01:46:04,https://api.quant-aq.com/v1/devices/MOD-00631/data/722519215
242.48,583.84,"{'lat': None, 'lon': None}","{'rh': 77.0, 'temp': 14.1, 'wd': 0.0, 'ws': 0.0, 'ws_scalar': 0.0}","{'gas': {'co': 18172, 'co2': 13279, 'no': 18173, 'no2': 18174, 'o3': 18175}, 'pm': {'pm1': 13254, 'pm10': 13256, 'pm25': 13255}}",2.12,14.29,6.81,2.7,4.15,2.92,722519413,77.0,MOD-00631,14.1,2026-07-05T08:45:04,2026-07-05T01:45:04,https://api.quant-aq.com/v1/devices/MOD-00631/data/722519212
245.28,581.43,"{'lat': None, 'lon': None}","{'rh': 77.1, 'temp': 14.1, 'wd': 0.0, 'ws': 0.0, 'ws_scalar': 0.0}","{'gas': {'co': 18172, 'co2': 13279, 'no': 18173, 'no2': 18174, 'o3': 18175}, 'pm': {'pm1': 13254, 'pm10': 13256, 'pm25': 13255}}",1.91,14.3,6.35,2.82,5.43,3.54,722519414,77.1,MOD-00631,14.1,2026-07-05T08:44:04,2026-07-05T01:44:04,https://api.quant-aq.com/v1/devices/MOD-00631/data/722519213
244.87,576.25,"{'lat': None, 'lon': None}","{'rh': 77.1, 'temp': 14.1, 'wd': 0.0, 'ws': 0.0, 'ws_scalar': 0.0}","{'gas': {'co': 18172, 'co2': 13279, 'no': 18173, 'no2': 18174, 'o3': 18175}, 'pm': {'pm1': 13254, 'pm10': 13256, 'pm25': 13255}}",1.91,13.06,5.68,2.83,4.18,3.22,722517195,77.1,MOD-00631,14.1,2026-07-05T08:43:04,2026-07-05T01:43:04,https://api.quant-aq.com/v1/devices/MOD-00631/data/722516995
242.75,584.56,"{'lat': None, 'lon': None}","{'rh': 77.2, 'temp': 14.1, 'wd': 0.0, 'ws': 0.0, 'ws_scalar': 0.0}","{'gas': {'co': 18172, 'co2': 13279, 'no': 18173, 'no2': 18174, 'o3': 18175}, 'pm': {'pm1': 13254, 'pm10': 13256, 'pm25': 13255}}",1.91,15.54,5.18,3.01,12.77,3.25,722517196,77.2,MOD-00631,14.1,2026-07-05T08:42:04,2026-07-05T01:42:04,https://api.quant-aq.com/v1/devices/MOD-00631/data/722516994
240.7,583.24,"{'lat': None, 'lon': None}","{'rh': 77.2, 'temp': 14.1, 'wd': 0.0, 'ws': 0.0, 'ws_scalar': 0.0}","{'gas': {'co': 18172, 'co2': 13279, 'no': 18173, 'no2': 18174, 'o3': 18175}, 'pm': {'pm1': 13254, 'pm10': 13256, 'pm25': 13255}}",1.72,13.69,7.37,2.91,7.2,3.39,722517197,77.2,MOD-00631,14.1,2026-07-05T08:41:04,2026-07-05T01:41:04,https://api.quant-aq.com/v1/devices/MOD-00631/data/722516996
244.8,583.24,"{'lat': None, 'lon': None}","{'rh': 77.2, 'temp': 14.1, 'wd': 0.0, 'ws': 0.0, 'ws_scalar': 0.0}","{'gas': {'co': 18172, 'co2': 13279, 'no': 18173, 'no2': 18174, 'o3': 18175}, 'pm': {'pm1': 13254, 'pm10': 13256, 'pm25': 13255}}",2.0,14.31,6.34,2.58,4.2,2.89,722517194,77.2,MOD-00631,14.1,2026-07-05T08:40:04,2026-07-05T01:40:04,https://api.quant-aq.com/v1/devices/MOD-00631/data/722516993
242.41,582.63,"{'lat': None, 'lon': None}","{'rh': 77.1, 'temp': 14.1, 'wd': 0.0, 'ws': 0.0, 'ws_scalar': 0.0}","{'gas': {'co': 18172, 'co2': 13279, 'no': 18173, 'no2': 18174, 'o3': 18175}, 'pm': {'pm1': 13254, 'pm10': 13256, 'pm25': 13255}}",1.82,12.45,6.72,2.65,5.12,2.82,722515016,77.1,MOD-00631,14.1,2026-07-05T08:39:04,2026-07-05T01:39:04,https://api.quant-aq.com/v1/devices/MOD-00631/data/722514815
241.52,582.63,"{'lat': None, 'lon': None}","{'rh': 77.2, 'temp': 14.1, 'wd': 0.0, 'ws': 0.0, 'ws_scalar': 0.0}","{'gas': {'co': 18172, 'co2': 13279, 'no': 18173, 'no2': 18174, 'o3': 18175}, 'pm': {'pm1': 13254, 'pm10': 13256, 'pm25': 13255}}",1.81,14.93,6.67,2.65,3.93,2.93,722515017,77.2,MOD-00631,14.1,2026-07-05T08:38:04,2026-07-05T01:38:04,https://api.quant-aq.com/v1/devices/MOD-00631/data/722514816
235.36,585.89,"{'lat': None, 'lon': None}","{'rh': 77.2, 'temp': 14.1, 'wd': 0.0, 'ws': 0.0, 'ws_scalar': 0.0}","{'gas': {'co': 18172, 'co2': 13279, 'no': 18173, 'no2': 18174, 'o3': 18175}, 'pm': {'pm1': 13254, 'pm10': 13256, 'pm25': 13255}}",1.91,14.93,6.67,2.96,5.12,3.22,722515015,77.2,MOD-00631,14.1,2026-07-05T08:37:04,2026-07-05T01:37:04,https://api.quant-aq.com/v1/devices/MOD-00631/data/722514814
239.54,584.92,"{'lat': None, 'lon': None}","{'rh': 77.1, 'temp': 14.1, 'wd': 0.0, 'ws': 0.0, 'ws_scalar': 0.0}","{'gas': {'co': 18172, 'co2': 13279, 'no': 18173, 'no2': 18174, 'o3': 18175}, 'pm': {'pm1': 13254, 'pm10': 13256, 'pm25': 13255}}",1.72,13.06,7.5,2.8,6.58,3.28,722515012,77.1,MOD-00631,14.1,2026-07-05T08:36:04,2026-07-05T01:36:04,https://api.quant-aq.com/v1/devices/MOD-00631/data/722514813
246.44,583.84,"{'lat': None, 'lon': None}","{'rh': 77.2, 'temp': 14.1, 'wd': 0.0, 'ws': 0.0, 'ws_scalar': 0.0}","{'gas': {'co': 18172, 'co2': 13279, 'no': 18173, 'no2': 18174, 'o3': 18175}, 'pm': {'pm1': 13254, 'pm10': 13256, 'pm25': 13255}}",1.81,14.93,6.67,2.61,5.43,3.1,722512811,77.2,MOD-00631,14.1,2026-07-05T08:35:04,2026-07-05T01:35:04,https://api.quant-aq.com/v1/devices/MOD-00631/data/722512610
247.78,584.2,"{'lat': None, 'lon': None}","{'rh': 77.2, 'temp': 14.2, 'wd': 0.0, 'ws': 0.0, 'ws_scalar': 0.0}","{'gas': {'co': 18172, 'co2': 13279, 'no': 18173, 'no2': 18174, 'o3': 18175}, 'pm': {'pm1': 13254, 'pm10': 13256, 'pm25': 13255}}",1.66,13.0,6.12,2.46,5.85,2.8,722512812,77.2,MOD-00631,14.2,2026-07-05T08:34:04,2026-07-05T01:34:04,https://api.quant-aq.com/v1/devices/MOD-00631/data/722512612
242.38,580.71,"{'lat': None, 'lon': None}","{'rh': 77.3, 'temp': 14.2, 'wd': 0.0, 'ws': 0.0, 'ws_scalar': 0.0}","{'gas': {'co': 18172, 'co2': 13279, 'no': 18173, 'no2': 18174, 'o3': 18175}, 'pm': {'pm1': 13254, 'pm10': 13256, 'pm25': 13255}}",1.64,14.24,5.86,2.63,4.59,2.86,722512813,77.3,MOD-00631,14.2,2026-07-05T08:33:04,2026-07-05T01:33:04,https://api.quant-aq.com/v1/devices/MOD-00631/data/722512611
240.33,578.3,"{'lat': None, 'lon': None}","{'rh': 77.3, 'temp': 14.2, 'wd': 0.0, 'ws': 0.0, 'ws_scalar': 0.0}","{'gas': {'co': 18172, 'co2': 13279, 'no': 18173, 'no2': 18174, 'o3': 18175}, 'pm': {'pm1': 13254, 'pm10': 13256, 'pm25': 13255}}",1.7,13.63,6.9,2.41,6.01,2.69,722512814,77.3,MOD-00631,14.2,2026-07-05T08:32:04,2026-07-05T01:32:04,https://api.quant-aq.com/v1/devices/MOD-00631/data/722512613
239.92,579.98,"{'lat': None, 'lon': None}","{'rh': 77.3, 'temp': 14.2, 'wd': 0.0, 'ws': 0.0, 'ws_scalar': 0.0}","{'gas': {'co': 18172, 'co2': 13279, 'no': 18173, 'no2': 18174, 'o3': 18175}, 'pm': {'pm1': 13254, 'pm10': 13256, 'pm25': 13255}}",1.7,13.63,5.99,2.63,5.52,3.04,722510665,77.3,MOD-00631,14.2,2026-07-05T08:31:04,2026-07-05T01:31:04,https://api.quant-aq.com/v1/devices/MOD-00631/data/722510464
243.2,582.99,"{'lat': None, 'lon': None}","{'rh': 77.3, 'temp': 14.2, 'wd': 0.0, 'ws': 0.0, 'ws_scalar': 0.0}","{'gas': {'co': 18172, 'co2': 13279, 'no': 18173, 'no2': 18174, 'o3': 18175}, 'pm': {'pm1': 13254, 'pm10': 13256, 'pm25': 13255}}",1.64,13.63,6.9,2.4,5.78,2.64,722510664,77.3,MOD-00631,14.2,2026-07-05T08:30:04,2026-07-05T01:30:04,https://api.quant-aq.com/v1/devices/MOD-00631/data/722510463
246.14,582.99,"{'lat': None, 'lon': None}","{'rh': 77.2, 'temp': 14.2, 'wd': 0.0, 'ws': 0.0, 'ws_scalar': 0.0}","{'gas': {'co': 18172, 'co2': 13279, 'no': 18173, 'no2': 18174, 'o3': 18175}, 'pm': {'pm1': 13254, 'pm10': 13256, 'pm25': 13255}}",1.7,15.47,6.54,2.62,5.54,3.12,722510663,77.2,MOD-00631,14.2,2026-07-05T08:29:04,2026-07-05T01:29:04,https://api.quant-aq.com/v1/devices/MOD-00631/data/722510462
247.03,579.26,"{'lat': None, 'lon': None}","{'rh': 77.1, 'temp': 14.2, 'wd': 0.0, 'ws': 0.0, 'ws_scalar': 0.0}","{'gas': {'co': 18172, 'co2': 13279, 'no': 18173, 'no2': 18174, 'o3': 18175}, 'pm': {'pm1': 13254, 'pm10': 13256, 'pm25': 13255}}",1.87,12.99,6.58,2.45,4.29,2.9,722510662,77.1,MOD-00631,14.2,2026-07-05T08:28:04,2026-07-05T01:28:04,https://api.quant-aq.com/v1/devices/MOD-00631/data/722510461
238.42,581.31,"{'lat': None, 'lon': None}","{'rh': 77.1, 'temp': 14.2, 'wd': 0.0, 'ws': 0.0, 'ws_scalar': 0.0}","{'gas': {'co': 18172, 'co2': 13279, 'no': 18173, 'no2': 18174, 'o3': 18175}, 'pm': {'pm1': 13254, 'pm10': 13256, 'pm25': 13255}}",1.8,15.47,6.54,2.49,4.56,2.86,722508437,77.1,MOD-00631,14.2,2026-07-05T08:27:04,2026-07-05T01:27:04,https://api.quant-aq.com/v1/devices/MOD-00631/data/722508236
243.34,580.59,"{'lat': None, 'lon': None}","{'rh': 77.1, 'temp': 14.2, 'wd': 0.0, 'ws': 0.0, 'ws_scalar': 0.0}","{'gas': {'co': 18172, 'co2': 13279, 'no': 18173, 'no2': 18174, 'o3': 18175}, 'pm': {'pm1': 13254, 'pm10': 13256, 'pm25': 13255}}",1.67,14.23,6.79,2.53,6.53,2.74,722508434,77.1,MOD-00631,14.2,2026-07-05T08:26:04,2026-07-05T01:26:04,https://api.quant-aq.com/v1/devices/MOD-00631/data/722508234
242.52,584.2,"{'lat': None, 'lon': None}","{'rh': 77.1, 'temp': 14.2, 'wd': 0.0, 'ws': 0.0, 'ws_scalar': 0.0}","{'gas': {'co': 18172, 'co2': 13279, 'no': 18173, 'no2': 18174, 'o3': 18175}, 'pm': {'pm1': 13254, 'pm10': 13256, 'pm25': 13255}}",1.71,16.09,5.51,2.45,4.98,2.83,722508436,77.1,MOD-00631,14.2,2026-07-05T08:25:04,2026-07-05T01:25:04,https://api.quant-aq.com/v1/devices/MOD-00631/data/722508235
248.67,582.87,"{'lat': None, 'lon': None}","{'rh': 77.1, 'temp': 14.2, 'wd': 0.0, 'ws': 0.0, 'ws_scalar': 0.0}","{'gas': {'co': 18172, 'co2': 13279, 'no': 18173, 'no2': 18174, 'o3': 18175}, 'pm': {'pm1': 13254, 'pm10': 13256, 'pm25': 13255}}",1.65,11.17,6.49,2.33,3.96,2.75,722508435,77.1,MOD-00631,14.2,2026-07-05T08:24:04,2026-07-05T01:24:04,https://api.quant-aq.com/v1/devices/MOD-00631/data/722508233
243.75,579.74,"{'lat': None, 'lon': None}","{'rh': 77.1, 'temp': 14.2, 'wd': 0.0, 'ws': 0.0, 'ws_scalar': 0.0}","{'gas': {'co': 18172, 'co2': 13279, 'no': 18173, 'no2': 18174, 'o3': 18175}, 'pm': {'pm1': 13254, 'pm10': 13256, 'pm25': 13255}}",1.8,15.47,6.54,2.76,4.35,3.19,722506283,77.1,MOD-00631,14.2,2026-07-05T08:23:04,2026-07-05T01:23:04,https://api.quant-aq.com/v1/devices/MOD-00631/data/722506082
238.19,583.72,"{'lat': None, 'lon': None}","{'rh': 77.0, 'temp': 14.3, 'wd': 0.0, 'ws': 0.0, 'ws_scalar': 0.0}","{'gas': {'co': 18172, 'co2': 13279, 'no': 18173, 'no2': 18174, 'o3': 18175}, 'pm': {'pm1': 13254, 'pm10': 13256, 'pm25': 13255}}",1.72,14.15,4.96,2.53,6.54,2.85,722506282,77.0,MOD-00631,14.3,2026-07-05T08:22:04,2026-07-05T01:22:04,https://api.quant-aq.com/v1/devices/MOD-00631/data/722506081
240.58,581.91,"{'lat': None, 'lon': None}","{'rh': 77.1, 'temp': 14.3, 'wd': 0.0, 'ws': 0.0, 'ws_scalar': 0.0}","{'gas': {'co': 18172, 'co2': 13279, 'no': 18173, 'no2': 18174, 'o3': 18175}, 'pm': {'pm1': 13254, 'pm10': 13256, 'pm25': 13255}}",1.73,12.3,7.15,2.56,3.54,2.97,722506281,77.1,MOD-00631,14.3,2026-07-05T08:21:04,2026-07-05T01:21:04,https://api.quant-aq.com/v1/devices/MOD-00631/data/722506080
241.4,580.59,"{'lat': None, 'lon': None}","{'rh': 77.1, 'temp': 14.3, 'wd': 0.0, 'ws': 0.0, 'ws_scalar': 0.0}","{'gas': {'co': 18172, 'co2': 13279, 'no': 18173, 'no2': 18174, 'o3': 18175}, 'pm': {'pm1': 13254, 'pm10': 13256, 'pm25': 13255}}",1.73,14.78,5.74,2.32,5.06,2.72,722506280,77.1,MOD-00631,14.3,2026-07-05T08:20:04,2026-07-05T01:20:04,https://api.quant-aq.com/v1/devices/MOD-00631/data/722506079
242.77,581.79,"{'lat': None, 'lon': None}","{'rh': 76.9, 'temp': 14.3, 'wd': 0.0, 'ws': 0.0, 'ws_scalar': 0.0}","{'gas': {'co': 18172, 'co2': 13279, 'no': 18173, 'no2': 18174, 'o3': 18175}, 'pm': {'pm1': 13254, 'pm10': 13256, 'pm25': 13255}}",1.71,12.28,6.25,2.63,4.75,3.01,722504066,76.9,MOD-00631,14.3,2026-07-05T08:19:04,2026-07-05T01:19:04,https://api.quant-aq.com/v1/devices/MOD-00631/data/722503864
242.77,583.72,"{'lat': None, 'lon': None}","{'rh': 76.9, 'temp': 14.3, 'wd': 0.0, 'ws': 0.0, 'ws_scalar': 0.0}","{'gas': {'co': 18172, 'co2': 13279, 'no': 18173, 'no2': 18174, 'o3': 18175}, 'pm': {'pm1': 13254, 'pm10': 13256, 'pm25': 13255}}",1.71,16.62,5.84,2.36,3.32,2.84,722504062,76.9,MOD-00631,14.3,2026-07-05T08:18:04,2026-07-05T01:18:04,https://api.quant-aq.com/v1/devices/MOD-00631/data/722503866
246.87,583.12,"{'lat': None, 'lon': None}","{'rh': 76.9, 'temp': 14.3, 'wd': 0.0, 'ws': 0.0, 'ws_scalar': 0.0}","{'gas': {'co': 18172, 'co2': 13279, 'no': 18173, 'no2': 18174, 'o3': 18175}, 'pm': {'pm1': 13254, 'pm10': 13256, 'pm25': 13255}}",1.7,16.0,5.51,3.0,4.43,3.37,722504068,76.9,MOD-00631,14.3,2026-07-05T08:17:04,2026-07-05T01:17:04,https://api.quant-aq.com/v1/devices/MOD-00631/data/722503867
241.61,582.03,"{'lat': None, 'lon': None}","{'rh': 76.8, 'temp': 14.3, 'wd': 0.0, 'ws': 0.0, 'ws_scalar': 0.0}","{'gas': {'co': 18172, 'co2': 13279, 'no': 18173, 'no2': 18174, 'o3': 18175}, 'pm': {'pm1': 13254, 'pm10': 13256, 'pm25': 13255}}",1.71,14.13,5.89,2.67,4.38,3.05,722504064,76.8,MOD-00631,14.3,2026-07-05T08:16:04,2026-07-05T01:16:04,https://api.quant-aq.com/v1/devices/MOD-00631/data/722503862
246.26,583.36,"{'lat': None, 'lon': None}","{'rh': 76.6, 'temp': 14.3, 'wd': 0.0, 'ws': 0.0, 'ws_scalar': 0.0}","{'gas': {'co': 18172, 'co2': 13279, 'no': 18173, 'no2': 18174, 'o3': 18175}, 'pm': {'pm1': 13254, 'pm10': 13256, 'pm25': 13255}}",1.71,14.12,6.36,2.33,5.09,2.74,722501540,76.6,MOD-00631,14.3,2026-07-05T08:15:04,2026-07-05T01:15:04,https://api.quant-aq.com/v1/devices/MOD-00631/data/722501340
238.81,581.79,"{'lat': None, 'lon': None}","{'rh': 76.7, 'temp': 14.3, 'wd': 0.0, 'ws': 0.0, 'ws_scalar': 0.0}","{'gas': {'co': 18172, 'co2': 13279, 'no': 18173, 'no2': 18174, 'o3': 18175}, 'pm': {'pm1': 13254, 'pm10': 13256, 'pm25': 13255}}",1.7,14.75,6.23,2.96,7.54,3.25,722501538,76.7,MOD-00631,14.3,2026-07-05T08:14:04,2026-07-05T01:14:04,https://api.quant-aq.com/v1/devices/MOD-00631/data/722501337
241.79,580.83,"{'lat': None, 'lon': None}","{'rh': 76.7, 'temp': 14.4, 'wd': 0.0, 'ws': 0.0, 'ws_scalar': 0.0}","{'gas': {'co': 18172, 'co2': 13279, 'no': 18173, 'no2': 18174, 'o3': 18175}, 'pm': {'pm1': 13254, 'pm10': 13256, 'pm25': 13255}}",1.69,14.05,6.34,2.57,5.28,3.1,722501539,76.7,MOD-00631,14.4,2026-07-05T08:13:04,2026-07-05T01:13:04,https://api.quant-aq.com/v1/devices/MOD-00631/data/722501338
250.06,579.86,"{'lat': None, 'lon': None}","{'rh': 76.6, 'temp': 14.4, 'wd': 0.0, 'ws': 0.0, 'ws_scalar': 0.0}","{'gas': {'co': 18172, 'co2': 13279, 'no': 18173, 'no2': 18174, 'o3': 18175}, 'pm': {'pm1': 13254, 'pm10': 13256, 'pm25': 13255}}",1.68,15.29,6.56,2.55,4.46,2.87,722501537,76.6,MOD-00631,14.4,2026-07-05T08:12:04,2026-07-05T01:12:04,https://api.quant-aq.com/v1/devices/MOD-00631/data/722501336
244.8,576.61,"{'lat': None, 'lon': None}","{'rh': 76.5, 'temp': 14.4, 'wd': 0.0, 'ws': 0.0, 'ws_scalar': 0.0}","{'gas': {'co': 18172, 'co2': 13279, 'no': 18173, 'no2': 18174, 'o3': 18175}, 'pm': {'pm1': 13254, 'pm10': 13256, 'pm25': 13255}}",1.7,15.91,5.98,2.65,5.8,3.12,722498778,76.5,MOD-00631,14.4,2026-07-05T08:11:04,2026-07-05T01:11:04,https://api.quant-aq.com/v1/devices/MOD-00631/data/722498577
246.71,581.31,"{'lat': None, 'lon': None}","{'rh': 76.7, 'temp': 14.4, 'wd': 0.0, 'ws': 0.0, 'ws_scalar': 0.0}","{'gas': {'co': 18172, 'co2': 13279, 'no': 18173, 'no2': 18174, 'o3': 18175}, 'pm': {'pm1': 13254, 'pm10': 13256, 'pm25': 13255}}",1.68,15.3,6.09,2.85,4.98,3.22,722498775,76.7,MOD-00631,14.4,2026-07-05T08:10:04,2026-07-05T01:10:04,https://api.quant-aq.com/v1/devices/MOD-00631/data/722498576
238.17,578.9,"{'lat': None, 'lon': None}","{'rh': 76.6, 'temp': 14.4, 'wd': 0.0, 'ws': 0.0, 'ws_scalar': 0.0}","{'gas': {'co': 18172, 'co2': 13279, 'no': 18173, 'no2': 18174, 'o3': 18175}, 'pm': {'pm1': 13254, 'pm10': 13256, 'pm25': 13255}}",1.7,14.04,6.35,2.81,7.32,3.31,722498780,76.6,MOD-00631,14.4,2026-07-05T08:09:04,2026-07-05T01:09:04,https://api.quant-aq.com/v1/devices/MOD-00631/data/722498579
257.1,580.22,"{'lat': None, 'lon': None}","{'rh': 76.5, 'temp': 14.4, 'wd': 0.0, 'ws': 0.0, 'ws_scalar': 0.0}","{'gas': {'co': 18172, 'co2': 13279, 'no': 18173, 'no2': 18174, 'o3': 18175}, 'pm': {'pm1': 13254, 'pm10': 13256, 'pm25': 13255}}",1.67,15.91,5.98,3.08,6.04,3.59,722498779,76.5,MOD-00631,14.4,2026-07-05T08:08:04,2026-07-05T01:08:04,https://api.quant-aq.com/v1/devices/MOD-00631/data/722498578
249.24,581.07,"{'lat': None, 'lon': None}","{'rh': 76.6, 'temp': 14.4, 'wd': 0.0, 'ws': 0.0, 'ws_scalar': 0.0}","{'gas': {'co': 18172, 'co2': 13279, 'no': 18173, 'no2': 18174, 'o3': 18175}, 'pm': {'pm1': 13254, 'pm10': 13256, 'pm25': 13255}}",1.68,14.04,6.35,2.67,5.93,3.06,722495865,76.6,MOD-00631,14.4,2026-07-05T08:07:04,2026-07-05T01:07:04,https://api.quant-aq.com/v1/devices/MOD-00631/data/722495664
242.68,579.14,"{'lat': None, 'lon': None}","{'rh': 76.6, 'temp': 14.4, 'wd': 0.0, 'ws': 0.0, 'ws_scalar': 0.0}","{'gas': {'co': 18172, 'co2': 13279, 'no': 18173, 'no2': 18174, 'o3': 18175}, 'pm': {'pm1': 13254, 'pm10': 13256, 'pm25': 13255}}",1.69,14.67,6.68,2.78,5.47,3.06,722495864,76.6,MOD-00631,14.4,2026-07-05T08:06:04,2026-07-05T01:06:04,https://api.quant-aq.com/v1/devices/MOD-00631/data/722495663
244.46,580.59,"{'lat': None, 'lon': None}","{'rh': 76.4, 'temp': 14.4, 'wd': 0.0, 'ws': 0.0, 'ws_scalar': 0.0}","{'gas': {'co': 18172, 'co2': 13279, 'no': 18173, 'no2': 18174, 'o3': 18175}, 'pm': {'pm1': 13254, 'pm10': 13256, 'pm25': 13255}}",1.7,17.15,5.75,2.69,4.71,3.11,722495863,76.4,MOD-00631,14.4,2026-07-05T08:05:04,2026-07-05T01:05:04,https://api.quant-aq.com/v1/devices/MOD-00631/data/722495662
249.04,577.21,"{'lat': None, 'lon': None}","{'rh': 76.3, 'temp': 14.4, 'wd': 0.0, 'ws': 0.0, 'ws_scalar': 0.0}","{'gas': {'co': 18172, 'co2': 13279, 'no': 18173, 'no2': 18174, 'o3': 18175}, 'pm': {'pm1': 13254, 'pm10': 13256, 'pm25': 13255}}",1.68,15.27,6.58,2.53,4.46,2.94,722495862,76.3,MOD-00631,14.4,2026-07-05T08:04:04,2026-07-05T01:04:04,https://api.quant-aq.com/v1/devices/MOD-00631/data/722495661
243.3,578.42,"{'lat': None, 'lon': None}","{'rh': 76.3, 'temp': 14.4, 'wd': 0.0, 'ws': 0.0, 'ws_scalar': 0.0}","{'gas': {'co': 18172, 'co2': 13279, 'no': 18173, 'no2': 18174, 'o3': 18175}, 'pm': {'pm1': 13254, 'pm10': 13256, 'pm25': 13255}}",1.69,15.27,6.58,2.71,5.8,3.03,722493007,76.3,MOD-00631,14.4,2026-07-05T08:03:04,2026-07-05T01:03:04,https://api.quant-aq.com/v1/devices/MOD-00631/data/722492806
241.29,579.62,"{'lat': None, 'lon': None}","{'rh': 76.4, 'temp': 14.5, 'wd': 0.0, 'ws': 0.0, 'ws_scalar': 0.0}","{'gas': {'co': 18172, 'co2': 13279, 'no': 18173, 'no2': 18174, 'o3': 18175}, 'pm': {'pm1': 13254, 'pm10': 13256, 'pm25': 13255}}",1.67,14.57,5.77,2.67,9.39,3.23,722493005,76.4,MOD-00631,14.5,2026-07-05T08:02:04,2026-07-05T01:02:04,https://api.quant-aq.com/v1/devices/MOD-00631/data/722492804
246.28,581.79,"{'lat': None, 'lon': None}","{'rh': 76.3, 'temp': 14.5, 'wd': 0.0, 'ws': 0.0, 'ws_scalar': 0.0}","{'gas': {'co': 18172, 'co2': 13279, 'no': 18173, 'no2': 18174, 'o3': 18175}, 'pm': {'pm1': 13254, 'pm10': 13256, 'pm25': 13255}}",1.68,14.56,6.69,3.14,6.53,3.44,722493006,76.3,MOD-00631,14.5,2026-07-05T08:01:04,2026-07-05T01:01:04,https://api.quant-aq.com/v1/devices/MOD-00631/data/722492805
249.08,576.85,"{'lat': None, 'lon': None}","{'rh': 76.4, 'temp': 14.5, 'wd': 0.0, 'ws': 0.0, 'ws_scalar': 0.0}","{'gas': {'co': 18172, 'co2': 13279, 'no': 18173, 'no2': 18174, 'o3': 18175}, 'pm': {'pm1': 13254, 'pm10': 13256, 'pm25': 13255}}",1.68,14.57,6.68,2.62,4.3,3.0,722493004,76.4,MOD-00631,14.5,2026-07-05T08:00:04,2026-07-05T01:00:04,https://api.quant-aq.com/v1/devices/MOD-00631/data/722492802
240.13,582.99,"{'lat': None, 'lon': None}","{'rh': 76.3, 'temp': 14.5, 'wd': 0.0, 'ws': 0.0, 'ws_scalar': 0.0}","{'gas': {'co': 18172, 'co2': 13279, 'no': 18173, 'no2': 18174, 'o3': 18175}, 'pm': {'pm1': 13254, 'pm10': 13256, 'pm25': 13255}}",1.67,18.35,5.49,2.68,5.4,3.01,722490425,76.3,MOD-00631,14.5,2026-07-05T07:59:04,2026-07-05T00:59:04,https://api.quant-aq.com/v1/devices/MOD-00631/data/722490224
249.97,579.98,"{'lat': None, 'lon': None}","{'rh': 76.3, 'temp': 14.5, 'wd': 0.0, 'ws': 0.0, 'ws_scalar': 0.0}","{'gas': {'co': 18172, 'co2': 13279, 'no': 18173, 'no2': 18174, 'o3': 18175}, 'pm': {'pm1': 13254, 'pm10': 13256, 'pm25': 13255}}",1.67,15.82,5.08,2.28,4.44,2.64,722490427,76.3,MOD-00631,14.5,2026-07-05T07:58:04,2026-07-05T00:58:04,https://api.quant-aq.com/v1/devices/MOD-00631/data/722490226
250.38,581.19,"{'lat': None, 'lon': None}","{'rh': 76.3, 'temp': 14.5, 'wd': 0.0, 'ws': 0.0, 'ws_scalar': 0.0}","{'gas': {'co': 18172, 'co2': 13279, 'no': 18173, 'no2': 18174, 'o3': 18175}, 'pm': {'pm1': 13254, 'pm10': 13256, 'pm25': 13255}}",1.67,15.19,7.02,2.89,4.27,3.39,722490424,76.3,MOD-00631,14.5,2026-07-05T07:57:04,2026-07-05T00:57:04,https://api.quant-aq.com/v1/devices/MOD-00631/data/722490223
250.45,579.62,"{'lat': None, 'lon': None}","{'rh': 76.2, 'temp': 14.5, 'wd': 0.0, 'ws': 0.0, 'ws_scalar': 0.0}","{'gas': {'co': 18172, 'co2': 13279, 'no': 18173, 'no2': 18174, 'o3': 18175}, 'pm': {'pm1': 13254, 'pm10': 13256, 'pm25': 13255}}",1.68,14.55,6.7,3.17,5.55,3.7,722490426,76.2,MOD-00631,14.5,2026-07-05T07:56:04,2026-07-05T00:56:04,https://api.quant-aq.com/v1/devices/MOD-00631/data/722490225
241.5,578.9,"{'lat': None, 'lon': None}","{'rh': 76.1, 'temp': 14.5, 'wd': 0.0, 'ws': 0.0, 'ws_scalar': 0.0}","{'gas': {'co': 18172, 'co2': 13279, 'no': 18173, 'no2': 18174, 'o3': 18175}, 'pm': {'pm1': 13254, 'pm10': 13256, 'pm25': 13255}}",1.66,17.06,5.3,2.57,7.46,2.9,722488220,76.1,MOD-00631,14.5,2026-07-05T07:55:04,2026-07-05T00:55:04,https://api.quant-aq.com/v1/devices/MOD-00631/data/722488018
251.34,578.06,"{'lat': None, 'lon': None}","{'rh': 76.1, 'temp': 14.5, 'wd': 0.0, 'ws': 0.0, 'ws_scalar': 0.0}","{'gas': {'co': 18172, 'co2': 13279, 'no': 18173, 'no2': 18174, 'o3': 18175}, 'pm': {'pm1': 13254, 'pm10': 13256, 'pm25': 13255}}",1.68,17.06,6.21,2.43,6.19,2.72,722488216,76.1,MOD-00631,14.5,2026-07-05T07:54:04,2026-07-05T00:54:04,https://api.quant-aq.com/v1/devices/MOD-00631/data/722488016
250.11,577.82,"{'lat': None, 'lon': None}","{'rh': 76.1, 'temp': 14.5, 'wd': 0.0, 'ws': 0.0, 'ws_scalar': 0.0}","{'gas': {'co': 18172, 'co2': 13279, 'no': 18173, 'no2': 18174, 'o3': 18175}, 'pm': {'pm1': 13254, 'pm10': 13256, 'pm25': 13255}}",1.68,15.17,6.58,2.92,6.06,3.18,722488218,76.1,MOD-00631,14.5,2026-07-05T07:53:04,2026-07-05T00:53:04,https://api.quant-aq.com/v1/devices/MOD-00631/data/722488017
252.31,578.42,"{'lat': None, 'lon': None}","{'rh': 75.9, 'temp': 14.5, 'wd': 0.0, 'ws': 0.0, 'ws_scalar': 0.0}","{'gas': {'co': 18172, 'co2': 13279, 'no': 18173, 'no2': 18174, 'o3': 18175}, 'pm': {'pm1': 13254, 'pm10': 13256, 'pm25': 13255}}",1.68,15.78,6.02,2.94,4.16,3.32,722488221,75.9,MOD-00631,14.5,2026-07-05T07:52:04,2026-07-05T00:52:04,https://api.quant-aq.com/v1/devices/MOD-00631/data/722488020
246.56,577.21,"{'lat': None, 'lon': None}","{'rh': 75.9, 'temp': 14.5, 'wd': 0.0, 'ws': 0.0, 'ws_scalar': 0.0}","{'gas': {'co': 18172, 'co2': 13279, 'no': 18173, 'no2': 18174, 'o3': 18175}, 'pm': {'pm1': 13254, 'pm10': 13256, 'pm25': 13255}}",1.68,16.41,5.44,2.75,8.43,3.23,722486019,75.9,MOD-00631,14.5,2026-07-05T07:51:04,2026-07-05T00:51:04,https://api.quant-aq.com/v1/devices/MOD-00631/data/722485818
248.95,576.73,"{'lat': None, 'lon': None}","{'rh': 76.0, 'temp': 14.5, 'wd': 0.0, 'ws': 0.0, 'ws_scalar': 0.0}","{'gas': {'co': 18172, 'co2': 13279, 'no': 18173, 'no2': 18174, 'o3': 18175}, 'pm': {'pm1': 13254, 'pm10': 13256, 'pm25': 13255}}",1.69,16.42,6.8,2.68,5.09,3.15,722486018,76.0,MOD-00631,14.5,2026-07-05T07:50:04,2026-07-05T00:50:04,https://api.quant-aq.com/v1/devices/MOD-00631/data/722485816
249.96,574.56,"{'lat': None, 'lon': None}","{'rh': 75.9, 'temp': 14.6, 'wd': 0.0, 'ws': 0.0, 'ws_scalar': 0.0}","{'gas': {'co': 18172, 'co2': 13279, 'no': 18173, 'no2': 18174, 'o3': 18175}, 'pm': {'pm1': 13254, 'pm10': 13256, 'pm25': 13255}}",1.67,17.6,6.09,2.73,3.87,3.1,722486020,75.9,MOD-00631,14.6,2026-07-05T07:49:04,2026-07-05T00:49:04,https://api.quant-aq.com/v1/devices/MOD-00631/data/722485819
249.13,576.49,"{'lat': None, 'lon': None}","{'rh': 75.9, 'temp': 14.6, 'wd': 0.0, 'ws': 0.0, 'ws_scalar': 0.0}","{'gas': {'co': 18172, 'co2': 13279, 'no': 18173, 'no2': 18174, 'o3': 18175}, 'pm': {'pm1': 13254, 'pm10': 13256, 'pm25': 13255}}",1.66,16.33,6.79,2.95,9.51,3.54,722486017,75.9,MOD-00631,14.6,2026-07-05T07:48:04,2026-07-05T00:48:04,https://api.quant-aq.com/v1/devices/MOD-00631/data/722485817
251.6,575.41,"{'lat': None, 'lon': None}","{'rh': 75.9, 'temp': 14.6, 'wd': 0.0, 'ws': 0.0, 'ws_scalar': 0.0}","{'gas': {'co': 18172, 'co2': 13279, 'no': 18173, 'no2': 18174, 'o3': 18175}, 'pm': {'pm1': 13254, 'pm10': 13256, 'pm25': 13255}}",1.65,15.7,7.37,2.93,3.96,3.51,722483846,75.9,MOD-00631,14.6,2026-07-05T07:47:04,2026-07-05T00:47:04,https://api.quant-aq.com/v1/devices/MOD-00631/data/722483646
247.08,576.25,"{'lat': None, 'lon': None}","{'rh': 75.9, 'temp': 14.6, 'wd': 0.0, 'ws': 0.0, 'ws_scalar': 0.0}","{'gas': {'co': 18172, 'co2': 13279, 'no': 18173, 'no2': 18174, 'o3': 18175}, 'pm': {'pm1': 13254, 'pm10': 13256, 'pm25': 13255}}",1.68,16.97,7.13,2.41,5.48,2.87,722483843,75.9,MOD-00631,14.6,2026-07-05T07:46:04,2026-07-05T00:46:04,https://api.quant-aq.com/v1/devices/MOD-00631/data/722483642
245.51,576.97,"{'lat': None, 'lon': None}","{'rh': 75.8, 'temp': 14.6, 'wd': 0.0, 'ws': 0.0, 'ws_scalar': 0.0}","{'gas': {'co': 18172, 'co2': 13279, 'no': 18173, 'no2': 18174, 'o3': 18175}, 'pm': {'pm1': 13254, 'pm10': 13256, 'pm25': 13255}}",1.67,15.7,6.93,2.61,8.87,2.96,722483848,75.8,MOD-00631,14.6,2026-07-05T07:45:04,2026-07-05T00:45:04,https://api.quant-aq.com/v1/devices/MOD-00631/data/722483645
251.74,576.25,"{'lat': None, 'lon': None}","{'rh': 75.7, 'temp': 14.6, 'wd': 0.0, 'ws': 0.0, 'ws_scalar': 0.0}","{'gas': {'co': 18172, 'co2': 13279, 'no': 18173, 'no2': 18174, 'o3': 18175}, 'pm': {'pm1': 13254, 'pm10': 13256, 'pm25': 13255}}",1.66,15.69,7.39,2.81,5.45,3.03,722483844,75.7,MOD-00631,14.6,2026-07-05T07:44:04,2026-07-05T00:44:04,https://api.quant-aq.com/v1/devices/MOD-00631/data/722483647
248.94,576.73,"{'lat': None, 'lon': None}","{'rh': 75.6, 'temp': 14.6, 'wd': 0.0, 'ws': 0.0, 'ws_scalar': 0.0}","{'gas': {'co': 18172, 'co2': 13279, 'no': 18173, 'no2': 18174, 'o3': 18175}, 'pm': {'pm1': 13254, 'pm10': 13256, 'pm25': 13255}}",1.66,16.94,6.69,2.71,4.62,3.05,722481639,75.6,MOD-00631,14.6,2026-07-05T07:43:04,2026-07-05T00:43:04,https://api.quant-aq.com/v1/devices/MOD-00631/data/722481438
247.3,574.68,"{'lat': None, 'lon': None}","{'rh': 75.6, 'temp': 14.6, 'wd': 0.0, 'ws': 0.0, 'ws_scalar': 0.0}","{'gas': {'co': 18172, 'co2': 13279, 'no': 18173, 'no2': 18174, 'o3': 18175}, 'pm': {'pm1': 13254, 'pm10': 13256, 'pm25': 13255}}",1.67,15.68,7.4,2.69,6.29,3.24,722481642,75.6,MOD-00631,14.6,2026-07-05T07:42:04,2026-07-05T00:42:04,https://api.quant-aq.com/v1/devices/MOD-00631/data/722481442
254.68,576.97,"{'lat': None, 'lon': None}","{'rh': 75.6, 'temp': 14.6, 'wd': 0.0, 'ws': 0.0, 'ws_scalar': 0.0}","{'gas': {'co': 18172, 'co2': 13279, 'no': 18173, 'no2': 18174, 'o3': 18175}, 'pm': {'pm1': 13254, 'pm10': 13256, 'pm25': 13255}}",1.67,16.31,6.82,2.62,4.25,2.96,722481640,75.6,MOD-00631,14.6,2026-07-05T07:41:04,2026-07-05T00:41:04,https://api.quant-aq.com/v1/devices/MOD-00631/data/722481439
251.88,575.05,"{'lat': None, 'lon': None}","{'rh': 75.5, 'temp': 14.6, 'wd': 0.0, 'ws': 0.0, 'ws_scalar': 0.0}","{'gas': {'co': 18172, 'co2': 13279, 'no': 18173, 'no2': 18174, 'o3': 18175}, 'pm': {'pm1': 13254, 'pm10': 13256, 'pm25': 13255}}",1.66,16.93,6.7,2.75,4.34,3.21,722481641,75.5,MOD-00631,14.6,2026-07-05T07:40:04,2026-07-05T00:40:04,https://api.quant-aq.com/v1/devices/MOD-00631/data/722481441
250.58,573.24,"{'lat': None, 'lon': None}","{'rh': 75.6, 'temp': 14.6, 'wd': 0.0, 'ws': 0.0, 'ws_scalar': 0.0}","{'gas': {'co': 18172, 'co2': 13279, 'no': 18173, 'no2': 18174, 'o3': 18175}, 'pm': {'pm1': 13254, 'pm10': 13256, 'pm25': 13255}}",1.99,16.31,7.27,2.62,3.59,2.93,722479424,75.6,MOD-00631,14.6,2026-07-05T07:39:04,2026-07-05T00:39:04,https://api.quant-aq.com/v1/devices/MOD-00631/data/722479222
254.34,577.33,"{'lat': None, 'lon': None}","{'rh': 75.5, 'temp': 14.6, 'wd': 0.0, 'ws': 0.0, 'ws_scalar': 0.0}","{'gas': {'co': 18172, 'co2': 13279, 'no': 18173, 'no2': 18174, 'o3': 18175}, 'pm': {'pm1': 13254, 'pm10': 13256, 'pm25': 13255}}",1.64,18.23,7.37,2.64,7.19,3.02,722479422,75.5,MOD-00631,14.6,2026-07-05T07:38:04,2026-07-05T00:38:04,https://api.quant-aq.com/v1/devices/MOD-00631/data/722479221
258.85,577.09,"{'lat': None, 'lon': None}","{'rh': 75.5, 'temp': 14.6, 'wd': 0.0, 'ws': 0.0, 'ws_scalar': 0.0}","{'gas': {'co': 18172, 'co2': 13279, 'no': 18173, 'no2': 18174, 'o3': 18175}, 'pm': {'pm1': 13254, 'pm10': 13256, 'pm25': 13255}}",1.67,16.93,6.24,2.84,8.09,3.34,722479423,75.5,MOD-00631,14.6,2026-07-05T07:37:04,2026-07-05T00:37:04,https://api.quant-aq.com/v1/devices/MOD-00631/data/722479223
250.24,576.73,"{'lat': None, 'lon': None}","{'rh': 75.5, 'temp': 14.6, 'wd': 0.0, 'ws': 0.0, 'ws_scalar': 0.0}","{'gas': {'co': 18172, 'co2': 13279, 'no': 18173, 'no2': 18174, 'o3': 18175}, 'pm': {'pm1': 13254, 'pm10': 13256, 'pm25': 13255}}",1.66,16.93,7.16,2.54,3.9,2.97,722479421,75.5,MOD-00631,14.6,2026-07-05T07:36:04,2026-07-05T00:36:04,https://api.quant-aq.com/v1/devices/MOD-00631/data/722479220
251.51,576.49,"{'lat': None, 'lon': None}","{'rh': 75.6, 'temp': 14.7, 'wd': 0.0, 'ws': 0.0, 'ws_scalar': 0.0}","{'gas': {'co': 18172, 'co2': 13279, 'no': 18173, 'no2': 18174, 'o3': 18175}, 'pm': {'pm1': 13254, 'pm10': 13256, 'pm25': 13255}}",1.64,17.5,7.47,2.53,8.13,2.88,722477251,75.6,MOD-00631,14.7,2026-07-05T07:35:04,2026-07-05T00:35:04,https://api.quant-aq.com/v1/devices/MOD-00631/data/722477050
254.45,577.7,"{'lat': None, 'lon': None}","{'rh': 75.5, 'temp': 14.7, 'wd': 0.0, 'ws': 0.0, 'ws_scalar': 0.0}","{'gas': {'co': 18172, 'co2': 13279, 'no': 18173, 'no2': 18174, 'o3': 18175}, 'pm': {'pm1': 13254, 'pm10': 13256, 'pm25': 13255}}",1.63,19.5,5.74,2.91,5.59,3.29,722477250,75.5,MOD-00631,14.7,2026-07-05T07:34:04,2026-07-05T00:34:04,https://api.quant-aq.com/v1/devices/MOD-00631/data/722477047
253.7,577.7,"{'lat': None, 'lon': None}","{'rh': 75.4, 'temp': 14.7, 'wd': 0.0, 'ws': 0.0, 'ws_scalar': 0.0}","{'gas': {'co': 18172, 'co2': 13279, 'no': 18173, 'no2': 18174, 'o3': 18175}, 'pm': {'pm1': 13254, 'pm10': 13256, 'pm25': 13255}}",1.65,16.21,7.73,2.73,8.29,3.31,722477252,75.4,MOD-00631,14.7,2026-07-05T07:33:04,2026-07-05T00:33:04,https://api.quant-aq.com/v1/devices/MOD-00631/data/722477051
254.86,578.66,"{'lat': None, 'lon': None}","{'rh': 75.5, 'temp': 14.7, 'wd': 0.0, 'ws': 0.0, 'ws_scalar': 0.0}","{'gas': {'co': 18172, 'co2': 13279, 'no': 18173, 'no2': 18174, 'o3': 18175}, 'pm': {'pm1': 13254, 'pm10': 13256, 'pm25': 13255}}",1.62,16.85,7.15,2.89,4.12,3.27,722477248,75.5,MOD-00631,14.7,2026-07-05T07:32:04,2026-07-05T00:32:04,https://api.quant-aq.com/v1/devices/MOD-00631/data/722477048
254.93,577.33,"{'lat': None, 'lon': None}","{'rh': 75.4, 'temp': 14.7, 'wd': 0.0, 'ws': 0.0, 'ws_scalar': 0.0}","{'gas': {'co': 18172, 'co2': 13279, 'no': 18173, 'no2': 18174, 'o3': 18175}, 'pm': {'pm1': 13254, 'pm10': 13256, 'pm25': 13255}}",1.64,17.49,7.03,2.59,7.84,3.02,722475025,75.4,MOD-00631,14.7,2026-07-05T07:31:04,2026-07-05T00:31:04,https://api.quant-aq.com/v1/devices/MOD-00631/data/722474824
256.16,576.01,"{'lat': None, 'lon': None}","{'rh': 75.4, 'temp': 14.7, 'wd': 0.0, 'ws': 0.0, 'ws_scalar': 0.0}","{'gas': {'co': 18172, 'co2': 13279, 'no': 18173, 'no2': 18174, 'o3': 18175}, 'pm': {'pm1': 13254, 'pm10': 13256, 'pm25': 13255}}",1.65,16.84,6.24,2.53,5.07,2.98,722475024,75.4,MOD-00631,14.7,2026-07-05T07:30:04,2026-07-05T00:30:04,https://api.quant-aq.com/v1/devices/MOD-00631/data/722474823
256.98,572.76,"{'lat': None, 'lon': None}","{'rh': 75.4, 'temp': 14.7, 'wd': 0.0, 'ws': 0.0, 'ws_scalar': 0.0}","{'gas': {'co': 18172, 'co2': 13279, 'no': 18173, 'no2': 18174, 'o3': 18175}, 'pm': {'pm1': 13254, 'pm10': 13256, 'pm25': 13255}}",1.66,17.49,6.57,2.79,4.19,3.19,722475026,75.4,MOD-00631,14.7,2026-07-05T07:29:04,2026-07-05T00:29:04,https://api.quant-aq.com/v1/devices/MOD-00631/data/722474825
260.74,574.68,"{'lat': None, 'lon': None}","{'rh': 75.3, 'temp': 14.7, 'wd': 0.0, 'ws': 0.0, 'ws_scalar': 0.0}","{'gas': {'co': 18172, 'co2': 13279, 'no': 18173, 'no2': 18174, 'o3': 18175}, 'pm': {'pm1': 13254, 'pm10': 13256, 'pm25': 13255}}",1.65,16.84,6.7,2.76,5.3,3.1,722475027,75.3,MOD-00631,14.7,2026-07-05T07:28:04,2026-07-05T00:28:04,https://api.quant-aq.com/v1/devices/MOD-00631/data/722474826
258.69,576.25,"{'lat': None, 'lon': None}","{'rh': 75.3, 'temp': 14.7, 'wd': 0.0, 'ws': 0.0, 'ws_scalar': 0.0}","{'gas': {'co': 18172, 'co2': 13279, 'no': 18173, 'no2': 18174, 'o3': 18175}, 'pm': {'pm1': 13254, 'pm10': 13256, 'pm25': 13255}}",1.65,17.48,7.49,2.42,4.56,2.94,722472872,75.3,MOD-00631,14.7,2026-07-05T07:27:04,2026-07-05T00:27:04,https://api.quant-aq.com/v1/devices/MOD-00631/data/722472671
259.92,577.57,"{'lat': None, 'lon': None}","{'rh': 75.3, 'temp': 14.7, 'wd': 0.0, 'ws': 0.0, 'ws_scalar': 0.0}","{'gas': {'co': 18172, 'co2': 13279, 'no': 18173, 'no2': 18174, 'o3': 18175}, 'pm': {'pm1': 13254, 'pm10': 13256, 'pm25': 13255}}",1.65,17.48,7.95,3.11,5.98,3.55,722472873,75.3,MOD-00631,14.7,2026-07-05T07:26:04,2026-07-05T00:26:04,https://api.quant-aq.com/v1/devices/MOD-00631/data/722472672
257.05,573.72,"{'lat': None, 'lon': None}","{'rh': 75.3, 'temp': 14.7, 'wd': 0.0, 'ws': 0.0, 'ws_scalar': 0.0}","{'gas': {'co': 18172, 'co2': 13279, 'no': 18173, 'no2': 18174, 'o3': 18175}, 'pm': {'pm1': 13254, 'pm10': 13256, 'pm25': 13255}}",1.65,16.84,7.62,2.43,4.82,2.85,722472870,75.3,MOD-00631,14.7,2026-07-05T07:25:04,2026-07-05T00:25:04,https://api.quant-aq.com/v1/devices/MOD-00631/data/722472668
256.3,573.36,"{'lat': None, 'lon': None}","{'rh': 75.2, 'temp': 14.7, 'wd': 0.0, 'ws': 0.0, 'ws_scalar': 0.0}","{'gas': {'co': 18172, 'co2': 13279, 'no': 18173, 'no2': 18174, 'o3': 18175}, 'pm': {'pm1': 13254, 'pm10': 13256, 'pm25': 13255}}",1.65,17.47,7.04,2.65,4.72,3.04,722472871,75.2,MOD-00631,14.7,2026-07-05T07:24:04,2026-07-05T00:24:04,https://api.quant-aq.com/v1/devices/MOD-00631/data/722472670
254.36,572.64,"{'lat': None, 'lon': None}","{'rh': 75.2, 'temp': 14.8, 'wd': 0.0, 'ws': 0.0, 'ws_scalar': 0.0}","{'gas': {'co': 18172, 'co2': 13279, 'no': 18173, 'no2': 18174, 'o3': 18175}, 'pm': {'pm1': 13254, 'pm10': 13256, 'pm25': 13255}}",1.64,16.74,7.61,2.51,5.72,2.91,722470677,75.2,MOD-00631,14.8,2026-07-05T07:23:04,2026-07-05T00:23:04,https://api.quant-aq.com/v1/devices/MOD-00631/data/722470476
267.41,575.17,"{'lat': None, 'lon': None}","{'rh': 75.3, 'temp': 14.8, 'wd': 0.0, 'ws': 0.0, 'ws_scalar': 0.0}","{'gas': {'co': 18172, 'co2': 13279, 'no': 18173, 'no2': 18174, 'o3': 18175}, 'pm': {'pm1': 13254, 'pm10': 13256, 'pm25': 13255}}",1.62,19.42,7.11,2.25,5.54,2.67,722470679,75.3,MOD-00631,14.8,2026-07-05T07:22:04,2026-07-05T00:22:04,https://api.quant-aq.com/v1/devices/MOD-00631/data/722470480
260.24,576.25,"{'lat': None, 'lon': None}","{'rh': 75.0, 'temp': 14.8, 'wd': 0.0, 'ws': 0.0, 'ws_scalar': 0.0}","{'gas': {'co': 18172, 'co2': 13279, 'no': 18173, 'no2': 18174, 'o3': 18175}, 'pm': {'pm1': 13254, 'pm10': 13256, 'pm25': 13255}}",1.62,17.37,6.59,2.6,5.3,2.97,722470678,75.0,MOD-00631,14.8,2026-07-05T07:21:04,2026-07-05T00:21:04,https://api.quant-aq.com/v1/devices/MOD-00631/data/722470477
262.97,576.37,"{'lat': None, 'lon': None}","{'rh': 75.2, 'temp': 14.8, 'wd': 0.0, 'ws': 0.0, 'ws_scalar': 0.0}","{'gas': {'co': 18172, 'co2': 13279, 'no': 18173, 'no2': 18174, 'o3': 18175}, 'pm': {'pm1': 13254, 'pm10': 13256, 'pm25': 13255}}",1.63,17.39,6.12,2.58,6.94,2.91,722470680,75.2,MOD-00631,14.8,2026-07-05T07:20:04,2026-07-05T00:20:04,https://api.quant-aq.com/v1/devices/MOD-00631/data/722470478
264.27,572.88,"{'lat': None, 'lon': None}","{'rh': 75.1, 'temp': 14.8, 'wd': 0.0, 'ws': 0.0, 'ws_scalar': 0.0}","{'gas': {'co': 18172, 'co2': 13279, 'no': 18173, 'no2': 18174, 'o3': 18175}, 'pm': {'pm1': 13254, 'pm10': 13256, 'pm25': 13255}}",1.64,17.38,7.5,2.95,13.78,3.21,722468474,75.1,MOD-00631,14.8,2026-07-05T07:19:04,2026-07-05T00:19:04,https://api.quant-aq.com/v1/devices/MOD-00631/data/722468273
257.3,574.2,"{'lat': None, 'lon': None}","{'rh': 75.1, 'temp': 14.8, 'wd': 0.0, 'ws': 0.0, 'ws_scalar': 0.0}","{'gas': {'co': 18172, 'co2': 13279, 'no': 18173, 'no2': 18174, 'o3': 18175}, 'pm': {'pm1': 13254, 'pm10': 13256, 'pm25': 13255}}",1.63,18.04,6.0,2.62,4.55,3.02,722468471,75.1,MOD-00631,14.8,2026-07-05T07:18:04,2026-07-05T00:18:04,https://api.quant-aq.com/v1/devices/MOD-00631/data/722468271
259.69,576.61,"{'lat': None, 'lon': None}","{'rh': 75.2, 'temp': 14.8, 'wd': 0.0, 'ws': 0.0, 'ws_scalar': 0.0}","{'gas': {'co': 18172, 'co2': 13279, 'no': 18173, 'no2': 18174, 'o3': 18175}, 'pm': {'pm1': 13254, 'pm10': 13256, 'pm25': 13255}}",1.63,19.42,7.57,2.49,4.05,2.77,722468472,75.2,MOD-00631,14.8,2026-07-05T07:17:04,2026-07-05T00:17:04,https://api.quant-aq.com/v1/devices/MOD-00631/data/722468270
265.5,576.85,"{'lat': None, 'lon': None}","{'rh': 75.1, 'temp': 14.8, 'wd': 0.0, 'ws': 0.0, 'ws_scalar': 0.0}","{'gas': {'co': 18172, 'co2': 13279, 'no': 18173, 'no2': 18174, 'o3': 18175}, 'pm': {'pm1': 13254, 'pm10': 13256, 'pm25': 13255}}",1.63,18.04,6.46,2.59,6.85,3.09,722468473,75.1,MOD-00631,14.8,2026-07-05T07:16:04,2026-07-05T00:16:04,https://api.quant-aq.com/v1/devices/MOD-00631/data/722468272
252.31,574.68,"{'lat': None, 'lon': None}","{'rh': 75.2, 'temp': 14.8, 'wd': 0.0, 'ws': 0.0, 'ws_scalar': 0.0}","{'gas': {'co': 18172, 'co2': 13279, 'no': 18173, 'no2': 18174, 'o3': 18175}, 'pm': {'pm1': 13254, 'pm10': 13256, 'pm25': 13255}}",1.64,14.84,7.98,2.77,5.07,3.05,722466242,75.2,MOD-00631,14.8,2026-07-05T07:15:04,2026-07-05T00:15:04,https://api.quant-aq.com/v1/devices/MOD-00631/data/722466041
247.94,577.33,"{'lat': None, 'lon': None}","{'rh': 75.0, 'temp': 14.8, 'wd': 0.0, 'ws': 0.0, 'ws_scalar': 0.0}","{'gas': {'co': 18172, 'co2': 13279, 'no': 18173, 'no2': 18174, 'o3': 18175}, 'pm': {'pm1': 13254, 'pm10': 13256, 'pm25': 13255}}",1.64,14.17,7.66,2.64,6.43,2.93,722466244,75.0,MOD-00631,14.8,2026-07-05T07:14:04,2026-07-05T00:14:04,https://api.quant-aq.com/v1/devices/MOD-00631/data/722466042
266.57,572.88,"{'lat': None, 'lon': None}","{'rh': 74.9, 'temp': 14.9, 'wd': 0.0, 'ws': 0.0, 'ws_scalar': 0.0}","{'gas': {'co': 18172, 'co2': 13279, 'no': 18173, 'no2': 18174, 'o3': 18175}, 'pm': {'pm1': 13254, 'pm10': 13256, 'pm25': 13255}}",1.62,22.01,6.64,2.75,13.03,3.1,722466243,74.9,MOD-00631,14.9,2026-07-05T07:13:04,2026-07-05T00:13:04,https://api.quant-aq.com/v1/devices/MOD-00631/data/722466043
263.36,573.0,"{'lat': None, 'lon': None}","{'rh': 74.8, 'temp': 14.9, 'wd': 0.0, 'ws': 0.0, 'ws_scalar': 0.0}","{'gas': {'co': 18172, 'co2': 13279, 'no': 18173, 'no2': 18174, 'o3': 18175}, 'pm': {'pm1': 13254, 'pm10': 13256, 'pm25': 13255}}",1.63,17.93,6.93,2.56,9.33,2.92,722466245,74.8,MOD-00631,14.9,2026-07-05T07:12:04,2026-07-05T00:12:04,https://api.quant-aq.com/v1/devices/MOD-00631/data/722466044
258.51,571.67,"{'lat': None, 'lon': None}","{'rh': 74.7, 'temp': 14.9, 'wd': 0.0, 'ws': 0.0, 'ws_scalar': 0.0}","{'gas': {'co': 18172, 'co2': 13279, 'no': 18173, 'no2': 18174, 'o3': 18175}, 'pm': {'pm1': 13254, 'pm10': 13256, 'pm25': 13255}}",1.62,19.31,6.23,2.52,8.03,2.83,722464087,74.7,MOD-00631,14.9,2026-07-05T07:11:04,2026-07-05T00:11:04,https://api.quant-aq.com/v1/devices/MOD-00631/data/722463886
255.3,572.64,"{'lat': None, 'lon': None}","{'rh': 74.6, 'temp': 14.9, 'wd': 0.0, 'ws': 0.0, 'ws_scalar': 0.0}","{'gas': {'co': 18172, 'co2': 13279, 'no': 18173, 'no2': 18174, 'o3': 18175}, 'pm': {'pm1': 13254, 'pm10': 13256, 'pm25': 13255}}",1.63,18.59,7.73,2.87,4.25,3.29,722464089,74.6,MOD-00631,14.9,2026-07-05T07:10:04,2026-07-05T00:10:04,https://api.quant-aq.com/v1/devices/MOD-00631/data/722463888
265.97,574.56,"{'lat': None, 'lon': None}","{'rh': 74.6, 'temp': 14.9, 'wd': 0.0, 'ws': 0.0, 'ws_scalar': 0.0}","{'gas': {'co': 18172, 'co2': 13279, 'no': 18173, 'no2': 18174, 'o3': 18175}, 'pm': {'pm1': 13254, 'pm10': 13256, 'pm25': 13255}}",1.63,15.95,7.77,2.85,13.12,3.3,722464086,74.6,MOD-00631,14.9,2026-07-05T07:09:04,2026-07-05T00:09:04,https://api.quant-aq.com/v1/devices/MOD-00631/data/722463885
259.81,574.44,"{'lat': None, 'lon': None}","{'rh': 74.6, 'temp': 14.9, 'wd': 0.0, 'ws': 0.0, 'ws_scalar': 0.0}","{'gas': {'co': 18172, 'co2': 13279, 'no': 18173, 'no2': 18174, 'o3': 18175}, 'pm': {'pm1': 13254, 'pm10': 13256, 'pm25': 13255}}",1.63,20.02,7.03,2.66,14.13,2.97,722464088,74.6,MOD-00631,14.9,2026-07-05T07:08:04,2026-07-05T00:08:04,https://api.quant-aq.com/v1/devices/MOD-00631/data/722463887
267.13,575.41,"{'lat': None, 'lon': None}","{'rh': 74.7, 'temp': 14.9, 'wd': 0.0, 'ws': 0.0, 'ws_scalar': 0.0}","{'gas': {'co': 18172, 'co2': 13279, 'no': 18173, 'no2': 18174, 'o3': 18175}, 'pm': {'pm1': 13254, 'pm10': 13256, 'pm25': 13255}}",1.62,18.6,7.27,2.68,5.39,3.05,722461872,74.7,MOD-00631,14.9,2026-07-05T07:07:04,2026-07-05T00:07:04,https://api.quant-aq.com/v1/devices/MOD-00631/data/722461671
258.1,574.44,"{'lat': None, 'lon': None}","{'rh': 74.7, 'temp': 14.9, 'wd': 0.0, 'ws': 0.0, 'ws_scalar': 0.0}","{'gas': {'co': 18172, 'co2': 13279, 'no': 18173, 'no2': 18174, 'o3': 18175}, 'pm': {'pm1': 13254, 'pm10': 13256, 'pm25': 13255}}",1.61,17.25,7.97,2.71,5.37,3.1,722461873,74.7,MOD-00631,14.9,2026-07-05T07:06:04,2026-07-05T00:06:04,https://api.quant-aq.com/v1/devices/MOD-00631/data/722461672
255.41,576.49,"{'lat': None, 'lon': None}","{'rh': 74.6, 'temp': 15.0, 'wd': 0.0, 'ws': 0.0, 'ws_scalar': 0.0}","{'gas': {'co': 18172, 'co2': 13279, 'no': 18173, 'no2': 18174, 'o3': 18175}, 'pm': {'pm1': 13254, 'pm10': 13256, 'pm25': 13255}}",1.6,19.21,6.68,2.8,6.91,3.32,722461871,74.6,MOD-00631,15.0,2026-07-05T07:05:04,2026-07-05T00:05:04,https://api.quant-aq.com/v1/devices/MOD-00631/data/722461669
259.17,575.17,"{'lat': None, 'lon': None}","{'rh': 74.5, 'temp': 15.0, 'wd': 0.0, 'ws': 0.0, 'ws_scalar': 0.0}","{'gas': {'co': 18172, 'co2': 13279, 'no': 18173, 'no2': 18174, 'o3': 18175}, 'pm': {'pm1': 13254, 'pm10': 13256, 'pm25': 13255}}",1.61,17.8,6.94,2.57,7.53,2.97,722461870,74.5,MOD-00631,15.0,2026-07-05T07:04:04,2026-07-05T00:04:04,https://api.quant-aq.com/v1/devices/MOD-00631/data/722461670
265.33,574.32,"{'lat': None, 'lon': None}","{'rh': 74.5, 'temp': 15.0, 'wd': 0.0, 'ws': 0.0, 'ws_scalar': 0.0}","{'gas': {'co': 18172, 'co2': 13279, 'no': 18173, 'no2': 18174, 'o3': 18175}, 'pm': {'pm1': 13254, 'pm10': 13256, 'pm25': 13255}}",1.61,18.49,6.81,2.46,5.25,2.89,722459668,74.5,MOD-00631,15.0,2026-07-05T07:03:04,2026-07-05T00:03:04,https://api.quant-aq.com/v1/devices/MOD-00631/data/722459467
269.77,574.32,"{'lat': None, 'lon': None}","{'rh': 74.6, 'temp': 15.0, 'wd': 0.0, 'ws': 0.0, 'ws_scalar': 0.0}","{'gas': {'co': 18172, 'co2': 13279, 'no': 18173, 'no2': 18174, 'o3': 18175}, 'pm': {'pm1': 13254, 'pm10': 13256, 'pm25': 13255}}",1.6,16.5,8.09,2.45,4.82,2.91,722459666,74.6,MOD-00631,15.0,2026-07-05T07:02:04,2026-07-05T00:02:04,https://api.quant-aq.com/v1/devices/MOD-00631/data/722459465
252.81,572.64,"{'lat': None, 'lon': None}","{'rh': 74.8, 'temp': 15.0, 'wd': 0.0, 'ws': 0.0, 'ws_scalar': 0.0}","{'gas': {'co': 18172, 'co2': 13279, 'no': 18173, 'no2': 18174, 'o3': 18175}, 'pm': {'pm1': 13254, 'pm10': 13256, 'pm25': 13255}}",1.62,20.66,6.42,2.74,8.86,2.99,722459667,74.8,MOD-00631,15.0,2026-07-05T07:01:04,2026-07-05T00:01:04,https://api.quant-aq.com/v1/devices/MOD-00631/data/722459466
263.21,572.03,"{'lat': None, 'lon': None}","{'rh': 74.6, 'temp': 15.0, 'wd': 0.0, 'ws': 0.0, 'ws_scalar': 0.0}","{'gas': {'co': 18172, 'co2': 13279, 'no': 18173, 'no2': 18174, 'o3': 18175}, 'pm': {'pm1': 13254, 'pm10': 13256, 'pm25': 13255}}",1.61,18.5,7.26,2.62,4.47,2.81,722459669,74.6,MOD-00631,15.0,2026-07-05T07:00:04,2026-07-05T00:00:04,https://api.quant-aq.com/v1/devices/MOD-00631/data/722459468
263.58,570.11,"{'lat': None, 'lon': None}","{'rh': 74.8, 'temp': 15.1, 'wd': 0.0, 'ws': 0.0, 'ws_scalar': 0.0}","{'gas': {'co': 18172, 'co2': 13279, 'no': 18173, 'no2': 18174, 'o3': 18175}, 'pm': {'pm1': 13254, 'pm10': 13256, 'pm25': 13255}}",1.57,19.13,7.11,2.48,5.09,2.83,722457493,74.8,MOD-00631,15.1,2026-07-05T06:59:04,2026-07-04T23:59:04,https://api.quant-aq.com/v1/devices/MOD-00631/data/722457292
257.77,573.48,"{'lat': None, 'lon': None}","{'rh': 74.9, 'temp': 15.1, 'wd': 0.0, 'ws': 0.0, 'ws_scalar': 0.0}","{'gas': {'co': 18172, 'co2': 13279, 'no': 18173, 'no2': 18174, 'o3': 18175}, 'pm': {'pm1': 13254, 'pm10': 13256, 'pm25': 13255}}",1.59,19.86,6.53,2.83,9.09,3.24,722457492,74.9,MOD-00631,15.1,2026-07-05T06:58:04,2026-07-04T23:58:04,https://api.quant-aq.com/v1/devices/MOD-00631/data/722457291
267.21,572.4,"{'lat': None, 'lon': None}","{'rh': 74.9, 'temp': 15.1, 'wd': 0.0, 'ws': 0.0, 'ws_scalar': 0.0}","{'gas': {'co': 18172, 'co2': 13279, 'no': 18173, 'no2': 18174, 'o3': 18175}, 'pm': {'pm1': 13254, 'pm10': 13256, 'pm25': 13255}}",1.58,17.75,7.35,2.77,5.79,3.18,722457494,74.9,MOD-00631,15.1,2026-07-05T06:57:04,2026-07-04T23:57:04,https://api.quant-aq.com/v1/devices/MOD-00631/data/722457293
262.28,571.91,"{'lat': None, 'lon': None}","{'rh': 74.9, 'temp': 15.1, 'wd': 0.0, 'ws': 0.0, 'ws_scalar': 0.0}","{'gas': {'co': 18172, 'co2': 13279, 'no': 18173, 'no2': 18174, 'o3': 18175}, 'pm': {'pm1': 13254, 'pm10': 13256, 'pm25': 13255}}",1.57,21.29,7.65,2.66,4.34,2.94,722457491,74.9,MOD-00631,15.1,2026-07-05T06:56:04,2026-07-04T23:56:04,https://api.quant-aq.com/v1/devices/MOD-00631/data/722457290
262.28,564.81,"{'lat': None, 'lon': None}","{'rh': 74.9, 'temp': 15.1, 'wd': 0.0, 'ws': 0.0, 'ws_scalar': 0.0}","{'gas': {'co': 18172, 'co2': 13279, 'no': 18173, 'no2': 18174, 'o3': 18175}, 'pm': {'pm1': 13254, 'pm10': 13256, 'pm25': 13255}}",1.59,20.58,6.4,2.5,4.12,2.89,722455265,74.9,MOD-00631,15.1,2026-07-05T06:55:04,2026-07-04T23:55:04,https://api.quant-aq.com/v1/devices/MOD-00631/data/722455065
263.92,576.49,"{'lat': None, 'lon': None}","{'rh': 74.9, 'temp': 15.1, 'wd': 0.0, 'ws': 0.0, 'ws_scalar': 0.0}","{'gas': {'co': 18172, 'co2': 13279, 'no': 18173, 'no2': 18174, 'o3': 18175}, 'pm': {'pm1': 13254, 'pm10': 13256, 'pm25': 13255}}",1.58,20.58,6.4,2.4,9.2,2.82,722455266,74.9,MOD-00631,15.1,2026-07-05T06:54:04,2026-07-04T23:54:04,https://api.quant-aq.com/v1/devices/MOD-00631/data/722455064
257.43,574.32,"{'lat': None, 'lon': None}","{'rh': 74.8, 'temp': 15.1, 'wd': 0.0, 'ws': 0.0, 'ws_scalar': 0.0}","{'gas': {'co': 18172, 'co2': 13279, 'no': 18173, 'no2': 18174, 'o3': 18175}, 'pm': {'pm1': 13254, 'pm10': 13256, 'pm25': 13255}}",1.59,17.74,7.36,2.62,4.73,3.06,722455263,74.8,MOD-00631,15.1,2026-07-05T06:53:04,2026-07-04T23:53:04,https://api.quant-aq.com/v1/devices/MOD-00631/data/722455063
271.15,575.77,"{'lat': None, 'lon': None}","{'rh': 74.7, 'temp': 15.2, 'wd': 0.0, 'ws': 0.0, 'ws_scalar': 0.0}","{'gas': {'co': 18172, 'co2': 13279, 'no': 18173, 'no2': 18174, 'o3': 18175}, 'pm': {'pm1': 13254, 'pm10': 13256, 'pm25': 13255}}",1.57,19.75,6.07,2.77,4.22,3.1,722455264,74.7,MOD-00631,15.2,2026-07-05T06:52:04,2026-07-04T23:52:04,https://api.quant-aq.com/v1/devices/MOD-00631/data/722455062
277.23,576.25,"{'lat': None, 'lon': None}","{'rh': 74.8, 'temp': 15.2, 'wd': 0.0, 'ws': 0.0, 'ws_scalar': 0.0}","{'gas': {'co': 18172, 'co2': 13279, 'no': 18173, 'no2': 18174, 'o3': 18175}, 'pm': {'pm1': 13254, 'pm10': 13256, 'pm25': 13255}}",1.55,19.76,6.52,2.42,8.92,2.83,722453083,74.8,MOD-00631,15.2,2026-07-05T06:51:04,2026-07-04T23:51:04,https://api.quant-aq.com/v1/devices/MOD-00631/data/722452882
295.27,573.72,"{'lat': None, 'lon': None}","{'rh': 74.8, 'temp': 15.2, 'wd': 0.0, 'ws': 0.0, 'ws_scalar': 0.0}","{'gas': {'co': 18172, 'co2': 13279, 'no': 18173, 'no2': 18174, 'o3': 18175}, 'pm': {'pm1': 13254, 'pm10': 13256, 'pm25': 13255}}",1.56,20.5,7.77,2.69,5.98,3.13,722453086,74.8,MOD-00631,15.2,2026-07-05T06:50:04,2026-07-04T23:50:04,https://api.quant-aq.com/v1/devices/MOD-00631/data/722452885
272.58,573.48,"{'lat': None, 'lon': None}","{'rh': 75.0, 'temp': 15.2, 'wd': 0.0, 'ws': 0.0, 'ws_scalar': 0.0}","{'gas': {'co': 18172, 'co2': 13279, 'no': 18173, 'no2': 18174, 'o3': 18175}, 'pm': {'pm1': 13254, 'pm10': 13256, 'pm25': 13255}}",1.56,20.5,6.84,2.32,5.67,2.58,722453084,75.0,MOD-00631,15.2,2026-07-05T06:49:04,2026-07-04T23:49:04,https://api.quant-aq.com/v1/devices/MOD-00631/data/722452884
261.16,569.5,"{'lat': None, 'lon': None}","{'rh': 74.9, 'temp': 15.2, 'wd': 0.0, 'ws': 0.0, 'ws_scalar': 0.0}","{'gas': {'co': 18172, 'co2': 13279, 'no': 18173, 'no2': 18174, 'o3': 18175}, 'pm': {'pm1': 13254, 'pm10': 13256, 'pm25': 13255}}",1.58,20.5,6.85,2.54,7.26,2.79,722453085,74.9,MOD-00631,15.2,2026-07-05T06:48:04,2026-07-04T23:48:04,https://api.quant-aq.com/v1/devices/MOD-00631/data/722452883
262.39,570.35,"{'lat': None, 'lon': None}","{'rh': 74.9, 'temp': 15.2, 'wd': 0.0, 'ws': 0.0, 'ws_scalar': 0.0}","{'gas': {'co': 18172, 'co2': 13279, 'no': 18173, 'no2': 18174, 'o3': 18175}, 'pm': {'pm1': 13254, 'pm10': 13256, 'pm25': 13255}}",1.58,21.89,7.51,2.43,4.65,2.81,722450908,74.9,MOD-00631,15.2,2026-07-05T06:47:04,2026-07-04T23:47:04,https://api.quant-aq.com/v1/devices/MOD-00631/data/722450707
264.03,571.43,"{'lat': None, 'lon': None}","{'rh': 74.9, 'temp': 15.2, 'wd': 0.0, 'ws': 0.0, 'ws_scalar': 0.0}","{'gas': {'co': 18172, 'co2': 13279, 'no': 18173, 'no2': 18174, 'o3': 18175}, 'pm': {'pm1': 13254, 'pm10': 13256, 'pm25': 13255}}",1.56,21.89,7.06,2.75,5.15,3.11,722450907,74.9,MOD-00631,15.2,2026-07-05T06:46:04,2026-07-04T23:46:04,https://api.quant-aq.com/v1/devices/MOD-00631/data/722450706
262.58,572.76,"{'lat': None, 'lon': None}","{'rh': 74.8, 'temp': 15.3, 'wd': 0.0, 'ws': 0.0, 'ws_scalar': 0.0}","{'gas': {'co': 18172, 'co2': 13279, 'no': 18173, 'no2': 18174, 'o3': 18175}, 'pm': {'pm1': 13254, 'pm10': 13256, 'pm25': 13255}}",1.56,20.41,8.21,3.02,9.75,3.46,722450906,74.8,MOD-00631,15.3,2026-07-05T06:45:04,2026-07-04T23:45:04,https://api.quant-aq.com/v1/devices/MOD-00631/data/722450705
269.21,571.79,"{'lat': None, 'lon': None}","{'rh': 74.7, 'temp': 15.3, 'wd': 0.0, 'ws': 0.0, 'ws_scalar': 0.0}","{'gas': {'co': 18172, 'co2': 13279, 'no': 18173, 'no2': 18174, 'o3': 18175}, 'pm': {'pm1': 13254, 'pm10': 13256, 'pm25': 13255}}",1.56,20.4,6.39,2.51,4.29,2.88,722450905,74.7,MOD-00631,15.3,2026-07-05T06:44:04,2026-07-04T23:44:04,https://api.quant-aq.com/v1/devices/MOD-00631/data/722450704
269.96,573.24,"{'lat': None, 'lon': None}","{'rh': 74.8, 'temp': 15.3, 'wd': 0.0, 'ws': 0.0, 'ws_scalar': 0.0}","{'gas': {'co': 18172, 'co2': 13279, 'no': 18173, 'no2': 18174, 'o3': 18175}, 'pm': {'pm1': 13254, 'pm10': 13256, 'pm25': 13255}}",1.55,16.25,8.95,2.68,6.15,3.07,722448663,74.8,MOD-00631,15.3,2026-07-05T06:43:04,2026-07-04T23:43:04,https://api.quant-aq.com/v1/devices/MOD-00631/data/722448462
258.88,573.96,"{'lat': None, 'lon': None}","{'rh': 74.8, 'temp': 15.3, 'wd': 0.0, 'ws': 0.0, 'ws_scalar': 0.0}","{'gas': {'co': 18172, 'co2': 13279, 'no': 18173, 'no2': 18174, 'o3': 18175}, 'pm': {'pm1': 13254, 'pm10': 13256, 'pm25': 13255}}",1.56,23.05,6.35,2.47,5.55,2.8,722448664,74.8,MOD-00631,15.3,2026-07-05T06:42:04,2026-07-04T23:42:04,https://api.quant-aq.com/v1/devices/MOD-00631/data/722448463
266.14,573.96,"{'lat': None, 'lon': None}","{'rh': 74.4, 'temp': 15.3, 'wd': 0.0, 'ws': 0.0, 'ws_scalar': 0.0}","{'gas': {'co': 18172, 'co2': 13279, 'no': 18173, 'no2': 18174, 'o3': 18175}, 'pm': {'pm1': 13254, 'pm10': 13256, 'pm25': 13255}}",1.55,19.63,6.08,2.36,6.19,2.78,722448665,74.4,MOD-00631,15.3,2026-07-05T06:41:04,2026-07-04T23:41:04,https://api.quant-aq.com/v1/devices/MOD-00631/data/722448464
273.04,570.71,"{'lat': None, 'lon': None}","{'rh': 74.5, 'temp': 15.3, 'wd': 0.0, 'ws': 0.0, 'ws_scalar': 0.0}","{'gas': {'co': 18172, 'co2': 13279, 'no': 18173, 'no2': 18174, 'o3': 18175}, 'pm': {'pm1': 13254, 'pm10': 13256, 'pm25': 13255}}",1.55,22.5,6.04,2.77,5.81,3.19,722448662,74.5,MOD-00631,15.3,2026-07-05T06:40:04,2026-07-04T23:40:04,https://api.quant-aq.com/v1/devices/MOD-00631/data/722448461
266.66,573.72,"{'lat': None, 'lon': None}","{'rh': 74.4, 'temp': 15.4, 'wd': 0.0, 'ws': 0.0, 'ws_scalar': 0.0}","{'gas': {'co': 18172, 'co2': 13279, 'no': 18173, 'no2': 18174, 'o3': 18175}, 'pm': {'pm1': 13254, 'pm10': 13256, 'pm25': 13255}}",1.53,21.05,7.19,2.97,7.62,3.24,722446480,74.4,MOD-00631,15.4,2026-07-05T06:39:04,2026-07-04T23:39:04,https://api.quant-aq.com/v1/devices/MOD-00631/data/722446279
267.48,571.55,"{'lat': None, 'lon': None}","{'rh': 74.4, 'temp': 15.4, 'wd': 0.0, 'ws': 0.0, 'ws_scalar': 0.0}","{'gas': {'co': 18172, 'co2': 13279, 'no': 18173, 'no2': 18174, 'o3': 18175}, 'pm': {'pm1': 13254, 'pm10': 13256, 'pm25': 13255}}",1.53,23.07,5.45,2.87,4.52,3.27,722446482,74.4,MOD-00631,15.4,2026-07-05T06:38:04,2026-07-04T23:38:04,https://api.quant-aq.com/v1/devices/MOD-00631/data/722446280
267.07,571.19,"{'lat': None, 'lon': None}","{'rh': 74.4, 'temp': 15.4, 'wd': 0.0, 'ws': 0.0, 'ws_scalar': 0.0}","{'gas': {'co': 18172, 'co2': 13279, 'no': 18173, 'no2': 18174, 'o3': 18175}, 'pm': {'pm1': 13254, 'pm10': 13256, 'pm25': 13255}}",1.54,21.79,7.98,3.01,6.29,3.62,722446481,74.4,MOD-00631,15.4,2026-07-05T06:37:04,2026-07-04T23:37:04,https://api.quant-aq.com/v1/devices/MOD-00631/data/722446281
262.63,571.55,"{'lat': None, 'lon': None}","{'rh': 74.3, 'temp': 15.4, 'wd': 0.0, 'ws': 0.0, 'ws_scalar': 0.0}","{'gas': {'co': 18172, 'co2': 13279, 'no': 18173, 'no2': 18174, 'o3': 18175}, 'pm': {'pm1': 13254, 'pm10': 13256, 'pm25': 13255}}",1.53,21.79,7.08,2.99,6.07,3.33,722446483,74.3,MOD-00631,15.4,2026-07-05T06:36:04,2026-07-04T23:36:04,https://api.quant-aq.com/v1/devices/MOD-00631/data/722446282
265.98,570.71,"{'lat': None, 'lon': None}","{'rh': 74.2, 'temp': 15.4, 'wd': 0.0, 'ws': 0.0, 'ws_scalar': 0.0}","{'gas': {'co': 18172, 'co2': 13279, 'no': 18173, 'no2': 18174, 'o3': 18175}, 'pm': {'pm1': 13254, 'pm10': 13256, 'pm25': 13255}}",1.54,21.79,6.63,2.61,4.38,3.0,722444292,74.2,MOD-00631,15.4,2026-07-05T06:35:04,2026-07-04T23:35:04,https://api.quant-aq.com/v1/devices/MOD-00631/data/722444091
270.26,569.75,"{'lat': None, 'lon': None}","{'rh': 74.1, 'temp': 15.5, 'wd': 0.0, 'ws': 0.0, 'ws_scalar': 0.0}","{'gas': {'co': 18172, 'co2': 13279, 'no': 18173, 'no2': 18174, 'o3': 18175}, 'pm': {'pm1': 13254, 'pm10': 13256, 'pm25': 13255}}",1.52,20.95,7.2,2.66,3.87,2.98,722444290,74.1,MOD-00631,15.5,2026-07-05T06:34:04,2026-07-04T23:34:04,https://api.quant-aq.com/v1/devices/MOD-00631/data/722444089
272.72,571.91,"{'lat': None, 'lon': None}","{'rh': 74.1, 'temp': 15.5, 'wd': 0.0, 'ws': 0.0, 'ws_scalar': 0.0}","{'gas': {'co': 18172, 'co2': 13279, 'no': 18173, 'no2': 18174, 'o3': 18175}, 'pm': {'pm1': 13254, 'pm10': 13256, 'pm25': 13255}}",1.5,20.16,9.15,3.14,5.65,3.57,722444291,74.1,MOD-00631,15.5,2026-07-05T06:33:04,2026-07-04T23:33:04,https://api.quant-aq.com/v1/devices/MOD-00631/data/722444090
267.19,569.5,"{'lat': None, 'lon': None}","{'rh': 73.8, 'temp': 15.5, 'wd': 0.0, 'ws': 0.0, 'ws_scalar': 0.0}","{'gas': {'co': 18172, 'co2': 13279, 'no': 18173, 'no2': 18174, 'o3': 18175}, 'pm': {'pm1': 13254, 'pm10': 13256, 'pm25': 13255}}",1.52,20.94,6.77,2.82,5.74,3.3,722444293,73.8,MOD-00631,15.5,2026-07-05T06:32:04,2026-07-04T23:32:04,https://api.quant-aq.com/v1/devices/MOD-00631/data/722444092
256.53,570.11,"{'lat': None, 'lon': None}","{'rh': 73.8, 'temp': 15.5, 'wd': 0.0, 'ws': 0.0, 'ws_scalar': 0.0}","{'gas': {'co': 18172, 'co2': 13279, 'no': 18173, 'no2': 18174, 'o3': 18175}, 'pm': {'pm1': 13254, 'pm10': 13256, 'pm25': 13255}}",1.53,23.67,7.19,3.06,3.95,3.46,722442126,73.8,MOD-00631,15.5,2026-07-05T06:31:04,2026-07-04T23:31:04,https://api.quant-aq.com/v1/devices/MOD-00631/data/722441925
267.33,565.29,"{'lat': None, 'lon': None}","{'rh': 73.6, 'temp': 15.5, 'wd': 0.0, 'ws': 0.0, 'ws_scalar': 0.0}","{'gas': {'co': 18172, 'co2': 13279, 'no': 18173, 'no2': 18174, 'o3': 18175}, 'pm': {'pm1': 13254, 'pm10': 13256, 'pm25': 13255}}",1.53,21.71,7.57,3.04,8.71,3.42,722442124,73.6,MOD-00631,15.5,2026-07-05T06:30:04,2026-07-04T23:30:04,https://api.quant-aq.com/v1/devices/MOD-00631/data/722441923
267.26,567.58,"{'lat': None, 'lon': None}","{'rh': 73.7, 'temp': 15.5, 'wd': 0.0, 'ws': 0.0, 'ws_scalar': 0.0}","{'gas': {'co': 18172, 'co2': 13279, 'no': 18173, 'no2': 18174, 'o3': 18175}, 'pm': {'pm1': 13254, 'pm10': 13256, 'pm25': 13255}}",1.52,20.93,7.23,2.66,6.58,3.02,722442125,73.7,MOD-00631,15.5,2026-07-05T06:29:04,2026-07-04T23:29:04,https://api.quant-aq.com/v1/devices/MOD-00631/data/722441924
269.49,567.46,"{'lat': None, 'lon': None}","{'rh': 73.6, 'temp': 15.6, 'wd': 0.0, 'ws': 0.0, 'ws_scalar': 0.0}","{'gas': {'co': 18172, 'co2': 13279, 'no': 18173, 'no2': 18174, 'o3': 18175}, 'pm': {'pm1': 13254, 'pm10': 13256, 'pm25': 13255}}",1.51,23.66,6.74,3.08,3.71,3.41,722442123,73.6,MOD-00631,15.6,2026-07-05T06:28:04,2026-07-04T23:28:04,https://api.quant-aq.com/v1/devices/MOD-00631/data/722441922
268.81,566.98,"{'lat': None, 'lon': None}","{'rh': 73.4, 'temp': 15.6, 'wd': 0.0, 'ws': 0.0, 'ws_scalar': 0.0}","{'gas': {'co': 18172, 'co2': 13279, 'no': 18173, 'no2': 18174, 'o3': 18175}, 'pm': {'pm1': 13254, 'pm10': 13256, 'pm25': 13255}}",1.5,21.61,7.58,2.69,7.58,3.09,722439896,73.4,MOD-00631,15.6,2026-07-05T06:27:04,2026-07-04T23:27:04,https://api.quant-aq.com/v1/devices/MOD-00631/data/722439696
266.08,567.34,"{'lat': None, 'lon': None}","{'rh': 73.2, 'temp': 15.6, 'wd': 0.0, 'ws': 0.0, 'ws_scalar': 0.0}","{'gas': {'co': 18172, 'co2': 13279, 'no': 18173, 'no2': 18174, 'o3': 18175}, 'pm': {'pm1': 13254, 'pm10': 13256, 'pm25': 13255}}",1.51,21.6,7.59,2.53,5.81,2.95,722439898,73.2,MOD-00631,15.6,2026-07-05T06:26:04,2026-07-04T23:26:04,https://api.quant-aq.com/v1/devices/MOD-00631/data/722439697
265.19,565.29,"{'lat': None, 'lon': None}","{'rh': 73.3, 'temp': 15.6, 'wd': 0.0, 'ws': 0.0, 'ws_scalar': 0.0}","{'gas': {'co': 18172, 'co2': 13279, 'no': 18173, 'no2': 18174, 'o3': 18175}, 'pm': {'pm1': 13254, 'pm10': 13256, 'pm25': 13255}}",1.52,20.79,6.79,2.77,4.85,3.04,722439899,73.3,MOD-00631,15.6,2026-07-05T06:25:04,2026-07-04T23:25:04,https://api.quant-aq.com/v1/devices/MOD-00631/data/722439698
269.02,570.11,"{'lat': None, 'lon': None}","{'rh': 73.1, 'temp': 15.6, 'wd': 0.0, 'ws': 0.0, 'ws_scalar': 0.0}","{'gas': {'co': 18172, 'co2': 13279, 'no': 18173, 'no2': 18174, 'o3': 18175}, 'pm': {'pm1': 13254, 'pm10': 13256, 'pm25': 13255}}",1.51,22.38,6.56,2.81,8.73,3.12,722439897,73.1,MOD-00631,15.6,2026-07-05T06:24:04,2026-07-04T23:24:04,https://api.quant-aq.com/v1/devices/MOD-00631/data/722439695
267.49,569.26,"{'lat': None, 'lon': None}","{'rh': 73.1, 'temp': 15.7, 'wd': 0.0, 'ws': 0.0, 'ws_scalar': 0.0}","{'gas': {'co': 18172, 'co2': 13279, 'no': 18173, 'no2': 18174, 'o3': 18175}, 'pm': {'pm1': 13254, 'pm10': 13256, 'pm25': 13255}}",1.5,20.63,7.25,2.65,4.34,3.07,722437733,73.1,MOD-00631,15.7,2026-07-05T06:23:04,2026-07-04T23:23:04,https://api.quant-aq.com/v1/devices/MOD-00631/data/722437532
269.21,569.63,"{'lat': None, 'lon': None}","{'rh': 73.0, 'temp': 15.7, 'wd': 0.0, 'ws': 0.0, 'ws_scalar': 0.0}","{'gas': {'co': 18172, 'co2': 13279, 'no': 18173, 'no2': 18174, 'o3': 18175}, 'pm': {'pm1': 13254, 'pm10': 13256, 'pm25': 13255}}",1.5,20.62,8.63,2.65,6.82,2.99,722437730,73.0,MOD-00631,15.7,2026-07-05T06:22:04,2026-07-04T23:22:04,https://api.quant-aq.com/v1/devices/MOD-00631/data/722437529
260.18,569.63,"{'lat': None, 'lon': None}","{'rh': 73.0, 'temp': 15.7, 'wd': 0.0, 'ws': 0.0, 'ws_scalar': 0.0}","{'gas': {'co': 18172, 'co2': 13279, 'no': 18173, 'no2': 18174, 'o3': 18175}, 'pm': {'pm1': 13254, 'pm10': 13256, 'pm25': 13255}}",1.49,22.28,7.93,2.81,6.76,3.09,722437732,73.0,MOD-00631,15.7,2026-07-05T06:21:04,2026-07-04T23:21:04,https://api.quant-aq.com/v1/devices/MOD-00631/data/722437531
272.56,565.89,"{'lat': None, 'lon': None}","{'rh': 72.9, 'temp': 15.7, 'wd': 0.0, 'ws': 0.0, 'ws_scalar': 0.0}","{'gas': {'co': 18172, 'co2': 13279, 'no': 18173, 'no2': 18174, 'o3': 18175}, 'pm': {'pm1': 13254, 'pm10': 13256, 'pm25': 13255}}",1.49,23.02,7.35,2.8,10.24,3.22,722437731,72.9,MOD-00631,15.7,2026-07-05T06:20:04,2026-07-04T23:20:04,https://api.quant-aq.com/v1/devices/MOD-00631/data/722437530
261.14,564.45,"{'lat': None, 'lon': None}","{'rh': 72.8, 'temp': 15.7, 'wd': 0.0, 'ws': 0.0, 'ws_scalar': 0.0}","{'gas': {'co': 18172, 'co2': 13279, 'no': 18173, 'no2': 18174, 'o3': 18175}, 'pm': {'pm1': 13254, 'pm10': 13256, 'pm25': 13255}}",1.51,18.18,9.01,2.89,4.44,3.28,722435526,72.8,MOD-00631,15.7,2026-07-05T06:19:04,2026-07-04T23:19:04,https://api.quant-aq.com/v1/devices/MOD-00631/data/722435325
275.57,570.23,"{'lat': None, 'lon': None}","{'rh': 72.7, 'temp': 15.7, 'wd': 0.0, 'ws': 0.0, 'ws_scalar': 0.0}","{'gas': {'co': 18172, 'co2': 13279, 'no': 18173, 'no2': 18174, 'o3': 18175}, 'pm': {'pm1': 13254, 'pm10': 13256, 'pm25': 13255}}",1.5,23.7,7.25,2.69,5.55,3.17,722435529,72.7,MOD-00631,15.7,2026-07-05T06:18:04,2026-07-04T23:18:04,https://api.quant-aq.com/v1/devices/MOD-00631/data/722435328
262.14,568.18,"{'lat': None, 'lon': None}","{'rh': 72.7, 'temp': 15.8, 'wd': 0.0, 'ws': 0.0, 'ws_scalar': 0.0}","{'gas': {'co': 18172, 'co2': 13279, 'no': 18173, 'no2': 18174, 'o3': 18175}, 'pm': {'pm1': 13254, 'pm10': 13256, 'pm25': 13255}}",1.47,22.95,6.45,3.02,4.76,3.42,722435528,72.7,MOD-00631,15.8,2026-07-05T06:17:04,2026-07-04T23:17:04,https://api.quant-aq.com/v1/devices/MOD-00631/data/722435327
269.94,567.7,"{'lat': None, 'lon': None}","{'rh': 72.7, 'temp': 15.8, 'wd': 0.0, 'ws': 0.0, 'ws_scalar': 0.0}","{'gas': {'co': 18172, 'co2': 13279, 'no': 18173, 'no2': 18174, 'o3': 18175}, 'pm': {'pm1': 13254, 'pm10': 13256, 'pm25': 13255}}",1.51,20.44,8.18,2.71,9.19,3.19,722435527,72.7,MOD-00631,15.8,2026-07-05T06:16:04,2026-07-04T23:16:04,https://api.quant-aq.com/v1/devices/MOD-00631/data/722435326
270.42,566.13,"{'lat': None, 'lon': None}","{'rh': 72.6, 'temp': 15.8, 'wd': 0.0, 'ws': 0.0, 'ws_scalar': 0.0}","{'gas': {'co': 18172, 'co2': 13279, 'no': 18173, 'no2': 18174, 'o3': 18175}, 'pm': {'pm1': 13254, 'pm10': 13256, 'pm25': 13255}}",1.48,24.83,7.91,2.73,5.46,3.2,722433312,72.6,MOD-00631,15.8,2026-07-05T06:15:04,2026-07-04T23:15:04,https://api.quant-aq.com/v1/devices/MOD-00631/data/722433110
265.57,566.01,"{'lat': None, 'lon': None}","{'rh': 72.5, 'temp': 15.8, 'wd': 0.0, 'ws': 0.0, 'ws_scalar': 0.0}","{'gas': {'co': 18172, 'co2': 13279, 'no': 18173, 'no2': 18174, 'o3': 18175}, 'pm': {'pm1': 13254, 'pm10': 13256, 'pm25': 13255}}",1.49,22.95,8.28,3.0,4.84,3.34,722433311,72.5,MOD-00631,15.8,2026-07-05T06:14:04,2026-07-04T23:14:04,https://api.quant-aq.com/v1/devices/MOD-00631/data/722433111
271.79,566.01,"{'lat': None, 'lon': None}","{'rh': 72.4, 'temp': 15.8, 'wd': 0.0, 'ws': 0.0, 'ws_scalar': 0.0}","{'gas': {'co': 18172, 'co2': 13279, 'no': 18173, 'no2': 18174, 'o3': 18175}, 'pm': {'pm1': 13254, 'pm10': 13256, 'pm25': 13255}}",1.48,22.95,7.38,2.99,11.23,3.37,722433317,72.4,MOD-00631,15.8,2026-07-05T06:13:04,2026-07-04T23:13:04,https://api.quant-aq.com/v1/devices/MOD-00631/data/722433115
270.97,568.18,"{'lat': None, 'lon': None}","{'rh': 72.4, 'temp': 15.8, 'wd': 0.0, 'ws': 0.0, 'ws_scalar': 0.0}","{'gas': {'co': 18172, 'co2': 13279, 'no': 18173, 'no2': 18174, 'o3': 18175}, 'pm': {'pm1': 13254, 'pm10': 13256, 'pm25': 13255}}",1.47,22.15,8.42,3.01,9.87,3.42,722433314,72.4,MOD-00631,15.8,2026-07-05T06:12:04,2026-07-04T23:12:04,https://api.quant-aq.com/v1/devices/MOD-00631/data/722433114
270.97,564.33,"{'lat': None, 'lon': None}","{'rh': 72.4, 'temp': 15.8, 'wd': 0.0, 'ws': 0.0, 'ws_scalar': 0.0}","{'gas': {'co': 18172, 'co2': 13279, 'no': 18173, 'no2': 18174, 'o3': 18175}, 'pm': {'pm1': 13254, 'pm10': 13256, 'pm25': 13255}}",1.49,21.29,7.63,2.68,4.93,3.11,722431140,72.4,MOD-00631,15.8,2026-07-05T06:11:04,2026-07-04T23:11:04,https://api.quant-aq.com/v1/devices/MOD-00631/data/722430938
267.76,565.53,"{'lat': None, 'lon': None}","{'rh': 72.3, 'temp': 15.8, 'wd': 0.0, 'ws': 0.0, 'ws_scalar': 0.0}","{'gas': {'co': 18172, 'co2': 13279, 'no': 18173, 'no2': 18174, 'o3': 18175}, 'pm': {'pm1': 13254, 'pm10': 13256, 'pm25': 13255}}",1.49,20.39,8.21,2.99,4.45,3.4,722431138,72.3,MOD-00631,15.8,2026-07-05T06:10:04,2026-07-04T23:10:04,https://api.quant-aq.com/v1/devices/MOD-00631/data/722430937
272.86,565.53,"{'lat': None, 'lon': None}","{'rh': 72.2, 'temp': 15.9, 'wd': 0.0, 'ws': 0.0, 'ws_scalar': 0.0}","{'gas': {'co': 18172, 'co2': 13279, 'no': 18173, 'no2': 18174, 'o3': 18175}, 'pm': {'pm1': 13254, 'pm10': 13256, 'pm25': 13255}}",1.47,21.11,9.0,2.87,5.93,3.35,722431137,72.2,MOD-00631,15.9,2026-07-05T06:09:04,2026-07-04T23:09:04,https://api.quant-aq.com/v1/devices/MOD-00631/data/722430935
262.27,566.37,"{'lat': None, 'lon': None}","{'rh': 72.1, 'temp': 15.9, 'wd': 0.0, 'ws': 0.0, 'ws_scalar': 0.0}","{'gas': {'co': 18172, 'co2': 13279, 'no': 18173, 'no2': 18174, 'o3': 18175}, 'pm': {'pm1': 13254, 'pm10': 13256, 'pm25': 13255}}",1.47,24.27,7.6,2.84,5.8,3.2,722431139,72.1,MOD-00631,15.9,2026-07-05T06:08:04,2026-07-04T23:08:04,https://api.quant-aq.com/v1/devices/MOD-00631/data/722430939
261.79,565.77,"{'lat': None, 'lon': None}","{'rh': 72.2, 'temp': 15.9, 'wd': 0.0, 'ws': 0.0, 'ws_scalar': 0.0}","{'gas': {'co': 18172, 'co2': 13279, 'no': 18173, 'no2': 18174, 'o3': 18175}, 'pm': {'pm1': 13254, 'pm10': 13256, 'pm25': 13255}}",1.46,22.84,7.38,2.87,6.18,3.32,722428919,72.2,MOD-00631,15.9,2026-07-05T06:07:04,2026-07-04T23:07:04,https://api.quant-aq.com/v1/devices/MOD-00631/data/722428717
273.27,564.81,"{'lat': None, 'lon': None}","{'rh': 72.2, 'temp': 15.9, 'wd': 0.0, 'ws': 0.0, 'ws_scalar': 0.0}","{'gas': {'co': 18172, 'co2': 13279, 'no': 18173, 'no2': 18174, 'o3': 18175}, 'pm': {'pm1': 13254, 'pm10': 13256, 'pm25': 13255}}",1.49,21.11,8.54,2.98,6.5,3.38,722428920,72.2,MOD-00631,15.9,2026-07-05T06:06:04,2026-07-04T23:06:04,https://api.quant-aq.com/v1/devices/MOD-00631/data/722428720
270.88,560.71,"{'lat': None, 'lon': None}","{'rh': 72.1, 'temp': 15.9, 'wd': 0.0, 'ws': 0.0, 'ws_scalar': 0.0}","{'gas': {'co': 18172, 'co2': 13279, 'no': 18173, 'no2': 18174, 'o3': 18175}, 'pm': {'pm1': 13254, 'pm10': 13256, 'pm25': 13255}}",1.46,24.86,7.93,2.5,6.06,2.84,722428921,72.1,MOD-00631,15.9,2026-07-05T06:05:04,2026-07-04T23:05:04,https://api.quant-aq.com/v1/devices/MOD-00631/data/722428719
264.8,565.29,"{'lat': None, 'lon': None}","{'rh': 72.0, 'temp': 15.9, 'wd': 0.0, 'ws': 0.0, 'ws_scalar': 0.0}","{'gas': {'co': 18172, 'co2': 13279, 'no': 18173, 'no2': 18174, 'o3': 18175}, 'pm': {'pm1': 13254, 'pm10': 13256, 'pm25': 13255}}",1.47,22.84,8.77,2.77,6.7,3.3,722428918,72.0,MOD-00631,15.9,2026-07-05T06:04:04,2026-07-04T23:04:04,https://api.quant-aq.com/v1/devices/MOD-00631/data/722428718
269.93,561.07,"{'lat': None, 'lon': None}","{'rh': 71.7, 'temp': 15.9, 'wd': 0.0, 'ws': 0.0, 'ws_scalar': 0.0}","{'gas': {'co': 18172, 'co2': 13279, 'no': 18173, 'no2': 18174, 'o3': 18175}, 'pm': {'pm1': 13254, 'pm10': 13256, 'pm25': 13255}}",1.48,24.3,8.09,2.81,5.25,3.25,722426762,71.7,MOD-00631,15.9,2026-07-05T06:03:04,2026-07-04T23:03:04,https://api.quant-aq.com/v1/devices/MOD-00631/data/722426560
268.22,564.57,"{'lat': None, 'lon': None}","{'rh': 71.8, 'temp': 15.9, 'wd': 0.0, 'ws': 0.0, 'ws_scalar': 0.0}","{'gas': {'co': 18172, 'co2': 13279, 'no': 18173, 'no2': 18174, 'o3': 18175}, 'pm': {'pm1': 13254, 'pm10': 13256, 'pm25': 13255}}",1.47,24.89,7.5,3.34,8.03,3.72,722426760,71.8,MOD-00631,15.9,2026-07-05T06:02:04,2026-07-04T23:02:04,https://api.quant-aq.com/v1/devices/MOD-00631/data/722426559
272.43,560.83,"{'lat': None, 'lon': None}","{'rh': 71.8, 'temp': 16.0, 'wd': 0.0, 'ws': 0.0, 'ws_scalar': 0.0}","{'gas': {'co': 18172, 'co2': 13279, 'no': 18173, 'no2': 18174, 'o3': 18175}, 'pm': {'pm1': 13254, 'pm10': 13256, 'pm25': 13255}}",1.46,24.23,7.61,2.74,3.99,2.9,722426759,71.8,MOD-00631,16.0,2026-07-05T06:01:04,2026-07-04T23:01:04,https://api.quant-aq.com/v1/devices/MOD-00631/data/722426556
264.23,565.77,"{'lat': None, 'lon': None}","{'rh': 71.8, 'temp': 16.0, 'wd': 0.0, 'ws': 0.0, 'ws_scalar': 0.0}","{'gas': {'co': 18172, 'co2': 13279, 'no': 18173, 'no2': 18174, 'o3': 18175}, 'pm': {'pm1': 13254, 'pm10': 13256, 'pm25': 13255}}",1.47,20.88,8.1,2.79,3.94,3.2,722426761,71.8,MOD-00631,16.0,2026-07-05T06:00:04,2026-07-04T23:00:04,https://api.quant-aq.com/v1/devices/MOD-00631/data/722426561
279.13,563.96,"{'lat': None, 'lon': None}","{'rh': 71.6, 'temp': 16.0, 'wd': 0.0, 'ws': 0.0, 'ws_scalar': 0.0}","{'gas': {'co': 18172, 'co2': 13279, 'no': 18173, 'no2': 18174, 'o3': 18175}, 'pm': {'pm1': 13254, 'pm10': 13256, 'pm25': 13255}}",1.45,25.95,7.71,2.72,4.41,2.96,722424574,71.6,MOD-00631,16.0,2026-07-05T05:59:04,2026-07-04T22:59:04,https://api.quant-aq.com/v1/devices/MOD-00631/data/722424373
276.67,566.73,"{'lat': None, 'lon': None}","{'rh': 71.6, 'temp': 16.0, 'wd': 0.0, 'ws': 0.0, 'ws_scalar': 0.0}","{'gas': {'co': 18172, 'co2': 13279, 'no': 18173, 'no2': 18174, 'o3': 18175}, 'pm': {'pm1': 13254, 'pm10': 13256, 'pm25': 13255}}",1.45,24.88,7.5,2.98,4.4,3.32,722424575,71.6,MOD-00631,16.0,2026-07-05T05:58:04,2026-07-04T22:58:04,https://api.quant-aq.com/v1/devices/MOD-00631/data/722424374
274.14,563.48,"{'lat': None, 'lon': None}","{'rh': 71.7, 'temp': 16.0, 'wd': 0.0, 'ws': 0.0, 'ws_scalar': 0.0}","{'gas': {'co': 18172, 'co2': 13279, 'no': 18173, 'no2': 18174, 'o3': 18175}, 'pm': {'pm1': 13254, 'pm10': 13256, 'pm25': 13255}}",1.46,23.52,8.2,3.2,5.9,3.65,722424576,71.7,MOD-00631,16.0,2026-07-05T05:57:04,2026-07-04T22:57:04,https://api.quant-aq.com/v1/devices/MOD-00631/data/722424375
277.01,564.93,"{'lat': None, 'lon': None}","{'rh': 71.7, 'temp': 16.0, 'wd': 0.0, 'ws': 0.0, 'ws_scalar': 0.0}","{'gas': {'co': 18172, 'co2': 13279, 'no': 18173, 'no2': 18174, 'o3': 18175}, 'pm': {'pm1': 13254, 'pm10': 13256, 'pm25': 13255}}",1.45,24.24,7.62,2.93,6.42,3.31,722424577,71.7,MOD-00631,16.0,2026-07-05T05:56:04,2026-07-04T22:56:04,https://api.quant-aq.com/v1/devices/MOD-00631/data/722424376
279.58,564.81,"{'lat': None, 'lon': None}","{'rh': 71.7, 'temp': 16.1, 'wd': 0.0, 'ws': 0.0, 'ws_scalar': 0.0}","{'gas': {'co': 18172, 'co2': 13279, 'no': 18173, 'no2': 18174, 'o3': 18175}, 'pm': {'pm1': 13254, 'pm10': 13256, 'pm25': 13255}}",1.43,24.82,7.48,3.25,10.42,3.61,722422354,71.7,MOD-00631,16.1,2026-07-05T05:55:04,2026-07-04T22:55:04,https://api.quant-aq.com/v1/devices/MOD-00631/data/722422154
276.71,564.69,"{'lat': None, 'lon': None}","{'rh': 71.7, 'temp': 16.1, 'wd': 0.0, 'ws': 0.0, 'ws_scalar': 0.0}","{'gas': {'co': 18172, 'co2': 13279, 'no': 18173, 'no2': 18174, 'o3': 18175}, 'pm': {'pm1': 13254, 'pm10': 13256, 'pm25': 13255}}",1.44,25.4,7.36,3.08,7.66,3.51,722422357,71.7,MOD-00631,16.1,2026-07-05T05:54:04,2026-07-04T22:54:04,https://api.quant-aq.com/v1/devices/MOD-00631/data/722422156
281.71,563.0,"{'lat': None, 'lon': None}","{'rh': 71.6, 'temp': 16.1, 'wd': 0.0, 'ws': 0.0, 'ws_scalar': 0.0}","{'gas': {'co': 18172, 'co2': 13279, 'no': 18173, 'no2': 18174, 'o3': 18175}, 'pm': {'pm1': 13254, 'pm10': 13256, 'pm25': 13255}}",1.45,25.41,8.28,2.91,6.25,3.4,722422356,71.6,MOD-00631,16.1,2026-07-05T05:53:04,2026-07-04T22:53:04,https://api.quant-aq.com/v1/devices/MOD-00631/data/722422155
271.59,562.88,"{'lat': None, 'lon': None}","{'rh': 71.4, 'temp': 16.1, 'wd': 0.0, 'ws': 0.0, 'ws_scalar': 0.0}","{'gas': {'co': 18172, 'co2': 13279, 'no': 18173, 'no2': 18174, 'o3': 18175}, 'pm': {'pm1': 13254, 'pm10': 13256, 'pm25': 13255}}",1.44,23.39,7.75,2.99,5.48,3.24,722422355,71.4,MOD-00631,16.1,2026-07-05T05:52:04,2026-07-04T22:52:04,https://api.quant-aq.com/v1/devices/MOD-00631/data/722422153
267.97,559.87,"{'lat': None, 'lon': None}","{'rh': 71.3, 'temp': 16.1, 'wd': 0.0, 'ws': 0.0, 'ws_scalar': 0.0}","{'gas': {'co': 18172, 'co2': 13279, 'no': 18173, 'no2': 18174, 'o3': 18175}, 'pm': {'pm1': 13254, 'pm10': 13256, 'pm25': 13255}}",1.45,24.85,7.51,2.89,8.46,3.4,722420161,71.3,MOD-00631,16.1,2026-07-05T05:51:04,2026-07-04T22:51:04,https://api.quant-aq.com/v1/devices/MOD-00631/data/722419960
275.54,565.65,"{'lat': None, 'lon': None}","{'rh': 71.2, 'temp': 16.2, 'wd': 0.0, 'ws': 0.0, 'ws_scalar': 0.0}","{'gas': {'co': 18172, 'co2': 13279, 'no': 18173, 'no2': 18174, 'o3': 18175}, 'pm': {'pm1': 13254, 'pm10': 13256, 'pm25': 13255}}",1.42,24.07,6.72,2.72,5.9,3.11,722420164,71.2,MOD-00631,16.2,2026-07-05T05:50:04,2026-07-04T22:50:04,https://api.quant-aq.com/v1/devices/MOD-00631/data/722419963
267.74,565.05,"{'lat': None, 'lon': None}","{'rh': 71.2, 'temp': 16.2, 'wd': 0.0, 'ws': 0.0, 'ws_scalar': 0.0}","{'gas': {'co': 18172, 'co2': 13279, 'no': 18173, 'no2': 18174, 'o3': 18175}, 'pm': {'pm1': 13254, 'pm10': 13256, 'pm25': 13255}}",1.42,20.37,8.58,3.2,7.57,3.47,722420163,71.2,MOD-00631,16.2,2026-07-05T05:49:04,2026-07-04T22:49:04,https://api.quant-aq.com/v1/devices/MOD-00631/data/722419962
287.77,567.7,"{'lat': None, 'lon': None}","{'rh': 71.3, 'temp': 16.2, 'wd': 0.0, 'ws': 0.0, 'ws_scalar': 0.0}","{'gas': {'co': 18172, 'co2': 13279, 'no': 18173, 'no2': 18174, 'o3': 18175}, 'pm': {'pm1': 13254, 'pm10': 13256, 'pm25': 13255}}",1.37,27.4,7.8,2.71,7.25,3.16,722420162,71.3,MOD-00631,16.2,2026-07-05T05:48:04,2026-07-04T22:48:04,https://api.quant-aq.com/v1/devices/MOD-00631/data/722419961
284.22,564.57,"{'lat': None, 'lon': None}","{'rh': 71.1, 'temp': 16.2, 'wd': 0.0, 'ws': 0.0, 'ws_scalar': 0.0}","{'gas': {'co': 18172, 'co2': 13279, 'no': 18173, 'no2': 18174, 'o3': 18175}, 'pm': {'pm1': 13254, 'pm10': 13256, 'pm25': 13255}}",1.43,19.42,9.62,2.69,4.95,3.08,722417974,71.1,MOD-00631,16.2,2026-07-05T05:47:04,2026-07-04T22:47:04,https://api.quant-aq.com/v1/devices/MOD-00631/data/722417773
270.45,567.7,"{'lat': None, 'lon': None}","{'rh': 71.0, 'temp': 16.3, 'wd': 0.0, 'ws': 0.0, 'ws_scalar': 0.0}","{'gas': {'co': 18172, 'co2': 13279, 'no': 18173, 'no2': 18174, 'o3': 18175}, 'pm': {'pm1': 13254, 'pm10': 13256, 'pm25': 13255}}",1.4,27.46,6.89,3.0,7.33,3.43,722417973,71.0,MOD-00631,16.3,2026-07-05T05:46:04,2026-07-04T22:46:04,https://api.quant-aq.com/v1/devices/MOD-00631/data/722417772
279.96,567.82,"{'lat': None, 'lon': None}","{'rh': 70.9, 'temp': 16.3, 'wd': 0.0, 'ws': 0.0, 'ws_scalar': 0.0}","{'gas': {'co': 18172, 'co2': 13279, 'no': 18173, 'no2': 18174, 'o3': 18175}, 'pm': {'pm1': 13254, 'pm10': 13256, 'pm25': 13255}}",1.42,24.71,7.97,2.52,9.22,3.04,722417975,70.9,MOD-00631,16.3,2026-07-05T05:45:04,2026-07-04T22:45:04,https://api.quant-aq.com/v1/devices/MOD-00631/data/722417774
283.04,563.6,"{'lat': None, 'lon': None}","{'rh': 70.6, 'temp': 16.3, 'wd': 0.0, 'ws': 0.0, 'ws_scalar': 0.0}","{'gas': {'co': 18172, 'co2': 13279, 'no': 18173, 'no2': 18174, 'o3': 18175}, 'pm': {'pm1': 13254, 'pm10': 13256, 'pm25': 13255}}",1.4,25.41,7.87,2.39,4.39,2.75,722417972,70.6,MOD-00631,16.3,2026-07-05T05:44:04,2026-07-04T22:44:04,https://api.quant-aq.com/v1/devices/MOD-00631/data/722417771
278.23,564.57,"{'lat': None, 'lon': None}","{'rh': 70.6, 'temp': 16.4, 'wd': 0.0, 'ws': 0.0, 'ws_scalar': 0.0}","{'gas': {'co': 18172, 'co2': 13279, 'no': 18173, 'no2': 18174, 'o3': 18175}, 'pm': {'pm1': 13254, 'pm10': 13256, 'pm25': 13255}}",1.37,24.61,7.98,2.66,4.0,3.11,722415805,70.6,MOD-00631,16.4,2026-07-05T05:43:04,2026-07-04T22:43:04,https://api.quant-aq.com/v1/devices/MOD-00631/data/722415604
279.94,567.58,"{'lat': None, 'lon': None}","{'rh': 70.5, 'temp': 16.4, 'wd': 0.0, 'ws': 0.0, 'ws_scalar': 0.0}","{'gas': {'co': 18172, 'co2': 13279, 'no': 18173, 'no2': 18174, 'o3': 18175}, 'pm': {'pm1': 13254, 'pm10': 13256, 'pm25': 13255}}",1.38,23.76,8.12,2.57,4.74,2.95,722415804,70.5,MOD-00631,16.4,2026-07-05T05:42:04,2026-07-04T22:42:04,https://api.quant-aq.com/v1/devices/MOD-00631/data/722415603
268.46,565.41,"{'lat': None, 'lon': None}","{'rh': 70.5, 'temp': 16.4, 'wd': 0.0, 'ws': 0.0, 'ws_scalar': 0.0}","{'gas': {'co': 18172, 'co2': 13279, 'no': 18173, 'no2': 18174, 'o3': 18175}, 'pm': {'pm1': 13254, 'pm10': 13256, 'pm25': 13255}}",1.39,26.55,8.53,2.84,7.51,3.24,722415802,70.5,MOD-00631,16.4,2026-07-05T05:41:04,2026-07-04T22:41:04,https://api.quant-aq.com/v1/devices/MOD-00631/data/722415601
287.87,567.94,"{'lat': None, 'lon': None}","{'rh': 70.3, 'temp': 16.4, 'wd': 0.0, 'ws': 0.0, 'ws_scalar': 0.0}","{'gas': {'co': 18172, 'co2': 13279, 'no': 18173, 'no2': 18174, 'o3': 18175}, 'pm': {'pm1': 13254, 'pm10': 13256, 'pm25': 13255}}",1.41,25.35,7.88,3.09,7.29,3.51,722415803,70.3,MOD-00631,16.4,2026-07-05T05:40:04,2026-07-04T22:40:04,https://api.quant-aq.com/v1/devices/MOD-00631/data/722415602
272.88,558.54,"{'lat': None, 'lon': None}","{'rh': 70.2, 'temp': 16.5, 'wd': 0.0, 'ws': 0.0, 'ws_scalar': 0.0}","{'gas': {'co': 18172, 'co2': 13279, 'no': 18173, 'no2': 18174, 'o3': 18175}, 'pm': {'pm1': 13254, 'pm10': 13256, 'pm25': 13255}}",1.37,26.55,6.72,3.12,5.06,3.66,722413567,70.2,MOD-00631,16.5,2026-07-05T05:39:04,2026-07-04T22:39:04,https://api.quant-aq.com/v1/devices/MOD-00631/data/722413366
281.08,562.16,"{'lat': None, 'lon': None}","{'rh': 70.2, 'temp': 16.5, 'wd': 0.0, 'ws': 0.0, 'ws_scalar': 0.0}","{'gas': {'co': 18172, 'co2': 13279, 'no': 18173, 'no2': 18174, 'o3': 18175}, 'pm': {'pm1': 13254, 'pm10': 13256, 'pm25': 13255}}",1.39,24.45,8.46,2.88,8.23,3.33,722413565,70.2,MOD-00631,16.5,2026-07-05T05:38:04,2026-07-04T22:38:04,https://api.quant-aq.com/v1/devices/MOD-00631/data/722413365
283.75,563.6,"{'lat': None, 'lon': None}","{'rh': 69.9, 'temp': 16.5, 'wd': 0.0, 'ws': 0.0, 'ws_scalar': 0.0}","{'gas': {'co': 18172, 'co2': 13279, 'no': 18173, 'no2': 18174, 'o3': 18175}, 'pm': {'pm1': 13254, 'pm10': 13256, 'pm25': 13255}}",1.37,24.44,7.57,3.04,5.18,3.53,722413568,69.9,MOD-00631,16.5,2026-07-05T05:37:04,2026-07-04T22:37:04,https://api.quant-aq.com/v1/devices/MOD-00631/data/722413367
286.62,563.24,"{'lat': None, 'lon': None}","{'rh': 69.9, 'temp': 16.5, 'wd': 0.0, 'ws': 0.0, 'ws_scalar': 0.0}","{'gas': {'co': 18172, 'co2': 13279, 'no': 18173, 'no2': 18174, 'o3': 18175}, 'pm': {'pm1': 13254, 'pm10': 13256, 'pm25': 13255}}",1.39,25.26,8.36,3.0,6.62,3.33,722413566,69.9,MOD-00631,16.5,2026-07-05T05:36:04,2026-07-04T22:36:04,https://api.quant-aq.com/v1/devices/MOD-00631/data/722413364
283.59,563.72,"{'lat': None, 'lon': None}","{'rh': 69.7, 'temp': 16.6, 'wd': 0.0, 'ws': 0.0, 'ws_scalar': 0.0}","{'gas': {'co': 18172, 'co2': 13279, 'no': 18173, 'no2': 18174, 'o3': 18175}, 'pm': {'pm1': 13254, 'pm10': 13256, 'pm25': 13255}}",1.34,23.23,8.61,2.76,4.85,3.27,722411406,69.7,MOD-00631,16.6,2026-07-05T05:35:04,2026-07-04T22:35:04,https://api.quant-aq.com/v1/devices/MOD-00631/data/722411205
277.51,561.43,"{'lat': None, 'lon': None}","{'rh': 69.6, 'temp': 16.6, 'wd': 0.0, 'ws': 0.0, 'ws_scalar': 0.0}","{'gas': {'co': 18172, 'co2': 13279, 'no': 18173, 'no2': 18174, 'o3': 18175}, 'pm': {'pm1': 13254, 'pm10': 13256, 'pm25': 13255}}",1.36,29.03,7.05,3.1,6.23,3.46,722411409,69.6,MOD-00631,16.6,2026-07-05T05:34:04,2026-07-04T22:34:04,https://api.quant-aq.com/v1/devices/MOD-00631/data/722411208
282.31,560.83,"{'lat': None, 'lon': None}","{'rh': 69.2, 'temp': 16.6, 'wd': 0.0, 'ws': 0.0, 'ws_scalar': 0.0}","{'gas': {'co': 18172, 'co2': 13279, 'no': 18173, 'no2': 18174, 'o3': 18175}, 'pm': {'pm1': 13254, 'pm10': 13256, 'pm25': 13255}}",1.36,23.14,9.1,3.61,14.54,4.08,722411408,69.2,MOD-00631,16.6,2026-07-05T05:33:04,2026-07-04T22:33:04,https://api.quant-aq.com/v1/devices/MOD-00631/data/722411207
276.15,557.22,"{'lat': None, 'lon': None}","{'rh': 69.2, 'temp': 16.6, 'wd': 0.0, 'ws': 0.0, 'ws_scalar': 0.0}","{'gas': {'co': 18172, 'co2': 13279, 'no': 18173, 'no2': 18174, 'o3': 18175}, 'pm': {'pm1': 13254, 'pm10': 13256, 'pm25': 13255}}",1.36,27.18,7.57,3.28,5.97,3.79,722411407,69.2,MOD-00631,16.6,2026-07-05T05:32:04,2026-07-04T22:32:04,https://api.quant-aq.com/v1/devices/MOD-00631/data/722411206
295.2,563.36,"{'lat': None, 'lon': None}","{'rh': 69.1, 'temp': 16.7, 'wd': 0.0, 'ws': 0.0, 'ws_scalar': 0.0}","{'gas': {'co': 18172, 'co2': 13279, 'no': 18173, 'no2': 18174, 'o3': 18175}, 'pm': {'pm1': 13254, 'pm10': 13256, 'pm25': 13255}}",1.36,26.51,8.15,2.81,7.71,3.12,722409176,69.1,MOD-00631,16.7,2026-07-05T05:31:04,2026-07-04T22:31:04,https://api.quant-aq.com/v1/devices/MOD-00631/data/722408975
270.66,567.22,"{'lat': None, 'lon': None}","{'rh': 69.0, 'temp': 16.7, 'wd': 0.0, 'ws': 0.0, 'ws_scalar': 0.0}","{'gas': {'co': 18172, 'co2': 13279, 'no': 18173, 'no2': 18174, 'o3': 18175}, 'pm': {'pm1': 13254, 'pm10': 13256, 'pm25': 13255}}",1.33,28.22,7.78,2.96,13.08,3.4,722409178,69.0,MOD-00631,16.7,2026-07-05T05:30:04,2026-07-04T22:30:04,https://api.quant-aq.com/v1/devices/MOD-00631/data/722408977
285.98,561.31,"{'lat': None, 'lon': None}","{'rh': 68.8, 'temp': 16.7, 'wd': 0.0, 'ws': 0.0, 'ws_scalar': 0.0}","{'gas': {'co': 18172, 'co2': 13279, 'no': 18173, 'no2': 18174, 'o3': 18175}, 'pm': {'pm1': 13254, 'pm10': 13256, 'pm25': 13255}}",1.36,24.9,8.87,3.23,7.6,3.66,722409177,68.8,MOD-00631,16.7,2026-07-05T05:29:04,2026-07-04T22:29:04,https://api.quant-aq.com/v1/devices/MOD-00631/data/722408976
282.29,558.42,"{'lat': None, 'lon': None}","{'rh': 68.8, 'temp': 16.7, 'wd': 0.0, 'ws': 0.0, 'ws_scalar': 0.0}","{'gas': {'co': 18172, 'co2': 13279, 'no': 18173, 'no2': 18174, 'o3': 18175}, 'pm': {'pm1': 13254, 'pm10': 13256, 'pm25': 13255}}",1.34,28.24,8.26,3.72,5.94,4.31,722409175,68.8,MOD-00631,16.7,2026-07-05T05:28:04,2026-07-04T22:28:04,https://api.quant-aq.com/v1/devices/MOD-00631/data/722408974
278.37,554.57,"{'lat': None, 'lon': None}","{'rh': 68.7, 'temp': 16.8, 'wd': 0.0, 'ws': 0.0, 'ws_scalar': 0.0}","{'gas': {'co': 18172, 'co2': 13279, 'no': 18173, 'no2': 18174, 'o3': 18175}, 'pm': {'pm1': 13254, 'pm10': 13256, 'pm25': 13255}}",1.33,25.62,8.29,3.52,6.69,3.89,722406970,68.7,MOD-00631,16.8,2026-07-05T05:27:04,2026-07-04T22:27:04,https://api.quant-aq.com/v1/devices/MOD-00631/data/722406769
280.08,556.62,"{'lat': None, 'lon': None}","{'rh': 68.6, 'temp': 16.8, 'wd': 0.0, 'ws': 0.0, 'ws_scalar': 0.0}","{'gas': {'co': 18172, 'co2': 13279, 'no': 18173, 'no2': 18174, 'o3': 18175}, 'pm': {'pm1': 13254, 'pm10': 13256, 'pm25': 13255}}",1.33,25.61,9.21,3.52,8.04,4.28,722406971,68.6,MOD-00631,16.8,2026-07-05T05:26:04,2026-07-04T22:26:04,https://api.quant-aq.com/v1/devices/MOD-00631/data/722406770
279.74,559.87,"{'lat': None, 'lon': None}","{'rh': 68.5, 'temp': 16.8, 'wd': 0.0, 'ws': 0.0, 'ws_scalar': 0.0}","{'gas': {'co': 18172, 'co2': 13279, 'no': 18173, 'no2': 18174, 'o3': 18175}, 'pm': {'pm1': 13254, 'pm10': 13256, 'pm25': 13255}}",1.34,22.36,9.13,3.94,6.64,4.94,722406972,68.5,MOD-00631,16.8,2026-07-05T05:25:04,2026-07-04T22:25:04,https://api.quant-aq.com/v1/devices/MOD-00631/data/722406773
287.05,560.71,"{'lat': None, 'lon': None}","{'rh': 68.6, 'temp': 16.8, 'wd': 0.0, 'ws': 0.0, 'ws_scalar': 0.0}","{'gas': {'co': 18172, 'co2': 13279, 'no': 18173, 'no2': 18174, 'o3': 18175}, 'pm': {'pm1': 13254, 'pm10': 13256, 'pm25': 13255}}",1.32,27.72,8.84,3.03,8.27,3.55,722406969,68.6,MOD-00631,16.8,2026-07-05T05:24:04,2026-07-04T22:24:04,https://api.quant-aq.com/v1/devices/MOD-00631/data/722406768
281.15,558.42,"{'lat': None, 'lon': None}","{'rh': 68.4, 'temp': 16.9, 'wd': 0.0, 'ws': 0.0, 'ws_scalar': 0.0}","{'gas': {'co': 18172, 'co2': 13279, 'no': 18173, 'no2': 18174, 'o3': 18175}, 'pm': {'pm1': 13254, 'pm10': 13256, 'pm25': 13255}}",1.31,26.29,8.63,2.95,4.4,3.32,722404812,68.4,MOD-00631,16.9,2026-07-05T05:23:04,2026-07-04T22:23:04,https://api.quant-aq.com/v1/devices/MOD-00631/data/722404611
283.68,562.88,"{'lat': None, 'lon': None}","{'rh': 68.3, 'temp': 16.9, 'wd': 0.0, 'ws': 0.0, 'ws_scalar': 0.0}","{'gas': {'co': 18172, 'co2': 13279, 'no': 18173, 'no2': 18174, 'o3': 18175}, 'pm': {'pm1': 13254, 'pm10': 13256, 'pm25': 13255}}",1.32,25.38,8.76,3.72,11.58,4.49,722404810,68.3,MOD-00631,16.9,2026-07-05T05:22:04,2026-07-04T22:22:04,https://api.quant-aq.com/v1/devices/MOD-00631/data/722404609
288.67,557.1,"{'lat': None, 'lon': None}","{'rh': 68.2, 'temp': 16.9, 'wd': 0.0, 'ws': 0.0, 'ws_scalar': 0.0}","{'gas': {'co': 18172, 'co2': 13279, 'no': 18173, 'no2': 18174, 'o3': 18175}, 'pm': {'pm1': 13254, 'pm10': 13256, 'pm25': 13255}}",1.31,26.28,9.56,3.92,6.87,4.55,722404811,68.2,MOD-00631,16.9,2026-07-05T05:21:04,2026-07-04T22:21:04,https://api.quant-aq.com/v1/devices/MOD-00631/data/722404610
285.05,556.38,"{'lat': None, 'lon': None}","{'rh': 68.1, 'temp': 16.9, 'wd': 0.0, 'ws': 0.0, 'ws_scalar': 0.0}","{'gas': {'co': 18172, 'co2': 13279, 'no': 18173, 'no2': 18174, 'o3': 18175}, 'pm': {'pm1': 13254, 'pm10': 13256, 'pm25': 13255}}",1.33,26.28,8.2,3.65,10.72,4.42,722404813,68.1,MOD-00631,16.9,2026-07-05T05:20:04,2026-07-04T22:20:04,https://api.quant-aq.com/v1/devices/MOD-00631/data/722404612
286.87,559.15,"{'lat': None, 'lon': None}","{'rh': 68.0, 'temp': 17.0, 'wd': 0.0, 'ws': 0.0, 'ws_scalar': 0.0}","{'gas': {'co': 18172, 'co2': 13279, 'no': 18173, 'no2': 18174, 'o3': 18175}, 'pm': {'pm1': 13254, 'pm10': 13256, 'pm25': 13255}}",1.29,25.09,8.77,4.38,6.92,5.31,722402607,68.0,MOD-00631,17.0,2026-07-05T05:19:04,2026-07-04T22:19:04,https://api.quant-aq.com/v1/devices/MOD-00631/data/722402406
291.31,558.42,"{'lat': None, 'lon': None}","{'rh': 68.1, 'temp': 17.0, 'wd': 0.0, 'ws': 0.0, 'ws_scalar': 0.0}","{'gas': {'co': 18172, 'co2': 13279, 'no': 18173, 'no2': 18174, 'o3': 18175}, 'pm': {'pm1': 13254, 'pm10': 13256, 'pm25': 13255}}",1.29,25.11,9.68,3.84,12.63,4.67,722402610,68.1,MOD-00631,17.0,2026-07-05T05:18:04,2026-07-04T22:18:04,https://api.quant-aq.com/v1/devices/MOD-00631/data/722402408
283.04,558.3,"{'lat': None, 'lon': None}","{'rh': 68.2, 'temp': 17.0, 'wd': 0.0, 'ws': 0.0, 'ws_scalar': 0.0}","{'gas': {'co': 18172, 'co2': 13279, 'no': 18173, 'no2': 18174, 'o3': 18175}, 'pm': {'pm1': 13254, 'pm10': 13256, 'pm25': 13255}}",1.28,28.78,8.14,4.48,9.36,5.46,722402609,68.2,MOD-00631,17.0,2026-07-05T05:17:04,2026-07-04T22:17:04,https://api.quant-aq.com/v1/devices/MOD-00631/data/722402409
280.58,558.42,"{'lat': None, 'lon': None}","{'rh': 68.2, 'temp': 17.0, 'wd': 0.0, 'ws': 0.0, 'ws_scalar': 0.0}","{'gas': {'co': 18172, 'co2': 13279, 'no': 18173, 'no2': 18174, 'o3': 18175}, 'pm': {'pm1': 13254, 'pm10': 13256, 'pm25': 13255}}",1.27,26.93,9.42,4.72,9.76,5.96,722402608,68.2,MOD-00631,17.0,2026-07-05T05:16:04,2026-07-04T22:16:04,https://api.quant-aq.com/v1/devices/MOD-00631/data/722402407
290.19,557.1,"{'lat': None, 'lon': None}","{'rh': 68.1, 'temp': 17.1, 'wd': 0.0, 'ws': 0.0, 'ws_scalar': 0.0}","{'gas': {'co': 18172, 'co2': 13279, 'no': 18173, 'no2': 18174, 'o3': 18175}, 'pm': {'pm1': 13254, 'pm10': 13256, 'pm25': 13255}}",1.26,27.55,8.84,3.61,6.25,4.56,722400333,68.1,MOD-00631,17.1,2026-07-05T05:15:04,2026-07-04T22:15:04,https://api.quant-aq.com/v1/devices/MOD-00631/data/722400134
286.43,556.26,"{'lat': None, 'lon': None}","{'rh': 68.2, 'temp': 17.1, 'wd': 0.0, 'ws': 0.0, 'ws_scalar': 0.0}","{'gas': {'co': 18172, 'co2': 13279, 'no': 18173, 'no2': 18174, 'o3': 18175}, 'pm': {'pm1': 13254, 'pm10': 13256, 'pm25': 13255}}",1.27,27.54,8.83,4.08,8.99,5.17,722400336,68.2,MOD-00631,17.1,2026-07-05T05:14:04,2026-07-04T22:14:04,https://api.quant-aq.com/v1/devices/MOD-00631/data/722400132
288.96,555.29,"{'lat': None, 'lon': None}","{'rh': 68.1, 'temp': 17.1, 'wd': 0.0, 'ws': 0.0, 'ws_scalar': 0.0}","{'gas': {'co': 18172, 'co2': 13279, 'no': 18173, 'no2': 18174, 'o3': 18175}, 'pm': {'pm1': 13254, 'pm10': 13256, 'pm25': 13255}}",1.3,26.78,8.96,3.6,7.52,4.12,722400334,68.1,MOD-00631,17.1,2026-07-05T05:13:04,2026-07-04T22:13:04,https://api.quant-aq.com/v1/devices/MOD-00631/data/722400133
288.21,558.54,"{'lat': None, 'lon': None}","{'rh': 68.0, 'temp': 17.1, 'wd': 0.0, 'ws': 0.0, 'ws_scalar': 0.0}","{'gas': {'co': 18172, 'co2': 13279, 'no': 18173, 'no2': 18174, 'o3': 18175}, 'pm': {'pm1': 13254, 'pm10': 13256, 'pm25': 13255}}",1.28,23.61,10.71,4.51,10.89,5.56,722400338,68.0,MOD-00631,17.1,2026-07-05T05:12:04,2026-07-04T22:12:04,https://api.quant-aq.com/v1/devices/MOD-00631/data/722400139
297.21,554.93,"{'lat': None, 'lon': None}","{'rh': 68.2, 'temp': 17.2, 'wd': 0.0, 'ws': 0.0, 'ws_scalar': 0.0}","{'gas': {'co': 18172, 'co2': 13279, 'no': 18173, 'no2': 18174, 'o3': 18175}, 'pm': {'pm1': 13254, 'pm10': 13256, 'pm25': 13255}}",1.26,29.75,7.87,3.8,14.44,5.1,722398118,68.2,MOD-00631,17.2,2026-07-05T05:11:04,2026-07-04T22:11:04,https://api.quant-aq.com/v1/devices/MOD-00631/data/722397918
289.48,561.07,"{'lat': None, 'lon': None}","{'rh': 68.1, 'temp': 17.2, 'wd': 0.0, 'ws': 0.0, 'ws_scalar': 0.0}","{'gas': {'co': 18172, 'co2': 13279, 'no': 18173, 'no2': 18174, 'o3': 18175}, 'pm': {'pm1': 13254, 'pm10': 13256, 'pm25': 13255}}",1.28,28.12,9.16,4.86,7.29,5.7,722398117,68.1,MOD-00631,17.2,2026-07-05T05:10:04,2026-07-04T22:10:04,https://api.quant-aq.com/v1/devices/MOD-00631/data/722397916
288.39,558.18,"{'lat': None, 'lon': None}","{'rh': 67.9, 'temp': 17.2, 'wd': 0.0, 'ws': 0.0, 'ws_scalar': 0.0}","{'gas': {'co': 18172, 'co2': 13279, 'no': 18173, 'no2': 18174, 'o3': 18175}, 'pm': {'pm1': 13254, 'pm10': 13256, 'pm25': 13255}}",1.28,29.29,8.02,4.52,10.39,5.53,722398119,67.9,MOD-00631,17.2,2026-07-05T05:09:04,2026-07-04T22:09:04,https://api.quant-aq.com/v1/devices/MOD-00631/data/722397917
295.14,558.42,"{'lat': None, 'lon': None}","{'rh': 67.8, 'temp': 17.3, 'wd': 0.0, 'ws': 0.0, 'ws_scalar': 0.0}","{'gas': {'co': 18172, 'co2': 13279, 'no': 18173, 'no2': 18174, 'o3': 18175}, 'pm': {'pm1': 13254, 'pm10': 13256, 'pm25': 13255}}",1.24,26.35,9.42,7.3,17.61,8.64,722398116,67.8,MOD-00631,17.3,2026-07-05T05:08:04,2026-07-04T22:08:04,https://api.quant-aq.com/v1/devices/MOD-00631/data/722397915
296.03,560.11,"{'lat': None, 'lon': None}","{'rh': 67.7, 'temp': 17.3, 'wd': 0.0, 'ws': 0.0, 'ws_scalar': 0.0}","{'gas': {'co': 18172, 'co2': 13279, 'no': 18173, 'no2': 18174, 'o3': 18175}, 'pm': {'pm1': 13254, 'pm10': 13256, 'pm25': 13255}}",1.25,30.74,7.65,8.67,17.54,10.51,722395899,67.7,MOD-00631,17.3,2026-07-05T05:07:04,2026-07-04T22:07:04,https://api.quant-aq.com/v1/devices/MOD-00631/data/722395698
291.25,556.86,"{'lat': None, 'lon': None}","{'rh': 67.5, 'temp': 17.3, 'wd': 0.0, 'ws': 0.0, 'ws_scalar': 0.0}","{'gas': {'co': 18172, 'co2': 13279, 'no': 18173, 'no2': 18174, 'o3': 18175}, 'pm': {'pm1': 13254, 'pm10': 13256, 'pm25': 13255}}",1.26,28.73,9.53,7.94,10.71,9.25,722395898,67.5,MOD-00631,17.3,2026-07-05T05:06:04,2026-07-04T22:06:04,https://api.quant-aq.com/v1/devices/MOD-00631/data/722395697
291.66,555.89,"{'lat': None, 'lon': None}","{'rh': 67.5, 'temp': 17.3, 'wd': 0.0, 'ws': 0.0, 'ws_scalar': 0.0}","{'gas': {'co': 18172, 'co2': 13279, 'no': 18173, 'no2': 18174, 'o3': 18175}, 'pm': {'pm1': 13254, 'pm10': 13256, 'pm25': 13255}}",1.26,27.26,9.77,7.51,10.79,9.47,722395897,67.5,MOD-00631,17.3,2026-07-05T05:05:04,2026-07-04T22:05:04,https://api.quant-aq.com/v1/devices/MOD-00631/data/722395696
286.92,557.82,"{'lat': None, 'lon': None}","{'rh': 67.4, 'temp': 17.4, 'wd': 0.0, 'ws': 0.0, 'ws_scalar': 0.0}","{'gas': {'co': 18172, 'co2': 13279, 'no': 18173, 'no2': 18174, 'o3': 18175}, 'pm': {'pm1': 13254, 'pm10': 13256, 'pm25': 13255}}",1.24,27.92,9.64,6.03,9.95,7.39,722395896,67.4,MOD-00631,17.4,2026-07-05T05:04:04,2026-07-04T22:04:04,https://api.quant-aq.com/v1/devices/MOD-00631/data/722395695
294.85,552.16,"{'lat': None, 'lon': None}","{'rh': 67.2, 'temp': 17.4, 'wd': 0.0, 'ws': 0.0, 'ws_scalar': 0.0}","{'gas': {'co': 18172, 'co2': 13279, 'no': 18173, 'no2': 18174, 'o3': 18175}, 'pm': {'pm1': 13254, 'pm10': 13256, 'pm25': 13255}}",1.23,31.71,8.8,5.69,15.75,6.36,722393711,67.2,MOD-00631,17.4,2026-07-05T05:03:04,2026-07-04T22:03:04,https://api.quant-aq.com/v1/devices/MOD-00631/data/722393510
293.01,562.64,"{'lat': None, 'lon': None}","{'rh': 66.9, 'temp': 17.4, 'wd': 0.0, 'ws': 0.0, 'ws_scalar': 0.0}","{'gas': {'co': 18172, 'co2': 13279, 'no': 18173, 'no2': 18174, 'o3': 18175}, 'pm': {'pm1': 13254, 'pm10': 13256, 'pm25': 13255}}",1.23,28.68,8.65,5.93,11.95,7.21,722393709,66.9,MOD-00631,17.4,2026-07-05T05:02:04,2026-07-04T22:02:04,https://api.quant-aq.com/v1/devices/MOD-00631/data/722393508
288.27,559.75,"{'lat': None, 'lon': None}","{'rh': 66.8, 'temp': 17.5, 'wd': 0.0, 'ws': 0.0, 'ws_scalar': 0.0}","{'gas': {'co': 18172, 'co2': 13279, 'no': 18173, 'no2': 18174, 'o3': 18175}, 'pm': {'pm1': 13254, 'pm10': 13256, 'pm25': 13255}}",1.21,30.4,9.64,3.48,11.25,4.13,722393710,66.8,MOD-00631,17.5,2026-07-05T05:01:04,2026-07-04T22:01:04,https://api.quant-aq.com/v1/devices/MOD-00631/data/722393509
297.02,558.18,"{'lat': None, 'lon': None}","{'rh': 66.6, 'temp': 17.5, 'wd': 0.0, 'ws': 0.0, 'ws_scalar': 0.0}","{'gas': {'co': 18172, 'co2': 13279, 'no': 18173, 'no2': 18174, 'o3': 18175}, 'pm': {'pm1': 13254, 'pm10': 13256, 'pm25': 13255}}",1.22,28.56,9.57,3.5,8.1,4.13,722393712,66.6,MOD-00631,17.5,2026-07-05T05:00:04,2026-07-04T22:00:04,https://api.quant-aq.com/v1/devices/MOD-00631/data/722393511
291.42,552.76,"{'lat': None, 'lon': None}","{'rh': 66.4, 'temp': 17.5, 'wd': 0.0, 'ws': 0.0, 'ws_scalar': 0.0}","{'gas': {'co': 18172, 'co2': 13279, 'no': 18173, 'no2': 18174, 'o3': 18175}, 'pm': {'pm1': 13254, 'pm10': 13256, 'pm25': 13255}}",1.23,30.94,9.09,3.9,9.54,4.51,722391475,66.4,MOD-00631,17.5,2026-07-05T04:59:04,2026-07-04T21:59:04,https://api.quant-aq.com/v1/devices/MOD-00631/data/722391276
286.41,554.69,"{'lat': None, 'lon': None}","{'rh': 66.1, 'temp': 17.6, 'wd': 0.0, 'ws': 0.0, 'ws_scalar': 0.0}","{'gas': {'co': 18172, 'co2': 13279, 'no': 18173, 'no2': 18174, 'o3': 18175}, 'pm': {'pm1': 13254, 'pm10': 13256, 'pm25': 13255}}",1.22,29.19,9.01,3.12,9.13,3.6,722391470,66.1,MOD-00631,17.6,2026-07-05T04:58:04,2026-07-04T21:58:04,https://api.quant-aq.com/v1/devices/MOD-00631/data/722391273
289.49,551.32,"{'lat': None, 'lon': None}","{'rh': 65.8, 'temp': 17.6, 'wd': 0.0, 'ws': 0.0, 'ws_scalar': 0.0}","{'gas': {'co': 18172, 'co2': 13279, 'no': 18173, 'no2': 18174, 'o3': 18175}, 'pm': {'pm1': 13254, 'pm10': 13256, 'pm25': 13255}}",1.21,29.2,9.95,4.99,9.53,5.47,722391473,65.8,MOD-00631,17.6,2026-07-05T04:57:04,2026-07-04T21:57:04,https://api.quant-aq.com/v1/devices/MOD-00631/data/722391275
290.87,552.04,"{'lat': None, 'lon': None}","{'rh': 65.6, 'temp': 17.6, 'wd': 0.0, 'ws': 0.0, 'ws_scalar': 0.0}","{'gas': {'co': 18172, 'co2': 13279, 'no': 18173, 'no2': 18174, 'o3': 18175}, 'pm': {'pm1': 13254, 'pm10': 13256, 'pm25': 13255}}",1.21,31.04,9.59,6.65,11.29,7.62,722391468,65.6,MOD-00631,17.6,2026-07-05T04:56:04,2026-07-04T21:56:04,https://api.quant-aq.com/v1/devices/MOD-00631/data/722391268
288.8,553.49,"{'lat': None, 'lon': None}","{'rh': 65.2, 'temp': 17.7, 'wd': 0.0, 'ws': 0.0, 'ws_scalar': 0.0}","{'gas': {'co': 18172, 'co2': 13279, 'no': 18173, 'no2': 18174, 'o3': 18175}, 'pm': {'pm1': 13254, 'pm10': 13256, 'pm25': 13255}}",1.21,28.07,10.11,4.07,12.39,4.77,722389215,65.2,MOD-00631,17.7,2026-07-05T04:55:04,2026-07-04T21:55:04,https://api.quant-aq.com/v1/devices/MOD-00631/data/722389014
291.4,553.97,"{'lat': None, 'lon': None}","{'rh': 65.0, 'temp': 17.7, 'wd': 0.0, 'ws': 0.0, 'ws_scalar': 0.0}","{'gas': {'co': 18172, 'co2': 13279, 'no': 18173, 'no2': 18174, 'o3': 18175}, 'pm': {'pm1': 13254, 'pm10': 13256, 'pm25': 13255}}",1.19,29.03,10.0,3.21,5.36,3.6,722389217,65.0,MOD-00631,17.7,2026-07-05T04:54:04,2026-07-04T21:54:04,https://api.quant-aq.com/v1/devices/MOD-00631/data/722389016
277.93,551.92,"{'lat': None, 'lon': None}","{'rh': 64.9, 'temp': 17.7, 'wd': 0.0, 'ws': 0.0, 'ws_scalar': 0.0}","{'gas': {'co': 18172, 'co2': 13279, 'no': 18173, 'no2': 18174, 'o3': 18175}, 'pm': {'pm1': 13254, 'pm10': 13256, 'pm25': 13255}}",1.2,29.85,9.88,3.97,8.27,4.56,722389216,64.9,MOD-00631,17.7,2026-07-05T04:53:04,2026-07-04T21:53:04,https://api.quant-aq.com/v1/devices/MOD-00631/data/722389015
293.8,554.45,"{'lat': None, 'lon': None}","{'rh': 64.5, 'temp': 17.7, 'wd': 0.0, 'ws': 0.0, 'ws_scalar': 0.0}","{'gas': {'co': 18172, 'co2': 13279, 'no': 18173, 'no2': 18174, 'o3': 18175}, 'pm': {'pm1': 13254, 'pm10': 13256, 'pm25': 13255}}",1.2,30.56,9.79,4.1,5.81,4.79,722389218,64.5,MOD-00631,17.7,2026-07-05T04:52:04,2026-07-04T21:52:04,https://api.quant-aq.com/v1/devices/MOD-00631/data/722389017
291.93,552.76,"{'lat': None, 'lon': None}","{'rh': 64.4, 'temp': 17.8, 'wd': 0.0, 'ws': 0.0, 'ws_scalar': 0.0}","{'gas': {'co': 18172, 'co2': 13279, 'no': 18173, 'no2': 18174, 'o3': 18175}, 'pm': {'pm1': 13254, 'pm10': 13256, 'pm25': 13255}}",1.18,28.76,10.03,5.83,8.88,7.53,722386992,64.4,MOD-00631,17.8,2026-07-05T04:51:04,2026-07-04T21:51:04,https://api.quant-aq.com/v1/devices/MOD-00631/data/722386791
286.19,555.05,"{'lat': None, 'lon': None}","{'rh': 64.4, 'temp': 17.8, 'wd': 0.0, 'ws': 0.0, 'ws_scalar': 0.0}","{'gas': {'co': 18172, 'co2': 13279, 'no': 18173, 'no2': 18174, 'o3': 18175}, 'pm': {'pm1': 13254, 'pm10': 13256, 'pm25': 13255}}",1.19,27.63,11.52,5.16,10.75,6.47,722386993,64.4,MOD-00631,17.8,2026-07-05T04:50:04,2026-07-04T21:50:04,https://api.quant-aq.com/v1/devices/MOD-00631/data/722386792
288.31,546.98,"{'lat': None, 'lon': None}","{'rh': 64.3, 'temp': 17.8, 'wd': 0.0, 'ws': 0.0, 'ws_scalar': 0.0}","{'gas': {'co': 18172, 'co2': 13279, 'no': 18173, 'no2': 18174, 'o3': 18175}, 'pm': {'pm1': 13254, 'pm10': 13256, 'pm25': 13255}}",1.18,27.61,11.53,4.5,13.79,5.52,722386990,64.3,MOD-00631,17.8,2026-07-05T04:49:04,2026-07-04T21:49:04,https://api.quant-aq.com/v1/devices/MOD-00631/data/722386790
285.21,551.32,"{'lat': None, 'lon': None}","{'rh': 64.2, 'temp': 17.9, 'wd': 0.0, 'ws': 0.0, 'ws_scalar': 0.0}","{'gas': {'co': 18172, 'co2': 13279, 'no': 18173, 'no2': 18174, 'o3': 18175}, 'pm': {'pm1': 13254, 'pm10': 13256, 'pm25': 13255}}",1.17,29.49,9.91,4.12,6.62,4.98,722386991,64.2,MOD-00631,17.9,2026-07-05T04:48:04,2026-07-04T21:48:04,https://api.quant-aq.com/v1/devices/MOD-00631/data/722386789
288.02,554.33,"{'lat': None, 'lon': None}","{'rh': 63.7, 'temp': 17.9, 'wd': 0.0, 'ws': 0.0, 'ws_scalar': 0.0}","{'gas': {'co': 18172, 'co2': 13279, 'no': 18173, 'no2': 18174, 'o3': 18175}, 'pm': {'pm1': 13254, 'pm10': 13256, 'pm25': 13255}}",1.19,32.25,11.73,4.7,11.76,5.64,722384813,63.7,MOD-00631,17.9,2026-07-05T04:47:04,2026-07-04T21:47:04,https://api.quant-aq.com/v1/devices/MOD-00631/data/722384613
292.28,548.07,"{'lat': None, 'lon': None}","{'rh': 62.9, 'temp': 17.9, 'wd': 0.0, 'ws': 0.0, 'ws_scalar': 0.0}","{'gas': {'co': 18172, 'co2': 13279, 'no': 18173, 'no2': 18174, 'o3': 18175}, 'pm': {'pm1': 13254, 'pm10': 13256, 'pm25': 13255}}",1.19,29.42,12.29,4.28,12.64,5.36,722384815,62.9,MOD-00631,17.9,2026-07-05T04:46:04,2026-07-04T21:46:04,https://api.quant-aq.com/v1/devices/MOD-00631/data/722384615
294.6,551.08,"{'lat': None, 'lon': None}","{'rh': 61.5, 'temp': 18.0, 'wd': 0.0, 'ws': 0.0, 'ws_scalar': 0.0}","{'gas': {'co': 18172, 'co2': 13279, 'no': 18173, 'no2': 18174, 'o3': 18175}, 'pm': {'pm1': 13254, 'pm10': 13256, 'pm25': 13255}}",1.21,27.56,11.59,4.26,8.41,5.15,722384818,61.5,MOD-00631,18.0,2026-07-05T04:45:04,2026-07-04T21:45:04,https://api.quant-aq.com/v1/devices/MOD-00631/data/722384616
304.39,549.99,"{'lat': None, 'lon': None}","{'rh': 61.0, 'temp': 18.0, 'wd': 0.0, 'ws': 0.0, 'ws_scalar': 0.0}","{'gas': {'co': 18172, 'co2': 13279, 'no': 18173, 'no2': 18174, 'o3': 18175}, 'pm': {'pm1': 13254, 'pm10': 13256, 'pm25': 13255}}",1.17,20.22,12.7,4.48,7.2,5.6,722384817,61.0,MOD-00631,18.0,2026-07-05T04:44:04,2026-07-04T21:44:04,https://api.quant-aq.com/v1/devices/MOD-00631/data/722384617
313.07,546.02,"{'lat': None, 'lon': None}","{'rh': 60.9, 'temp': 18.0, 'wd': 0.0, 'ws': 0.0, 'ws_scalar': 0.0}","{'gas': {'co': 18172, 'co2': 13279, 'no': 18173, 'no2': 18174, 'o3': 18175}, 'pm': {'pm1': 13254, 'pm10': 13256, 'pm25': 13255}}",1.18,30.09,12.3,3.06,4.27,3.41,722382553,60.9,MOD-00631,18.0,2026-07-05T04:43:04,2026-07-04T21:43:04,https://api.quant-aq.com/v1/devices/MOD-00631/data/722382352
297.67,547.34,"{'lat': None, 'lon': None}","{'rh': 60.8, 'temp': 18.1, 'wd': 0.0, 'ws': 0.0, 'ws_scalar': 0.0}","{'gas': {'co': 18172, 'co2': 13279, 'no': 18173, 'no2': 18174, 'o3': 18175}, 'pm': {'pm1': 13254, 'pm10': 13256, 'pm25': 13255}}",1.16,23.71,14.16,3.6,5.01,4.04,722382552,60.8,MOD-00631,18.1,2026-07-05T04:42:04,2026-07-04T21:42:04,https://api.quant-aq.com/v1/devices/MOD-00631/data/722382351
309.56,547.58,"{'lat': None, 'lon': None}","{'rh': 60.8, 'temp': 18.1, 'wd': 0.0, 'ws': 0.0, 'ws_scalar': 0.0}","{'gas': {'co': 18172, 'co2': 13279, 'no': 18173, 'no2': 18174, 'o3': 18175}, 'pm': {'pm1': 13254, 'pm10': 13256, 'pm25': 13255}}",1.14,25.32,15.4,3.18,5.97,3.48,722382551,60.8,MOD-00631,18.1,2026-07-05T04:41:04,2026-07-04T21:41:04,https://api.quant-aq.com/v1/devices/MOD-00631/data/722382350
298.56,543.49,"{'lat': None, 'lon': None}","{'rh': 60.7, 'temp': 18.1, 'wd': 0.0, 'ws': 0.0, 'ws_scalar': 0.0}","{'gas': {'co': 18172, 'co2': 13279, 'no': 18173, 'no2': 18174, 'o3': 18175}, 'pm': {'pm1': 13254, 'pm10': 13256, 'pm25': 13255}}",1.17,20.91,15.78,3.54,4.49,3.84,722382550,60.7,MOD-00631,18.1,2026-07-05T04:40:04,2026-07-04T21:40:04,https://api.quant-aq.com/v1/devices/MOD-00631/data/722382349
309.13,542.28,"{'lat': None, 'lon': None}","{'rh': 60.4, 'temp': 18.2, 'wd': 0.0, 'ws': 0.0, 'ws_scalar': 0.0}","{'gas': {'co': 18172, 'co2': 13279, 'no': 18173, 'no2': 18174, 'o3': 18175}, 'pm': {'pm1': 13254, 'pm10': 13256, 'pm25': 13255}}",1.16,33.09,14.1,3.26,6.34,3.45,722380290,60.4,MOD-00631,18.2,2026-07-05T04:39:04,2026-07-04T21:39:04,https://api.quant-aq.com/v1/devices/MOD-00631/data/722380089
301.48,540.36,"{'lat': None, 'lon': None}","{'rh': 60.2, 'temp': 18.2, 'wd': 0.0, 'ws': 0.0, 'ws_scalar': 0.0}","{'gas': {'co': 18172, 'co2': 13279, 'no': 18173, 'no2': 18174, 'o3': 18175}, 'pm': {'pm1': 13254, 'pm10': 13256, 'pm25': 13255}}",1.14,29.36,13.7,3.12,7.68,3.43,722380289,60.2,MOD-00631,18.2,2026-07-05T04:38:04,2026-07-04T21:38:04,https://api.quant-aq.com/v1/devices/MOD-00631/data/722380088
296.63,546.86,"{'lat': None, 'lon': None}","{'rh': 60.1, 'temp': 18.2, 'wd': 0.0, 'ws': 0.0, 'ws_scalar': 0.0}","{'gas': {'co': 18172, 'co2': 13279, 'no': 18173, 'no2': 18174, 'o3': 18175}, 'pm': {'pm1': 13254, 'pm10': 13256, 'pm25': 13255}}",1.13,29.35,14.62,3.38,13.77,3.75,722380288,60.1,MOD-00631,18.2,2026-07-05T04:37:04,2026-07-04T21:37:04,https://api.quant-aq.com/v1/devices/MOD-00631/data/722380087
301.55,546.26,"{'lat': None, 'lon': None}","{'rh': 60.1, 'temp': 18.2, 'wd': 0.0, 'ws': 0.0, 'ws_scalar': 0.0}","{'gas': {'co': 18172, 'co2': 13279, 'no': 18173, 'no2': 18174, 'o3': 18175}, 'pm': {'pm1': 13254, 'pm10': 13256, 'pm25': 13255}}",1.14,30.59,14.95,3.35,4.59,3.58,722380287,60.1,MOD-00631,18.2,2026-07-05T04:36:03,2026-07-04T21:36:03,https://api.quant-aq.com/v1/devices/MOD-00631/data/722380086
306.65,540.36,"{'lat': None, 'lon': None}","{'rh': 60.0, 'temp': 18.3, 'wd': 0.0, 'ws': 0.0, 'ws_scalar': 0.0}","{'gas': {'co': 18172, 'co2': 13279, 'no': 18173, 'no2': 18174, 'o3': 18175}, 'pm': {'pm1': 13254, 'pm10': 13256, 'pm25': 13255}}",1.13,28.9,15.07,3.54,6.96,3.94,722377996,60.0,MOD-00631,18.3,2026-07-05T04:35:03,2026-07-04T21:35:03,https://api.quant-aq.com/v1/devices/MOD-00631/data/722377794
308.84,545.17,"{'lat': None, 'lon': None}","{'rh': 59.8, 'temp': 18.3, 'wd': 0.0, 'ws': 0.0, 'ws_scalar': 0.0}","{'gas': {'co': 18172, 'co2': 13279, 'no': 18173, 'no2': 18174, 'o3': 18175}, 'pm': {'pm1': 13254, 'pm10': 13256, 'pm25': 13255}}",1.11,28.89,15.08,3.58,7.32,3.88,722377994,59.8,MOD-00631,18.3,2026-07-05T04:34:03,2026-07-04T21:34:03,https://api.quant-aq.com/v1/devices/MOD-00631/data/722377793
311.04,539.15,"{'lat': None, 'lon': None}","{'rh': 59.6, 'temp': 18.3, 'wd': 0.0, 'ws': 0.0, 'ws_scalar': 0.0}","{'gas': {'co': 18172, 'co2': 13279, 'no': 18173, 'no2': 18174, 'o3': 18175}, 'pm': {'pm1': 13254, 'pm10': 13256, 'pm25': 13255}}",1.13,28.89,15.1,4.02,6.14,4.42,722377997,59.6,MOD-00631,18.3,2026-07-05T04:33:03,2026-07-04T21:33:03,https://api.quant-aq.com/v1/devices/MOD-00631/data/722377796
301.74,542.04,"{'lat': None, 'lon': None}","{'rh': 59.4, 'temp': 18.3, 'wd': 0.0, 'ws': 0.0, 'ws_scalar': 0.0}","{'gas': {'co': 18172, 'co2': 13279, 'no': 18173, 'no2': 18174, 'o3': 18175}, 'pm': {'pm1': 13254, 'pm10': 13256, 'pm25': 13255}}",1.13,28.88,15.11,3.82,12.8,4.3,722377995,59.4,MOD-00631,18.3,2026-07-05T04:32:03,2026-07-04T21:32:03,https://api.quant-aq.com/v1/devices/MOD-00631/data/722377795
300.76,544.09,"{'lat': None, 'lon': None}","{'rh': 59.2, 'temp': 18.4, 'wd': 0.0, 'ws': 0.0, 'ws_scalar': 0.0}","{'gas': {'co': 18172, 'co2': 13279, 'no': 18173, 'no2': 18174, 'o3': 18175}, 'pm': {'pm1': 13254, 'pm10': 13256, 'pm25': 13255}}",1.12,26.76,15.7,4.26,6.04,4.66,722375727,59.2,MOD-00631,18.4,2026-07-05T04:31:03,2026-07-04T21:31:03,https://api.quant-aq.com/v1/devices/MOD-00631/data/722375527
302.49,541.44,"{'lat': None, 'lon': None}","{'rh': 58.5, 'temp': 18.4, 'wd': 0.0, 'ws': 0.0, 'ws_scalar': 0.0}","{'gas': {'co': 18172, 'co2': 13279, 'no': 18173, 'no2': 18174, 'o3': 18175}, 'pm': {'pm1': 13254, 'pm10': 13256, 'pm25': 13255}}",1.2,28.41,15.62,3.28,4.95,3.54,722375730,58.5,MOD-00631,18.4,2026-07-05T04:30:03,2026-07-04T21:30:03,https://api.quant-aq.com/v1/devices/MOD-00631/data/722375529
302.36,541.08,"{'lat': None, 'lon': None}","{'rh': 58.1, 'temp': 18.4, 'wd': 0.0, 'ws': 0.0, 'ws_scalar': 0.0}","{'gas': {'co': 18172, 'co2': 13279, 'no': 18173, 'no2': 18174, 'o3': 18175}, 'pm': {'pm1': 13254, 'pm10': 13256, 'pm25': 13255}}",1.12,19.9,15.94,3.22,4.64,3.54,722375728,58.1,MOD-00631,18.4,2026-07-05T04:29:03,2026-07-04T21:29:03,https://api.quant-aq.com/v1/devices/MOD-00631/data/722375526
293.93,541.08,"{'lat': None, 'lon': None}","{'rh': 58.0, 'temp': 18.5, 'wd': 0.0, 'ws': 0.0, 'ws_scalar': 0.0}","{'gas': {'co': 18172, 'co2': 13279, 'no': 18173, 'no2': 18174, 'o3': 18175}, 'pm': {'pm1': 13254, 'pm10': 13256, 'pm25': 13255}}",1.11,19.59,15.93,2.99,3.9,3.29,722375729,58.0,MOD-00631,18.5,2026-07-05T04:28:03,2026-07-04T21:28:03,https://api.quant-aq.com/v1/devices/MOD-00631/data/722375528
301.38,540.36,"{'lat': None, 'lon': None}","{'rh': 57.9, 'temp': 18.5, 'wd': 0.0, 'ws': 0.0, 'ws_scalar': 0.0}","{'gas': {'co': 18172, 'co2': 13279, 'no': 18173, 'no2': 18174, 'o3': 18175}, 'pm': {'pm1': 13254, 'pm10': 13256, 'pm25': 13255}}",1.14,21.75,15.24,3.14,6.34,3.54,722373575,57.9,MOD-00631,18.5,2026-07-05T04:27:03,2026-07-04T21:27:03,https://api.quant-aq.com/v1/devices/MOD-00631/data/722373374
298.99,539.27,"{'lat': None, 'lon': None}","{'rh': 57.8, 'temp': 18.5, 'wd': 0.0, 'ws': 0.0, 'ws_scalar': 0.0}","{'gas': {'co': 18172, 'co2': 13279, 'no': 18173, 'no2': 18174, 'o3': 18175}, 'pm': {'pm1': 13254, 'pm10': 13256, 'pm25': 13255}}",1.14,21.78,15.24,2.79,9.6,3.33,722373574,57.8,MOD-00631,18.5,2026-07-05T04:26:03,2026-07-04T21:26:03,https://api.quant-aq.com/v1/devices/MOD-00631/data/722373372
299.47,541.44,"{'lat': None, 'lon': None}","{'rh': 57.7, 'temp': 18.5, 'wd': 0.0, 'ws': 0.0, 'ws_scalar': 0.0}","{'gas': {'co': 18172, 'co2': 13279, 'no': 18173, 'no2': 18174, 'o3': 18175}, 'pm': {'pm1': 13254, 'pm10': 13256, 'pm25': 13255}}",1.1,21.8,14.8,2.82,3.7,3.04,722373573,57.7,MOD-00631,18.5,2026-07-05T04:25:03,2026-07-04T21:25:03,https://api.quant-aq.com/v1/devices/MOD-00631/data/722373373
305.39,537.95,"{'lat': None, 'lon': None}","{'rh': 57.6, 'temp': 18.6, 'wd': 0.0, 'ws': 0.0, 'ws_scalar': 0.0}","{'gas': {'co': 18172, 'co2': 13279, 'no': 18173, 'no2': 18174, 'o3': 18175}, 'pm': {'pm1': 13254, 'pm10': 13256, 'pm25': 13255}}",1.08,18.59,17.44,3.11,4.46,3.54,722373571,57.6,MOD-00631,18.6,2026-07-05T04:24:03,2026-07-04T21:24:03,https://api.quant-aq.com/v1/devices/MOD-00631/data/722373371
306.35,543.25,"{'lat': None, 'lon': None}","{'rh': 57.4, 'temp': 18.6, 'wd': 0.0, 'ws': 0.0, 'ws_scalar': 0.0}","{'gas': {'co': 18172, 'co2': 13279, 'no': 18173, 'no2': 18174, 'o3': 18175}, 'pm': {'pm1': 13254, 'pm10': 13256, 'pm25': 13255}}",1.14,22.73,15.14,3.41,4.32,3.69,722371344,57.4,MOD-00631,18.6,2026-07-05T04:23:03,2026-07-04T21:23:03,https://api.quant-aq.com/v1/devices/MOD-00631/data/722371144
312.65,545.66,"{'lat': None, 'lon': None}","{'rh': 57.2, 'temp': 18.6, 'wd': 0.0, 'ws': 0.0, 'ws_scalar': 0.0}","{'gas': {'co': 18172, 'co2': 13279, 'no': 18173, 'no2': 18174, 'o3': 18175}, 'pm': {'pm1': 13254, 'pm10': 13256, 'pm25': 13255}}",1.22,21.48,15.28,3.29,4.15,3.55,722371346,57.2,MOD-00631,18.6,2026-07-05T04:22:03,2026-07-04T21:22:03,https://api.quant-aq.com/v1/devices/MOD-00631/data/722371145
308.95,540.72,"{'lat': None, 'lon': None}","{'rh': 57.2, 'temp': 18.6, 'wd': 0.0, 'ws': 0.0, 'ws_scalar': 0.0}","{'gas': {'co': 18172, 'co2': 13279, 'no': 18173, 'no2': 18174, 'o3': 18175}, 'pm': {'pm1': 13254, 'pm10': 13256, 'pm25': 13255}}",1.1,24.28,15.94,3.67,9.4,4.04,722371345,57.2,MOD-00631,18.6,2026-07-05T04:21:03,2026-07-04T21:21:03,https://api.quant-aq.com/v1/devices/MOD-00631/data/722371143
307.16,540.24,"{'lat': None, 'lon': None}","{'rh': 57.0, 'temp': 18.7, 'wd': 0.0, 'ws': 0.0, 'ws_scalar': 0.0}","{'gas': {'co': 18172, 'co2': 13279, 'no': 18173, 'no2': 18174, 'o3': 18175}, 'pm': {'pm1': 13254, 'pm10': 13256, 'pm25': 13255}}",1.28,22.37,15.61,3.48,14.97,3.69,722371343,57.0,MOD-00631,18.7,2026-07-05T04:20:03,2026-07-04T21:20:03,https://api.quant-aq.com/v1/devices/MOD-00631/data/722371142
311.33,537.23,"{'lat': None, 'lon': None}","{'rh': 56.9, 'temp': 18.7, 'wd': 0.0, 'ws': 0.0, 'ws_scalar': 0.0}","{'gas': {'co': 18172, 'co2': 13279, 'no': 18173, 'no2': 18174, 'o3': 18175}, 'pm': {'pm1': 13254, 'pm10': 13256, 'pm25': 13255}}",1.35,21.15,16.2,3.68,6.9,4.05,722369162,56.9,MOD-00631,18.7,2026-07-05T04:19:03,2026-07-04T21:19:03,https://api.quant-aq.com/v1/devices/MOD-00631/data/722368960
297.79,533.85,"{'lat': None, 'lon': None}","{'rh': 56.9, 'temp': 18.7, 'wd': 0.0, 'ws': 0.0, 'ws_scalar': 0.0}","{'gas': {'co': 18172, 'co2': 13279, 'no': 18173, 'no2': 18174, 'o3': 18175}, 'pm': {'pm1': 13254, 'pm10': 13256, 'pm25': 13255}}",1.21,22.4,15.62,3.72,10.1,4.05,722369160,56.9,MOD-00631,18.7,2026-07-05T04:18:03,2026-07-04T21:18:03,https://api.quant-aq.com/v1/devices/MOD-00631/data/722368957
282.46,536.38,"{'lat': None, 'lon': None}","{'rh': 56.7, 'temp': 18.8, 'wd': 0.0, 'ws': 0.0, 'ws_scalar': 0.0}","{'gas': {'co': 18172, 'co2': 13279, 'no': 18173, 'no2': 18174, 'o3': 18175}, 'pm': {'pm1': 13254, 'pm10': 13256, 'pm25': 13255}}",1.08,17.71,16.24,4.24,10.66,4.51,722369163,56.7,MOD-00631,18.8,2026-07-05T04:17:03,2026-07-04T21:17:03,https://api.quant-aq.com/v1/devices/MOD-00631/data/722368962
312.47,539.75,"{'lat': None, 'lon': None}","{'rh': 56.6, 'temp': 18.8, 'wd': 0.0, 'ws': 0.0, 'ws_scalar': 0.0}","{'gas': {'co': 18172, 'co2': 13279, 'no': 18173, 'no2': 18174, 'o3': 18175}, 'pm': {'pm1': 13254, 'pm10': 13256, 'pm25': 13255}}",1.41,23.43,16.42,4.08,6.46,4.37,722369158,56.6,MOD-00631,18.8,2026-07-05T04:16:03,2026-07-04T21:16:03,https://api.quant-aq.com/v1/devices/MOD-00631/data/722368958
283.69,536.5,"{'lat': None, 'lon': None}","{'rh': 56.7, 'temp': 18.8, 'wd': 0.0, 'ws': 0.0, 'ws_scalar': 0.0}","{'gas': {'co': 18172, 'co2': 13279, 'no': 18173, 'no2': 18174, 'o3': 18175}, 'pm': {'pm1': 13254, 'pm10': 13256, 'pm25': 13255}}",1.13,20.81,17.12,3.16,4.0,3.36,722366962,56.7,MOD-00631,18.8,2026-07-05T04:15:03,2026-07-04T21:15:03,https://api.quant-aq.com/v1/devices/MOD-00631/data/722366761
289.02,534.58,"{'lat': None, 'lon': None}","{'rh': 56.7, 'temp': 18.8, 'wd': 0.0, 'ws': 0.0, 'ws_scalar': 0.0}","{'gas': {'co': 18172, 'co2': 13279, 'no': 18173, 'no2': 18174, 'o3': 18175}, 'pm': {'pm1': 13254, 'pm10': 13256, 'pm25': 13255}}",1.13,18.3,17.03,3.28,8.09,3.64,722366963,56.7,MOD-00631,18.8,2026-07-05T04:14:03,2026-07-04T21:14:03,https://api.quant-aq.com/v1/devices/MOD-00631/data/722366762
279.22,530.72,"{'lat': None, 'lon': None}","{'rh': 56.8, 'temp': 18.9, 'wd': 0.0, 'ws': 0.0, 'ws_scalar': 0.0}","{'gas': {'co': 18172, 'co2': 13279, 'no': 18173, 'no2': 18174, 'o3': 18175}, 'pm': {'pm1': 13254, 'pm10': 13256, 'pm25': 13255}}",1.03,18.05,17.47,3.67,6.47,3.99,722366964,56.8,MOD-00631,18.9,2026-07-05T04:13:03,2026-07-04T21:13:03,https://api.quant-aq.com/v1/devices/MOD-00631/data/722366763
276.76,534.94,"{'lat': None, 'lon': None}","{'rh': 56.8, 'temp': 18.9, 'wd': 0.0, 'ws': 0.0, 'ws_scalar': 0.0}","{'gas': {'co': 18172, 'co2': 13279, 'no': 18173, 'no2': 18174, 'o3': 18175}, 'pm': {'pm1': 13254, 'pm10': 13256, 'pm25': 13255}}",1.12,21.51,16.97,3.72,6.03,4.11,722366961,56.8,MOD-00631,18.9,2026-07-05T04:12:03,2026-07-04T21:12:03,https://api.quant-aq.com/v1/devices/MOD-00631/data/722366760
282.23,536.02,"{'lat': None, 'lon': None}","{'rh': 56.6, 'temp': 18.9, 'wd': 0.0, 'ws': 0.0, 'ws_scalar': 0.0}","{'gas': {'co': 18172, 'co2': 13279, 'no': 18173, 'no2': 18174, 'o3': 18175}, 'pm': {'pm1': 13254, 'pm10': 13256, 'pm25': 13255}}",1.05,20.47,16.2,3.27,5.94,3.72,722364736,56.6,MOD-00631,18.9,2026-07-05T04:11:03,2026-07-04T21:11:03,https://api.quant-aq.com/v1/devices/MOD-00631/data/722364534
286.92,532.41,"{'lat': None, 'lon': None}","{'rh': 56.5, 'temp': 19.0, 'wd': 0.0, 'ws': 0.0, 'ws_scalar': 0.0}","{'gas': {'co': 18172, 'co2': 13279, 'no': 18173, 'no2': 18174, 'o3': 18175}, 'pm': {'pm1': 13254, 'pm10': 13256, 'pm25': 13255}}",1.03,21.2,16.53,3.19,5.42,3.63,722364733,56.5,MOD-00631,19.0,2026-07-05T04:10:03,2026-07-04T21:10:03,https://api.quant-aq.com/v1/devices/MOD-00631/data/722364533
283.65,535.18,"{'lat': None, 'lon': None}","{'rh': 55.9, 'temp': 19.0, 'wd': 0.0, 'ws': 0.0, 'ws_scalar': 0.0}","{'gas': {'co': 18172, 'co2': 13279, 'no': 18173, 'no2': 18174, 'o3': 18175}, 'pm': {'pm1': 13254, 'pm10': 13256, 'pm25': 13255}}",1.03,19.45,15.91,3.25,7.99,3.62,722364734,55.9,MOD-00631,19.0,2026-07-05T04:09:03,2026-07-04T21:09:03,https://api.quant-aq.com/v1/devices/MOD-00631/data/722364532
289.88,533.61,"{'lat': None, 'lon': None}","{'rh': 55.8, 'temp': 19.0, 'wd': 0.0, 'ws': 0.0, 'ws_scalar': 0.0}","{'gas': {'co': 18172, 'co2': 13279, 'no': 18173, 'no2': 18174, 'o3': 18175}, 'pm': {'pm1': 13254, 'pm10': 13256, 'pm25': 13255}}",1.27,19.48,16.83,3.47,4.4,3.76,722364735,55.8,MOD-00631,19.0,2026-07-05T04:08:03,2026-07-04T21:08:03,https://api.quant-aq.com/v1/devices/MOD-00631/data/722364535
290.47,534.33,"{'lat': None, 'lon': None}","{'rh': 55.7, 'temp': 19.1, 'wd': 0.0, 'ws': 0.0, 'ws_scalar': 0.0}","{'gas': {'co': 18172, 'co2': 13279, 'no': 18173, 'no2': 18174, 'o3': 18175}, 'pm': {'pm1': 13254, 'pm10': 13256, 'pm25': 13255}}",1.06,21.13,15.21,3.17,4.37,3.33,722362498,55.7,MOD-00631,19.1,2026-07-05T04:07:03,2026-07-04T21:07:03,https://api.quant-aq.com/v1/devices/MOD-00631/data/722362297
279.87,533.49,"{'lat': None, 'lon': None}","{'rh': 55.6, 'temp': 19.1, 'wd': 0.0, 'ws': 0.0, 'ws_scalar': 0.0}","{'gas': {'co': 18172, 'co2': 13279, 'no': 18173, 'no2': 18174, 'o3': 18175}, 'pm': {'pm1': 13254, 'pm10': 13256, 'pm25': 13255}}",1.06,17.92,16.62,2.85,4.38,3.25,722362497,55.6,MOD-00631,19.1,2026-07-05T04:06:03,2026-07-04T21:06:03,https://api.quant-aq.com/v1/devices/MOD-00631/data/722362296
279.53,529.64,"{'lat': None, 'lon': None}","{'rh': 55.5, 'temp': 19.1, 'wd': 0.0, 'ws': 0.0, 'ws_scalar': 0.0}","{'gas': {'co': 18172, 'co2': 13279, 'no': 18173, 'no2': 18174, 'o3': 18175}, 'pm': {'pm1': 13254, 'pm10': 13256, 'pm25': 13255}}",1.2,19.3,15.92,2.92,5.1,3.22,722362499,55.5,MOD-00631,19.1,2026-07-05T04:05:03,2026-07-04T21:05:03,https://api.quant-aq.com/v1/devices/MOD-00631/data/722362298
276.77,536.74,"{'lat': None, 'lon': None}","{'rh': 55.5, 'temp': 19.2, 'wd': 0.0, 'ws': 0.0, 'ws_scalar': 0.0}","{'gas': {'co': 18172, 'co2': 13279, 'no': 18173, 'no2': 18174, 'o3': 18175}, 'pm': {'pm1': 13254, 'pm10': 13256, 'pm25': 13255}}",1.05,19.84,16.7,3.14,4.65,3.41,722362500,55.5,MOD-00631,19.2,2026-07-05T04:04:03,2026-07-04T21:04:03,https://api.quant-aq.com/v1/devices/MOD-00631/data/722362299
279.72,532.17,"{'lat': None, 'lon': None}","{'rh': 55.4, 'temp': 19.2, 'wd': 0.0, 'ws': 0.0, 'ws_scalar': 0.0}","{'gas': {'co': 18172, 'co2': 13279, 'no': 18173, 'no2': 18174, 'o3': 18175}, 'pm': {'pm1': 13254, 'pm10': 13256, 'pm25': 13255}}",1.12,17.78,16.17,3.2,4.72,3.57,722360314,55.4,MOD-00631,19.2,2026-07-05T04:03:03,2026-07-04T21:03:03,https://api.quant-aq.com/v1/devices/MOD-00631/data/722360113
281.88,532.05,"{'lat': None, 'lon': None}","{'rh': 55.4, 'temp': 19.3, 'wd': 0.0, 'ws': 0.0, 'ws_scalar': 0.0}","{'gas': {'co': 18172, 'co2': 13279, 'no': 18173, 'no2': 18174, 'o3': 18175}, 'pm': {'pm1': 13254, 'pm10': 13256, 'pm25': 13255}}",1.1,18.79,15.45,3.18,4.2,3.47,722360313,55.4,MOD-00631,19.3,2026-07-05T04:02:03,2026-07-04T21:02:03,https://api.quant-aq.com/v1/devices/MOD-00631/data/722360112
277.1,532.53,"{'lat': None, 'lon': None}","{'rh': 55.2, 'temp': 19.3, 'wd': 0.0, 'ws': 0.0, 'ws_scalar': 0.0}","{'gas': {'co': 18172, 'co2': 13279, 'no': 18173, 'no2': 18174, 'o3': 18175}, 'pm': {'pm1': 13254, 'pm10': 13256, 'pm25': 13255}}",0.98,18.86,15.92,2.65,3.76,3.05,722360311,55.2,MOD-00631,19.3,2026-07-05T04:01:03,2026-07-04T21:01:03,https://api.quant-aq.com/v1/devices/MOD-00631/data/722360110
272.73,534.09,"{'lat': None, 'lon': None}","{'rh': 55.0, 'temp': 19.3, 'wd': 0.0, 'ws': 0.0, 'ws_scalar': 0.0}","{'gas': {'co': 18172, 'co2': 13279, 'no': 18173, 'no2': 18174, 'o3': 18175}, 'pm': {'pm1': 13254, 'pm10': 13256, 'pm25': 13255}}",1.05,21.84,16.94,3.18,4.16,3.41,722360312,55.0,MOD-00631,19.3,2026-07-05T04:00:03,2026-07-04T21:00:03,https://api.quant-aq.com/v1/devices/MOD-00631/data/722360111
277.56,528.91,"{'lat': None, 'lon': None}","{'rh': 54.7, 'temp': 19.4, 'wd': 0.0, 'ws': 0.0, 'ws_scalar': 0.0}","{'gas': {'co': 18172, 'co2': 13279, 'no': 18173, 'no2': 18174, 'o3': 18175}, 'pm': {'pm1': 13254, 'pm10': 13256, 'pm25': 13255}}",1.12,18.79,17.32,3.02,5.89,3.44,722358070,54.7,MOD-00631,19.4,2026-07-05T03:59:03,2026-07-04T20:59:03,https://api.quant-aq.com/v1/devices/MOD-00631/data/722357869
281.46,529.28,"{'lat': None, 'lon': None}","{'rh': 54.4, 'temp': 19.4, 'wd': 0.0, 'ws': 0.0, 'ws_scalar': 0.0}","{'gas': {'co': 18172, 'co2': 13279, 'no': 18173, 'no2': 18174, 'o3': 18175}, 'pm': {'pm1': 13254, 'pm10': 13256, 'pm25': 13255}}",1.2,18.24,17.46,2.72,7.33,3.09,722358072,54.4,MOD-00631,19.4,2026-07-05T03:58:03,2026-07-04T20:58:03,https://api.quant-aq.com/v1/devices/MOD-00631/data/722357870
285.56,530.24,"{'lat': None, 'lon': None}","{'rh': 54.4, 'temp': 19.4, 'wd': 0.0, 'ws': 0.0, 'ws_scalar': 0.0}","{'gas': {'co': 18172, 'co2': 13279, 'no': 18173, 'no2': 18174, 'o3': 18175}, 'pm': {'pm1': 13254, 'pm10': 13256, 'pm25': 13255}}",1.2,18.24,16.55,3.35,5.66,3.61,722358071,54.4,MOD-00631,19.4,2026-07-05T03:57:03,2026-07-04T20:57:03,https://api.quant-aq.com/v1/devices/MOD-00631/data/722357871
283.69,531.68,"{'lat': None, 'lon': None}","{'rh': 54.3, 'temp': 19.5, 'wd': 0.0, 'ws': 0.0, 'ws_scalar': 0.0}","{'gas': {'co': 18172, 'co2': 13279, 'no': 18173, 'no2': 18174, 'o3': 18175}, 'pm': {'pm1': 13254, 'pm10': 13256, 'pm25': 13255}}",1.29,20.35,15.72,3.2,4.56,3.45,722358069,54.3,MOD-00631,19.5,2026-07-05T03:56:03,2026-07-04T20:56:03,https://api.quant-aq.com/v1/devices/MOD-00631/data/722357868
280.55,534.82,"{'lat': None, 'lon': None}","{'rh': 54.1, 'temp': 19.5, 'wd': 0.0, 'ws': 0.0, 'ws_scalar': 0.0}","{'gas': {'co': 18172, 'co2': 13279, 'no': 18173, 'no2': 18174, 'o3': 18175}, 'pm': {'pm1': 13254, 'pm10': 13256, 'pm25': 13255}}",1.17,17.1,16.81,3.17,7.22,3.39,722355834,54.1,MOD-00631,19.5,2026-07-05T03:55:03,2026-07-04T20:55:03,https://api.quant-aq.com/v1/devices/MOD-00631/data/722355633
281.55,529.64,"{'lat': None, 'lon': None}","{'rh': 54.0, 'temp': 19.6, 'wd': 0.0, 'ws': 0.0, 'ws_scalar': 0.0}","{'gas': {'co': 18172, 'co2': 13279, 'no': 18173, 'no2': 18174, 'o3': 18175}, 'pm': {'pm1': 13254, 'pm10': 13256, 'pm25': 13255}}",1.18,21.22,16.06,3.02,5.13,3.37,722355833,54.0,MOD-00631,19.6,2026-07-05T03:54:03,2026-07-04T20:54:03,https://api.quant-aq.com/v1/devices/MOD-00631/data/722355634
277.59,528.55,"{'lat': None, 'lon': None}","{'rh': 53.8, 'temp': 19.6, 'wd': 0.0, 'ws': 0.0, 'ws_scalar': 0.0}","{'gas': {'co': 18172, 'co2': 13279, 'no': 18173, 'no2': 18174, 'o3': 18175}, 'pm': {'pm1': 13254, 'pm10': 13256, 'pm25': 13255}}",1.0,18.65,16.9,3.03,4.58,3.35,722355831,53.8,MOD-00631,19.6,2026-07-05T03:53:03,2026-07-04T20:53:03,https://api.quant-aq.com/v1/devices/MOD-00631/data/722355630
272.4,528.55,"{'lat': None, 'lon': None}","{'rh': 53.6, 'temp': 19.6, 'wd': 0.0, 'ws': 0.0, 'ws_scalar': 0.0}","{'gas': {'co': 18172, 'co2': 13279, 'no': 18173, 'no2': 18174, 'o3': 18175}, 'pm': {'pm1': 13254, 'pm10': 13256, 'pm25': 13255}}",1.17,19.5,16.79,3.08,6.89,3.31,722355832,53.6,MOD-00631,19.6,2026-07-05T03:52:03,2026-07-04T20:52:03,https://api.quant-aq.com/v1/devices/MOD-00631/data/722355632
273.81,528.07,"{'lat': None, 'lon': None}","{'rh': 53.5, 'temp': 19.7, 'wd': 0.0, 'ws': 0.0, 'ws_scalar': 0.0}","{'gas': {'co': 18172, 'co2': 13279, 'no': 18173, 'no2': 18174, 'o3': 18175}, 'pm': {'pm1': 13254, 'pm10': 13256, 'pm25': 13255}}",0.95,16.54,18.32,3.2,4.13,3.51,722353629,53.5,MOD-00631,19.7,2026-07-05T03:51:03,2026-07-04T20:51:03,https://api.quant-aq.com/v1/devices/MOD-00631/data/722353429
265.68,527.71,"{'lat': None, 'lon': None}","{'rh': 53.4, 'temp': 19.7, 'wd': 0.0, 'ws': 0.0, 'ws_scalar': 0.0}","{'gas': {'co': 18172, 'co2': 13279, 'no': 18173, 'no2': 18174, 'o3': 18175}, 'pm': {'pm1': 13254, 'pm10': 13256, 'pm25': 13255}}",1.13,20.2,16.22,3.65,5.11,4.11,722353630,53.4,MOD-00631,19.7,2026-07-05T03:50:03,2026-07-04T20:50:03,https://api.quant-aq.com/v1/devices/MOD-00631/data/722353428
268.55,531.56,"{'lat': None, 'lon': None}","{'rh': 53.4, 'temp': 19.7, 'wd': 0.0, 'ws': 0.0, 'ws_scalar': 0.0}","{'gas': {'co': 18172, 'co2': 13279, 'no': 18173, 'no2': 18174, 'o3': 18175}, 'pm': {'pm1': 13254, 'pm10': 13256, 'pm25': 13255}}",1.01,15.82,19.03,3.4,5.54,3.71,722353628,53.4,MOD-00631,19.7,2026-07-05T03:49:03,2026-07-04T20:49:03,https://api.quant-aq.com/v1/devices/MOD-00631/data/722353427
271.56,529.76,"{'lat': None, 'lon': None}","{'rh': 53.2, 'temp': 19.7, 'wd': 0.0, 'ws': 0.0, 'ws_scalar': 0.0}","{'gas': {'co': 18172, 'co2': 13279, 'no': 18173, 'no2': 18174, 'o3': 18175}, 'pm': {'pm1': 13254, 'pm10': 13256, 'pm25': 13255}}",1.24,18.04,18.43,3.21,3.82,3.47,722353631,53.2,MOD-00631,19.7,2026-07-05T03:48:03,2026-07-04T20:48:03,https://api.quant-aq.com/v1/devices/MOD-00631/data/722353430
269.69,527.23,"{'lat': None, 'lon': None}","{'rh': 53.1, 'temp': 19.8, 'wd': 0.0, 'ws': 0.0, 'ws_scalar': 0.0}","{'gas': {'co': 18172, 'co2': 13279, 'no': 18173, 'no2': 18174, 'o3': 18175}, 'pm': {'pm1': 13254, 'pm10': 13256, 'pm25': 13255}}",1.08,16.12,18.46,3.32,7.59,3.59,722351445,53.1,MOD-00631,19.8,2026-07-05T03:47:03,2026-07-04T20:47:03,https://api.quant-aq.com/v1/devices/MOD-00631/data/722351244
273.04,526.75,"{'lat': None, 'lon': None}","{'rh': 53.0, 'temp': 19.8, 'wd': 0.0, 'ws': 0.0, 'ws_scalar': 0.0}","{'gas': {'co': 18172, 'co2': 13279, 'no': 18173, 'no2': 18174, 'o3': 18175}, 'pm': {'pm1': 13254, 'pm10': 13256, 'pm25': 13255}}",1.2,19.25,17.73,2.95,8.38,3.36,722351443,53.0,MOD-00631,19.8,2026-07-05T03:46:03,2026-07-04T20:46:03,https://api.quant-aq.com/v1/devices/MOD-00631/data/722351242
284.6,526.26,"{'lat': None, 'lon': None}","{'rh': 52.9, 'temp': 19.8, 'wd': 0.0, 'ws': 0.0, 'ws_scalar': 0.0}","{'gas': {'co': 18172, 'co2': 13279, 'no': 18173, 'no2': 18174, 'o3': 18175}, 'pm': {'pm1': 13254, 'pm10': 13256, 'pm25': 13255}}",1.32,18.57,16.95,3.12,15.69,3.45,722351444,52.9,MOD-00631,19.8,2026-07-05T03:45:03,2026-07-04T20:45:03,https://api.quant-aq.com/v1/devices/MOD-00631/data/722351243
274.6,527.95,"{'lat': None, 'lon': None}","{'rh': 52.7, 'temp': 19.9, 'wd': 0.0, 'ws': 0.0, 'ws_scalar': 0.0}","{'gas': {'co': 18172, 'co2': 13279, 'no': 18173, 'no2': 18174, 'o3': 18175}, 'pm': {'pm1': 13254, 'pm10': 13256, 'pm25': 13255}}",1.09,17.83,17.53,3.4,6.01,3.74,722351446,52.7,MOD-00631,19.9,2026-07-05T03:44:03,2026-07-04T20:44:03,https://api.quant-aq.com/v1/devices/MOD-00631/data/722351245
263.93,522.53,"{'lat': None, 'lon': None}","{'rh': 52.7, 'temp': 19.9, 'wd': 0.0, 'ws': 0.0, 'ws_scalar': 0.0}","{'gas': {'co': 18172, 'co2': 13279, 'no': 18173, 'no2': 18174, 'o3': 18175}, 'pm': {'pm1': 13254, 'pm10': 13256, 'pm25': 13255}}",0.98,16.87,19.14,3.41,4.6,3.68,722349251,52.7,MOD-00631,19.9,2026-07-05T03:43:03,2026-07-04T20:43:03,https://api.quant-aq.com/v1/devices/MOD-00631/data/722349050
266.94,526.87,"{'lat': None, 'lon': None}","{'rh': 52.5, 'temp': 19.9, 'wd': 0.0, 'ws': 0.0, 'ws_scalar': 0.0}","{'gas': {'co': 18172, 'co2': 13279, 'no': 18173, 'no2': 18174, 'o3': 18175}, 'pm': {'pm1': 13254, 'pm10': 13256, 'pm25': 13255}}",1.09,19.24,16.84,3.47,4.71,3.86,722349253,52.5,MOD-00631,19.9,2026-07-05T03:42:03,2026-07-04T20:42:03,https://api.quant-aq.com/v1/devices/MOD-00631/data/722349051
254.82,524.58,"{'lat': None, 'lon': None}","{'rh': 52.4, 'temp': 20.0, 'wd': 0.0, 'ws': 0.0, 'ws_scalar': 0.0}","{'gas': {'co': 18172, 'co2': 13279, 'no': 18173, 'no2': 18174, 'o3': 18175}, 'pm': {'pm1': 13254, 'pm10': 13256, 'pm25': 13255}}",1.05,16.04,18.03,2.81,12.09,3.15,722349250,52.4,MOD-00631,20.0,2026-07-05T03:41:03,2026-07-04T20:41:03,https://api.quant-aq.com/v1/devices/MOD-00631/data/722349049
276.22,525.78,"{'lat': None, 'lon': None}","{'rh': 52.3, 'temp': 20.0, 'wd': 0.0, 'ws': 0.0, 'ws_scalar': 0.0}","{'gas': {'co': 18172, 'co2': 13279, 'no': 18173, 'no2': 18174, 'o3': 18175}, 'pm': {'pm1': 13254, 'pm10': 13256, 'pm25': 13255}}",0.99,18.39,17.88,3.21,3.67,3.48,722349252,52.3,MOD-00631,20.0,2026-07-05T03:40:03,2026-07-04T20:40:03,https://api.quant-aq.com/v1/devices/MOD-00631/data/722349052
261.45,528.07,"{'lat': None, 'lon': None}","{'rh': 52.3, 'temp': 20.0, 'wd': 0.0, 'ws': 0.0, 'ws_scalar': 0.0}","{'gas': {'co': 18172, 'co2': 13279, 'no': 18173, 'no2': 18174, 'o3': 18175}, 'pm': {'pm1': 13254, 'pm10': 13256, 'pm25': 13255}}",1.05,16.06,19.41,3.24,5.42,3.49,722347053,52.3,MOD-00631,20.0,2026-07-05T03:39:03,2026-07-04T20:39:03,https://api.quant-aq.com/v1/devices/MOD-00631/data/722346852
276.81,525.3,"{'lat': None, 'lon': None}","{'rh': 52.2, 'temp': 20.1, 'wd': 0.0, 'ws': 0.0, 'ws_scalar': 0.0}","{'gas': {'co': 18172, 'co2': 13279, 'no': 18173, 'no2': 18174, 'o3': 18175}, 'pm': {'pm1': 13254, 'pm10': 13256, 'pm25': 13255}}",1.06,19.68,15.8,3.48,8.89,3.69,722347051,52.2,MOD-00631,20.1,2026-07-05T03:38:03,2026-07-04T20:38:03,https://api.quant-aq.com/v1/devices/MOD-00631/data/722346848
269.09,528.79,"{'lat': None, 'lon': None}","{'rh': 52.1, 'temp': 20.1, 'wd': 0.0, 'ws': 0.0, 'ws_scalar': 0.0}","{'gas': {'co': 18172, 'co2': 13279, 'no': 18173, 'no2': 18174, 'o3': 18175}, 'pm': {'pm1': 13254, 'pm10': 13256, 'pm25': 13255}}",0.71,17.68,17.09,3.94,6.69,4.23,722347049,52.1,MOD-00631,20.1,2026-07-05T03:37:03,2026-07-04T20:37:03,https://api.quant-aq.com/v1/devices/MOD-00631/data/722346850
270.12,529.76,"{'lat': None, 'lon': None}","{'rh': 51.8, 'temp': 20.1, 'wd': 0.0, 'ws': 0.0, 'ws_scalar': 0.0}","{'gas': {'co': 18172, 'co2': 13279, 'no': 18173, 'no2': 18174, 'o3': 18175}, 'pm': {'pm1': 13254, 'pm10': 13256, 'pm25': 13255}}",1.17,18.4,17.45,3.67,8.78,3.96,722347046,51.8,MOD-00631,20.1,2026-07-05T03:36:03,2026-07-04T20:36:03,https://api.quant-aq.com/v1/devices/MOD-00631/data/722346845
264.08,527.83,"{'lat': None, 'lon': None}","{'rh': 51.8, 'temp': 20.2, 'wd': 0.0, 'ws': 0.0, 'ws_scalar': 0.0}","{'gas': {'co': 18172, 'co2': 13279, 'no': 18173, 'no2': 18174, 'o3': 18175}, 'pm': {'pm1': 13254, 'pm10': 13256, 'pm25': 13255}}",0.96,15.58,18.63,3.71,8.63,4.04,722344830,51.8,MOD-00631,20.2,2026-07-05T03:35:03,2026-07-04T20:35:03,https://api.quant-aq.com/v1/devices/MOD-00631/data/722344628
271.05,525.66,"{'lat': None, 'lon': None}","{'rh': 51.8, 'temp': 20.2, 'wd': 0.0, 'ws': 0.0, 'ws_scalar': 0.0}","{'gas': {'co': 18172, 'co2': 13279, 'no': 18173, 'no2': 18174, 'o3': 18175}, 'pm': {'pm1': 13254, 'pm10': 13256, 'pm25': 13255}}",0.96,16.3,17.47,3.36,8.23,3.6,722344827,51.8,MOD-00631,20.2,2026-07-05T03:34:03,2026-07-04T20:34:03,https://api.quant-aq.com/v1/devices/MOD-00631/data/722344626
261.83,527.35,"{'lat': None, 'lon': None}","{'rh': 51.5, 'temp': 20.2, 'wd': 0.0, 'ws': 0.0, 'ws_scalar': 0.0}","{'gas': {'co': 18172, 'co2': 13279, 'no': 18173, 'no2': 18174, 'o3': 18175}, 'pm': {'pm1': 13254, 'pm10': 13256, 'pm25': 13255}}",0.89,19.01,16.42,3.28,3.69,3.49,722344829,51.5,MOD-00631,20.2,2026-07-05T03:33:03,2026-07-04T20:33:03,https://api.quant-aq.com/v1/devices/MOD-00631/data/722344631
259.21,526.26,"{'lat': None, 'lon': None}","{'rh': 51.3, 'temp': 20.3, 'wd': 0.0, 'ws': 0.0, 'ws_scalar': 0.0}","{'gas': {'co': 18172, 'co2': 13279, 'no': 18173, 'no2': 18174, 'o3': 18175}, 'pm': {'pm1': 13254, 'pm10': 13256, 'pm25': 13255}}",0.79,16.7,17.83,3.66,6.51,3.98,722344828,51.3,MOD-00631,20.3,2026-07-05T03:32:03,2026-07-04T20:32:03,https://api.quant-aq.com/v1/devices/MOD-00631/data/722344630
273.63,521.57,"{'lat': None, 'lon': None}","{'rh': 51.2, 'temp': 20.3, 'wd': 0.0, 'ws': 0.0, 'ws_scalar': 0.0}","{'gas': {'co': 18172, 'co2': 13279, 'no': 18173, 'no2': 18174, 'o3': 18175}, 'pm': {'pm1': 13254, 'pm10': 13256, 'pm25': 13255}}",0.73,14.93,18.91,3.18,7.4,3.54,722342632,51.2,MOD-00631,20.3,2026-07-05T03:31:03,2026-07-04T20:31:03,https://api.quant-aq.com/v1/devices/MOD-00631/data/722342431
277.32,525.18,"{'lat': None, 'lon': None}","{'rh': 51.2, 'temp': 20.3, 'wd': 0.0, 'ws': 0.0, 'ws_scalar': 0.0}","{'gas': {'co': 18172, 'co2': 13279, 'no': 18173, 'no2': 18174, 'o3': 18175}, 'pm': {'pm1': 13254, 'pm10': 13256, 'pm25': 13255}}",1.02,16.32,17.96,3.23,10.25,3.49,722342634,51.2,MOD-00631,20.3,2026-07-05T03:30:03,2026-07-04T20:30:03,https://api.quant-aq.com/v1/devices/MOD-00631/data/722342432
278.25,528.91,"{'lat': None, 'lon': None}","{'rh': 51.2, 'temp': 20.4, 'wd': 0.0, 'ws': 0.0, 'ws_scalar': 0.0}","{'gas': {'co': 18172, 'co2': 13279, 'no': 18173, 'no2': 18174, 'o3': 18175}, 'pm': {'pm1': 13254, 'pm10': 13256, 'pm25': 13255}}",0.8,18.69,16.88,3.75,4.6,3.92,722342633,51.2,MOD-00631,20.4,2026-07-05T03:29:03,2026-07-04T20:29:03,https://api.quant-aq.com/v1/devices/MOD-00631/data/722342433
274.7,526.14,"{'lat': None, 'lon': None}","{'rh': 51.0, 'temp': 20.4, 'wd': 0.0, 'ws': 0.0, 'ws_scalar': 0.0}","{'gas': {'co': 18172, 'co2': 13279, 'no': 18173, 'no2': 18174, 'o3': 18175}, 'pm': {'pm1': 13254, 'pm10': 13256, 'pm25': 13255}}",0.92,15.53,18.21,3.71,4.64,3.88,722342635,51.0,MOD-00631,20.4,2026-07-05T03:28:03,2026-07-04T20:28:03,https://api.quant-aq.com/v1/devices/MOD-00631/data/722342434
260.9,521.69,"{'lat': None, 'lon': None}","{'rh': 50.8, 'temp': 20.4, 'wd': 0.0, 'ws': 0.0, 'ws_scalar': 0.0}","{'gas': {'co': 18172, 'co2': 13279, 'no': 18173, 'no2': 18174, 'o3': 18175}, 'pm': {'pm1': 13254, 'pm10': 13256, 'pm25': 13255}}",0.91,17.14,18.19,3.52,4.65,3.86,722340436,50.8,MOD-00631,20.4,2026-07-05T03:27:03,2026-07-04T20:27:03,https://api.quant-aq.com/v1/devices/MOD-00631/data/722340235
264.32,525.54,"{'lat': None, 'lon': None}","{'rh': 50.6, 'temp': 20.4, 'wd': 0.0, 'ws': 0.0, 'ws_scalar': 0.0}","{'gas': {'co': 18172, 'co2': 13279, 'no': 18173, 'no2': 18174, 'o3': 18175}, 'pm': {'pm1': 13254, 'pm10': 13256, 'pm25': 13255}}",0.73,15.62,18.7,3.58,4.58,3.89,722340439,50.6,MOD-00631,20.4,2026-07-05T03:26:03,2026-07-04T20:26:03,https://api.quant-aq.com/v1/devices/MOD-00631/data/722340238
273.87,522.77,"{'lat': None, 'lon': None}","{'rh': 50.6, 'temp': 20.5, 'wd': 0.0, 'ws': 0.0, 'ws_scalar': 0.0}","{'gas': {'co': 18172, 'co2': 13279, 'no': 18173, 'no2': 18174, 'o3': 18175}, 'pm': {'pm1': 13254, 'pm10': 13256, 'pm25': 13255}}",0.87,16.62,18.77,3.44,3.87,3.63,722340438,50.6,MOD-00631,20.5,2026-07-05T03:25:03,2026-07-04T20:25:03,https://api.quant-aq.com/v1/devices/MOD-00631/data/722340237
278.38,523.25,"{'lat': None, 'lon': None}","{'rh': 50.6, 'temp': 20.5, 'wd': 0.0, 'ws': 0.0, 'ws_scalar': 0.0}","{'gas': {'co': 18172, 'co2': 13279, 'no': 18173, 'no2': 18174, 'o3': 18175}, 'pm': {'pm1': 13254, 'pm10': 13256, 'pm25': 13255}}",0.87,16.22,17.07,3.22,3.74,3.5,722340437,50.6,MOD-00631,20.5,2026-07-05T03:24:03,2026-07-04T20:24:03,https://api.quant-aq.com/v1/devices/MOD-00631/data/722340236
269.84,525.66,"{'lat': None, 'lon': None}","{'rh': 50.5, 'temp': 20.5, 'wd': 0.0, 'ws': 0.0, 'ws_scalar': 0.0}","{'gas': {'co': 18172, 'co2': 13279, 'no': 18173, 'no2': 18174, 'o3': 18175}, 'pm': {'pm1': 13254, 'pm10': 13256, 'pm25': 13255}}",0.81,15.88,17.66,3.69,5.7,3.94,722338241,50.5,MOD-00631,20.5,2026-07-05T03:23:03,2026-07-04T20:23:03,https://api.quant-aq.com/v1/devices/MOD-00631/data/722338040
267.29,521.93,"{'lat': None, 'lon': None}","{'rh': 50.2, 'temp': 20.6, 'wd': 0.0, 'ws': 0.0, 'ws_scalar': 0.0}","{'gas': {'co': 18172, 'co2': 13279, 'no': 18173, 'no2': 18174, 'o3': 18175}, 'pm': {'pm1': 13254, 'pm10': 13256, 'pm25': 13255}}",0.7,18.1,17.51,3.77,4.64,4.06,722338239,50.2,MOD-00631,20.6,2026-07-05T03:22:03,2026-07-04T20:22:03,https://api.quant-aq.com/v1/devices/MOD-00631/data/722338039
268.11,524.82,"{'lat': None, 'lon': None}","{'rh': 50.2, 'temp': 20.6, 'wd': 0.0, 'ws': 0.0, 'ws_scalar': 0.0}","{'gas': {'co': 18172, 'co2': 13279, 'no': 18173, 'no2': 18174, 'o3': 18175}, 'pm': {'pm1': 13254, 'pm10': 13256, 'pm25': 13255}}",0.76,17.04,17.75,3.65,8.11,3.87,722338237,50.2,MOD-00631,20.6,2026-07-05T03:21:03,2026-07-04T20:21:03,https://api.quant-aq.com/v1/devices/MOD-00631/data/722338037
262.36,522.41,"{'lat': None, 'lon': None}","{'rh': 50.2, 'temp': 20.6, 'wd': 0.0, 'ws': 0.0, 'ws_scalar': 0.0}","{'gas': {'co': 18172, 'co2': 13279, 'no': 18173, 'no2': 18174, 'o3': 18175}, 'pm': {'pm1': 13254, 'pm10': 13256, 'pm25': 13255}}",0.76,16.2,18.46,3.51,4.92,3.67,722338238,50.2,MOD-00631,20.6,2026-07-05T03:20:03,2026-07-04T20:20:03,https://api.quant-aq.com/v1/devices/MOD-00631/data/722338036
282.71,523.37,"{'lat': None, 'lon': None}","{'rh': 50.0, 'temp': 20.7, 'wd': 0.0, 'ws': 0.0, 'ws_scalar': 0.0}","{'gas': {'co': 18172, 'co2': 13279, 'no': 18173, 'no2': 18174, 'o3': 18175}, 'pm': {'pm1': 13254, 'pm10': 13256, 'pm25': 13255}}",0.89,16.52,18.34,3.72,4.51,3.97,722336077,50.0,MOD-00631,20.7,2026-07-05T03:19:03,2026-07-04T20:19:03,https://api.quant-aq.com/v1/devices/MOD-00631/data/722335876
289.27,523.01,"{'lat': None, 'lon': None}","{'rh': 50.0, 'temp': 20.7, 'wd': 0.0, 'ws': 0.0, 'ws_scalar': 0.0}","{'gas': {'co': 18172, 'co2': 13279, 'no': 18173, 'no2': 18174, 'o3': 18175}, 'pm': {'pm1': 13254, 'pm10': 13256, 'pm25': 13255}}",1.31,16.96,16.84,3.92,5.34,4.25,722336076,50.0,MOD-00631,20.7,2026-07-05T03:18:03,2026-07-04T20:18:03,https://api.quant-aq.com/v1/devices/MOD-00631/data/722335875
274.17,521.09,"{'lat': None, 'lon': None}","{'rh': 49.9, 'temp': 20.7, 'wd': 0.0, 'ws': 0.0, 'ws_scalar': 0.0}","{'gas': {'co': 18172, 'co2': 13279, 'no': 18173, 'no2': 18174, 'o3': 18175}, 'pm': {'pm1': 13254, 'pm10': 13256, 'pm25': 13255}}",0.83,16.55,17.89,4.34,15.63,4.66,722336075,49.9,MOD-00631,20.7,2026-07-05T03:17:03,2026-07-04T20:17:03,https://api.quant-aq.com/v1/devices/MOD-00631/data/722335874
261.53,523.01,"{'lat': None, 'lon': None}","{'rh': 49.8, 'temp': 20.7, 'wd': 0.0, 'ws': 0.0, 'ws_scalar': 0.0}","{'gas': {'co': 18172, 'co2': 13279, 'no': 18173, 'no2': 18174, 'o3': 18175}, 'pm': {'pm1': 13254, 'pm10': 13256, 'pm25': 13255}}",0.71,16.18,18.47,3.49,12.98,3.78,722336074,49.8,MOD-00631,20.7,2026-07-05T03:16:03,2026-07-04T20:16:03,https://api.quant-aq.com/v1/devices/MOD-00631/data/722335873
260.07,523.01,"{'lat': None, 'lon': None}","{'rh': 49.7, 'temp': 20.8, 'wd': 0.0, 'ws': 0.0, 'ws_scalar': 0.0}","{'gas': {'co': 18172, 'co2': 13279, 'no': 18173, 'no2': 18174, 'o3': 18175}, 'pm': {'pm1': 13254, 'pm10': 13256, 'pm25': 13255}}",0.85,17.39,16.73,3.71,5.11,4.04,722333881,49.7,MOD-00631,20.8,2026-07-05T03:15:03,2026-07-04T20:15:03,https://api.quant-aq.com/v1/devices/MOD-00631/data/722333680
263.83,520.84,"{'lat': None, 'lon': None}","{'rh': 49.6, 'temp': 20.8, 'wd': 0.0, 'ws': 0.0, 'ws_scalar': 0.0}","{'gas': {'co': 18172, 'co2': 13279, 'no': 18173, 'no2': 18174, 'o3': 18175}, 'pm': {'pm1': 13254, 'pm10': 13256, 'pm25': 13255}}",0.73,15.04,18.39,3.85,14.39,4.17,722333882,49.6,MOD-00631,20.8,2026-07-05T03:14:03,2026-07-04T20:14:03,https://api.quant-aq.com/v1/devices/MOD-00631/data/722333681
252.49,514.7,"{'lat': None, 'lon': None}","{'rh': 49.4, 'temp': 20.8, 'wd': 0.0, 'ws': 0.0, 'ws_scalar': 0.0}","{'gas': {'co': 18172, 'co2': 13279, 'no': 18173, 'no2': 18174, 'o3': 18175}, 'pm': {'pm1': 13254, 'pm10': 13256, 'pm25': 13255}}",0.72,16.57,18.82,3.47,4.72,3.7,722333883,49.4,MOD-00631,20.8,2026-07-05T03:13:03,2026-07-04T20:13:03,https://api.quant-aq.com/v1/devices/MOD-00631/data/722333682
259.09,520.12,"{'lat': None, 'lon': None}","{'rh': 49.5, 'temp': 20.9, 'wd': 0.0, 'ws': 0.0, 'ws_scalar': 0.0}","{'gas': {'co': 18172, 'co2': 13279, 'no': 18173, 'no2': 18174, 'o3': 18175}, 'pm': {'pm1': 13254, 'pm10': 13256, 'pm25': 13255}}",0.63,15.3,17.81,3.38,5.48,3.64,722333880,49.5,MOD-00631,20.9,2026-07-05T03:12:03,2026-07-04T20:12:03,https://api.quant-aq.com/v1/devices/MOD-00631/data/722333679
262.92,520.36,"{'lat': None, 'lon': None}","{'rh': 49.3, 'temp': 20.9, 'wd': 0.0, 'ws': 0.0, 'ws_scalar': 0.0}","{'gas': {'co': 18172, 'co2': 13279, 'no': 18173, 'no2': 18174, 'o3': 18175}, 'pm': {'pm1': 13254, 'pm10': 13256, 'pm25': 13255}}",0.62,16.47,18.82,3.36,4.38,3.56,722331678,49.3,MOD-00631,20.9,2026-07-05T03:11:03,2026-07-04T20:11:03,https://api.quant-aq.com/v1/devices/MOD-00631/data/722331477
261.35,517.35,"{'lat': None, 'lon': None}","{'rh': 49.2, 'temp': 20.9, 'wd': 0.0, 'ws': 0.0, 'ws_scalar': 0.0}","{'gas': {'co': 18172, 'co2': 13279, 'no': 18173, 'no2': 18174, 'o3': 18175}, 'pm': {'pm1': 13254, 'pm10': 13256, 'pm25': 13255}}",0.56,16.1,19.86,3.43,6.37,3.65,722331676,49.2,MOD-00631,20.9,2026-07-05T03:10:03,2026-07-04T20:10:03,https://api.quant-aq.com/v1/devices/MOD-00631/data/722331475
254.86,521.09,"{'lat': None, 'lon': None}","{'rh': 49.1, 'temp': 20.9, 'wd': 0.0, 'ws': 0.0, 'ws_scalar': 0.0}","{'gas': {'co': 18172, 'co2': 13279, 'no': 18173, 'no2': 18174, 'o3': 18175}, 'pm': {'pm1': 13254, 'pm10': 13256, 'pm25': 13255}}",0.74,16.13,17.59,2.97,8.55,3.28,722331675,49.1,MOD-00631,20.9,2026-07-05T03:09:03,2026-07-04T20:09:03,https://api.quant-aq.com/v1/devices/MOD-00631/data/722331474
258.32,521.33,"{'lat': None, 'lon': None}","{'rh': 49.0, 'temp': 21.0, 'wd': 0.0, 'ws': 0.0, 'ws_scalar': 0.0}","{'gas': {'co': 18172, 'co2': 13279, 'no': 18173, 'no2': 18174, 'o3': 18175}, 'pm': {'pm1': 13254, 'pm10': 13256, 'pm25': 13255}}",0.64,15.3,18.74,3.31,4.69,3.67,722331677,49.0,MOD-00631,21.0,2026-07-05T03:08:03,2026-07-04T20:08:03,https://api.quant-aq.com/v1/devices/MOD-00631/data/722331476
269.87,515.42,"{'lat': None, 'lon': None}","{'rh': 48.9, 'temp': 21.0, 'wd': 0.0, 'ws': 0.0, 'ws_scalar': 0.0}","{'gas': {'co': 18172, 'co2': 13279, 'no': 18173, 'no2': 18174, 'o3': 18175}, 'pm': {'pm1': 13254, 'pm10': 13256, 'pm25': 13255}}",0.81,16.06,18.05,3.15,3.55,3.34,722329502,48.9,MOD-00631,21.0,2026-07-05T03:07:03,2026-07-04T20:07:03,https://api.quant-aq.com/v1/devices/MOD-00631/data/722329301
261.67,519.52,"{'lat': None, 'lon': None}","{'rh': 48.9, 'temp': 21.0, 'wd': 0.0, 'ws': 0.0, 'ws_scalar': 0.0}","{'gas': {'co': 18172, 'co2': 13279, 'no': 18173, 'no2': 18174, 'o3': 18175}, 'pm': {'pm1': 13254, 'pm10': 13256, 'pm25': 13255}}",0.57,15.68,19.08,3.36,5.8,3.63,722329500,48.9,MOD-00631,21.0,2026-07-05T03:06:03,2026-07-04T20:06:03,https://api.quant-aq.com/v1/devices/MOD-00631/data/722329298
254.4,519.04,"{'lat': None, 'lon': None}","{'rh': 48.9, 'temp': 21.1, 'wd': 0.0, 'ws': 0.0, 'ws_scalar': 0.0}","{'gas': {'co': 18172, 'co2': 13279, 'no': 18173, 'no2': 18174, 'o3': 18175}, 'pm': {'pm1': 13254, 'pm10': 13256, 'pm25': 13255}}",0.53,15.57,19.07,3.47,3.89,3.66,722329501,48.9,MOD-00631,21.1,2026-07-05T03:05:03,2026-07-04T20:05:03,https://api.quant-aq.com/v1/devices/MOD-00631/data/722329300
270.8,520.24,"{'lat': None, 'lon': None}","{'rh': 48.9, 'temp': 21.1, 'wd': 0.0, 'ws': 0.0, 'ws_scalar': 0.0}","{'gas': {'co': 18172, 'co2': 13279, 'no': 18173, 'no2': 18174, 'o3': 18175}, 'pm': {'pm1': 13254, 'pm10': 13256, 'pm25': 13255}}",0.71,16.33,18.37,3.37,14.0,3.61,722329499,48.9,MOD-00631,21.1,2026-07-05T03:04:03,2026-07-04T20:04:03,https://api.quant-aq.com/v1/devices/MOD-00631/data/722329299
258.16,518.07,"{'lat': None, 'lon': None}","{'rh': 48.8, 'temp': 21.1, 'wd': 0.0, 'ws': 0.0, 'ws_scalar': 0.0}","{'gas': {'co': 18172, 'co2': 13279, 'no': 18173, 'no2': 18174, 'o3': 18175}, 'pm': {'pm1': 13254, 'pm10': 13256, 'pm25': 13255}}",0.53,15.97,18.5,3.53,7.24,3.82,722327322,48.8,MOD-00631,21.1,2026-07-05T03:03:03,2026-07-04T20:03:03,https://api.quant-aq.com/v1/devices/MOD-00631/data/722327121
259.6,515.91,"{'lat': None, 'lon': None}","{'rh': 48.5, 'temp': 21.1, 'wd': 0.0, 'ws': 0.0, 'ws_scalar': 0.0}","{'gas': {'co': 18172, 'co2': 13279, 'no': 18173, 'no2': 18174, 'o3': 18175}, 'pm': {'pm1': 13254, 'pm10': 13256, 'pm25': 13255}}",0.59,16.06,18.52,3.44,5.27,3.57,722327321,48.5,MOD-00631,21.1,2026-07-05T03:02:03,2026-07-04T20:02:03,https://api.quant-aq.com/v1/devices/MOD-00631/data/722327120
262.58,517.59,"{'lat': None, 'lon': None}","{'rh': 48.5, 'temp': 21.2, 'wd': 0.0, 'ws': 0.0, 'ws_scalar': 0.0}","{'gas': {'co': 18172, 'co2': 13279, 'no': 18173, 'no2': 18174, 'o3': 18175}, 'pm': {'pm1': 13254, 'pm10': 13256, 'pm25': 13255}}",0.72,15.94,19.42,3.01,3.41,3.35,722327320,48.5,MOD-00631,21.2,2026-07-05T03:01:03,2026-07-04T20:01:03,https://api.quant-aq.com/v1/devices/MOD-00631/data/722327118
264.7,518.19,"{'lat': None, 'lon': None}","{'rh': 48.4, 'temp': 21.2, 'wd': 0.0, 'ws': 0.0, 'ws_scalar': 0.0}","{'gas': {'co': 18172, 'co2': 13279, 'no': 18173, 'no2': 18174, 'o3': 18175}, 'pm': {'pm1': 13254, 'pm10': 13256, 'pm25': 13255}}",0.78,15.59,20.01,3.42,4.77,3.68,722327319,48.4,MOD-00631,21.2,2026-07-05T03:00:03,2026-07-04T20:00:03,https://api.quant-aq.com/v1/devices/MOD-00631/data/722327119
258.62,517.47,"{'lat': None, 'lon': None}","{'rh': 48.3, 'temp': 21.2, 'wd': 0.0, 'ws': 0.0, 'ws_scalar': 0.0}","{'gas': {'co': 18172, 'co2': 13279, 'no': 18173, 'no2': 18174, 'o3': 18175}, 'pm': {'pm1': 13254, 'pm10': 13256, 'pm25': 13255}}",0.6,16.0,18.52,3.41,9.47,3.68,722325087,48.3,MOD-00631,21.2,2026-07-05T02:59:03,2026-07-04T19:59:03,https://api.quant-aq.com/v1/devices/MOD-00631/data/722324886
267.35,517.83,"{'lat': None, 'lon': None}","{'rh': 48.3, 'temp': 21.3, 'wd': 0.0, 'ws': 0.0, 'ws_scalar': 0.0}","{'gas': {'co': 18172, 'co2': 13279, 'no': 18173, 'no2': 18174, 'o3': 18175}, 'pm': {'pm1': 13254, 'pm10': 13256, 'pm25': 13255}}",0.68,16.28,18.39,3.47,9.86,3.76,722325085,48.3,MOD-00631,21.3,2026-07-05T02:58:03,2026-07-04T19:58:03,https://api.quant-aq.com/v1/devices/MOD-00631/data/722324884
258.8,518.68,"{'lat': None, 'lon': None}","{'rh': 48.2, 'temp': 21.3, 'wd': 0.0, 'ws': 0.0, 'ws_scalar': 0.0}","{'gas': {'co': 18172, 'co2': 13279, 'no': 18173, 'no2': 18174, 'o3': 18175}, 'pm': {'pm1': 13254, 'pm10': 13256, 'pm25': 13255}}",0.63,15.54,19.1,3.41,3.78,3.64,722325086,48.2,MOD-00631,21.3,2026-07-05T02:57:03,2026-07-04T19:57:03,https://api.quant-aq.com/v1/devices/MOD-00631/data/722324885
261.81,518.92,"{'lat': None, 'lon': None}","{'rh': 48.0, 'temp': 21.3, 'wd': 0.0, 'ws': 0.0, 'ws_scalar': 0.0}","{'gas': {'co': 18172, 'co2': 13279, 'no': 18173, 'no2': 18174, 'o3': 18175}, 'pm': {'pm1': 13254, 'pm10': 13256, 'pm25': 13255}}",0.63,13.85,20.19,3.18,4.77,3.47,722325083,48.0,MOD-00631,21.3,2026-07-05T02:56:03,2026-07-04T19:56:03,https://api.quant-aq.com/v1/devices/MOD-00631/data/722324883
259.35,514.94,"{'lat': None, 'lon': None}","{'rh': 48.0, 'temp': 21.3, 'wd': 0.0, 'ws': 0.0, 'ws_scalar': 0.0}","{'gas': {'co': 18172, 'co2': 13279, 'no': 18173, 'no2': 18174, 'o3': 18175}, 'pm': {'pm1': 13254, 'pm10': 13256, 'pm25': 13255}}",0.62,16.39,19.78,3.44,5.51,3.72,722322785,48.0,MOD-00631,21.3,2026-07-05T02:55:03,2026-07-04T19:55:03,https://api.quant-aq.com/v1/devices/MOD-00631/data/722322583
262.89,513.74,"{'lat': None, 'lon': None}","{'rh': 47.8, 'temp': 21.4, 'wd': 0.0, 'ws': 0.0, 'ws_scalar': 0.0}","{'gas': {'co': 18172, 'co2': 13279, 'no': 18173, 'no2': 18174, 'o3': 18175}, 'pm': {'pm1': 13254, 'pm10': 13256, 'pm25': 13255}}",0.66,15.56,20.03,3.09,3.71,3.28,722322783,47.8,MOD-00631,21.4,2026-07-05T02:54:03,2026-07-04T19:54:03,https://api.quant-aq.com/v1/devices/MOD-00631/data/722322582
263.44,513.26,"{'lat': None, 'lon': None}","{'rh': 47.6, 'temp': 21.4, 'wd': 0.0, 'ws': 0.0, 'ws_scalar': 0.0}","{'gas': {'co': 18172, 'co2': 13279, 'no': 18173, 'no2': 18174, 'o3': 18175}, 'pm': {'pm1': 13254, 'pm10': 13256, 'pm25': 13255}}",0.68,15.62,19.59,3.09,4.25,3.42,722322784,47.6,MOD-00631,21.4,2026-07-05T02:53:03,2026-07-04T19:53:03,https://api.quant-aq.com/v1/devices/MOD-00631/data/722322584
264.74,512.65,"{'lat': None, 'lon': None}","{'rh': 47.5, 'temp': 21.4, 'wd': 0.0, 'ws': 0.0, 'ws_scalar': 0.0}","{'gas': {'co': 18172, 'co2': 13279, 'no': 18173, 'no2': 18174, 'o3': 18175}, 'pm': {'pm1': 13254, 'pm10': 13256, 'pm25': 13255}}",0.68,15.65,19.6,3.06,4.3,3.3,722322786,47.5,MOD-00631,21.4,2026-07-05T02:52:03,2026-07-04T19:52:03,https://api.quant-aq.com/v1/devices/MOD-00631/data/722322585
254.63,517.11,"{'lat': None, 'lon': None}","{'rh': 47.3, 'temp': 21.4, 'wd': 0.0, 'ws': 0.0, 'ws_scalar': 0.0}","{'gas': {'co': 18172, 'co2': 13279, 'no': 18173, 'no2': 18174, 'o3': 18175}, 'pm': {'pm1': 13254, 'pm10': 13256, 'pm25': 13255}}",0.7,14.98,20.77,3.37,7.64,3.6,722320553,47.3,MOD-00631,21.4,2026-07-05T02:51:03,2026-07-04T19:51:03,https://api.quant-aq.com/v1/devices/MOD-00631/data/722320353
257.57,516.39,"{'lat': None, 'lon': None}","{'rh': 47.2, 'temp': 21.4, 'wd': 0.0, 'ws': 0.0, 'ws_scalar': 0.0}","{'gas': {'co': 18172, 'co2': 13279, 'no': 18173, 'no2': 18174, 'o3': 18175}, 'pm': {'pm1': 13254, 'pm10': 13256, 'pm25': 13255}}",0.71,14.65,19.53,3.27,4.65,3.71,722320555,47.2,MOD-00631,21.4,2026-07-05T02:50:03,2026-07-04T19:50:03,https://api.quant-aq.com/v1/devices/MOD-00631/data/722320354
262.26,516.51,"{'lat': None, 'lon': None}","{'rh': 47.1, 'temp': 21.5, 'wd': 0.0, 'ws': 0.0, 'ws_scalar': 0.0}","{'gas': {'co': 18172, 'co2': 13279, 'no': 18173, 'no2': 18174, 'o3': 18175}, 'pm': {'pm1': 13254, 'pm10': 13256, 'pm25': 13255}}",0.73,15.32,20.19,3.34,4.88,3.55,722320552,47.1,MOD-00631,21.5,2026-07-05T02:49:03,2026-07-04T19:49:03,https://api.quant-aq.com/v1/devices/MOD-00631/data/722320351
262.26,518.56,"{'lat': None, 'lon': None}","{'rh': 47.1, 'temp': 21.5, 'wd': 0.0, 'ws': 0.0, 'ws_scalar': 0.0}","{'gas': {'co': 18172, 'co2': 13279, 'no': 18173, 'no2': 18174, 'o3': 18175}, 'pm': {'pm1': 13254, 'pm10': 13256, 'pm25': 13255}}",0.77,14.6,19.98,2.99,8.95,3.27,722320554,47.1,MOD-00631,21.5,2026-07-05T02:48:03,2026-07-04T19:48:03,https://api.quant-aq.com/v1/devices/MOD-00631/data/722320352
262.4,514.1,"{'lat': None, 'lon': None}","{'rh': 46.9, 'temp': 21.5, 'wd': 0.0, 'ws': 0.0, 'ws_scalar': 0.0}","{'gas': {'co': 18172, 'co2': 13279, 'no': 18173, 'no2': 18174, 'o3': 18175}, 'pm': {'pm1': 13254, 'pm10': 13256, 'pm25': 13255}}",0.76,14.66,20.45,3.03,5.66,3.27,722318372,46.9,MOD-00631,21.5,2026-07-05T02:47:03,2026-07-04T19:47:03,https://api.quant-aq.com/v1/devices/MOD-00631/data/722318171
265.41,517.35,"{'lat': None, 'lon': None}","{'rh': 46.7, 'temp': 21.5, 'wd': 0.0, 'ws': 0.0, 'ws_scalar': 0.0}","{'gas': {'co': 18172, 'co2': 13279, 'no': 18173, 'no2': 18174, 'o3': 18175}, 'pm': {'pm1': 13254, 'pm10': 13256, 'pm25': 13255}}",0.77,15.09,19.89,3.37,12.64,3.63,722318373,46.7,MOD-00631,21.5,2026-07-05T02:46:03,2026-07-04T19:46:03,https://api.quant-aq.com/v1/devices/MOD-00631/data/722318172
261.9,514.94,"{'lat': None, 'lon': None}","{'rh': 46.6, 'temp': 21.6, 'wd': 0.0, 'ws': 0.0, 'ws_scalar': 0.0}","{'gas': {'co': 18172, 'co2': 13279, 'no': 18173, 'no2': 18174, 'o3': 18175}, 'pm': {'pm1': 13254, 'pm10': 13256, 'pm25': 13255}}",0.82,14.32,19.68,3.29,4.94,3.52,722318374,46.6,MOD-00631,21.6,2026-07-05T02:45:03,2026-07-04T19:45:03,https://api.quant-aq.com/v1/devices/MOD-00631/data/722318173
284.05,516.39,"{'lat': None, 'lon': None}","{'rh': 46.6, 'temp': 21.6, 'wd': 0.0, 'ws': 0.0, 'ws_scalar': 0.0}","{'gas': {'co': 18172, 'co2': 13279, 'no': 18173, 'no2': 18174, 'o3': 18175}, 'pm': {'pm1': 13254, 'pm10': 13256, 'pm25': 13255}}",0.79,14.32,19.22,3.5,4.11,3.65,722318375,46.6,MOD-00631,21.6,2026-07-05T02:44:03,2026-07-04T19:44:03,https://api.quant-aq.com/v1/devices/MOD-00631/data/722318174
281.31,512.77,"{'lat': None, 'lon': None}","{'rh': 47.0, 'temp': 21.6, 'wd': 0.0, 'ws': 0.0, 'ws_scalar': 0.0}","{'gas': {'co': 18172, 'co2': 13279, 'no': 18173, 'no2': 18174, 'o3': 18175}, 'pm': {'pm1': 13254, 'pm10': 13256, 'pm25': 13255}}",0.8,14.19,19.65,3.27,4.07,3.47,722316174,47.0,MOD-00631,21.6,2026-07-05T02:43:03,2026-07-04T19:43:03,https://api.quant-aq.com/v1/devices/MOD-00631/data/722315973
260.8,515.42,"{'lat': None, 'lon': None}","{'rh': 47.0, 'temp': 21.6, 'wd': 0.0, 'ws': 0.0, 'ws_scalar': 0.0}","{'gas': {'co': 18172, 'co2': 13279, 'no': 18173, 'no2': 18174, 'o3': 18175}, 'pm': {'pm1': 13254, 'pm10': 13256, 'pm25': 13255}}",0.8,16.03,18.12,4.0,4.91,4.2,722316175,47.0,MOD-00631,21.6,2026-07-05T02:42:03,2026-07-04T19:42:03,https://api.quant-aq.com/v1/devices/MOD-00631/data/722315974
274.88,516.87,"{'lat': None, 'lon': None}","{'rh': 46.8, 'temp': 21.6, 'wd': 0.0, 'ws': 0.0, 'ws_scalar': 0.0}","{'gas': {'co': 18172, 'co2': 13279, 'no': 18173, 'no2': 18174, 'o3': 18175}, 'pm': {'pm1': 13254, 'pm10': 13256, 'pm25': 13255}}",0.8,15.33,19.75,3.24,10.25,3.45,722316173,46.8,MOD-00631,21.6,2026-07-05T02:41:03,2026-07-04T19:41:03,https://api.quant-aq.com/v1/devices/MOD-00631/data/722315971
287.23,517.59,"{'lat': None, 'lon': None}","{'rh': 46.9, 'temp': 21.7, 'wd': 0.0, 'ws': 0.0, 'ws_scalar': 0.0}","{'gas': {'co': 18172, 'co2': 13279, 'no': 18173, 'no2': 18174, 'o3': 18175}, 'pm': {'pm1': 13254, 'pm10': 13256, 'pm25': 13255}}",0.86,14.85,20.31,3.39,4.68,3.61,722316172,46.9,MOD-00631,21.7,2026-07-05T02:40:03,2026-07-04T19:40:03,https://api.quant-aq.com/v1/devices/MOD-00631/data/722315972
286.96,513.86,"{'lat': None, 'lon': None}","{'rh': 46.7, 'temp': 21.7, 'wd': 0.0, 'ws': 0.0, 'ws_scalar': 0.0}","{'gas': {'co': 18172, 'co2': 13279, 'no': 18173, 'no2': 18174, 'o3': 18175}, 'pm': {'pm1': 13254, 'pm10': 13256, 'pm25': 13255}}",0.83,15.29,20.2,3.27,5.32,3.49,722313941,46.7,MOD-00631,21.7,2026-07-05T02:39:03,2026-07-04T19:39:03,https://api.quant-aq.com/v1/devices/MOD-00631/data/722313739
271.37,516.51,"{'lat': None, 'lon': None}","{'rh': 46.7, 'temp': 21.7, 'wd': 0.0, 'ws': 0.0, 'ws_scalar': 0.0}","{'gas': {'co': 18172, 'co2': 13279, 'no': 18173, 'no2': 18174, 'o3': 18175}, 'pm': {'pm1': 13254, 'pm10': 13256, 'pm25': 13255}}",0.87,15.29,19.29,3.27,10.4,3.5,722313940,46.7,MOD-00631,21.7,2026-07-05T02:38:03,2026-07-04T19:38:03,https://api.quant-aq.com/v1/devices/MOD-00631/data/722313740
260.85,512.29,"{'lat': None, 'lon': None}","{'rh': 46.5, 'temp': 21.7, 'wd': 0.0, 'ws': 0.0, 'ws_scalar': 0.0}","{'gas': {'co': 18172, 'co2': 13279, 'no': 18173, 'no2': 18174, 'o3': 18175}, 'pm': {'pm1': 13254, 'pm10': 13256, 'pm25': 13255}}",0.86,16.16,18.6,3.16,4.53,3.37,722313938,46.5,MOD-00631,21.7,2026-07-05T02:37:03,2026-07-04T19:37:03,https://api.quant-aq.com/v1/devices/MOD-00631/data/722313737
260.85,512.77,"{'lat': None, 'lon': None}","{'rh': 46.5, 'temp': 21.7, 'wd': 0.0, 'ws': 0.0, 'ws_scalar': 0.0}","{'gas': {'co': 18172, 'co2': 13279, 'no': 18173, 'no2': 18174, 'o3': 18175}, 'pm': {'pm1': 13254, 'pm10': 13256, 'pm25': 13255}}",0.89,14.28,19.67,3.06,8.34,3.27,722313939,46.5,MOD-00631,21.7,2026-07-05T02:36:03,2026-07-04T19:36:03,https://api.quant-aq.com/v1/devices/MOD-00631/data/722313738
256.18,512.53,"{'lat': None, 'lon': None}","{'rh': 46.3, 'temp': 21.8, 'wd': 0.0, 'ws': 0.0, 'ws_scalar': 0.0}","{'gas': {'co': 18172, 'co2': 13279, 'no': 18173, 'no2': 18174, 'o3': 18175}, 'pm': {'pm1': 13254, 'pm10': 13256, 'pm25': 13255}}",0.93,14.64,20.46,3.48,13.22,3.71,722311694,46.3,MOD-00631,21.8,2026-07-05T02:35:03,2026-07-04T19:35:03,https://api.quant-aq.com/v1/devices/MOD-00631/data/722311493
244.77,514.7,"{'lat': None, 'lon': None}","{'rh': 46.2, 'temp': 21.8, 'wd': 0.0, 'ws': 0.0, 'ws_scalar': 0.0}","{'gas': {'co': 18172, 'co2': 13279, 'no': 18173, 'no2': 18174, 'o3': 18175}, 'pm': {'pm1': 13254, 'pm10': 13256, 'pm25': 13255}}",0.92,13.61,21.3,3.56,4.22,3.8,722311693,46.2,MOD-00631,21.8,2026-07-05T02:34:03,2026-07-04T19:34:03,https://api.quant-aq.com/v1/devices/MOD-00631/data/722311492
270.2,515.18,"{'lat': None, 'lon': None}","{'rh': 46.2, 'temp': 21.8, 'wd': 0.0, 'ws': 0.0, 'ws_scalar': 0.0}","{'gas': {'co': 18172, 'co2': 13279, 'no': 18173, 'no2': 18174, 'o3': 18175}, 'pm': {'pm1': 13254, 'pm10': 13256, 'pm25': 13255}}",0.9,15.04,19.43,3.17,8.55,3.4,722311695,46.2,MOD-00631,21.8,2026-07-05T02:33:03,2026-07-04T19:33:03,https://api.quant-aq.com/v1/devices/MOD-00631/data/722311494
256.25,516.63,"{'lat': None, 'lon': None}","{'rh': 46.2, 'temp': 21.8, 'wd': 0.0, 'ws': 0.0, 'ws_scalar': 0.0}","{'gas': {'co': 18172, 'co2': 13279, 'no': 18173, 'no2': 18174, 'o3': 18175}, 'pm': {'pm1': 13254, 'pm10': 13256, 'pm25': 13255}}",0.94,15.04,19.89,2.79,7.13,3.07,722311692,46.2,MOD-00631,21.8,2026-07-05T02:32:03,2026-07-04T19:32:03,https://api.quant-aq.com/v1/devices/MOD-00631/data/722311491
252.7,517.47,"{'lat': None, 'lon': None}","{'rh': 46.0, 'temp': 21.8, 'wd': 0.0, 'ws': 0.0, 'ws_scalar': 0.0}","{'gas': {'co': 18172, 'co2': 13279, 'no': 18173, 'no2': 18174, 'o3': 18175}, 'pm': {'pm1': 13254, 'pm10': 13256, 'pm25': 13255}}",0.94,14.76,20.03,3.07,3.52,3.24,722309493,46.0,MOD-00631,21.8,2026-07-05T02:31:03,2026-07-04T19:31:03,https://api.quant-aq.com/v1/devices/MOD-00631/data/722309291
257.05,517.11,"{'lat': None, 'lon': None}","{'rh': 45.8, 'temp': 21.9, 'wd': 0.0, 'ws': 0.0, 'ws_scalar': 0.0}","{'gas': {'co': 18172, 'co2': 13279, 'no': 18173, 'no2': 18174, 'o3': 18175}, 'pm': {'pm1': 13254, 'pm10': 13256, 'pm25': 13255}}",0.99,15.15,20.36,3.04,4.56,3.28,722309491,45.8,MOD-00631,21.9,2026-07-05T02:30:03,2026-07-04T19:30:03,https://api.quant-aq.com/v1/devices/MOD-00631/data/722309289
264.85,512.9,"{'lat': None, 'lon': None}","{'rh': 45.8, 'temp': 21.9, 'wd': 0.0, 'ws': 0.0, 'ws_scalar': 0.0}","{'gas': {'co': 18172, 'co2': 13279, 'no': 18173, 'no2': 18174, 'o3': 18175}, 'pm': {'pm1': 13254, 'pm10': 13256, 'pm25': 13255}}",0.97,14.41,21.07,3.25,16.16,3.42,722309490,45.8,MOD-00631,21.9,2026-07-05T02:29:03,2026-07-04T19:29:03,https://api.quant-aq.com/v1/devices/MOD-00631/data/722309292
259.44,514.46,"{'lat': None, 'lon': None}","{'rh': 45.9, 'temp': 21.9, 'wd': 0.0, 'ws': 0.0, 'ws_scalar': 0.0}","{'gas': {'co': 18172, 'co2': 13279, 'no': 18173, 'no2': 18174, 'o3': 18175}, 'pm': {'pm1': 13254, 'pm10': 13256, 'pm25': 13255}}",0.98,15.1,20.81,3.25,4.1,3.44,722309492,45.9,MOD-00631,21.9,2026-07-05T02:28:03,2026-07-04T19:28:03,https://api.quant-aq.com/v1/devices/MOD-00631/data/722309290
258.62,511.69,"{'lat': None, 'lon': None}","{'rh': 45.9, 'temp': 21.9, 'wd': 0.0, 'ws': 0.0, 'ws_scalar': 0.0}","{'gas': {'co': 18172, 'co2': 13279, 'no': 18173, 'no2': 18174, 'o3': 18175}, 'pm': {'pm1': 13254, 'pm10': 13256, 'pm25': 13255}}",0.97,13.31,20.97,3.19,12.66,3.35,722307311,45.9,MOD-00631,21.9,2026-07-05T02:27:03,2026-07-04T19:27:03,https://api.quant-aq.com/v1/devices/MOD-00631/data/722307110
246.84,512.9,"{'lat': None, 'lon': None}","{'rh': 45.9, 'temp': 22.0, 'wd': 0.0, 'ws': 0.0, 'ws_scalar': 0.0}","{'gas': {'co': 18172, 'co2': 13279, 'no': 18173, 'no2': 18174, 'o3': 18175}, 'pm': {'pm1': 13254, 'pm10': 13256, 'pm25': 13255}}",1.05,15.04,20.35,3.26,8.8,3.63,722307312,45.9,MOD-00631,22.0,2026-07-05T02:26:03,2026-07-04T19:26:03,https://api.quant-aq.com/v1/devices/MOD-00631/data/722307112
258.05,515.18,"{'lat': None, 'lon': None}","{'rh': 45.7, 'temp': 22.0, 'wd': 0.0, 'ws': 0.0, 'ws_scalar': 0.0}","{'gas': {'co': 18172, 'co2': 13279, 'no': 18173, 'no2': 18174, 'o3': 18175}, 'pm': {'pm1': 13254, 'pm10': 13256, 'pm25': 13255}}",1.04,14.76,20.94,3.34,8.78,3.6,722307313,45.7,MOD-00631,22.0,2026-07-05T02:25:03,2026-07-04T19:25:03,https://api.quant-aq.com/v1/devices/MOD-00631/data/722307111
262.23,514.7,"{'lat': None, 'lon': None}","{'rh': 45.6, 'temp': 22.0, 'wd': 0.0, 'ws': 0.0, 'ws_scalar': 0.0}","{'gas': {'co': 18172, 'co2': 13279, 'no': 18173, 'no2': 18174, 'o3': 18175}, 'pm': {'pm1': 13254, 'pm10': 13256, 'pm25': 13255}}",1.04,14.8,20.95,3.22,12.4,3.42,722307314,45.6,MOD-00631,22.0,2026-07-05T02:24:03,2026-07-04T19:24:03,https://api.quant-aq.com/v1/devices/MOD-00631/data/722307113
259.28,513.98,"{'lat': None, 'lon': None}","{'rh': 45.7, 'temp': 22.0, 'wd': 0.0, 'ws': 0.0, 'ws_scalar': 0.0}","{'gas': {'co': 18172, 'co2': 13279, 'no': 18173, 'no2': 18174, 'o3': 18175}, 'pm': {'pm1': 13254, 'pm10': 13256, 'pm25': 13255}}",1.04,14.39,20.15,3.0,12.8,3.16,722305096,45.7,MOD-00631,22.0,2026-07-05T02:23:03,2026-07-04T19:23:03,https://api.quant-aq.com/v1/devices/MOD-00631/data/722304895
250.44,512.29,"{'lat': None, 'lon': None}","{'rh': 45.6, 'temp': 22.1, 'wd': 0.0, 'ws': 0.0, 'ws_scalar': 0.0}","{'gas': {'co': 18172, 'co2': 13279, 'no': 18173, 'no2': 18174, 'o3': 18175}, 'pm': {'pm1': 13254, 'pm10': 13256, 'pm25': 13255}}",1.12,15.49,20.69,3.1,3.64,3.33,722305097,45.6,MOD-00631,22.1,2026-07-05T02:22:03,2026-07-04T19:22:03,https://api.quant-aq.com/v1/devices/MOD-00631/data/722304896
259.06,515.18,"{'lat': None, 'lon': None}","{'rh': 45.6, 'temp': 22.1, 'wd': 0.0, 'ws': 0.0, 'ws_scalar': 0.0}","{'gas': {'co': 18172, 'co2': 13279, 'no': 18173, 'no2': 18174, 'o3': 18175}, 'pm': {'pm1': 13254, 'pm10': 13256, 'pm25': 13255}}",1.09,13.67,20.39,3.46,6.26,3.82,722305099,45.6,MOD-00631,22.1,2026-07-05T02:21:03,2026-07-04T19:21:03,https://api.quant-aq.com/v1/devices/MOD-00631/data/722304898
251.4,511.21,"{'lat': None, 'lon': None}","{'rh': 45.4, 'temp': 22.1, 'wd': 0.0, 'ws': 0.0, 'ws_scalar': 0.0}","{'gas': {'co': 18172, 'co2': 13279, 'no': 18173, 'no2': 18174, 'o3': 18175}, 'pm': {'pm1': 13254, 'pm10': 13256, 'pm25': 13255}}",1.11,15.21,20.37,3.05,6.09,3.29,722305098,45.4,MOD-00631,22.1,2026-07-05T02:20:03,2026-07-04T19:20:03,https://api.quant-aq.com/v1/devices/MOD-00631/data/722304897
257.22,507.96,"{'lat': None, 'lon': None}","{'rh': 45.3, 'temp': 22.1, 'wd': 0.0, 'ws': 0.0, 'ws_scalar': 0.0}","{'gas': {'co': 18172, 'co2': 13279, 'no': 18173, 'no2': 18174, 'o3': 18175}, 'pm': {'pm1': 13254, 'pm10': 13256, 'pm25': 13255}}",1.11,14.88,21.41,3.25,6.51,3.42,722302917,45.3,MOD-00631,22.1,2026-07-05T02:19:03,2026-07-04T19:19:03,https://api.quant-aq.com/v1/devices/MOD-00631/data/722302716
258.22,514.1,"{'lat': None, 'lon': None}","{'rh': 45.2, 'temp': 22.2, 'wd': 0.0, 'ws': 0.0, 'ws_scalar': 0.0}","{'gas': {'co': 18172, 'co2': 13279, 'no': 18173, 'no2': 18174, 'o3': 18175}, 'pm': {'pm1': 13254, 'pm10': 13256, 'pm25': 13255}}",1.15,14.88,20.95,3.37,5.3,3.54,722302920,45.2,MOD-00631,22.2,2026-07-05T02:18:03,2026-07-04T19:18:03,https://api.quant-aq.com/v1/devices/MOD-00631/data/722302719
255.01,512.05,"{'lat': None, 'lon': None}","{'rh': 45.1, 'temp': 22.2, 'wd': 0.0, 'ws': 0.0, 'ws_scalar': 0.0}","{'gas': {'co': 18172, 'co2': 13279, 'no': 18173, 'no2': 18174, 'o3': 18175}, 'pm': {'pm1': 13254, 'pm10': 13256, 'pm25': 13255}}",1.18,14.19,21.21,3.18,4.49,3.3,722302922,45.1,MOD-00631,22.2,2026-07-05T02:17:03,2026-07-04T19:17:03,https://api.quant-aq.com/v1/devices/MOD-00631/data/722302721
245.38,513.74,"{'lat': None, 'lon': None}","{'rh': 44.8, 'temp': 22.2, 'wd': 0.0, 'ws': 0.0, 'ws_scalar': 0.0}","{'gas': {'co': 18172, 'co2': 13279, 'no': 18173, 'no2': 18174, 'o3': 18175}, 'pm': {'pm1': 13254, 'pm10': 13256, 'pm25': 13255}}",1.18,15.07,20.98,2.81,4.99,2.94,722302918,44.8,MOD-00631,22.2,2026-07-05T02:16:03,2026-07-04T19:16:03,https://api.quant-aq.com/v1/devices/MOD-00631/data/722302718
259.87,511.57,"{'lat': None, 'lon': None}","{'rh': 44.6, 'temp': 22.2, 'wd': 0.0, 'ws': 0.0, 'ws_scalar': 0.0}","{'gas': {'co': 18172, 'co2': 13279, 'no': 18173, 'no2': 18174, 'o3': 18175}, 'pm': {'pm1': 13254, 'pm10': 13256, 'pm25': 13255}}",1.17,14.42,21.7,3.46,6.13,3.69,722300774,44.6,MOD-00631,22.2,2026-07-05T02:15:03,2026-07-04T19:15:03,https://api.quant-aq.com/v1/devices/MOD-00631/data/722300573
262.26,512.17,"{'lat': None, 'lon': None}","{'rh': 44.7, 'temp': 22.2, 'wd': 0.0, 'ws': 0.0, 'ws_scalar': 0.0}","{'gas': {'co': 18172, 'co2': 13279, 'no': 18173, 'no2': 18174, 'o3': 18175}, 'pm': {'pm1': 13254, 'pm10': 13256, 'pm25': 13255}}",1.16,14.01,20.9,3.24,7.05,3.34,722300733,44.7,MOD-00631,22.2,2026-07-05T02:14:03,2026-07-04T19:14:03,https://api.quant-aq.com/v1/devices/MOD-00631/data/722300533
257.31,510.13,"{'lat': None, 'lon': None}","{'rh': 44.9, 'temp': 22.3, 'wd': 0.0, 'ws': 0.0, 'ws_scalar': 0.0}","{'gas': {'co': 18172, 'co2': 13279, 'no': 18173, 'no2': 18174, 'o3': 18175}, 'pm': {'pm1': 13254, 'pm10': 13256, 'pm25': 13255}}",1.22,14.6,21.09,3.44,3.69,3.62,722300735,44.9,MOD-00631,22.3,2026-07-05T02:13:03,2026-07-04T19:13:03,https://api.quant-aq.com/v1/devices/MOD-00631/data/722300535
250.07,513.86,"{'lat': None, 'lon': None}","{'rh': 44.7, 'temp': 22.3, 'wd': 0.0, 'ws': 0.0, 'ws_scalar': 0.0}","{'gas': {'co': 18172, 'co2': 13279, 'no': 18173, 'no2': 18174, 'o3': 18175}, 'pm': {'pm1': 13254, 'pm10': 13256, 'pm25': 13255}}",1.23,14.32,21.68,3.44,3.85,3.62,722300732,44.7,MOD-00631,22.3,2026-07-05T02:12:03,2026-07-04T19:12:03,https://api.quant-aq.com/v1/devices/MOD-00631/data/722300531
258.0,506.15,"{'lat': None, 'lon': None}","{'rh': 44.5, 'temp': 22.3, 'wd': 0.0, 'ws': 0.0, 'ws_scalar': 0.0}","{'gas': {'co': 18172, 'co2': 13279, 'no': 18173, 'no2': 18174, 'o3': 18175}, 'pm': {'pm1': 13254, 'pm10': 13256, 'pm25': 13255}}",1.25,14.05,21.36,2.8,3.58,3.01,722298542,44.5,MOD-00631,22.3,2026-07-05T02:11:03,2026-07-04T19:11:03,https://api.quant-aq.com/v1/devices/MOD-00631/data/722298341
261.01,510.49,"{'lat': None, 'lon': None}","{'rh': 44.3, 'temp': 22.3, 'wd': 0.0, 'ws': 0.0, 'ws_scalar': 0.0}","{'gas': {'co': 18172, 'co2': 13279, 'no': 18173, 'no2': 18174, 'o3': 18175}, 'pm': {'pm1': 13254, 'pm10': 13256, 'pm25': 13255}}",1.2,14.88,22.04,3.31,8.45,3.6,722298544,44.3,MOD-00631,22.3,2026-07-05T02:10:03,2026-07-04T19:10:03,https://api.quant-aq.com/v1/devices/MOD-00631/data/722298342
260.91,512.17,"{'lat': None, 'lon': None}","{'rh': 44.6, 'temp': 22.4, 'wd': 0.0, 'ws': 0.0, 'ws_scalar': 0.0}","{'gas': {'co': 18172, 'co2': 13279, 'no': 18173, 'no2': 18174, 'o3': 18175}, 'pm': {'pm1': 13254, 'pm10': 13256, 'pm25': 13255}}",1.29,14.32,21.68,2.69,7.01,2.9,722298543,44.6,MOD-00631,22.4,2026-07-05T02:09:03,2026-07-04T19:09:03,https://api.quant-aq.com/v1/devices/MOD-00631/data/722298343
258.93,511.93,"{'lat': None, 'lon': None}","{'rh': 44.5, 'temp': 22.4, 'wd': 0.0, 'ws': 0.0, 'ws_scalar': 0.0}","{'gas': {'co': 18172, 'co2': 13279, 'no': 18173, 'no2': 18174, 'o3': 18175}, 'pm': {'pm1': 13254, 'pm10': 13256, 'pm25': 13255}}",1.27,13.27,21.6,3.04,3.58,3.19,722298541,44.5,MOD-00631,22.4,2026-07-05T02:08:03,2026-07-04T19:08:03,https://api.quant-aq.com/v1/devices/MOD-00631/data/722298340
248.61,508.2,"{'lat': None, 'lon': None}","{'rh': 44.6, 'temp': 22.4, 'wd': 0.0, 'ws': 0.0, 'ws_scalar': 0.0}","{'gas': {'co': 18172, 'co2': 13279, 'no': 18173, 'no2': 18174, 'o3': 18175}, 'pm': {'pm1': 13254, 'pm10': 13256, 'pm25': 13255}}",1.27,13.95,20.89,2.85,3.54,3.04,722296347,44.6,MOD-00631,22.4,2026-07-05T02:07:03,2026-07-04T19:07:03,https://api.quant-aq.com/v1/devices/MOD-00631/data/722296146
259.82,510.37,"{'lat': None, 'lon': None}","{'rh': 44.4, 'temp': 22.4, 'wd': 0.0, 'ws': 0.0, 'ws_scalar': 0.0}","{'gas': {'co': 18172, 'co2': 13279, 'no': 18173, 'no2': 18174, 'o3': 18175}, 'pm': {'pm1': 13254, 'pm10': 13256, 'pm25': 13255}}",1.29,15.15,21.44,2.8,5.58,2.92,722296348,44.4,MOD-00631,22.4,2026-07-05T02:06:03,2026-07-04T19:06:03,https://api.quant-aq.com/v1/devices/MOD-00631/data/722296147
259.89,508.8,"{'lat': None, 'lon': None}","{'rh': 44.3, 'temp': 22.4, 'wd': 0.0, 'ws': 0.0, 'ws_scalar': 0.0}","{'gas': {'co': 18172, 'co2': 13279, 'no': 18173, 'no2': 18174, 'o3': 18175}, 'pm': {'pm1': 13254, 'pm10': 13256, 'pm25': 13255}}",1.29,12.63,22.32,3.41,3.77,3.65,722296346,44.3,MOD-00631,22.4,2026-07-05T02:05:03,2026-07-04T19:05:03,https://api.quant-aq.com/v1/devices/MOD-00631/data/722296145
262.76,510.97,"{'lat': None, 'lon': None}","{'rh': 44.3, 'temp': 22.4, 'wd': 0.0, 'ws': 0.0, 'ws_scalar': 0.0}","{'gas': {'co': 18172, 'co2': 13279, 'no': 18173, 'no2': 18174, 'o3': 18175}, 'pm': {'pm1': 13254, 'pm10': 13256, 'pm25': 13255}}",1.29,15.2,21.45,3.65,4.55,3.82,722296345,44.3,MOD-00631,22.4,2026-07-05T02:04:03,2026-07-04T19:04:03,https://api.quant-aq.com/v1/devices/MOD-00631/data/722296144
250.37,508.32,"{'lat': None, 'lon': None}","{'rh': 44.0, 'temp': 22.5, 'wd': 0.0, 'ws': 0.0, 'ws_scalar': 0.0}","{'gas': {'co': 18172, 'co2': 13279, 'no': 18173, 'no2': 18174, 'o3': 18175}, 'pm': {'pm1': 13254, 'pm10': 13256, 'pm25': 13255}}",1.34,15.29,21.46,2.96,3.69,3.11,722294173,44.0,MOD-00631,22.5,2026-07-05T02:03:03,2026-07-04T19:03:03,https://api.quant-aq.com/v1/devices/MOD-00631/data/722293973
260.07,511.33,"{'lat': None, 'lon': None}","{'rh': 44.2, 'temp': 22.5, 'wd': 0.0, 'ws': 0.0, 'ws_scalar': 0.0}","{'gas': {'co': 18172, 'co2': 13279, 'no': 18173, 'no2': 18174, 'o3': 18175}, 'pm': {'pm1': 13254, 'pm10': 13256, 'pm25': 13255}}",1.34,14.08,21.82,3.41,5.67,3.67,722294171,44.2,MOD-00631,22.5,2026-07-05T02:02:03,2026-07-04T19:02:03,https://api.quant-aq.com/v1/devices/MOD-00631/data/722293970
252.96,512.53,"{'lat': None, 'lon': None}","{'rh': 44.4, 'temp': 22.5, 'wd': 0.0, 'ws': 0.0, 'ws_scalar': 0.0}","{'gas': {'co': 18172, 'co2': 13279, 'no': 18173, 'no2': 18174, 'o3': 18175}, 'pm': {'pm1': 13254, 'pm10': 13256, 'pm25': 13255}}",1.35,14.73,20.64,2.97,3.79,3.18,722294174,44.4,MOD-00631,22.5,2026-07-05T02:01:03,2026-07-04T19:01:03,https://api.quant-aq.com/v1/devices/MOD-00631/data/722293972
256.38,510.97,"{'lat': None, 'lon': None}","{'rh': 44.2, 'temp': 22.5, 'wd': 0.0, 'ws': 0.0, 'ws_scalar': 0.0}","{'gas': {'co': 18172, 'co2': 13279, 'no': 18173, 'no2': 18174, 'o3': 18175}, 'pm': {'pm1': 13254, 'pm10': 13256, 'pm25': 13255}}",1.34,15.19,20.99,3.23,14.22,3.34,722294172,44.2,MOD-00631,22.5,2026-07-05T02:00:03,2026-07-04T19:00:03,https://api.quant-aq.com/v1/devices/MOD-00631/data/722293971
256.79,510.0,"{'lat': None, 'lon': None}","{'rh': 44.2, 'temp': 22.5, 'wd': 0.0, 'ws': 0.0, 'ws_scalar': 0.0}","{'gas': {'co': 18172, 'co2': 13279, 'no': 18173, 'no2': 18174, 'o3': 18175}, 'pm': {'pm1': 13254, 'pm10': 13256, 'pm25': 13255}}",1.34,14.08,21.82,2.89,4.27,3.15,722291971,44.2,MOD-00631,22.5,2026-07-05T01:59:03,2026-07-04T18:59:03,https://api.quant-aq.com/v1/devices/MOD-00631/data/722291769
254.47,511.93,"{'lat': None, 'lon': None}","{'rh': 44.0, 'temp': 22.5, 'wd': 0.0, 'ws': 0.0, 'ws_scalar': 0.0}","{'gas': {'co': 18172, 'co2': 13279, 'no': 18173, 'no2': 18174, 'o3': 18175}, 'pm': {'pm1': 13254, 'pm10': 13256, 'pm25': 13255}}",1.37,13.8,21.96,3.13,5.48,3.27,722291966,44.0,MOD-00631,22.5,2026-07-05T01:58:03,2026-07-04T18:58:03,https://api.quant-aq.com/v1/devices/MOD-00631/data/722291765
258.34,508.32,"{'lat': None, 'lon': None}","{'rh': 43.9, 'temp': 22.6, 'wd': 0.0, 'ws': 0.0, 'ws_scalar': 0.0}","{'gas': {'co': 18172, 'co2': 13279, 'no': 18173, 'no2': 18174, 'o3': 18175}, 'pm': {'pm1': 13254, 'pm10': 13256, 'pm25': 13255}}",1.39,15.28,21.91,3.33,4.92,3.55,722291968,43.9,MOD-00631,22.6,2026-07-05T01:57:03,2026-07-04T18:57:03,https://api.quant-aq.com/v1/devices/MOD-00631/data/722291766
254.17,507.96,"{'lat': None, 'lon': None}","{'rh': 44.0, 'temp': 22.6, 'wd': 0.0, 'ws': 0.0, 'ws_scalar': 0.0}","{'gas': {'co': 18172, 'co2': 13279, 'no': 18173, 'no2': 18174, 'o3': 18175}, 'pm': {'pm1': 13254, 'pm10': 13256, 'pm25': 13255}}",1.39,13.75,21.94,3.8,5.87,3.98,722291970,44.0,MOD-00631,22.6,2026-07-05T01:56:03,2026-07-04T18:56:03,https://api.quant-aq.com/v1/devices/MOD-00631/data/722291770
244.74,509.28,"{'lat': None, 'lon': None}","{'rh': 44.0, 'temp': 22.6, 'wd': 0.0, 'ws': 0.0, 'ws_scalar': 0.0}","{'gas': {'co': 18172, 'co2': 13279, 'no': 18173, 'no2': 18174, 'o3': 18175}, 'pm': {'pm1': 13254, 'pm10': 13256, 'pm25': 13255}}",1.42,13.02,22.19,3.23,4.02,3.54,722289774,44.0,MOD-00631,22.6,2026-07-05T01:55:03,2026-07-04T18:55:03,https://api.quant-aq.com/v1/devices/MOD-00631/data/722289573
267.3,511.81,"{'lat': None, 'lon': None}","{'rh': 44.0, 'temp': 22.6, 'wd': 0.0, 'ws': 0.0, 'ws_scalar': 0.0}","{'gas': {'co': 18172, 'co2': 13279, 'no': 18173, 'no2': 18174, 'o3': 18175}, 'pm': {'pm1': 13254, 'pm10': 13256, 'pm25': 13255}}",1.39,15.61,21.33,3.05,5.35,3.11,722289772,44.0,MOD-00631,22.6,2026-07-05T01:54:03,2026-07-04T18:54:03,https://api.quant-aq.com/v1/devices/MOD-00631/data/722289572
256.29,509.76,"{'lat': None, 'lon': None}","{'rh': 43.9, 'temp': 22.6, 'wd': 0.0, 'ws': 0.0, 'ws_scalar': 0.0}","{'gas': {'co': 18172, 'co2': 13279, 'no': 18173, 'no2': 18174, 'o3': 18175}, 'pm': {'pm1': 13254, 'pm10': 13256, 'pm25': 13255}}",1.42,14.53,21.7,3.23,14.32,3.37,722289773,43.9,MOD-00631,22.6,2026-07-05T01:53:03,2026-07-04T18:53:03,https://api.quant-aq.com/v1/devices/MOD-00631/data/722289571
245.22,510.37,"{'lat': None, 'lon': None}","{'rh': 43.9, 'temp': 22.6, 'wd': 0.0, 'ws': 0.0, 'ws_scalar': 0.0}","{'gas': {'co': 18172, 'co2': 13279, 'no': 18173, 'no2': 18174, 'o3': 18175}, 'pm': {'pm1': 13254, 'pm10': 13256, 'pm25': 13255}}",1.4,14.16,21.37,3.41,6.01,3.62,722289775,43.9,MOD-00631,22.6,2026-07-05T01:52:03,2026-07-04T18:52:03,https://api.quant-aq.com/v1/devices/MOD-00631/data/722289574
263.19,508.8,"{'lat': None, 'lon': None}","{'rh': 44.0, 'temp': 22.6, 'wd': 0.0, 'ws': 0.0, 'ws_scalar': 0.0}","{'gas': {'co': 18172, 'co2': 13279, 'no': 18173, 'no2': 18174, 'o3': 18175}, 'pm': {'pm1': 13254, 'pm10': 13256, 'pm25': 13255}}",1.41,15.23,21.91,2.97,4.15,3.16,722287608,44.0,MOD-00631,22.6,2026-07-05T01:51:03,2026-07-04T18:51:03,https://api.quant-aq.com/v1/devices/MOD-00631/data/722287407
260.98,508.32,"{'lat': None, 'lon': None}","{'rh': 43.8, 'temp': 22.7, 'wd': 0.0, 'ws': 0.0, 'ws_scalar': 0.0}","{'gas': {'co': 18172, 'co2': 13279, 'no': 18173, 'no2': 18174, 'o3': 18175}, 'pm': {'pm1': 13254, 'pm10': 13256, 'pm25': 13255}}",1.43,16.04,20.75,3.12,4.43,3.37,722287607,43.8,MOD-00631,22.7,2026-07-05T01:50:03,2026-07-04T18:50:03,https://api.quant-aq.com/v1/devices/MOD-00631/data/722287406
254.49,505.55,"{'lat': None, 'lon': None}","{'rh': 43.7, 'temp': 22.7, 'wd': 0.0, 'ws': 0.0, 'ws_scalar': 0.0}","{'gas': {'co': 18172, 'co2': 13279, 'no': 18173, 'no2': 18174, 'o3': 18175}, 'pm': {'pm1': 13254, 'pm10': 13256, 'pm25': 13255}}",1.47,16.09,20.76,3.53,8.37,3.72,722287609,43.7,MOD-00631,22.7,2026-07-05T01:49:03,2026-07-04T18:49:03,https://api.quant-aq.com/v1/devices/MOD-00631/data/722287408
252.85,506.99,"{'lat': None, 'lon': None}","{'rh': 43.7, 'temp': 22.7, 'wd': 0.0, 'ws': 0.0, 'ws_scalar': 0.0}","{'gas': {'co': 18172, 'co2': 13279, 'no': 18173, 'no2': 18174, 'o3': 18175}, 'pm': {'pm1': 13254, 'pm10': 13256, 'pm25': 13255}}",1.45,14.93,21.58,3.18,4.15,3.44,722287606,43.7,MOD-00631,22.7,2026-07-05T01:48:03,2026-07-04T18:48:03,https://api.quant-aq.com/v1/devices/MOD-00631/data/722287405
257.36,506.39,"{'lat': None, 'lon': None}","{'rh': 43.7, 'temp': 22.7, 'wd': 0.0, 'ws': 0.0, 'ws_scalar': 0.0}","{'gas': {'co': 18172, 'co2': 13279, 'no': 18173, 'no2': 18174, 'o3': 18175}, 'pm': {'pm1': 13254, 'pm10': 13256, 'pm25': 13255}}",1.46,14.56,21.71,3.47,5.57,3.65,722285396,43.7,MOD-00631,22.7,2026-07-05T01:47:03,2026-07-04T18:47:03,https://api.quant-aq.com/v1/devices/MOD-00631/data/722285195
257.02,504.7,"{'lat': None, 'lon': None}","{'rh': 43.6, 'temp': 22.7, 'wd': 0.0, 'ws': 0.0, 'ws_scalar': 0.0}","{'gas': {'co': 18172, 'co2': 13279, 'no': 18173, 'no2': 18174, 'o3': 18175}, 'pm': {'pm1': 13254, 'pm10': 13256, 'pm25': 13255}}",1.48,14.98,22.05,3.6,4.9,3.89,722285393,43.6,MOD-00631,22.7,2026-07-05T01:46:03,2026-07-04T18:46:03,https://api.quant-aq.com/v1/devices/MOD-00631/data/722285194
252.35,511.21,"{'lat': None, 'lon': None}","{'rh': 43.4, 'temp': 22.8, 'wd': 0.0, 'ws': 0.0, 'ws_scalar': 0.0}","{'gas': {'co': 18172, 'co2': 13279, 'no': 18173, 'no2': 18174, 'o3': 18175}, 'pm': {'pm1': 13254, 'pm10': 13256, 'pm25': 13255}}",1.51,13.89,20.6,3.26,6.81,3.47,722285394,43.4,MOD-00631,22.8,2026-07-05T01:45:03,2026-07-04T18:45:03,https://api.quant-aq.com/v1/devices/MOD-00631/data/722285192
253.03,506.15,"{'lat': None, 'lon': None}","{'rh': 43.6, 'temp': 22.8, 'wd': 0.0, 'ws': 0.0, 'ws_scalar': 0.0}","{'gas': {'co': 18172, 'co2': 13279, 'no': 18173, 'no2': 18174, 'o3': 18175}, 'pm': {'pm1': 13254, 'pm10': 13256, 'pm25': 13255}}",1.52,14.54,22.16,3.24,4.34,3.53,722285395,43.6,MOD-00631,22.8,2026-07-05T01:44:03,2026-07-04T18:44:03,https://api.quant-aq.com/v1/devices/MOD-00631/data/722285193
251.46,505.91,"{'lat': None, 'lon': None}","{'rh': 43.5, 'temp': 22.8, 'wd': 0.0, 'ws': 0.0, 'ws_scalar': 0.0}","{'gas': {'co': 18172, 'co2': 13279, 'no': 18173, 'no2': 18174, 'o3': 18175}, 'pm': {'pm1': 13254, 'pm10': 13256, 'pm25': 13255}}",1.53,13.85,22.41,3.23,5.26,3.49,722283177,43.5,MOD-00631,22.8,2026-07-05T01:43:03,2026-07-04T18:43:03,https://api.quant-aq.com/v1/devices/MOD-00631/data/722282976
249.48,511.45,"{'lat': None, 'lon': None}","{'rh': 43.4, 'temp': 22.8, 'wd': 0.0, 'ws': 0.0, 'ws_scalar': 0.0}","{'gas': {'co': 18172, 'co2': 13279, 'no': 18173, 'no2': 18174, 'o3': 18175}, 'pm': {'pm1': 13254, 'pm10': 13256, 'pm25': 13255}}",1.53,14.26,21.84,3.23,4.67,3.48,722283176,43.4,MOD-00631,22.8,2026-07-05T01:42:03,2026-07-04T18:42:03,https://api.quant-aq.com/v1/devices/MOD-00631/data/722282974
251.46,505.19,"{'lat': None, 'lon': None}","{'rh': 43.5, 'temp': 22.8, 'wd': 0.0, 'ws': 0.0, 'ws_scalar': 0.0}","{'gas': {'co': 18172, 'co2': 13279, 'no': 18173, 'no2': 18174, 'o3': 18175}, 'pm': {'pm1': 13254, 'pm10': 13256, 'pm25': 13255}}",1.49,14.59,21.71,3.2,4.09,3.4,722283174,43.5,MOD-00631,22.8,2026-07-05T01:41:03,2026-07-04T18:41:03,https://api.quant-aq.com/v1/devices/MOD-00631/data/722282973
262.17,507.84,"{'lat': None, 'lon': None}","{'rh': 43.6, 'temp': 22.9, 'wd': 0.0, 'ws': 0.0, 'ws_scalar': 0.0}","{'gas': {'co': 18172, 'co2': 13279, 'no': 18173, 'no2': 18174, 'o3': 18175}, 'pm': {'pm1': 13254, 'pm10': 13256, 'pm25': 13255}}",1.57,14.85,22.02,3.35,8.71,3.52,722283175,43.6,MOD-00631,22.9,2026-07-05T01:40:03,2026-07-04T18:40:03,https://api.quant-aq.com/v1/devices/MOD-00631/data/722282975
253.28,501.45,"{'lat': None, 'lon': None}","{'rh': 43.4, 'temp': 22.9, 'wd': 0.0, 'ws': 0.0, 'ws_scalar': 0.0}","{'gas': {'co': 18172, 'co2': 13279, 'no': 18173, 'no2': 18174, 'o3': 18175}, 'pm': {'pm1': 13254, 'pm10': 13256, 'pm25': 13255}}",1.58,14.93,21.58,3.03,4.11,3.25,722281021,43.4,MOD-00631,22.9,2026-07-05T01:39:03,2026-07-04T18:39:03,https://api.quant-aq.com/v1/devices/MOD-00631/data/722280820
266.07,511.45,"{'lat': None, 'lon': None}","{'rh': 43.3, 'temp': 22.9, 'wd': 0.0, 'ws': 0.0, 'ws_scalar': 0.0}","{'gas': {'co': 18172, 'co2': 13279, 'no': 18173, 'no2': 18174, 'o3': 18175}, 'pm': {'pm1': 13254, 'pm10': 13256, 'pm25': 13255}}",1.57,15.73,21.8,2.79,3.32,3.02,722281019,43.3,MOD-00631,22.9,2026-07-05T01:38:03,2026-07-04T18:38:03,https://api.quant-aq.com/v1/devices/MOD-00631/data/722280818
253.02,509.52,"{'lat': None, 'lon': None}","{'rh': 43.2, 'temp': 22.9, 'wd': 0.0, 'ws': 0.0, 'ws_scalar': 0.0}","{'gas': {'co': 18172, 'co2': 13279, 'no': 18173, 'no2': 18174, 'o3': 18175}, 'pm': {'pm1': 13254, 'pm10': 13256, 'pm25': 13255}}",1.56,14.65,22.18,3.13,9.0,3.29,722281020,43.2,MOD-00631,22.9,2026-07-05T01:37:03,2026-07-04T18:37:03,https://api.quant-aq.com/v1/devices/MOD-00631/data/722280819
258.62,512.29,"{'lat': None, 'lon': None}","{'rh': 43.4, 'temp': 22.9, 'wd': 0.0, 'ws': 0.0, 'ws_scalar': 0.0}","{'gas': {'co': 18172, 'co2': 13279, 'no': 18173, 'no2': 18174, 'o3': 18175}, 'pm': {'pm1': 13254, 'pm10': 13256, 'pm25': 13255}}",1.58,13.47,20.71,2.96,3.67,3.12,722281022,43.4,MOD-00631,22.9,2026-07-05T01:36:03,2026-07-04T18:36:03,https://api.quant-aq.com/v1/devices/MOD-00631/data/722280821
249.66,508.68,"{'lat': None, 'lon': None}","{'rh': 43.3, 'temp': 22.9, 'wd': 0.0, 'ws': 0.0, 'ws_scalar': 0.0}","{'gas': {'co': 18172, 'co2': 13279, 'no': 18173, 'no2': 18174, 'o3': 18175}, 'pm': {'pm1': 13254, 'pm10': 13256, 'pm25': 13255}}",1.59,14.98,20.22,3.12,3.65,3.24,722278860,43.3,MOD-00631,22.9,2026-07-05T01:35:03,2026-07-04T18:35:03,https://api.quant-aq.com/v1/devices/MOD-00631/data/722278658
249.22,506.87,"{'lat': None, 'lon': None}","{'rh': 43.5, 'temp': 23.0, 'wd': 0.0, 'ws': 0.0, 'ws_scalar': 0.0}","{'gas': {'co': 18172, 'co2': 13279, 'no': 18173, 'no2': 18174, 'o3': 18175}, 'pm': {'pm1': 13254, 'pm10': 13256, 'pm25': 13255}}",1.65,14.83,22.02,2.75,3.37,2.88,722278857,43.5,MOD-00631,23.0,2026-07-05T01:34:03,2026-07-04T18:34:03,https://api.quant-aq.com/v1/devices/MOD-00631/data/722278656
260.92,508.44,"{'lat': None, 'lon': None}","{'rh': 43.2, 'temp': 23.0, 'wd': 0.0, 'ws': 0.0, 'ws_scalar': 0.0}","{'gas': {'co': 18172, 'co2': 13279, 'no': 18173, 'no2': 18174, 'o3': 18175}, 'pm': {'pm1': 13254, 'pm10': 13256, 'pm25': 13255}}",1.62,15.7,21.34,3.19,4.27,3.42,722278858,43.2,MOD-00631,23.0,2026-07-05T01:33:03,2026-07-04T18:33:03,https://api.quant-aq.com/v1/devices/MOD-00631/data/722278659
235.29,508.2,"{'lat': None, 'lon': None}","{'rh': 42.9, 'temp': 23.0, 'wd': 0.0, 'ws': 0.0, 'ws_scalar': 0.0}","{'gas': {'co': 18172, 'co2': 13279, 'no': 18173, 'no2': 18174, 'o3': 18175}, 'pm': {'pm1': 13254, 'pm10': 13256, 'pm25': 13255}}",1.64,13.96,22.43,3.12,18.55,3.29,722278859,42.9,MOD-00631,23.0,2026-07-05T01:32:03,2026-07-04T18:32:03,https://api.quant-aq.com/v1/devices/MOD-00631/data/722278657
274.32,506.39,"{'lat': None, 'lon': None}","{'rh': 42.8, 'temp': 23.0, 'wd': 0.0, 'ws': 0.0, 'ws_scalar': 0.0}","{'gas': {'co': 18172, 'co2': 13279, 'no': 18173, 'no2': 18174, 'o3': 18175}, 'pm': {'pm1': 13254, 'pm10': 13256, 'pm25': 13255}}",1.6,15.89,20.46,2.85,4.03,3.01,722276652,42.8,MOD-00631,23.0,2026-07-05T01:31:03,2026-07-04T18:31:03,https://api.quant-aq.com/v1/devices/MOD-00631/data/722276452
264.07,508.2,"{'lat': None, 'lon': None}","{'rh': 42.8, 'temp': 23.0, 'wd': 0.0, 'ws': 0.0, 'ws_scalar': 0.0}","{'gas': {'co': 18172, 'co2': 13279, 'no': 18173, 'no2': 18174, 'o3': 18175}, 'pm': {'pm1': 13254, 'pm10': 13256, 'pm25': 13255}}",1.63,15.12,21.16,2.78,5.74,2.95,722276651,42.8,MOD-00631,23.0,2026-07-05T01:30:03,2026-07-04T18:30:03,https://api.quant-aq.com/v1/devices/MOD-00631/data/722276450
262.91,504.58,"{'lat': None, 'lon': None}","{'rh': 42.7, 'temp': 23.0, 'wd': 0.0, 'ws': 0.0, 'ws_scalar': 0.0}","{'gas': {'co': 18172, 'co2': 13279, 'no': 18173, 'no2': 18174, 'o3': 18175}, 'pm': {'pm1': 13254, 'pm10': 13256, 'pm25': 13255}}",1.63,14.41,20.96,3.01,5.29,3.23,722276653,42.7,MOD-00631,23.0,2026-07-05T01:29:03,2026-07-04T18:29:03,https://api.quant-aq.com/v1/devices/MOD-00631/data/722276451
253.55,509.04,"{'lat': None, 'lon': None}","{'rh': 42.6, 'temp': 23.0, 'wd': 0.0, 'ws': 0.0, 'ws_scalar': 0.0}","{'gas': {'co': 18172, 'co2': 13279, 'no': 18173, 'no2': 18174, 'o3': 18175}, 'pm': {'pm1': 13254, 'pm10': 13256, 'pm25': 13255}}",1.65,13.7,22.58,2.97,4.62,3.09,722276650,42.6,MOD-00631,23.0,2026-07-05T01:28:03,2026-07-04T18:28:03,https://api.quant-aq.com/v1/devices/MOD-00631/data/722276449
254.0,509.28,"{'lat': None, 'lon': None}","{'rh': 42.7, 'temp': 23.1, 'wd': 0.0, 'ws': 0.0, 'ws_scalar': 0.0}","{'gas': {'co': 18172, 'co2': 13279, 'no': 18173, 'no2': 18174, 'o3': 18175}, 'pm': {'pm1': 13254, 'pm10': 13256, 'pm25': 13255}}",1.69,15.09,21.15,3.05,4.45,3.21,722274466,42.7,MOD-00631,23.1,2026-07-05T01:27:03,2026-07-04T18:27:03,https://api.quant-aq.com/v1/devices/MOD-00631/data/722274266
262.61,508.44,"{'lat': None, 'lon': None}","{'rh': 42.7, 'temp': 23.1, 'wd': 0.0, 'ws': 0.0, 'ws_scalar': 0.0}","{'gas': {'co': 18172, 'co2': 13279, 'no': 18173, 'no2': 18174, 'o3': 18175}, 'pm': {'pm1': 13254, 'pm10': 13256, 'pm25': 13255}}",1.69,14.35,22.31,3.18,5.25,3.33,722274467,42.7,MOD-00631,23.1,2026-07-05T01:26:03,2026-07-04T18:26:03,https://api.quant-aq.com/v1/devices/MOD-00631/data/722274265
251.88,509.76,"{'lat': None, 'lon': None}","{'rh': 42.8, 'temp': 23.1, 'wd': 0.0, 'ws': 0.0, 'ws_scalar': 0.0}","{'gas': {'co': 18172, 'co2': 13279, 'no': 18173, 'no2': 18174, 'o3': 18175}, 'pm': {'pm1': 13254, 'pm10': 13256, 'pm25': 13255}}",1.69,15.05,22.06,3.37,6.58,3.64,722274464,42.8,MOD-00631,23.1,2026-07-05T01:25:03,2026-07-04T18:25:03,https://api.quant-aq.com/v1/devices/MOD-00631/data/722274263
266.3,508.44,"{'lat': None, 'lon': None}","{'rh': 42.7, 'temp': 23.1, 'wd': 0.0, 'ws': 0.0, 'ws_scalar': 0.0}","{'gas': {'co': 18172, 'co2': 13279, 'no': 18173, 'no2': 18174, 'o3': 18175}, 'pm': {'pm1': 13254, 'pm10': 13256, 'pm25': 13255}}",1.69,14.72,20.82,3.34,3.6,3.52,722274465,42.7,MOD-00631,23.1,2026-07-05T01:24:03,2026-07-04T18:24:03,https://api.quant-aq.com/v1/devices/MOD-00631/data/722274264
246.32,509.52,"{'lat': None, 'lon': None}","{'rh': 42.7, 'temp': 23.2, 'wd': 0.0, 'ws': 0.0, 'ws_scalar': 0.0}","{'gas': {'co': 18172, 'co2': 13279, 'no': 18173, 'no2': 18174, 'o3': 18175}, 'pm': {'pm1': 13254, 'pm10': 13256, 'pm25': 13255}}",1.74,14.28,21.39,2.68,3.51,2.92,722272303,42.7,MOD-00631,23.2,2026-07-05T01:23:03,2026-07-04T18:23:03,https://api.quant-aq.com/v1/devices/MOD-00631/data/722272103
259.51,510.13,"{'lat': None, 'lon': None}","{'rh': 42.6, 'temp': 23.2, 'wd': 0.0, 'ws': 0.0, 'ws_scalar': 0.0}","{'gas': {'co': 18172, 'co2': 13279, 'no': 18173, 'no2': 18174, 'o3': 18175}, 'pm': {'pm1': 13254, 'pm10': 13256, 'pm25': 13255}}",1.75,15.82,20.45,2.97,4.57,3.25,722272304,42.6,MOD-00631,23.2,2026-07-05T01:22:03,2026-07-04T18:22:03,https://api.quant-aq.com/v1/devices/MOD-00631/data/722272102
257.12,508.68,"{'lat': None, 'lon': None}","{'rh': 42.5, 'temp': 23.2, 'wd': 0.0, 'ws': 0.0, 'ws_scalar': 0.0}","{'gas': {'co': 18172, 'co2': 13279, 'no': 18173, 'no2': 18174, 'o3': 18175}, 'pm': {'pm1': 13254, 'pm10': 13256, 'pm25': 13255}}",1.75,13.98,21.53,2.68,3.5,2.82,722272305,42.5,MOD-00631,23.2,2026-07-05T01:21:03,2026-07-04T18:21:03,https://api.quant-aq.com/v1/devices/MOD-00631/data/722272108
262.11,512.53,"{'lat': None, 'lon': None}","{'rh': 42.4, 'temp': 23.2, 'wd': 0.0, 'ws': 0.0, 'ws_scalar': 0.0}","{'gas': {'co': 18172, 'co2': 13279, 'no': 18173, 'no2': 18174, 'o3': 18175}, 'pm': {'pm1': 13254, 'pm10': 13256, 'pm25': 13255}}",1.74,14.77,21.29,3.0,6.46,3.25,722272302,42.4,MOD-00631,23.2,2026-07-05T01:20:03,2026-07-04T18:20:03,https://api.quant-aq.com/v1/devices/MOD-00631/data/722272101
259.24,509.76,"{'lat': None, 'lon': None}","{'rh': 42.4, 'temp': 23.2, 'wd': 0.0, 'ws': 0.0, 'ws_scalar': 0.0}","{'gas': {'co': 18172, 'co2': 13279, 'no': 18173, 'no2': 18174, 'o3': 18175}, 'pm': {'pm1': 13254, 'pm10': 13256, 'pm25': 13255}}",1.75,13.26,21.78,3.13,5.6,3.37,722270107,42.4,MOD-00631,23.2,2026-07-05T01:19:03,2026-07-04T18:19:03,https://api.quant-aq.com/v1/devices/MOD-00631/data/722269906
251.29,505.31,"{'lat': None, 'lon': None}","{'rh': 42.2, 'temp': 23.3, 'wd': 0.0, 'ws': 0.0, 'ws_scalar': 0.0}","{'gas': {'co': 18172, 'co2': 13279, 'no': 18173, 'no2': 18174, 'o3': 18175}, 'pm': {'pm1': 13254, 'pm10': 13256, 'pm25': 13255}}",1.83,14.78,21.75,2.75,5.06,2.95,722270108,42.2,MOD-00631,23.3,2026-07-05T01:18:03,2026-07-04T18:18:03,https://api.quant-aq.com/v1/devices/MOD-00631/data/722269907
260.31,508.68,"{'lat': None, 'lon': None}","{'rh': 42.2, 'temp': 23.3, 'wd': 0.0, 'ws': 0.0, 'ws_scalar': 0.0}","{'gas': {'co': 18172, 'co2': 13279, 'no': 18173, 'no2': 18174, 'o3': 18175}, 'pm': {'pm1': 13254, 'pm10': 13256, 'pm25': 13255}}",1.79,15.54,21.5,2.91,13.54,3.01,722270106,42.2,MOD-00631,23.3,2026-07-05T01:17:03,2026-07-04T18:17:03,https://api.quant-aq.com/v1/devices/MOD-00631/data/722269905
257.3,507.48,"{'lat': None, 'lon': None}","{'rh': 42.4, 'temp': 23.3, 'wd': 0.0, 'ws': 0.0, 'ws_scalar': 0.0}","{'gas': {'co': 18172, 'co2': 13279, 'no': 18173, 'no2': 18174, 'o3': 18175}, 'pm': {'pm1': 13254, 'pm10': 13256, 'pm25': 13255}}",1.82,12.82,21.89,2.83,5.95,3.03,722270105,42.4,MOD-00631,23.3,2026-07-05T01:16:03,2026-07-04T18:16:03,https://api.quant-aq.com/v1/devices/MOD-00631/data/722269904
260.17,504.34,"{'lat': None, 'lon': None}","{'rh': 42.4, 'temp': 23.3, 'wd': 0.0, 'ws': 0.0, 'ws_scalar': 0.0}","{'gas': {'co': 18172, 'co2': 13279, 'no': 18173, 'no2': 18174, 'o3': 18175}, 'pm': {'pm1': 13254, 'pm10': 13256, 'pm25': 13255}}",1.8,16.25,21.69,3.07,4.65,3.36,722267959,42.4,MOD-00631,23.3,2026-07-05T01:15:03,2026-07-04T18:15:03,https://api.quant-aq.com/v1/devices/MOD-00631/data/722267761
257.37,508.68,"{'lat': None, 'lon': None}","{'rh': 42.3, 'temp': 23.3, 'wd': 0.0, 'ws': 0.0, 'ws_scalar': 0.0}","{'gas': {'co': 18172, 'co2': 13279, 'no': 18173, 'no2': 18174, 'o3': 18175}, 'pm': {'pm1': 13254, 'pm10': 13256, 'pm25': 13255}}",1.82,15.11,21.16,2.81,3.48,2.98,722267957,42.3,MOD-00631,23.3,2026-07-05T01:14:03,2026-07-04T18:14:03,https://api.quant-aq.com/v1/devices/MOD-00631/data/722267757
278.06,507.72,"{'lat': None, 'lon': None}","{'rh': 42.2, 'temp': 23.4, 'wd': 0.0, 'ws': 0.0, 'ws_scalar': 0.0}","{'gas': {'co': 18172, 'co2': 13279, 'no': 18173, 'no2': 18174, 'o3': 18175}, 'pm': {'pm1': 13254, 'pm10': 13256, 'pm25': 13255}}",1.86,14.71,21.28,2.71,4.51,3.01,722267958,42.2,MOD-00631,23.4,2026-07-05T01:13:03,2026-07-04T18:13:03,https://api.quant-aq.com/v1/devices/MOD-00631/data/722267758
267.81,509.76,"{'lat': None, 'lon': None}","{'rh': 42.2, 'temp': 23.4, 'wd': 0.0, 'ws': 0.0, 'ws_scalar': 0.0}","{'gas': {'co': 18172, 'co2': 13279, 'no': 18173, 'no2': 18174, 'o3': 18175}, 'pm': {'pm1': 13254, 'pm10': 13256, 'pm25': 13255}}",1.8,14.71,21.28,3.08,7.03,3.29,722267960,42.2,MOD-00631,23.4,2026-07-05T01:12:03,2026-07-04T18:12:03,https://api.quant-aq.com/v1/devices/MOD-00631/data/722267764
240.47,505.67,"{'lat': None, 'lon': None}","{'rh': 42.0, 'temp': 23.4, 'wd': 0.0, 'ws': 0.0, 'ws_scalar': 0.0}","{'gas': {'co': 18172, 'co2': 13279, 'no': 18173, 'no2': 18174, 'o3': 18175}, 'pm': {'pm1': 13254, 'pm10': 13256, 'pm25': 13255}}",1.91,12.87,22.37,2.75,3.57,3.0,722265767,42.0,MOD-00631,23.4,2026-07-05T01:11:03,2026-07-04T18:11:03,https://api.quant-aq.com/v1/devices/MOD-00631/data/722265565
261.26,505.91,"{'lat': None, 'lon': None}","{'rh': 41.6, 'temp': 23.4, 'wd': 0.0, 'ws': 0.0, 'ws_scalar': 0.0}","{'gas': {'co': 18172, 'co2': 13279, 'no': 18173, 'no2': 18174, 'o3': 18175}, 'pm': {'pm1': 13254, 'pm10': 13256, 'pm25': 13255}}",1.86,16.59,21.74,2.85,4.31,3.01,722265768,41.6,MOD-00631,23.4,2026-07-05T01:10:03,2026-07-04T18:10:03,https://api.quant-aq.com/v1/devices/MOD-00631/data/722265566
242.91,504.34,"{'lat': None, 'lon': None}","{'rh': 41.6, 'temp': 23.5, 'wd': 0.0, 'ws': 0.0, 'ws_scalar': 0.0}","{'gas': {'co': 18172, 'co2': 13279, 'no': 18173, 'no2': 18174, 'o3': 18175}, 'pm': {'pm1': 13254, 'pm10': 13256, 'pm25': 13255}}",1.93,13.71,23.05,3.31,3.68,3.56,722265766,41.6,MOD-00631,23.5,2026-07-05T01:09:03,2026-07-04T18:09:03,https://api.quant-aq.com/v1/devices/MOD-00631/data/722265564
260.96,510.0,"{'lat': None, 'lon': None}","{'rh': 41.6, 'temp': 23.5, 'wd': 0.0, 'ws': 0.0, 'ws_scalar': 0.0}","{'gas': {'co': 18172, 'co2': 13279, 'no': 18173, 'no2': 18174, 'o3': 18175}, 'pm': {'pm1': 13254, 'pm10': 13256, 'pm25': 13255}}",1.93,15.26,21.19,2.84,13.14,3.03,722265765,41.6,MOD-00631,23.5,2026-07-05T01:08:03,2026-07-04T18:08:03,https://api.quant-aq.com/v1/devices/MOD-00631/data/722265563
246.67,503.5,"{'lat': None, 'lon': None}","{'rh': 41.5, 'temp': 23.5, 'wd': 0.0, 'ws': 0.0, 'ws_scalar': 0.0}","{'gas': {'co': 18172, 'co2': 13279, 'no': 18173, 'no2': 18174, 'o3': 18175}, 'pm': {'pm1': 13254, 'pm10': 13256, 'pm25': 13255}}",1.9,14.91,21.77,3.11,9.36,3.31,722263574,41.5,MOD-00631,23.5,2026-07-05T01:07:03,2026-07-04T18:07:03,https://api.quant-aq.com/v1/devices/MOD-00631/data/722263373
241.41,506.03,"{'lat': None, 'lon': None}","{'rh': 41.4, 'temp': 23.5, 'wd': 0.0, 'ws': 0.0, 'ws_scalar': 0.0}","{'gas': {'co': 18172, 'co2': 13279, 'no': 18173, 'no2': 18174, 'o3': 18175}, 'pm': {'pm1': 13254, 'pm10': 13256, 'pm25': 13255}}",1.94,11.76,22.77,2.45,6.86,2.65,722263572,41.4,MOD-00631,23.5,2026-07-05T01:06:03,2026-07-04T18:06:03,https://api.quant-aq.com/v1/devices/MOD-00631/data/722263370
263.42,508.08,"{'lat': None, 'lon': None}","{'rh': 41.6, 'temp': 23.5, 'wd': 0.0, 'ws': 0.0, 'ws_scalar': 0.0}","{'gas': {'co': 18172, 'co2': 13279, 'no': 18173, 'no2': 18174, 'o3': 18175}, 'pm': {'pm1': 13254, 'pm10': 13256, 'pm25': 13255}}",1.94,12.92,23.3,2.69,8.52,2.83,722263571,41.6,MOD-00631,23.5,2026-07-05T01:05:03,2026-07-04T18:05:03,https://api.quant-aq.com/v1/devices/MOD-00631/data/722263371
254.39,509.52,"{'lat': None, 'lon': None}","{'rh': 41.6, 'temp': 23.5, 'wd': 0.0, 'ws': 0.0, 'ws_scalar': 0.0}","{'gas': {'co': 18172, 'co2': 13279, 'no': 18173, 'no2': 18174, 'o3': 18175}, 'pm': {'pm1': 13254, 'pm10': 13256, 'pm25': 13255}}",1.92,16.06,19.57,3.22,3.43,3.35,722263573,41.6,MOD-00631,23.5,2026-07-05T01:04:03,2026-07-04T18:04:03,https://api.quant-aq.com/v1/devices/MOD-00631/data/722263372
255.96,505.19,"{'lat': None, 'lon': None}","{'rh': 41.7, 'temp': 23.5, 'wd': 0.0, 'ws': 0.0, 'ws_scalar': 0.0}","{'gas': {'co': 18172, 'co2': 13279, 'no': 18173, 'no2': 18174, 'o3': 18175}, 'pm': {'pm1': 13254, 'pm10': 13256, 'pm25': 13255}}",1.92,16.44,19.9,3.22,4.6,3.38,722261410,41.7,MOD-00631,23.5,2026-07-05T01:03:03,2026-07-04T18:03:03,https://api.quant-aq.com/v1/devices/MOD-00631/data/722261209
259.02,502.78,"{'lat': None, 'lon': None}","{'rh': 41.6, 'temp': 23.6, 'wd': 0.0, 'ws': 0.0, 'ws_scalar': 0.0}","{'gas': {'co': 18172, 'co2': 13279, 'no': 18173, 'no2': 18174, 'o3': 18175}, 'pm': {'pm1': 13254, 'pm10': 13256, 'pm25': 13255}}",2.01,14.8,23.12,3.2,3.89,3.36,722261407,41.6,MOD-00631,23.6,2026-07-05T01:02:03,2026-07-04T18:02:03,https://api.quant-aq.com/v1/devices/MOD-00631/data/722261206
255.47,503.62,"{'lat': None, 'lon': None}","{'rh': 41.4, 'temp': 23.6, 'wd': 0.0, 'ws': 0.0, 'ws_scalar': 0.0}","{'gas': {'co': 18172, 'co2': 13279, 'no': 18173, 'no2': 18174, 'o3': 18175}, 'pm': {'pm1': 13254, 'pm10': 13256, 'pm25': 13255}}",1.97,15.27,21.19,2.99,4.65,3.1,722261408,41.4,MOD-00631,23.6,2026-07-05T01:01:03,2026-07-04T18:01:03,https://api.quant-aq.com/v1/devices/MOD-00631/data/722261207
262.85,501.69,"{'lat': None, 'lon': None}","{'rh': 41.4, 'temp': 23.6, 'wd': 0.0, 'ws': 0.0, 'ws_scalar': 0.0}","{'gas': {'co': 18172, 'co2': 13279, 'no': 18173, 'no2': 18174, 'o3': 18175}, 'pm': {'pm1': 13254, 'pm10': 13256, 'pm25': 13255}}",1.99,14.1,21.56,2.74,17.1,3.0,722261409,41.4,MOD-00631,23.6,2026-07-05T01:00:03,2026-07-04T18:00:03,https://api.quant-aq.com/v1/devices/MOD-00631/data/722261208
259.57,505.55,"{'lat': None, 'lon': None}","{'rh': 41.4, 'temp': 23.6, 'wd': 0.0, 'ws': 0.0, 'ws_scalar': 0.0}","{'gas': {'co': 18172, 'co2': 13279, 'no': 18173, 'no2': 18174, 'o3': 18175}, 'pm': {'pm1': 13254, 'pm10': 13256, 'pm25': 13255}}",1.99,14.1,21.56,2.88,3.42,3.05,722259227,41.4,MOD-00631,23.6,2026-07-05T00:59:03,2026-07-04T17:59:03,https://api.quant-aq.com/v1/devices/MOD-00631/data/722259026
257.18,504.34,"{'lat': None, 'lon': None}","{'rh': 41.3, 'temp': 23.6, 'wd': 0.0, 'ws': 0.0, 'ws_scalar': 0.0}","{'gas': {'co': 18172, 'co2': 13279, 'no': 18173, 'no2': 18174, 'o3': 18175}, 'pm': {'pm1': 13254, 'pm10': 13256, 'pm25': 13255}}",1.99,15.31,22.11,2.75,3.53,2.97,722259228,41.3,MOD-00631,23.6,2026-07-05T00:58:03,2026-07-04T17:58:03,https://api.quant-aq.com/v1/devices/MOD-00631/data/722259027
248.4,507.23,"{'lat': None, 'lon': None}","{'rh': 41.1, 'temp': 23.7, 'wd': 0.0, 'ws': 0.0, 'ws_scalar': 0.0}","{'gas': {'co': 18172, 'co2': 13279, 'no': 18173, 'no2': 18174, 'o3': 18175}, 'pm': {'pm1': 13254, 'pm10': 13256, 'pm25': 13255}}",2.07,13.73,21.69,2.99,7.95,3.12,722259225,41.1,MOD-00631,23.7,2026-07-05T00:57:03,2026-07-04T17:57:03,https://api.quant-aq.com/v1/devices/MOD-00631/data/722259024
253.74,509.64,"{'lat': None, 'lon': None}","{'rh': 41.1, 'temp': 23.7, 'wd': 0.0, 'ws': 0.0, 'ws_scalar': 0.0}","{'gas': {'co': 18172, 'co2': 13279, 'no': 18173, 'no2': 18174, 'o3': 18175}, 'pm': {'pm1': 13254, 'pm10': 13256, 'pm25': 13255}}",2.05,15.74,21.99,2.89,15.69,3.06,722259226,41.1,MOD-00631,23.7,2026-07-05T00:56:03,2026-07-04T17:56:03,https://api.quant-aq.com/v1/devices/MOD-00631/data/722259025
256.2,504.22,"{'lat': None, 'lon': None}","{'rh': 41.1, 'temp': 23.7, 'wd': 0.0, 'ws': 0.0, 'ws_scalar': 0.0}","{'gas': {'co': 18172, 'co2': 13279, 'no': 18173, 'no2': 18174, 'o3': 18175}, 'pm': {'pm1': 13254, 'pm10': 13256, 'pm25': 13255}}",2.06,14.13,22.94,2.94,3.35,3.14,722257028,41.1,MOD-00631,23.7,2026-07-05T00:55:03,2026-07-04T17:55:03,https://api.quant-aq.com/v1/devices/MOD-00631/data/722256827
260.03,508.08,"{'lat': None, 'lon': None}","{'rh': 40.9, 'temp': 23.7, 'wd': 0.0, 'ws': 0.0, 'ws_scalar': 0.0}","{'gas': {'co': 18172, 'co2': 13279, 'no': 18173, 'no2': 18174, 'o3': 18175}, 'pm': {'pm1': 13254, 'pm10': 13256, 'pm25': 13255}}",2.07,15.01,21.34,3.09,3.93,3.25,722257026,40.9,MOD-00631,23.7,2026-07-05T00:54:03,2026-07-04T17:54:03,https://api.quant-aq.com/v1/devices/MOD-00631/data/722256825
254.36,509.64,"{'lat': None, 'lon': None}","{'rh': 40.8, 'temp': 23.7, 'wd': 0.0, 'ws': 0.0, 'ws_scalar': 0.0}","{'gas': {'co': 18172, 'co2': 13279, 'no': 18173, 'no2': 18174, 'o3': 18175}, 'pm': {'pm1': 13254, 'pm10': 13256, 'pm25': 13255}}",2.06,14.23,22.05,2.8,3.28,3.07,722257025,40.8,MOD-00631,23.7,2026-07-05T00:53:03,2026-07-04T17:53:03,https://api.quant-aq.com/v1/devices/MOD-00631/data/722256824
258.8,508.2,"{'lat': None, 'lon': None}","{'rh': 40.9, 'temp': 23.7, 'wd': 0.0, 'ws': 0.0, 'ws_scalar': 0.0}","{'gas': {'co': 18172, 'co2': 13279, 'no': 18173, 'no2': 18174, 'o3': 18175}, 'pm': {'pm1': 13254, 'pm10': 13256, 'pm25': 13255}}",2.05,14.2,21.59,3.26,3.93,3.41,722257027,40.9,MOD-00631,23.7,2026-07-05T00:52:03,2026-07-04T17:52:03,https://api.quant-aq.com/v1/devices/MOD-00631/data/722256826
261.37,507.72,"{'lat': None, 'lon': None}","{'rh': 40.9, 'temp': 23.8, 'wd': 0.0, 'ws': 0.0, 'ws_scalar': 0.0}","{'gas': {'co': 18172, 'co2': 13279, 'no': 18173, 'no2': 18174, 'o3': 18175}, 'pm': {'pm1': 13254, 'pm10': 13256, 'pm25': 13255}}",2.12,14.54,21.91,2.94,8.79,3.19,722254876,40.9,MOD-00631,23.8,2026-07-05T00:51:03,2026-07-04T17:51:03,https://api.quant-aq.com/v1/devices/MOD-00631/data/722254675
284.82,505.19,"{'lat': None, 'lon': None}","{'rh': 40.8, 'temp': 23.8, 'wd': 0.0, 'ws': 0.0, 'ws_scalar': 0.0}","{'gas': {'co': 18172, 'co2': 13279, 'no': 18173, 'no2': 18174, 'o3': 18175}, 'pm': {'pm1': 13254, 'pm10': 13256, 'pm25': 13255}}",2.1,15.8,20.63,2.74,4.32,2.84,722254877,40.8,MOD-00631,23.8,2026-07-05T00:50:03,2026-07-04T17:50:03,https://api.quant-aq.com/v1/devices/MOD-00631/data/722254676
260.69,506.39,"{'lat': None, 'lon': None}","{'rh': 40.7, 'temp': 23.8, 'wd': 0.0, 'ws': 0.0, 'ws_scalar': 0.0}","{'gas': {'co': 18172, 'co2': 13279, 'no': 18173, 'no2': 18174, 'o3': 18175}, 'pm': {'pm1': 13254, 'pm10': 13256, 'pm25': 13255}}",2.1,14.61,21.47,2.55,5.04,2.7,722254875,40.7,MOD-00631,23.8,2026-07-05T00:49:03,2026-07-04T17:49:03,https://api.quant-aq.com/v1/devices/MOD-00631/data/722254674
274.97,506.63,"{'lat': None, 'lon': None}","{'rh': 40.8, 'temp': 23.8, 'wd': 0.0, 'ws': 0.0, 'ws_scalar': 0.0}","{'gas': {'co': 18172, 'co2': 13279, 'no': 18173, 'no2': 18174, 'o3': 18175}, 'pm': {'pm1': 13254, 'pm10': 13256, 'pm25': 13255}}",2.09,13.33,21.83,2.81,3.6,3.01,722254878,40.8,MOD-00631,23.8,2026-07-05T00:48:03,2026-07-04T17:48:03,https://api.quant-aq.com/v1/devices/MOD-00631/data/722254677
285.5,504.83,"{'lat': None, 'lon': None}","{'rh': 41.0, 'temp': 23.8, 'wd': 0.0, 'ws': 0.0, 'ws_scalar': 0.0}","{'gas': {'co': 18172, 'co2': 13279, 'no': 18173, 'no2': 18174, 'o3': 18175}, 'pm': {'pm1': 13254, 'pm10': 13256, 'pm25': 13255}}",2.08,15.3,20.28,2.61,3.27,2.77,722252675,41.0,MOD-00631,23.8,2026-07-05T00:47:03,2026-07-04T17:47:03,https://api.quant-aq.com/v1/devices/MOD-00631/data/722252474
310.31,505.67,"{'lat': None, 'lon': None}","{'rh': 40.7, 'temp': 23.8, 'wd': 0.0, 'ws': 0.0, 'ws_scalar': 0.0}","{'gas': {'co': 18172, 'co2': 13279, 'no': 18173, 'no2': 18174, 'o3': 18175}, 'pm': {'pm1': 13254, 'pm10': 13256, 'pm25': 13255}}",2.05,15.85,19.73,2.9,5.42,2.99,722252672,40.7,MOD-00631,23.8,2026-07-05T00:46:03,2026-07-04T17:46:03,https://api.quant-aq.com/v1/devices/MOD-00631/data/722252471
321.64,507.72,"{'lat': None, 'lon': None}","{'rh': 40.5, 'temp': 23.9, 'wd': 0.0, 'ws': 0.0, 'ws_scalar': 0.0}","{'gas': {'co': 18172, 'co2': 13279, 'no': 18173, 'no2': 18174, 'o3': 18175}, 'pm': {'pm1': 13254, 'pm10': 13256, 'pm25': 13255}}",2.03,15.88,19.27,3.1,10.25,3.26,722252674,40.5,MOD-00631,23.9,2026-07-05T00:45:03,2026-07-04T17:45:03,https://api.quant-aq.com/v1/devices/MOD-00631/data/722252473
281.72,503.86,"{'lat': None, 'lon': None}","{'rh': 40.7, 'temp': 23.9, 'wd': 0.0, 'ws': 0.0, 'ws_scalar': 0.0}","{'gas': {'co': 18172, 'co2': 13279, 'no': 18173, 'no2': 18174, 'o3': 18175}, 'pm': {'pm1': 13254, 'pm10': 13256, 'pm25': 13255}}",1.94,14.95,19.96,3.14,3.94,3.4,722252673,40.7,MOD-00631,23.9,2026-07-05T00:44:03,2026-07-04T17:44:03,https://api.quant-aq.com/v1/devices/MOD-00631/data/722252472
249.32,501.21,"{'lat': None, 'lon': None}","{'rh': 40.7, 'temp': 23.9, 'wd': 0.0, 'ws': 0.0, 'ws_scalar': 0.0}","{'gas': {'co': 18172, 'co2': 13279, 'no': 18173, 'no2': 18174, 'o3': 18175}, 'pm': {'pm1': 13254, 'pm10': 13256, 'pm25': 13255}}",2.15,14.13,21.58,2.94,4.96,3.07,722250470,40.7,MOD-00631,23.9,2026-07-05T00:43:03,2026-07-04T17:43:03,https://api.quant-aq.com/v1/devices/MOD-00631/data/722250269
247.0,505.19,"{'lat': None, 'lon': None}","{'rh': 40.5, 'temp': 23.9, 'wd': 0.0, 'ws': 0.0, 'ws_scalar': 0.0}","{'gas': {'co': 18172, 'co2': 13279, 'no': 18173, 'no2': 18174, 'o3': 18175}, 'pm': {'pm1': 13254, 'pm10': 13256, 'pm25': 13255}}",2.16,15.45,20.31,2.99,10.66,3.25,722250468,40.5,MOD-00631,23.9,2026-07-05T00:42:03,2026-07-04T17:42:03,https://api.quant-aq.com/v1/devices/MOD-00631/data/722250267
248.48,503.98,"{'lat': None, 'lon': None}","{'rh': 40.3, 'temp': 24.0, 'wd': 0.0, 'ws': 0.0, 'ws_scalar': 0.0}","{'gas': {'co': 18172, 'co2': 13279, 'no': 18173, 'no2': 18174, 'o3': 18175}, 'pm': {'pm1': 13254, 'pm10': 13256, 'pm25': 13255}}",2.22,14.61,21.01,3.04,5.97,3.27,722250469,40.3,MOD-00631,24.0,2026-07-05T00:41:03,2026-07-04T17:41:03,https://api.quant-aq.com/v1/devices/MOD-00631/data/722250268
249.23,503.98,"{'lat': None, 'lon': None}","{'rh': 40.4, 'temp': 24.0, 'wd': 0.0, 'ws': 0.0, 'ws_scalar': 0.0}","{'gas': {'co': 18172, 'co2': 13279, 'no': 18173, 'no2': 18174, 'o3': 18175}, 'pm': {'pm1': 13254, 'pm10': 13256, 'pm25': 13255}}",2.21,13.73,21.25,2.93,5.23,3.12,722250467,40.4,MOD-00631,24.0,2026-07-05T00:40:03,2026-07-04T17:40:03,https://api.quant-aq.com/v1/devices/MOD-00631/data/722250266
252.31,503.26,"{'lat': None, 'lon': None}","{'rh': 40.1, 'temp': 24.0, 'wd': 0.0, 'ws': 0.0, 'ws_scalar': 0.0}","{'gas': {'co': 18172, 'co2': 13279, 'no': 18173, 'no2': 18174, 'o3': 18175}, 'pm': {'pm1': 13254, 'pm10': 13256, 'pm25': 13255}}",2.23,12.93,21.98,2.84,8.03,3.0,722248282,40.1,MOD-00631,24.0,2026-07-05T00:39:03,2026-07-04T17:39:03,https://api.quant-aq.com/v1/devices/MOD-00631/data/722248081
244.04,506.27,"{'lat': None, 'lon': None}","{'rh': 40.2, 'temp': 24.0, 'wd': 0.0, 'ws': 0.0, 'ws_scalar': 0.0}","{'gas': {'co': 18172, 'co2': 13279, 'no': 18173, 'no2': 18174, 'o3': 18175}, 'pm': {'pm1': 13254, 'pm10': 13256, 'pm25': 13255}}",2.22,13.78,21.27,3.05,8.0,3.17,722248280,40.2,MOD-00631,24.0,2026-07-05T00:38:03,2026-07-04T17:38:03,https://api.quant-aq.com/v1/devices/MOD-00631/data/722248080
238.75,504.7,"{'lat': None, 'lon': None}","{'rh': 40.3, 'temp': 24.1, 'wd': 0.0, 'ws': 0.0, 'ws_scalar': 0.0}","{'gas': {'co': 18172, 'co2': 13279, 'no': 18173, 'no2': 18174, 'o3': 18175}, 'pm': {'pm1': 13254, 'pm10': 13256, 'pm25': 13255}}",2.29,13.26,20.92,3.01,9.64,3.12,722248283,40.3,MOD-00631,24.1,2026-07-05T00:37:03,2026-07-04T17:37:03,https://api.quant-aq.com/v1/devices/MOD-00631/data/722248082
251.12,503.74,"{'lat': None, 'lon': None}","{'rh': 40.2, 'temp': 24.1, 'wd': 0.0, 'ws': 0.0, 'ws_scalar': 0.0}","{'gas': {'co': 18172, 'co2': 13279, 'no': 18173, 'no2': 18174, 'o3': 18175}, 'pm': {'pm1': 13254, 'pm10': 13256, 'pm25': 13255}}",2.28,14.15,21.13,2.61,2.98,2.81,722248281,40.2,MOD-00631,24.1,2026-07-05T00:36:03,2026-07-04T17:36:03,https://api.quant-aq.com/v1/devices/MOD-00631/data/722248079
252.49,499.16,"{'lat': None, 'lon': None}","{'rh': 40.0, 'temp': 24.1, 'wd': 0.0, 'ws': 0.0, 'ws_scalar': 0.0}","{'gas': {'co': 18172, 'co2': 13279, 'no': 18173, 'no2': 18174, 'o3': 18175}, 'pm': {'pm1': 13254, 'pm10': 13256, 'pm25': 13255}}",2.29,16.45,21.44,3.02,4.47,3.27,722246130,40.0,MOD-00631,24.1,2026-07-05T00:35:03,2026-07-04T17:35:03,https://api.quant-aq.com/v1/devices/MOD-00631/data/722245930
254.31,502.9,"{'lat': None, 'lon': None}","{'rh': 39.9, 'temp': 24.2, 'wd': 0.0, 'ws': 0.0, 'ws_scalar': 0.0}","{'gas': {'co': 18172, 'co2': 13279, 'no': 18173, 'no2': 18174, 'o3': 18175}, 'pm': {'pm1': 13254, 'pm10': 13256, 'pm25': 13255}}",2.31,14.61,21.48,2.36,14.51,2.42,722246133,39.9,MOD-00631,24.2,2026-07-05T00:34:03,2026-07-04T17:34:03,https://api.quant-aq.com/v1/devices/MOD-00631/data/722245929
249.39,501.69,"{'lat': None, 'lon': None}","{'rh': 39.9, 'temp': 24.2, 'wd': 0.0, 'ws': 0.0, 'ws_scalar': 0.0}","{'gas': {'co': 18172, 'co2': 13279, 'no': 18173, 'no2': 18174, 'o3': 18175}, 'pm': {'pm1': 13254, 'pm10': 13256, 'pm25': 13255}}",2.34,13.73,21.27,2.63,3.54,2.8,722246132,39.9,MOD-00631,24.2,2026-07-05T00:33:03,2026-07-04T17:33:03,https://api.quant-aq.com/v1/devices/MOD-00631/data/722245932
255.54,502.54,"{'lat': None, 'lon': None}","{'rh': 39.9, 'temp': 24.2, 'wd': 0.0, 'ws': 0.0, 'ws_scalar': 0.0}","{'gas': {'co': 18172, 'co2': 13279, 'no': 18173, 'no2': 18174, 'o3': 18175}, 'pm': {'pm1': 13254, 'pm10': 13256, 'pm25': 13255}}",2.32,12.4,20.72,2.84,3.46,3.01,722246131,39.9,MOD-00631,24.2,2026-07-05T00:32:03,2026-07-04T17:32:03,https://api.quant-aq.com/v1/devices/MOD-00631/data/722245931
246.35,499.41,"{'lat': None, 'lon': None}","{'rh': 40.3, 'temp': 24.3, 'wd': 0.0, 'ws': 0.0, 'ws_scalar': 0.0}","{'gas': {'co': 18172, 'co2': 13279, 'no': 18173, 'no2': 18174, 'o3': 18175}, 'pm': {'pm1': 13254, 'pm10': 13256, 'pm25': 13255}}",2.37,13.98,21.1,2.63,5.12,2.93,722243917,40.3,MOD-00631,24.3,2026-07-05T00:31:03,2026-07-04T17:31:03,https://api.quant-aq.com/v1/devices/MOD-00631/data/722243715
262.82,503.86,"{'lat': None, 'lon': None}","{'rh': 40.2, 'temp': 24.3, 'wd': 0.0, 'ws': 0.0, 'ws_scalar': 0.0}","{'gas': {'co': 18172, 'co2': 13279, 'no': 18173, 'no2': 18174, 'o3': 18175}, 'pm': {'pm1': 13254, 'pm10': 13256, 'pm25': 13255}}",2.37,16.18,19.58,2.99,4.31,3.15,722243915,40.2,MOD-00631,24.3,2026-07-05T00:30:03,2026-07-04T17:30:03,https://api.quant-aq.com/v1/devices/MOD-00631/data/722243714
264.61,502.78,"{'lat': None, 'lon': None}","{'rh': 40.0, 'temp': 24.3, 'wd': 0.0, 'ws': 0.0, 'ws_scalar': 0.0}","{'gas': {'co': 18172, 'co2': 13279, 'no': 18173, 'no2': 18174, 'o3': 18175}, 'pm': {'pm1': 13254, 'pm10': 13256, 'pm25': 13255}}",2.38,14.51,21.0,2.93,4.26,3.11,722243916,40.0,MOD-00631,24.3,2026-07-05T00:29:03,2026-07-04T17:29:03,https://api.quant-aq.com/v1/devices/MOD-00631/data/722243713
288.25,502.9,"{'lat': None, 'lon': None}","{'rh': 40.2, 'temp': 24.3, 'wd': 0.0, 'ws': 0.0, 'ws_scalar': 0.0}","{'gas': {'co': 18172, 'co2': 13279, 'no': 18173, 'no2': 18174, 'o3': 18175}, 'pm': {'pm1': 13254, 'pm10': 13256, 'pm25': 13255}}",2.37,14.01,20.65,3.15,12.62,3.34,722243914,40.2,MOD-00631,24.3,2026-07-05T00:28:03,2026-07-04T17:28:03,https://api.quant-aq.com/v1/devices/MOD-00631/data/722243712
259.04,501.33,"{'lat': None, 'lon': None}","{'rh': 39.9, 'temp': 24.4, 'wd': 0.0, 'ws': 0.0, 'ws_scalar': 0.0}","{'gas': {'co': 18172, 'co2': 13279, 'no': 18173, 'no2': 18174, 'o3': 18175}, 'pm': {'pm1': 13254, 'pm10': 13256, 'pm25': 13255}}",2.41,14.47,20.08,2.5,2.79,2.67,722241706,39.9,MOD-00631,24.4,2026-07-05T00:27:03,2026-07-04T17:27:03,https://api.quant-aq.com/v1/devices/MOD-00631/data/722241505
251.93,500.25,"{'lat': None, 'lon': None}","{'rh': 40.1, 'temp': 24.4, 'wd': 0.0, 'ws': 0.0, 'ws_scalar': 0.0}","{'gas': {'co': 18172, 'co2': 13279, 'no': 18173, 'no2': 18174, 'o3': 18175}, 'pm': {'pm1': 13254, 'pm10': 13256, 'pm25': 13255}}",2.41,14.41,20.53,2.69,5.13,2.83,722241708,40.1,MOD-00631,24.4,2026-07-05T00:26:03,2026-07-04T17:26:03,https://api.quant-aq.com/v1/devices/MOD-00631/data/722241508
253.09,503.62,"{'lat': None, 'lon': None}","{'rh': 40.2, 'temp': 24.4, 'wd': 0.0, 'ws': 0.0, 'ws_scalar': 0.0}","{'gas': {'co': 18172, 'co2': 13279, 'no': 18173, 'no2': 18174, 'o3': 18175}, 'pm': {'pm1': 13254, 'pm10': 13256, 'pm25': 13255}}",2.47,14.8,20.85,2.93,4.98,3.07,722241705,40.2,MOD-00631,24.4,2026-07-05T00:25:03,2026-07-04T17:25:03,https://api.quant-aq.com/v1/devices/MOD-00631/data/722241504
260.95,506.03,"{'lat': None, 'lon': None}","{'rh': 40.1, 'temp': 24.4, 'wd': 0.0, 'ws': 0.0, 'ws_scalar': 0.0}","{'gas': {'co': 18172, 'co2': 13279, 'no': 18173, 'no2': 18174, 'o3': 18175}, 'pm': {'pm1': 13254, 'pm10': 13256, 'pm25': 13255}}",2.43,15.7,20.16,2.82,16.26,3.11,722241707,40.1,MOD-00631,24.4,2026-07-05T00:24:03,2026-07-04T17:24:03,https://api.quant-aq.com/v1/devices/MOD-00631/data/722241507
250.84,498.92,"{'lat': None, 'lon': None}","{'rh': 39.9, 'temp': 24.4, 'wd': 0.0, 'ws': 0.0, 'ws_scalar': 0.0}","{'gas': {'co': 18172, 'co2': 13279, 'no': 18173, 'no2': 18174, 'o3': 18175}, 'pm': {'pm1': 13254, 'pm10': 13256, 'pm25': 13255}}",2.42,14.03,21.12,2.86,3.46,2.98,722239541,39.9,MOD-00631,24.4,2026-07-05T00:23:03,2026-07-04T17:23:03,https://api.quant-aq.com/v1/devices/MOD-00631/data/722239340
244.8,498.32,"{'lat': None, 'lon': None}","{'rh': 39.9, 'temp': 24.5, 'wd': 0.0, 'ws': 0.0, 'ws_scalar': 0.0}","{'gas': {'co': 18172, 'co2': 13279, 'no': 18173, 'no2': 18174, 'o3': 18175}, 'pm': {'pm1': 13254, 'pm10': 13256, 'pm25': 13255}}",2.47,13.52,21.23,3.01,13.22,3.19,722239542,39.9,MOD-00631,24.5,2026-07-05T00:22:03,2026-07-04T17:22:03,https://api.quant-aq.com/v1/devices/MOD-00631/data/722239341
266.27,504.1,"{'lat': None, 'lon': None}","{'rh': 39.7, 'temp': 24.5, 'wd': 0.0, 'ws': 0.0, 'ws_scalar': 0.0}","{'gas': {'co': 18172, 'co2': 13279, 'no': 18173, 'no2': 18174, 'o3': 18175}, 'pm': {'pm1': 13254, 'pm10': 13256, 'pm25': 13255}}",2.49,15.81,20.63,2.47,5.02,2.62,722239540,39.7,MOD-00631,24.5,2026-07-05T00:21:03,2026-07-04T17:21:03,https://api.quant-aq.com/v1/devices/MOD-00631/data/722239339
263.54,498.92,"{'lat': None, 'lon': None}","{'rh': 39.5, 'temp': 24.5, 'wd': 0.0, 'ws': 0.0, 'ws_scalar': 0.0}","{'gas': {'co': 18172, 'co2': 13279, 'no': 18173, 'no2': 18174, 'o3': 18175}, 'pm': {'pm1': 13254, 'pm10': 13256, 'pm25': 13255}}",2.46,14.07,21.59,2.84,2.98,2.98,722239539,39.5,MOD-00631,24.5,2026-07-05T00:20:03,2026-07-04T17:20:03,https://api.quant-aq.com/v1/devices/MOD-00631/data/722239338
255.64,501.09,"{'lat': None, 'lon': None}","{'rh': 39.8, 'temp': 24.6, 'wd': 0.0, 'ws': 0.0, 'ws_scalar': 0.0}","{'gas': {'co': 18172, 'co2': 13279, 'no': 18173, 'no2': 18174, 'o3': 18175}, 'pm': {'pm1': 13254, 'pm10': 13256, 'pm25': 13255}}",2.51,14.81,20.4,2.59,5.89,2.77,722237314,39.8,MOD-00631,24.6,2026-07-05T00:19:03,2026-07-04T17:19:03,https://api.quant-aq.com/v1/devices/MOD-00631/data/722237113
247.92,500.49,"{'lat': None, 'lon': None}","{'rh': 39.7, 'temp': 24.6, 'wd': 0.0, 'ws': 0.0, 'ws_scalar': 0.0}","{'gas': {'co': 18172, 'co2': 13279, 'no': 18173, 'no2': 18174, 'o3': 18175}, 'pm': {'pm1': 13254, 'pm10': 13256, 'pm25': 13255}}",2.56,13.5,22.15,3.19,7.69,3.31,722237308,39.7,MOD-00631,24.6,2026-07-05T00:18:03,2026-07-04T17:18:03,https://api.quant-aq.com/v1/devices/MOD-00631/data/722237106
247.99,500.25,"{'lat': None, 'lon': None}","{'rh': 39.6, 'temp': 24.6, 'wd': 0.0, 'ws': 0.0, 'ws_scalar': 0.0}","{'gas': {'co': 18172, 'co2': 13279, 'no': 18173, 'no2': 18174, 'o3': 18175}, 'pm': {'pm1': 13254, 'pm10': 13256, 'pm25': 13255}}",2.55,15.32,20.75,2.69,3.55,2.8,722237312,39.6,MOD-00631,24.6,2026-07-05T00:17:03,2026-07-04T17:17:03,https://api.quant-aq.com/v1/devices/MOD-00631/data/722237111
246.01,499.41,"{'lat': None, 'lon': None}","{'rh': 39.5, 'temp': 24.6, 'wd': 0.0, 'ws': 0.0, 'ws_scalar': 0.0}","{'gas': {'co': 18172, 'co2': 13279, 'no': 18173, 'no2': 18174, 'o3': 18175}, 'pm': {'pm1': 13254, 'pm10': 13256, 'pm25': 13255}}",2.58,14.91,21.34,3.14,5.59,3.35,722237310,39.5,MOD-00631,24.6,2026-07-05T00:16:03,2026-07-04T17:16:03,https://api.quant-aq.com/v1/devices/MOD-00631/data/722237108
242.02,497.12,"{'lat': None, 'lon': None}","{'rh': 39.5, 'temp': 24.7, 'wd': 0.0, 'ws': 0.0, 'ws_scalar': 0.0}","{'gas': {'co': 18172, 'co2': 13279, 'no': 18173, 'no2': 18174, 'o3': 18175}, 'pm': {'pm1': 13254, 'pm10': 13256, 'pm25': 13255}}",2.61,14.38,20.53,2.4,28.37,2.56,722235171,39.5,MOD-00631,24.7,2026-07-05T00:15:03,2026-07-04T17:15:03,https://api.quant-aq.com/v1/devices/MOD-00631/data/722234970
254.33,497.72,"{'lat': None, 'lon': None}","{'rh': 39.5, 'temp': 24.7, 'wd': 0.0, 'ws': 0.0, 'ws_scalar': 0.0}","{'gas': {'co': 18172, 'co2': 13279, 'no': 18173, 'no2': 18174, 'o3': 18175}, 'pm': {'pm1': 13254, 'pm10': 13256, 'pm25': 13255}}",2.61,15.29,20.29,2.89,3.3,3.05,722235169,39.5,MOD-00631,24.7,2026-07-05T00:14:03,2026-07-04T17:14:03,https://api.quant-aq.com/v1/devices/MOD-00631/data/722234968
253.24,496.76,"{'lat': None, 'lon': None}","{'rh': 39.3, 'temp': 24.7, 'wd': 0.0, 'ws': 0.0, 'ws_scalar': 0.0}","{'gas': {'co': 18172, 'co2': 13279, 'no': 18173, 'no2': 18174, 'o3': 18175}, 'pm': {'pm1': 13254, 'pm10': 13256, 'pm25': 13255}}",2.59,15.36,22.13,2.55,4.75,2.68,722235168,39.3,MOD-00631,24.7,2026-07-05T00:13:03,2026-07-04T17:13:03,https://api.quant-aq.com/v1/devices/MOD-00631/data/722234967
245.17,502.9,"{'lat': None, 'lon': None}","{'rh': 39.1, 'temp': 24.7, 'wd': 0.0, 'ws': 0.0, 'ws_scalar': 0.0}","{'gas': {'co': 18172, 'co2': 13279, 'no': 18173, 'no2': 18174, 'o3': 18175}, 'pm': {'pm1': 13254, 'pm10': 13256, 'pm25': 13255}}",2.62,14.03,22.06,2.79,4.05,2.96,722235170,39.1,MOD-00631,24.7,2026-07-05T00:12:03,2026-07-04T17:12:03,https://api.quant-aq.com/v1/devices/MOD-00631/data/722234969
255.02,496.15,"{'lat': None, 'lon': None}","{'rh': 39.1, 'temp': 24.7, 'wd': 0.0, 'ws': 0.0, 'ws_scalar': 0.0}","{'gas': {'co': 18172, 'co2': 13279, 'no': 18173, 'no2': 18174, 'o3': 18175}, 'pm': {'pm1': 13254, 'pm10': 13256, 'pm25': 13255}}",2.6,14.49,22.84,2.66,2.85,2.76,722232998,39.1,MOD-00631,24.7,2026-07-05T00:11:03,2026-07-04T17:11:03,https://api.quant-aq.com/v1/devices/MOD-00631/data/722232797
253.04,503.5,"{'lat': None, 'lon': None}","{'rh': 39.0, 'temp': 24.7, 'wd': 0.0, 'ws': 0.0, 'ws_scalar': 0.0}","{'gas': {'co': 18172, 'co2': 13279, 'no': 18173, 'no2': 18174, 'o3': 18175}, 'pm': {'pm1': 13254, 'pm10': 13256, 'pm25': 13255}}",2.61,14.05,21.15,2.81,8.34,2.97,722232999,39.0,MOD-00631,24.7,2026-07-05T00:10:03,2026-07-04T17:10:03,https://api.quant-aq.com/v1/devices/MOD-00631/data/722232798
254.65,503.74,"{'lat': None, 'lon': None}","{'rh': 39.2, 'temp': 24.8, 'wd': 0.0, 'ws': 0.0, 'ws_scalar': 0.0}","{'gas': {'co': 18172, 'co2': 13279, 'no': 18173, 'no2': 18174, 'o3': 18175}, 'pm': {'pm1': 13254, 'pm10': 13256, 'pm25': 13255}}",2.65,14.39,21.91,2.83,4.63,2.93,722233000,39.2,MOD-00631,24.8,2026-07-05T00:09:03,2026-07-04T17:09:03,https://api.quant-aq.com/v1/devices/MOD-00631/data/722232799
247.68,499.89,"{'lat': None, 'lon': None}","{'rh': 39.2, 'temp': 24.8, 'wd': 0.0, 'ws': 0.0, 'ws_scalar': 0.0}","{'gas': {'co': 18172, 'co2': 13279, 'no': 18173, 'no2': 18174, 'o3': 18175}, 'pm': {'pm1': 13254, 'pm10': 13256, 'pm25': 13255}}",2.66,15.8,21.09,2.87,8.01,3.05,722233001,39.2,MOD-00631,24.8,2026-07-05T00:08:03,2026-07-04T17:08:03,https://api.quant-aq.com/v1/devices/MOD-00631/data/722232800
255.13,500.25,"{'lat': None, 'lon': None}","{'rh': 39.1, 'temp': 24.8, 'wd': 0.0, 'ws': 0.0, 'ws_scalar': 0.0}","{'gas': {'co': 18172, 'co2': 13279, 'no': 18173, 'no2': 18174, 'o3': 18175}, 'pm': {'pm1': 13254, 'pm10': 13256, 'pm25': 13255}}",2.65,14.88,21.8,2.9,14.06,3.08,722230798,39.1,MOD-00631,24.8,2026-07-05T00:07:03,2026-07-04T17:07:03,https://api.quant-aq.com/v1/devices/MOD-00631/data/722230597
259.64,498.44,"{'lat': None, 'lon': None}","{'rh': 39.1, 'temp': 24.8, 'wd': 0.0, 'ws': 0.0, 'ws_scalar': 0.0}","{'gas': {'co': 18172, 'co2': 13279, 'no': 18173, 'no2': 18174, 'o3': 18175}, 'pm': {'pm1': 13254, 'pm10': 13256, 'pm25': 13255}}",2.66,14.42,21.92,2.91,5.08,3.11,722230801,39.1,MOD-00631,24.8,2026-07-05T00:06:03,2026-07-04T17:06:03,https://api.quant-aq.com/v1/devices/MOD-00631/data/722230599
275.7,499.04,"{'lat': None, 'lon': None}","{'rh': 39.0, 'temp': 24.8, 'wd': 0.0, 'ws': 0.0, 'ws_scalar': 0.0}","{'gas': {'co': 18172, 'co2': 13279, 'no': 18173, 'no2': 18174, 'o3': 18175}, 'pm': {'pm1': 13254, 'pm10': 13256, 'pm25': 13255}}",2.67,14.44,22.38,2.54,3.39,2.63,722230799,39.0,MOD-00631,24.8,2026-07-05T00:05:03,2026-07-04T17:05:03,https://api.quant-aq.com/v1/devices/MOD-00631/data/722230598
266.13,500.85,"{'lat': None, 'lon': None}","{'rh': 39.2, 'temp': 24.8, 'wd': 0.0, 'ws': 0.0, 'ws_scalar': 0.0}","{'gas': {'co': 18172, 'co2': 13279, 'no': 18173, 'no2': 18174, 'o3': 18175}, 'pm': {'pm1': 13254, 'pm10': 13256, 'pm25': 13255}}",2.6,13.93,22.49,2.95,3.55,3.09,722230800,39.2,MOD-00631,24.8,2026-07-05T00:04:03,2026-07-04T17:04:03,https://api.quant-aq.com/v1/devices/MOD-00631/data/722230600
263.54,497.72,"{'lat': None, 'lon': None}","{'rh': 38.8, 'temp': 24.8, 'wd': 0.0, 'ws': 0.0, 'ws_scalar': 0.0}","{'gas': {'co': 18172, 'co2': 13279, 'no': 18173, 'no2': 18174, 'o3': 18175}, 'pm': {'pm1': 13254, 'pm10': 13256, 'pm25': 13255}}",2.67,14.02,23.43,2.94,3.22,3.05,722228643,38.8,MOD-00631,24.8,2026-07-05T00:03:03,2026-07-04T17:03:03,https://api.quant-aq.com/v1/devices/MOD-00631/data/722228442
249.12,504.22,"{'lat': None, 'lon': None}","{'rh': 38.9, 'temp': 24.8, 'wd': 0.0, 'ws': 0.0, 'ws_scalar': 0.0}","{'gas': {'co': 18172, 'co2': 13279, 'no': 18173, 'no2': 18174, 'o3': 18175}, 'pm': {'pm1': 13254, 'pm10': 13256, 'pm25': 13255}}",2.69,14.94,23.18,2.45,10.13,2.59,722228642,38.9,MOD-00631,24.8,2026-07-05T00:02:03,2026-07-04T17:02:03,https://api.quant-aq.com/v1/devices/MOD-00631/data/722228441
255.41,498.08,"{'lat': None, 'lon': None}","{'rh': 38.7, 'temp': 24.8, 'wd': 0.0, 'ws': 0.0, 'ws_scalar': 0.0}","{'gas': {'co': 18172, 'co2': 13279, 'no': 18173, 'no2': 18174, 'o3': 18175}, 'pm': {'pm1': 13254, 'pm10': 13256, 'pm25': 13255}}",2.74,14.04,22.99,2.49,3.97,2.67,722228641,38.7,MOD-00631,24.8,2026-07-05T00:01:03,2026-07-04T17:01:03,https://api.quant-aq.com/v1/devices/MOD-00631/data/722228440
254.29,499.77,"{'lat': None, 'lon': None}","{'rh': 38.7, 'temp': 24.9, 'wd': 0.0, 'ws': 0.0, 'ws_scalar': 0.0}","{'gas': {'co': 18172, 'co2': 13279, 'no': 18173, 'no2': 18174, 'o3': 18175}, 'pm': {'pm1': 13254, 'pm10': 13256, 'pm25': 13255}}",2.74,13.5,23.1,2.84,9.88,2.98,722228640,38.7,MOD-00631,24.9,2026-07-05T00:00:03,2026-07-04T17:00:03,https://api.quant-aq.com/v1/devices/MOD-00631/data/722228439
